,가게이름,리뷰아이디,리뷰,맛평가
1,어머니대성집,단율,"어머니대성집_해장국부문 Best(5)최초방문_’21년 7월최근방문_’22년 6월1. 한국의 국물사랑 덕분에 우리는 어릴적부터 수없이 많은 국물요리를 접하게 된다. 너무 다양한 종류의 완벽한 국물들 덕분에 이제는 전제를 달지 않고서는 최고의 국물요리를 찾는것 조차 불가능하다. “어머니대성집”의 해장국은 소주와 함께일 때 정말 완벽한 최고의 해장국이다. 그리고 아무런 전제조건 없이 굳이 최고의 국물요리를 선택해야 한다면, 아마도 내 머릿속에 가장 먼저 생각날 맛이기도 하다.2. 모듬수육과 해장국을 먹었다.  - 해장국 / 술국(밥X) (12,-) *****   : 고기와 배추의 절묘한 만남으로 환상적인 맛을 만들어낸다. 감히 내가 평가할수 있는 맛이 아니다. 매번 느끼는거지만, 최고의 해장국이다. 소주 한잔을 마시고 국물을 한숟갈 떠먹으면, 바로 해장이 되는건지.. 술이 자꾸자꾸 들어가게 된다.   - 모듬수육 (40,-) *****   : 소고기수육과 내장수육이 함께 나온다. 고기보단 내장수육이 훨씬 매력적이다. 내장수육을 따로 시키고 싶었는데, 아쉽게도 양이 얼마 남지않아 모듬으로만 판매한다고 하셔서 결국 모듬수육만 두번 시켰다. 정말, 식감도 맛도 무엇하나 놓치지 않았다. 정말 대단한 맛이다. 3. ‘어머니대성집’을 방문한날은 단 한번도 빠짐없이 주량 이상의 소주를 마셨다. 그것도 한두잔 정도 넘어서는 수준이 아닌 1.5~2배 수준으로 마시게 된다. 그런데.. 신기하게도, 한번도 뻗거나 기억이 안난다거나 한적이 없다. 음식에 알콜해독제를 같이 넣는건가.. 싶을정도로 술이 쭉쭉 들어간다. 4. 참.. 사람은 망각의 동물이라고, 매번 똑같이 겪지만, 이번에도 주중에 방문하여 다음날 회사에서 숙취와의 힘겨운 사투를 벌였다. “금, 토” 방문을 추천드린다. ※ 결론소주와 함께일때 가장 완벽한 맛",맛있다
2,어머니대성집,쿠쿠구름,처음보다 끝이 더 맛있는 해장국집슴슴하다는 평을 듣고 먹었으나 뭔가 빠진 듯한 맛으로 느껴졌다맛이 없는 건 아니나 12000의 해장국이라고 하기엔포만감만 남아서 별로…!,별로
3,어머니대성집,snoopy,"아침 10시에 만나서 쏘주먹고, 맥주먹고 국밥이 나오기 전에 헤롱헤롱하고 국밥 먹었습니다. 이름만 해장국 집이고 술이  더들어가게 하는 집이에요. 꺼억~!",맛있다
4,어머니대성집,내일도먹음,"술꾼들의 성지. 신동엽과 성시경의 단골집.솔직히 어렸을 때 처음 먹었을 때는 ‘이게 왜... 유명하지...?’라는 생각을 했다. 그런데 이제 술을 제.대.로. 먹을 줄 아는 어른이 되니 알겠다. 왜 술꾼들의 성지인지. 또 여기에서 평소 나의 주량을 넘어버렸고, 신이 나 2차를 가게 되었고, 그 다음날 나는 눈이 퉁퉁 부은 채로 일어나게 되었다. 예전에는 해장국이라고 하면 얼큰~하고 자극적이어서 칼칼한 맛을 좋아했었다. 하지만 이 집은 완전히 반대이다. 팔팔 끓여 나오는게 아니라 끓인 것을 떠서 내주는 형식이라 바로 떠먹어도 뜨겁지 않고 적당히 뜨뜻하다. 그리고 절대 자극적인 맛이 아니라 깊게 우려낸 국물 맛이 진하고 담백하게 난다. 그렇다. 팔팔 끓여 나오지 않는 것은 맛을 잘 느낄 수 있게 하려는 사장님의 자부심이 었던 것이다. 술안주는 자극적이어야 술이 잘 넘어간다? 틀렸다. 이 집 해장국은 오히려 자극적인 음식을 술로 씻어내는 느낌으로 먹는게 아니라 술과 음식의 조화가 발맞추어 나가는 느낌이다. 그래서 해장국 한 술, 술 한 잔이 번갈아 술술 넘어간다. 수육 또한 양은 적지만 매우 부드럽고 맛있다. 해장국이 너무 식었다 싶으면 데워달라고 요청하면 되고, 국물이 부족하면 언제든지 몇 번이고 리필해 주시니 참 넉넉한 인심이 아닐 수 없다.옛날에는 완전 노포에서 영업하셨는데, 이제는 새 건물로 옮겨서 장사 하신지도 꽤 됐다. 주말 저녁에 방문했는데 웨이팅이 장난아니게 많았다. 하.. 최근에 성시경이 이 집을 또 언급했더라지..? 그만... 더 이상 사람 더 오지 않게 그만... 방문할 때마다 자주보이는 벤틀리가 있는데..  벤틀리 차주도 웨이팅해서 먹는 맛이군요. zzz✨ 인스타 @food.tomorrow: 해장국 12,000원: 모둠수육 40,000원",맛있다
5,어머니대성집,맛집찾아삼만리,전형적인 서민음식이라고 여겨지는 해장국의 가격 치곤 약간 비싼 편이지만 비싼 값어치를 하는 맛.사골 베이스의 국물 맛에 신선한 듯한 선지 두 세 덩어리 정도와 끄알끔한 시래기 및 조사놓은 고기들이 얽히고 설켜 깊은 맛을 구현!,맛있다
6,어머니대성집,Capriccio06,"맑은 국물의 자극적이지 않은 해장국집. 매콤하게 하는 집들이 많은데 여긴 따로 나오는 청양고추를 꽤 첨가해도 많이 맵지는 않아 좋았다. 운영시간도 아주 길다. 예전에 어른들이 좋아하셔서 같이 오곤 했는데 큼지막한 선지가 참 인상 깊었다. 선지만 있는 줄 알고 별로 안좋아했던 기억인데 오랜만에 와보니 우거지랑 양지가 더 많았다. 편집된 기억이란 참... 지금은 그냥 조화롭게 맛있는 것 같다. 적당히 익은 배추김치도 좋고, 살짝 새콤한 무생채도 괜찮았다. 새건물로 옮기고는 처음인데 분위기가 참 다르다. 깨끗하고 자리도 넓고 식사하기는 더 편한데 다른 가게 같은 느낌은 지울 수가 없는 것 같다.",맛있다
7,어머니대성집,트라오레,국밥한그릇 12000원으로 오름..맛은 괜찮은데 가성비 진짜 최악이다9천원 정도면 인정일듯,별로
8,어머니대성집,김재형,"어제 저녁에 나정순할매쭈꾸미 먹으러 가면서 근처 빌딩에 주차를 하는데 바로 맞은편에 어머니대성집이 떡하니 있는 겁니다 깜짝 놀랐습니다 여기에 있었구나너 확실히 내가 예전부터 가고싶다 눌러놓은 그 집이 맞는거니? 바로 검색해서 지도를 보니 딱 맞는 위치였습니다 주차는 잠시 제쳐두고 바로 해장국 포장했습니다저는 할매랑 둘이 먹을 거 2인분 포장하고 친구들은 부모님하고 먹을 거 3인분씩 포장해 줬습니다 2인분은 무생채 하나 들어가고 3인분은 2개 들어간다고 합니다 무생채 개수나 해장국 무게로 구분하면 될 것 같습니다오늘 점심 저녁 다 해장국 먹었습니다2인분 포장인데 밥과 반찬 몇 가지 빠지니 해장국 양이 확실히 많습니다 엄마는 고깃국 안 좋아하시고 할매도 양이 많지 않으셔서 저 점심 두 그릇 저녁 두 그릇 할매 점심 한 그릇 먹으니 딱 양이 맞았습니다리뷰에서 봤을 때와 포장한 용기를 열어서 확인했을 때 유치회관의 해장국과 느낌이 상당히 비슷하다고 느꼈습니다어머니대성집과 유치회관의 공통점- 고기육수에 된장이 들어간 스타일입니다- 소고기, 선지, 우거지 등 비슷한 주재료가 들어갑니다- 해장국에 들어가는 재료, 특히 선지가 아주 신선합니다- 새콤 달콤 가볍게 무친 무생채가 반찬으로 나옵니다유치회관하고 공통점이 있어 어떨까 먹어보니 맛은 또 많이 다릅니다유치회관의 국물은 찐덕하고 간이 강한것에 비해 어머니대성집의 국물은 정말 깔끔합니다 맑고 담백한데 고깃국의 고소함도 간직하고 있습니다전혀 부담이 안 되는 국물이라 두 그릇을 밥 말아 훌훌 떠먹어도 질리거나 거부감이 없습니다또 한 그릇은 온전한 국물로 먹고 다음번은 같이 넣어준 파양념장을 넣어서 국물에 풀어 먹습니다대게 이런 깔끔한 국물에 다대기를 넣으면 국물에 고춧가루 향이 퍼지고 확 칼칼해지고 텁텁해지는 경험을 더러 하는데 어머니대성집은 양념장 마저 깔끔합니다 국물의 맛을 많이 해치지 않는 선에서 본인의 역할을 잘 해줍니다아주 좋은 해장국을 먹었습니다 속풀이에는 어머니대성집의 국물이, 반주에는 유치회관의 국물이 잘 맞을 것 같습니다어머니대성집은 용인에서는 접근성이 떨어지고, 저는 대왕판교로에 유치회관이 있어서 재방문은 안 할 것 같지만 근처에 계시는 분들께는 (이미 저보다 한참 먼저 많이 다니셨겠지만) 추천드릴 수 있는 곳입니다재방문 의사 : x",맛있다
9,어머니대성집,쏘다팝,"남편 학교다닐때 단골집이라며 익히 듣곤했는데 요근래 방송에도 많이 소개되길래 근처 간김에 찾았어요~ 원래는 제기동 작은 해장국집이었다고 하는데 신설동으로 옮기며 커졌다 하더라고요. 수육, 육회, 해장국 시켜봤는데 해장국이 진짜 최고였어요! 술 좋아하는 사람들에겐 술을 부르는 맛이더라고요 ㅋㅋ 해장국 다 먹고나면 국물이랑 선지 리필로 주시는것도 감동이에요~~ 선지 진짜 신선하고 맛있고 육회는 조금 달아서 밥이랑 비벼먹으니 별미더라고요! 멀지만 않으면 자주 올거같아요^^",맛있다
10,어머니대성집,☆,밥이 말아져나와 뜨겁지않았다ㅜ김치는 좀단편이고 얼큰한맛이없어 내입맛엔 별루였다ㅜ 왜이렇게까지유명한건지 모르겠다,별로
11,어머니대성집,신승수,개안음,괜찮다
12,어머니대성집,강석,선지류의 해장국에서는 제일호불호없을듯.저는 개인적으론 용문동 쪽이 더잘맞는듯한 느낌,괜찮다
13,어머니대성집,공덕만리,해장국에서 잡내가 너무 나고 양이 너무 적었습니다.주방은 얼마나 시끄러운지 밥을 먹을 수가 없어요!대 실망입니다. 다시는 안가고 싶습니다.,별로
14,어머니대성집,북극곰,"술먹고 오니깐 더 좋네.. 해장+술 무한반복.. 역시 어머니 대성집이날은 스시카야논데에서 거하게 1인 1사케를 한 날이었다. 그대로 집에 가려고 했으나… 시간이 8시가 채 되지 않았기에 간단하게 해장술을 하고 싶다는 나의 욕망..ㅎㅎ 빠르게 서치 후 어대로 결정!!어대는 두번째 방문인데, 이전 첫 방문땐 금주 기간이였던지라 술과 함께 하지 못했다. 하지만 이번엔 이미 취하고 간 상태였기에… ㅎㅎ 해장국 하나와 진로 하나 주문!!한국의 패스트푸드 답게 시키자마자 3분 안에 나오는듯ㅋㅋ 국물부터 맛보는데… 취한 상태에서 맛보니 더 깊은 느낌..?? 이름부터 ‘해장국’인 이유가 있나보다.. 투명한 한우 양지 육수는 깊으면서도 또 맑아서 잘 들어간다.다데기를 풀면 약간 자극적인 맛으로 변한다. 저번엔 다데기를 푸는게 좋았는데… 술과 먹을땐 안 풀고 먹는데 술이 깨기에 더 좋은거같기도 하고…아무튼 너무 좋았다. 당연히 재방문 예정!!",맛있다
15,어머니대성집,클로드,맛있습니다. 든든하구요 김치도 맛있네요. 선지도 많이 주시고 국물도 깔끔한 느낌이 들어서 토렴된 밥과 함께 먹으니 정말 좋은 조합이라는 생각이 들었습니다. 선지도 리필이 되니까 한번더 드세요,맛있다
16,어머니대성집,북극곰,"오랜 숙제를 깬 느낌. 학교 근처기도 하고 한번쯤은 가고싶다 했는데 막상 학교는 몇번 가지도 못했고 가봤자 안암쪽에서 먹다보니 이쪽은 오지도 못했음. 그러다 오늘 기회가 되어 들르게 되었다.노포인데도 위생부분에서 거슬리는 부분은 전혀 없어 좋았다. 사실 겉모습은 노포같지 않다. 장사가 잘되어확장하신건가ㅎ 3층 건물에서 영업을 하고 있다. 혼자온 나는 해장국 하나를 주문했다.역시 주문하자마자 5분도 안 되어 나왔다. 국물은 생각보다 맑았다. 다데기를 섞지 않고 국물을 맛봤는데, 은은한 고깃국물처럼 느껴졌다. 한우 양지로 육수를 냈다는데, 깔끔했고, 그리 자극적이지 않아서 좋았다. 이후 다데기를 풀기 위해 섞었는데, 선지의 양에 압도당했다. 선지를 막 좋아하는 편이 아니라 결국은 조금 남겼다. 하지만 푸짐한 인심은 좋다ㅎ다데기는 완전히 푸는게 내 입맛에는 맞았다. 우거지도 가득 들어가있어 좋았다. 첨에는 10000원이라는 가격이 조금 비싸다고 느껴졌는데, 다 먹고 나니 오히려 저렴하게 느껴진다. 국물이 그리 자극적이지도 않으면서 입에 계속 감기는 감칠맛이 너무 좋았다. 김치도 생각보다 잘 어울려 자주 집어먹었다. 다음엔 술 먹은 다음날 아침 와보고싶다ㅎ",맛있다
17,어머니대성집,서울푸디,"- 한줄평: 선지국 1등- 주문 메뉴: 선지국, 육회비빔밥선지국으로 참 유명 식당. 항상 가봐야 가봐야지 했다고 올해 드디어 다녀왔다. 개인적으로 선지의 식감과 향을 좋아하지 않는데 이 집은 그런게 없더라.",맛있다
18,어머니대성집,연건동대학원생,"살면서 먹어본 해장국 중 쵝오,,하얀 국물인데 시원하고 간도 딱맞고선지가 너무 신선하고 탱글탱글 중간중간 씹히는 소고기도 쫄깃하고 말아서 나오는 고슬한 밥알이 국물에 푹 절여져서 한입 딱 먹으면 크으으으ㅡ으윽",맛있다
19,어머니대성집,솜솜,"로나 없을때ㅠ 술에 잔뜩 취해서 새벽을 새며 마시러 갔던 곳이라 정확하게 음식맛을 상기할 순 없지만,그 취기 중에도 매우 깊으면서 담백한듯 육향이 우러나는 국물과, 아주 부드러운 고깃결이 입안에 맴돈다.소주를 또 부르는 맛이었다..",맛있다
20,어머니대성집,단율,"어머니대성집_해장국부문 Best (5)최근방문_'21년 7월1. 여태껏 먹어온 해장국은 대부분 양평해장국이라 하여 내장잔뜩, 맵고짠 국물에 땀뻘뻘흘리며 먹는 자극적인 음식이라 생각했다. 덕분에 해장국이란 이름이 붙으면 그리 발길이 가지 않았다. 그 덕분인지 그렇게 유명하다는 어머니대성집도 항상 차순위였고, 용두동을 가게된다면 나의 발길은 항상 쭈꾸미골목을 향했다. (생각해보니.. 쭈꾸미가 더 자극적이네요;;)2. 우연히 방문하게된 어머니대성집에서 꿈에 그리던  완성형 국물을 찾았다.  술국과 모듬수육을 주문했고, 아마 평생 이날의 감동을 넘어서는곳은 안나올것같다.  1) 모듬수육 : 소고기수육과 내장수육이 같이 나오는것이 모듬수육이다. 소고기수육도 충분히 맛있는데, 내장수육(소 홍창, 애기집)이 찐이다. 특히 애기집은 처음 먹어보는데, 누린내없이 기가막힌 맛이다. 도대체 이런 부위를 처음 먹을 생각을 한게 누군지.. 정말 칭찬해주고싶다. 샌드위치처럼 사이에 지방이 있는데 식감부터 맛까지 무엇하나 빠지는게 없다.   2) 술국 : 해장국에 밥없이 나오는 메뉴판에는 없는 메뉴다. 밥은 안먹겠다고 하니 술국이라는 걸 따로 주셨는데, 밥대신 다른걸 많이 넣어주신건지 해장국과 비주얼은 동일하다. 한숟갈 넣는 순간 깜짝 놀랐다. 내가 생각하는 가장 맛있는 고기국은 이럴것이다.. 하던 그런 맛을 찾았다. 깊은 고기맛에 진한 채소맛이 섞여 기가막힌 맛을 만들었다. 진하지않은데 깊은 맛이라 부대낌도 없다. 고기로 만들어낸 국물중 최고의 해장을 위한 국물이 아닌가 한다. 세상 최고의 해장국이라 생각한 부산 해운대의 속씨원한대구탕에 필적하는 유일한 대항마다. 술을 마시면서 해장이되어버리니.. 술의 고리에서 빠져나올 방법이 없다. 국물을 다 먹어버리면 끝나겠지.. 했는데 이게웬걸... 리필을 해주겠다더니 거의 새로운 술국을 하나가져다 주신다. 악마의 맛집이다... 덕분에 다음날 끝없는 숙취를 얻었다. 3. 평일엔 음주를 위한 방문은 자제하는걸 추천한다. 이미 메뉴가 나왔다면 술을 자제할수 없다.※ 결론악마의 맛집",맛있다
21,어머니대성집,내일뭐먹지,"김치, 무생채, 조개젖- 맛있었다선지 - 잡내없이 고소했다국물 - 깔끔하게 맛있었다위생 - 양호했다그런데 이집이 인생 해장국이 되는가 하면 잘 모르겠다. 그냥 적당히 무난하게 만족했다. 먹으면서 감탄 혹은 음식점을 나온 후에 자꾸 생각나는 곳은 아니었다.종로 을지로에 그 대안으로 될 노포가 많고 굳이 이 집을또 찾을 이유까진 없어서, 재방문 의사가 없다. 하지만 다신 안오겠노라 할만큼 별로인 건 아니다. 수많은 극찬으로 해장국에 뭔가 엄청난 특별함을 기대를 해서 그런지도..(21.07.15 해장국 10,000원)",괜찮다
22,어머니대성집,즐겁게.행복하게 살자!!,해장국은 별로 그냥 보통 도데체 뭐가 맛시다는 애기지?뭐 사람마다 생각 차이점은 있지만 수육은 건격 비해 양도 적고 냄새도....저 희 동네 해장국집 별차이 없음...,별로
23,어머니대성집,반말했다존댓말했다,이사하고는 처음 갔네요화장실도 깔끔하고 수육도 늦게까지 넉넉히 주문되네요소주안주론 진짜 최고입니다,맛있다
24,어머니대성집,봉식이,선지해장국을 여기서 처음 먹어봤는데 너무 맛있다 ㅠㅠ모둠수육은 조금 비싸지만 맛있다 야들야들소주 두병 걍 순삭,맛있다
25,어머니대성집,블르,내장수육: 아주 좋았다.. 해장국 : 보통불고기: 별로,괜찮다
26,어머니대성집,맛집교과서 먹선생,"먹선생의 정신력이 소진되기 직전의 극한의 절벽끝까지 몰아낸 국밥이다.. 이정도 국밥에 소주 참아낸건 정말 기적의 미라클이다. 신설동에 위치한 50년이 넘는 역사를 가진 노포, 어머니대성집이다.-집에서 먼곳이라 너무 아쉬운 곳이다. 아니 오히려 다행이라고 해야하나? 집앞 할매순대국 대신 어머니대성집이 있었다면 먹선생은 1년에 300일정도는 고주망태로 헤롱댈것이다.-이전하기 전의 허름한 가게는 잊어라. 2층집의 정갈한 매장이 우리를 반긴다. 브레이크가 끝난 6시, 순식간에 매장은 만석이 된다.-잘게썰어낸 소고기양지와 그 밑을 떠받치는 우거지들을 걷어내면 푸딩푸딩한 선지가 부끄럽게 고개를 내밀어온다. 밥 또한 토렴해서 나온지라 균일한 온도로 불지않아 은혜로운 맛을 내었다.-국물은 가볍고 맑은데 진하고 녹진꾸덕한 뿌연국물보다 훨씬 더 깊이가 있다고 보면 된다. 거기위에다 청양고추슬라이스를 듬뿍 넣어 한숟갈 떠먹으면 나도모르게 입안에서 ‘이모여기 진로하나요’가 맴돌게된다.참을 인 세개면 살인을 면한다고 하지만 참고 참다보니 올때 스쿠터타고온 내자신을 조금은 죽이고싶어졌다.-선지를 싫어하는 사람들도 이곳에선 선지를 남김없이 긁어먹을 것이라 생각된다. 김치도 맛있다.....자세한 설명 궁금하지? 인스타 프로필링크에 있는 먹선생유튜브 채널로 놀러와서 구독과 좋아요 박고 대기하자! 조만간 올라올 영상들이 당신의 슬기르운 외식생활을 책임져줄것이다.-제 점수는요..10점 만점에 9점입니다!-#어머니대성집 #국밥 #국밥맛집 #신설동맛집 #신설동 #동대문맛집 #동대문 #노포맛집 #노포 #선지해장국 #선지 #선지국",맛있다
27,어머니대성집,무밍요,"요즘 같은 날씨에 따땃한 국물은 진리.미리 전화주문을 해두고 픽업을 가면 바로 받아 나올 수있다.맑은 선지해장국을 맛 볼 수 있는 곳이다. 수원 유치회관이 떠오르는 맛인데 유치회관보다는 덜 찐득한 국물이다. 덕분에 깔끔하고 가벼운 국물을 즐길 수있다.김치가 특히 시원하고 맛있어서 김치와 함께 먹으면 금상첨화!양념장도 따로 챙겨주셔서 국물 일부는 양념장과 함께 먹어봤는데 개인적으로 양념장을 풀지않은 국물이 더 맛있었다.양념장을 풀면 마늘향과 쪽파가 잘어우러지는 좀 더 감칠맛나는 국물이 된다.참고로 차 네비게이션은 옛날 위치를 알려주는 경우도 있다. 새 주소, 대로변에 있는 위치를 꼭 확인하고 방문하시길!",맛있다
28,어머니대성집,준영,"간만에 즐맛돈 갔는데 갑자기 휴무ㅠㅠㅠㅠ여서 급히 어머니대성집으로 향했어요. 리모델링해서 되게 깔끔한건 좋더라구요. 해장국은 생각보다 슴슴..?하니 담백한 느낌이더라구요. 그리고 건더기가 생각보다 너무 없어서 아숩ㅜㅜ 만원치고 넘 업숨,,, 육회비빔밥이 생각보다 괜찮았었는데 국으로 밥 없는 해장국도 줘서 좋더라구요ㅎㅎ 한번 방문해본걸로 만족해요!",괜찮다
29,어머니대성집,나영이,"접근성이 좋지 않아 오히려 감사하게 느껴지는 집. 집에서 좀만 가까웠어도 시도 때도 없이 출석도장 찍었을 것 같은 집. 시간이 브레이크 타임 언저리라 애매했는데 다행히 받아주셨어요. 덕분에 사람들 신경 안 쓰고 국밥에 온전히 집중!워낙 홀릭분들 극찬도 있었고 해장국 쪽으로는 말할 필요가 없는 곳이라 기대가 컸는데 정말 10000% 충족시켜주는 맛. 이 정도면 국밥대장 정도가 아니라 본좌는 붙여줘야 할 듯.국물은 소 베이스의 깊이감이 있는 국물. 그러면서도 기름지지 않고 군더더기 없이 깔끔해서 정말 좋았어요. 간도 정말 잘 배어있어 손을 댈 필요가 없더라구요. 조금 칼칼함을 더하고 싶을 땐 고추 한 스푼 정도?! 장기간의 내공이 돋보이는 맛이었어요. 또, 개인적으로 국물 맛을 해칠 수 있기에 밥 말아 먹는 걸 선호하진 않는데 전혀 그런 느낌 없이 오히려 알갱이 사이사이로 국물 맛을 잘 머금고 있어서 더 매력적이었어요. 잡내 하나 없는 선지, 푸짐한 소고기 등도 빼놓을 수 없는 칭찬 요소!기본 찬은 부족한 듯 심플하지만 내실 있는 느낌. 사실 국물 맛 자체가 훌륭하기에 많은 반찬이 필요가 없었어요. 그럼에도 김치, 무생채 맛 좋았어요.해장국만 먹기엔 다른 메뉴가 너무 궁금한 곳이라 다음에 꼭 다시 와서 술과 함께 안주류도 먹어보고 싶네요.",맛있다
30,어머니대성집,달려요달려,술마시러 다시 오겠음!,맛있다
31,어머니대성집,ㅇㅇ,제 입맛엔 청*옥 보다 훨씬 진하고 맛있네요.친절하고 깔끔 해서 더 좋아요.먹고나니 기운이 납니다.,맛있다
32,어머니대성집,먹쟁이,국밥 별로 안좋아하는 내가 뚝배기채 비움.밥 말아져서 나오는데 간이 진짜 따아악~ 맞음.,맛있다
33,어머니대성집,쭈꿈쭈꿈먹는쭈꾸미,집앞에 대성집이 있다는건 너무 행복하다!신호등 하나 건너서 국밥먹고 든든해진 속과 함께 꿀잠을 자면 너무 행복한 하루가 된다!,맛있다
34,어머니대성집,임맛잘봄,정말 전문적이에요 맛있어요~한 번 가고~~~ 또 갔어요그리고 이따금씩 몸에 좋은 맛있는..그러나 복잡하지 않은 음식 먹고싶을 때 생각나요주차도 가능한 착한 집,맛있다
35,어머니대성집,즌짱,"드디어 다녀온 대성집...!잘게 썰은 고기와 우거지, 선지가 가득 들은 맑은 국물의 해장국. 밥이 말아져서 나온다. 뜨거운 음식 못 먹는 본인은,,, 밥이 말아져서 나와 먹는 것이 조금 힘들었다. 그래도 시원하고 맛있어서 술 한 잔 곁들이기도 좋다. 이전하기 전에 와 본적이 없어서 비교할 수는 없지만, 다른 해장국을 먹고 나서 추천 받을 때 들었던 극찬에 비해서는 약간 갸우뚱한 맛이었다. 뭔가 부족한데...? 하는 느낌이 좀 있었다. 육회는 뭐 늘 맛있으니 패스.맛있는, 특색있는 해장국 집임은 확실하나 약간의 아쉬움이 남았던 곳. 내 기대치가 너무 컸나? .. 그래도 종종 생각날 것 같다.",맛있다
36,어머니대성집,YNZ,"※ 대성집 2020 하계휴가 기간 (사진) 참고하세요드디어 나도 대성집 먹어본 사람! 새단장을 해서 간판 빼고 모든게 다 리뉴얼 된 듯하다. 내부가 매우 깔끔. 해장국 한 그릇과 육회에 소주를 시켜서 간단히 반주를 했다. 익히 듣던데로 깔끔하고 맑은 국물이 일품이다! 잘게 찢어진 부드러운 양지 살코기와 비리지않고 튼실한 선지, 넉넉하게 들어간 우거지까지 너무 맛있다. 무채와 김치 등의 밑반찬을 올려먹으면 국물맛과 챱 어울린다. 소주가 아주 잘 들어감. 집 근처에 이런 국밥집 있음 맨날 갈텐데ㅠ 안주 삼아 시켰던 육회는 양념이 많이 달았다. 조금 덜 달았으면 좋았을듯. 담에 수육 먹으러 또와야징",맛있다
37,어머니대성집,chanwook_ie,해장국 맛집으로 많이 거론되지만 개인적인 취향에는 다소 맞지 않았다. 해장국이라고 하기에는 국물이 너무 맑아서 지금껏 먹어왔던 해장국과 전혀 다르다.,괜찮다
38,어머니대성집,맹,"선지 해장국은 이집.. 잘 찢겨진 수육과 얼큰한 국물... 맛은 있다.다만, 처음 왔을때 미지근하게 서빙되고, 진짜 여기 저녁 수육과 육회는 가성비가 너무 떨어졌다. 수육은 내장수육은 내장답지않게 부드러운 새로운 맛이었으나, 일반 수육과 육회는 전혀....",괜찮다
39,어머니대성집,이재희,"수육, 소고기국밥 맛집",맛있다
40,어머니대성집,로그인,진짜 맛굿,맛있다
41,어머니대성집,미이,선지를  좋아하지 않아도 진짜맛있습니다한달에 두어번은 갑니다,괜찮다
42,어머니대성집,EJ,첫입인데 쏘울푸드임을 느꼈다. 국물이 형용할 수 없는 감동적인 맛이다. 한숟갈 넘길때마다 탄식이 나온다. 소주...소주...소주를 줘... 수육도 예술이다. 고기가 고오급 고기임이 확실하다. 깊은 소 단백질의 고소함이 올라오며 입안에서 결결이 흩어진다. 반반수육에 있는 내장도 잡내 1도 없이 부들부들인데 늦게가면 떨어짐을 주의해야한다. 그러나 고기만 수육도 맛난 고기 많이 먹을 수 있어 좋음.여기 다녀오고나면 다른 국밥들이 소꼽장난같아 보여벌임 주의. 그 어디서 1차를 하든 대성집을 찾는 대성집무새가 되어벌임 주의.신관으로 이전완료했다는 소식을 들어 이전과 같은 노포갬성이 없어졌을 것 같아 약간 아쉽지만 그래도 담에 혼자 가서 토렴한 국밥에 반주 걸쳐야지,맛있다
43,어머니대성집,꼬몬,간만에 가는 어머니대성집. 싹 리모델링해서 예전 모습은 이제 상상도 안가네요. 역시나 국밥은 명불허전입니다. 김치 역시 훌륭!! 다음엔 다시 육회비빔밥으로!,맛있다
44,어머니대성집,Luscious.K,"#용두동 #어머니대성집""어머니가 돌아오셨다... 다 같이 마중 나가자!!""#ReBorn나의 최애 25년 단골집 <어머니 대성집>이 리뉴얼을 거쳐 새로운 모습으로 지난 2020년 1월 6일 새로 문을 열었다.물론 나만이 느끼는 감정이지만, 이런 역사적인 부활을 빨리 경험해 보고 싶은 마음에 일부러 시간을 내어 찾아봤다.오랜 역사 속에서, 지역 재개발이라는 딜레마를 딛고 새로운 시작을 하는 나의 최애식당을 하루라도 빨리 보고 싶었다.#변화변화된 모습을 살펴보면1. 세련된 새건물로 이전하셨는데, 예전 단층의 작은 가게가 아니라 건물 4층을 통째로 사용하는 대형 식당으로 변모했다.그러다보니 옛 노포바이브가 사라진 것은 조금 아쉽다.2. 주차장이 없다. 예전엔 가게 앞 공터를 주차장 공간으로 마련하셨는데, 새건물로 이사하고 나서는 따로 주차장이 없는 것이 아쉽다. 건물 옆 2대 정도 댈 수 있는 공간이 전부다.3. 조개젓이 없다. 그 맛있는 반찬인 조개젓이 사라졌는데, 그나마 다행인것은 중국산 오염 조개젓 때문이 아니라, 이번에 들어온 물량의 품질이 그리 좋지 않아 손님들의 컴플레인이 좀 있었단다. 그래서 기본찬으로 내지 않으시고 요청하는 분들에게만 주신다고 한다.조금 청해 먹어봤는데, 확실히 예전의 그 맛은 아니지만 나름대로 국밥 위에 올려먹을만한 정도이니, 원하시는 분들은 조금 청해서 먹어보자. 4. 특해장국이 없다. 예전엔 보통과 고기가 더 들어간 특해장국이 있었는데, 가격이 1만원으로 상승하면서 특해장국은 사라졌다. 접시불고기라는 메뉴가 생겼는데, 예전엔 없었던 것 같은 신상메뉴다.#다행인점1. 예전 그 간판을 그대로 옮겨 다셨다. “내가 알던 바로 그집이 맞구나...” 라는 안심을 할 수 있는 좋은 선택이다.2. 변함없는 영업시간. 24시간 운영에 브레이크타임이 오후 2:30~6:00시 라고 생각하시면 헛갈림이 없을 듯 하다.3. 맛의 변화는 크게 없다. 참 다행이다. 원래 주방이 바뀌면 맛이 많이 변하기 마련인데, 이곳의 맛은 예전과 그리 큰 변화는 없다.#아쉬움나만이 느끼는 점이겠지만 아쉬움이 없지는 않다.예전 허름한 가게에서 먹는 그 감성은 맛있는 국밥과 비벼져 감성의 조미료 역할을 한다.새롭게 문을 연 가게는 깔끔하게 인테리어된 멋들어진 곳이지만, 예전의 감성은 찾아볼 수 없다.맛에 미묘한 차이가 느껴졌는데, 아무래도 그 변화된 분위기에서 오는 감성부재가 가장 큰 원인이지 않을까 싶다.아무려면 어떤가?이곳이 사라지지 않고 더욱 발전된 모습으로 우리에게 돌아왔는데...앞으로 100년 가는 100년 식당으로 남아주시길 소원해 본다.",맛있다
45,어머니대성집,이민혁,어머니 대성집은 말이 필요 없는 식당이다주위가 다 재개발 되고 있는데 꼭 유지가 되었으면 하는 식당이다.,맛있다
46,어머니대성집,정진석,"소주 한잔 걸치기 넘나 좋은곳, 술땡기면 여기부터 생각난다",맛있다
47,어머니대성집,Kuhn,맛은 있지만1만원이라는 가격은 좀 투머치라는 생각이 드네요. 고소한 고깃국물에 탱탱한 선지부드러운 시래기까지 아주 맛있습니다. 용산의 창성옥이나 이런 데 보다는 훨씬 나아요. 하지만 한 8천원 정도였다면... 가격이 조금 아쉽네요.,맛있다
48,어머니대성집,반말했다존댓말했다,가야지 가야지 하다가 11/3일까지만 영업한다고 해서 어제 바로 달려감!!!!(이후 12월 중순이후에 이전한곳에서 재영업하신대요)신설똥역에서 걸어가는길이 뭔일 일어나버릴거 같은...사진으로 다시 보니 그 느낌이 안사네 실제론 더 무섭그동안 열일했을 어머니대성집 간판을 몇분이 찍구 계시길래 나도 한장 얼른찍규 입장주문_해장국 소고기수육 엄청난 패스트푸드!! 미세먼지최악떴는데 문열어놓고 영업하심.. 온갖 모기 나방 파리 날라다니는 악조건속에 식사 시작해장국은 밥이 말아져있고 선지 우거지 푸짐하게 들었다만원까지가 마지노선 더 올리지 말아주세요소주한잔 털고 해장국 한술에  청양고추 마무리하면진짜 하루피로가 싹 풀림너무 맛있음수육은 양이 적은듯했지만 맛있었고 찍어먹는 소스는 살짝 아쉬웠다 고추냉이포함..반찬은 딱히 손가는게 없었고 김치는 내스타일은 아녔지만 난 청양만 있으면 되서^~^수육보다 해장국이 떨어지는게 더 아까버서 수육두점에해장국 한숟갈로 혼자 계산해서 먹음ㅎ신랑은 해장국안 밥이 (쌀자체) 좀 별로라고 하였고 나는 담에 가면 일인1해장국을 해야겠다고 생각재오픈때 보자 안녕~~~~~,맛있다
49,어머니대성집,린LYN,남자친구랑 둘이 점심에 방문했어요! 바로 옆에 전용 주차장도 있어서 편했어요~! 냄새도 안나고 깔끔한 해장국이었습니다^^ 다음에 또 방문 할거에요,맛있다
50,어머니대성집,우챠우챠우챠챠,주변이 재개발 진행 중이라 다소 을씨년 스러운 분위기라 영업 안하는거 아닌가?! 하고 걱정했는데 다행히 식당은 활기차게 운영 중입니다~ 해장국과 육회 비빔밥 시켜서 먹었는데 정말 맛있게 먹고 왔습니다 방문 전에 간단히 먹고 간 이후였는데도 맛있어서 싹싹 다 먹고 왔네요 굉장히 깔끔한 맛입니다 선지나 고기에서 냄새도 안나고요. 자극적이지 않은 맛인데 특히 국물이 뜨겁지 않고 먹기 좋은 적당한 온도가 인상적이었습니다.,맛있다
51,어머니대성집,참외,"[신설동을 사랑할 이유]사실 우리 학교를 오래 다닌 이라면 누구나 가장 맛있는 식당으로 제일 먼저 어머니대성집을 꼽는다. '어대'라는 이름으로 줄여 말하는... 을씨년스러운 재개발예정지를 헤치고 가다 보면 멀찍이 간판 불빛이 보이는데 흡사 구원을 얻은 것처럼 반갑다.올해 들어 뻔질나게 다녔더니 이제 이모가 곧바로 나를 알아보시고 서비스로 해장국을 한 그릇 내어주신다.(매번 감사합니다)안암과 신설동 일대 거주민이 아닌 이상 신설동은 방문할 이유가 전혀 없는 곳이다. 하지만 어머니대성집은 그런 신설동을 택시를 타고서라도 멀리서 방문해야 하는 이유가 된다. 외부인 지인들과 이곳을 방문할 때 내가 거치는 순서가 있다.가장 먼저 이곳의 음식을 침이 마르도록 칭찬한다. 이따금 생각에 잠긴 척하며 듣는 이를 더 애태워야 이곳의 참맛을 홍보할 수 있다.다음으론 이곳을 오늘 지금 가야 한다고 강력히 설득한다. 첫 단계를 잘 거쳤다면 여기서는 흔들리는 눈빛을 확인할 수 있다.그 뒤론 일사천리다. 가게에 전화를 걸어 지금 가고 있으니 모듬수육을 한 접시 남겨달라고 부탁을 드린다. 이제 망설이던 지인도 돌이킬 수 없다. 택시를 잡고 ""신설동이요""를 말한다.그렇게 밤에도 분주한 가게를 들어서면, 같이 방문한 이도 주변인에게 이곳을 홍보한다.모듬수육과 술국이면 밤을 새워서라도 술을 먹을 수 있다. 그 어느 안주보다 맛있다.아 다다음주에 또 가야겠다.ps 이모가 등골을 맛있게 먹어야 어른이랬는데, 난 아직 덜 컸나보다.맛 5/5친절 5/5위생 4/5 (화장실이 더럽다)가격 5/5 (비싸지만 돈값한다)",맛있다
52,어머니대성집,궁그미,맨날 가려다 실패했는데 드디어 가본 어머니대성집! 가기전에 봤던 리뷰로 코박고먹는다는 글을 봤는데.. 진짜 코박고 먹었다.. 술을 안먹었어도 해장되는 맛.. 밤에 갔다면 소주 몇병은 마셨을것 같다(오전에 가서 다행인걸로..) 맛나서 포장까지 해갔다! 그럼 말 다한것 아닌가! 재방문의사 당연 있음! 철거되기 전에 수육한그릇 때리러 얼른 갔다와야겠다,맛있다
53,어머니대성집,dotori,"6/10인적 없는 동네에 유일하게 소리를 내던 집.해장국은 시키자마자 나왔고, 식은 밥알처럼 느껴지는 게 거슬려서 다 먹진 못했지만 선지와 우거지, 국물 다 정말 맛있었다. 선지에서 냄새나면 밥맛을 잃을까봐 마지막으로 미뤘는데ㅜ 하 식감, 우물우물하면 퍼지는 맛까지 제일 맛있어서 선물같았다.이 집은 술만 마시지 않는다면 2-30분 안에 식사 해결할 수 있겠다! 그렇지만 언제 다시 올 수 있을까 싶기도 하다.",맛있다
54,어머니대성집,코퍼맘,"맛있어요! 해장국 국물이 일품이고, 수육은 거칠게 썰렸지만 매우 부드러워요. 육회는 달달",맛있다
55,어머니대성집,benedetta,"/해장국/영업시간 18:30부터 16:00.응? 뭐라고? 앞뒤바뀐거아니고? 1잘못들어간거아니고?ㅇㅇ저녁장사가 아니고 밤, 새벽장사다. 주변 저녁늦은 시간까지 일하는 사람들, 동대문상인들을 위한 영업시간인거다.1967년에 개업, 벌써 50여 년째다.그사이 가격이올라 해장국은 쇠고기를 넣은 선지해장국이 한그릇에 만원. 동네가 비싸보이지않는?동네라 그렇지 사실 만원에 이렇게 푸짐한 해장국한그릇이면 싼것도, 비싼것도아닌듯. 나는 점심시간을 살짝비켜나서갔더니 아저씨들이 가게반정도 차서 드시고계셨는데 서빙하는데 여유로움도보이고 팔팔끓는 해장국이 스탠바이하고있던겐지 금방금방나온다. 암튼 여유롭고 생각보다 조용하게먹고있는사람들사이에서 혼자 한수저뜨고 묵음으로 소리지름.아 이사람들 어떻게 맛있다소리한번 내뱉지않고 이렇게 시치미떼고 먹을수가있지.잘게 삶은 쇠고기 살점, 토렴해서 밑에 깔린 소량의? 밥, 먹기쉽게 다져넣은 우거지, 뽀독뽀독한 순두부같은 선지... 완성도있는 국물만큼이나 식감이 얼마나 다양한 구성인지.반찬으로나오는 쌉쌀한 배추김치, 달달한 무생채는 또 어떻고.주변가는길이 안그래도 번화하고 깨끗한 동네가 아닌데 아예 구 노량진 수산시장처럼 철거한다고 스프레이칠을 해놨다. 여쭤보니 재개발은 오래걸릴거같고 하게되면 가까운곳으로 이사하실거라고.수육과 육회도 맛있다고한다.아직안가보신분이있다면 여기 솥바뀌기전에 꼭 가보셨음좋겠다.",맛있다
56,어머니대성집,KYS,"드디어 가본 대성집! 겨울이었고, 추웠다. 대기가 있었지만 같이 간 사람과 함께 해서 추위도 모르고 기다렸던 것 같다. 같이 간 사람이 감기에 걸려서 뜨뜻한 국을 먹으러 간 거였는데 알고보니 그 사람은 선지를 못먹었다. 결국 내가 선지해장국을 시키고, 그 사람은 육회비빔밥을 시켰다.그동안 먹어왔던 선짓국과 달랐는데, 일단 잘게 잘린 고기들이 엄청 있었고, 그 밑에는 우거지가 있었다. 맑은 선짓국만 봐와서 그런지 우거지가 있는게 낯설었지만 금세 적응했다. 그냥 나온 간보다 청양고추를 팍팍 넣어서 칼칼하게 먹는 게 맛있었다. 선지도 어찌나 큰지 선지를 좋아해서 큼직한 선지를 숟가락으로 자르고 잘라도 많이 남아있어 좋았다.육회비빔밥은 내게 광장시장 육회비빔밥이 전부여서 좀 비싸게 느껴졌는데 나오는 양 보고 납득이 갔다. 육회가 일단 많았고, 선홍빛을 내는게 질도 좋아 보였다. 물론 담음새도 예뻤다. 육회비빔밥과 해장국은 아주 꿀 조합이었는데, 같이 간 사람도 먹다가 육회비빔밥에 기본으로 나온 국이 부족했는지 내 국을 뺏어먹기도 했다. 그럼 나는 그 사람이 감기가 낫길 바라며 국을 선뜻 내주었다.그 사람은 내가 먹던 국을 뺏어 먹은 사실을 잊은 채 생각보다 별로였다고 말했다. 사실은 나도 기대를 너무 많이 해서인지 조금은 아쉬웠다. 그래도 오늘은 이곳이 참 생각이 난다. 다음엔 술을 엄청 마시고 다음 날 해장하러 한번 가보고 싶다.",맛있다
57,어머니대성집,홍한솔이,선지가 들어간 해장국중 가장 깔끔한 맛,맛있다
58,어머니대성집,조은짱,머 해장국을 만원짜리를 먹어..? 라고 반신반의하면서 갔지만 납득충이 되어서 돌아왔습니다 ^__^ 사진을 잘 못 찍은거 같은데 양도 많고 깔끔하고 넘 맛있었어요 ~. 특히 선지 씹는순간 바로 아웅 >___< 소리가 나올만큼 고소하고 비린맛도 하나두 없었답니다 !! 육회비빔밥도 맛있는데 육회가 엄청 많지는 않아서 담에는 육회만 시켜볼까 생각둥이에용,맛있다
59,어머니대성집,Journey,"사라질까봐 얼른 갔다온 어머니대성집!여기서도 9시가 안돼서 수육시켰는데 마지막 수육이라고 했다. 선지국 자체를 처음 먹어봐서 원래 어떤지는 모르겠지만.. 약간 80년대 갬성이 좋긴 하지만, 뭔가 특별하거나 특이한맛을 기대했어서 그냥 괜찮다를 남겨본다",괜찮다
60,어머니대성집,형석,"없어지기 전, 하루라도 빨리 방문해야 하는 그곳독특한 영업시간(알고보니 중간에 조금 바뀜)으로 가고싶다만 생각하고 잊고 있다가 진짜 없어질거 같아서 강북쪽 간김에 들러봄우와 대박 쩔어 이런 맛은 아닌데(잡내도 조금 남) 정성과 깊은 맛이 느껴진다 나중에 사람들과 수육을 한번 꼭 먹어보고 싶긴 함",맛있다
61,어머니대성집,머큐리 ,"해장국/10. 행복한 맛. 언젠가 고주망태 되러- 가고말테다우거지와 선지,고기가 든 국에 토렴되어 나온다!",맛있다
62,어머니대성집,ㄱ Benz TJ.Kim,"*아주 훌륭한 옛() 스타일의 해장국.*양평을 가나 어디를 가나 내장이 잔뜩 들어있는 해내탕을 선호해온 1인.해장국 마니아들의 성지라는 이곳을 이제야 다녀와봅니다.결론부터 말씀드리자면. '맛있구나~ 재밋구나~'토렴되있는 밥도 좋았고.심지어 쌀도 좋은쌀인지 밥이 퍼지지 않아 더 좋았습니다.마치 집에서 무우를 잔뜩 넣고 무우가 퍼질때까지 진하게 쇠고기와 끓인뒤, 되장과 얼갈이등을 넣어 끓인 듯한 아주 깔끔한 맛+진득한 쇠고기 향♡왠지 옛 사극을 보면 시장 마루에 앉아 후루룩 먹었을듯한 맛.50년된 집이라는 타이틀이 이해되는.. 점심먹고 삼실오니 다시가서 한잔 하고 싶은 맛..내가 좋아하는 양이나 내장이 없는건 아쉽다 라고 생각할 무렵.밥과 얼갈이 사이에 자그맣게 느껴지는 쫀득한 식감!!!잘게 다진듯한 내장이 군데군데 섞여있네?소소한 노포음식에 마법같은 재미를 첨가한집.재방문 의사는300프로.여기서 술한잔 해보고 싶다..ps.재개발로 인해 동네가 슬럼화되는 느낌은 안타깝지만, 그마저 어울리는 집",맛있다
63,어머니대성집,북악산기슭 곰,"맛있다. 수육과 뭔지 이름은 기억 안나지만, 반반으로 시킨 접시가 특히 맛 있다. 최근에는 식당 주변이 모두 재개발로 철거가 진행 중이라, 주변이 어수선하다.",맛있다
64,어머니대성집,GABY,짜지 않고 딱맞는 간에 가득 들은 건더기들이 정말 맘에 들었지만 해장국 한 그릇에 1만원이라는게 좀 마음에 걸린다.면쪼가리에 양념 얹은 파스타랑 비교하면 비싼건 아니지만 푸근하고 정 넘칠거 같은 분위기에 해장국 한그릇이 1만원이라니 싶다.하지만 맛있으니까 괜찮쓰~~,맛있다
65,어머니대성집,이지은,오랜만에 왔다. 이제 보통은 없어지고 특만 남았다. 같이 나오는 김치도 맛있고 이번에는 냄새도 안나고 만족스럽게 먹었다,맛있다
66,어머니대성집,뽀로롱,"고대 근처를 어슬렁 거리다가찾아낸 곳해장국이 이리도 맛있는 음식인지이집에서 먹어보고 알았다.6시 30분이 오픈시간이라얼추 맞춰서 갔는데 늘어져 있는 줄 실화??이런 골목에 이렇게 사람이 많다니..제발 내 앞에서 줄이 끊기지 않길 약 2분간기도했고, 운 좋게 바로 들어가 먹을 수 있었다.해장국 하나 육회 하나 시켰는데바닥까지 싹싹 긁어먹고 왔다.국물맛이 깔끔하다. 재료 퀄리티가 너무 좋다.좌식이라 좀 불편한 것 빼곤 나무랄것이 없다.이 지대가 곧 개발된다던데 다른 곳으로 이사 가기전에 한 번 더 가야지.",맛있다
67,어머니대성집,이지은,마지막에 갔을때 안에 부속물 상태가 ㅠㅠ 그래도 다시한번 가봐야지,괜찮다
68,어머니대성집,Rachel,"나의 올타임 페이보릿 국밥집! 특이한 영업시간 덕분에 늘 밤 늦게 찾아가는 집이다. 국밥도 유명하지만 술안주로 할만한 수육이나 등골, 육회도 맛있다. 갈 때마다 모듬수육이 떨어져서 매번 그냥 수육이나 육회만 먹고온다. 국물이 아주 진하지만 맑다. 밥이 토렴되어 나오는데 밥알 하나하나 그 진한 육수를 머금고 있어 밥이 술술 넘어간다. 취향에 따라 조개젓으로 간을 맞추고 양념장을 풀어낸다. 난 보통 국밥의 국물이나 라면 국물 등을 다 못먹는데, 여긴 많이먹어도 위에 부담되지 않는다. 기분탓인가.. 잘게 썰어 올려진 고기도 매력있고 언제 철거될지 모르는 동네에서 우두커니 홀로 밝은 가게의 바이브도 매력있는 곳",맛있다
69,어머니대성집,Jㅐ,"신설동역에 위치한 노포 해장국 집 ""어머니대성집"". 옛말에 <혹 떼러 갔다가 혹 붙이고 온다>는 말이 있듯이 <술 깨러 갔다가 술 마시고 오게 되는 집>. 든든하게 해장국 먹다보면 술 생각이 절로 난다. 강추 : D'해장국'. 안에 우거지와 선지가 들어있고 위에는 다데기랑 살코기가 올라가요. 위에 올라간 고기 양도 꽤 많아서 먹고나면 든든~하네요!! 보기와는 다르게 국물 맛이 슴슴한 편이어서 속 편안하게 해장하기 좋아요. 송송 썰린 청양고추를 조금 넣으면 시원하게 해장하기 좋구요!! 술을 곁들이지 않을 수가 없어서 아침임에도 불구하고 약주를 시켜서 먹었는데 진짜 행복한 하루를 시작할 수 있었어요ㅋㅋ찾아가기가 힘들어서 그렇지 은근히 내부도 넓고 이모님도 친절하세요. 아침 11시에 갔는데도 가게가 사람들로 꽉 찼던 거 생각하면 진짜 인기 많은 집이다ㅋㅋ 늦은 시간에도 영업을 한다는 게 장점이기도 한 집이기 때문에, 다음에는 밤 늦게 가서 소주로 달려볼 예정!!",맛있다
70,어머니대성집,* Y _,3.5/5점선지해장국 맛잇고 육회먹으러 가는 곳근데 새벽용이고 한 3차?그리고 내부도 좀 불편하고 해서.. 깔끔한거 좋아하는 분들은 노노,맛있다
71,어머니대성집,이진쓰,어렸을 때부터 가던 양곰탕/선지해장국 집이 있는데 거기는 가면 약간 꼬릿~한 찐한 냄새가 나요. 반면 여기는 진짜 입구부터 향긋하고 꼬소한 곱창/고기냄새가 나요. 그래서 배 부른 상태인데도 배고프게 만드네요. 마치 디저트를 보고 위장이 늘어나는 것처럼...냄새만으로!!두근두근하는 마음에 가서 남들 다시키는 선지해장국을 시키고 소고기수육을 시켰어요. 해장국 너무 깔끔한데요? 선지가 신선해서 탱글탱글 꼬득꼬득 식감이 너무 좋았고 국물은 맑은 고깃국물?곰탕?이었어요. 간이 세지 않아서 더 매력적으로 다가왔네요. 갑자기 은희네 해장국도 생각났는데 은희네해장국보다 좀더 정갈한 느낌이었어요. 소고기수육도 진짜 맛있는데 이거 식으면 육포처럼 될 수 있으니 따뜻할 때 드셔야 해요! 저는 돼지곱창에서 돼지냄새도 좀 나야하고 양고기에서 양냄새도 좀 나야 한다는 주의지만 소고기에 있어서만큼은 약간 예민보스거덩요. 근데 여긴 예민해질 필요가 없어여 너무 깔끔해요. 제가 싫어하는 소고기맛/소고기 잡내의 뽀인트가 있는데 그게 하나도 안느껴져요. 매우 깔끔합니다. 아 그리고 무생채 대존맛. 새콤하고 안짜고 맛 적당하니 계속 들어가는 맛 후루룩 찹찹~레고레고 얼른 가세여!!!!!!!!!!!!!!!!!!!!!!!!(아 여기 나만 이제야 간거구나),맛있다
72,어머니대성집,뽀로롱,여긴.. 말이 필요 없는 곳입니다.가셔서 주문하시고 한 술 떠보시면바로 웃음이 지어져요,맛있다
73,어머니대성집,작뾰,선지해장국 지존이지요,맛있다
74,어머니대성집,Wchelin,"삶의 흔적이 깃들어 있는 곳.고기를 손질하고, 국물을 우려낸다. 오랜 세월 해온 일인데도, 매일의 작업이 새롭다. 잘 우려낸 국물로 수차례 토렴한다. 뚝배기에 흐르는 국물처럼 가게의 시간도 흘러왔다. 단순한 것 같지만 인내와 뚝심이 필요한 작업. 그렇게 한그릇의 해장국이 완성된다.용두동에 위치한 해장국집. 주변의 건물들이 재개발로 비어었지만, 이곳만큼은 묵묵히 자리를 지키고 있다. 가게 외부나 내부에서 이곳을 거쳐간 손님들의 모습이 그려진다. 늦은밤 고단한 하루를 마무리하는 노동자들, 상사와의 회식으로 지친 회사원들, 홀로 소주 한 잔으로 고뇌를 삭이는 이들. 지치고 고단한 하루를 달래주는 따뜻한 한 그릇. 국밥이란 원래 그런 음식이 아니던가.해장국을 먹었다. 입에 착 감기는 맛은 아니지만, 슴슴하고 음미할수록 깊이 느껴지는 맛. 깊으면서도 맑은 오묘한 맛. 훌륭한 맛이다. 숙취가 자연스럽게 풀렸다.나중에는 식사가 아니라, 수육에 한 잔 하고 싶다.",맛있다
75,어머니대성집,플렉서,소고기수육을 먹어봤다 양은 겉보긴 무지적은데 먹어보면 적당하단 느낌  손가럭두마디 얇게썬 소고기수육이 작은도시락 크기정도사이즈에 삼사십개정도? 나온다 적다 국물이 정말 조금 깔린다 그냥 고기만 나온다고봐도 무방하다 35 000원 가격이 양에 비해 좀 되는 느낌이다따뜻할때 먹으면 먹을만하다근데 그게 몇조각 못간다 맛은 있다고 개인적으로 느꼈는데 개인차가 있었다 별로라는 사람도 있었다종합해볼때 먹을만은 하다고보는데 문제는 불친절 베짱장사 아니면 그분스타일이 그렇거나소량의 소고기수육 육우젖소를 35에 파는데 다른 밑반찬은 안된단다 쏙으로 쓰으했는데 웃어드렸다 족발을 삼만을 시켜도 김치가 나오는데 아무리소고기라해도 이건 좀 아닌것같았다 머 해장국 10 000에 잘팔리니 베짱장사하는거 말릴도리가없다 한가지모르시는게 있다 모든건 변하지않는게 없다는거 사람들 입맛또한 변할거라는거 취함도 .,별로
76,어머니대성집,jun,맛있음,맛있다
77,어머니대성집,정가,선지해장국 가격이 1만원이라 좀 높았지만 건더기도 많고 국물도 맑고 시원한게 맛있었습니다,맛있다
78,어머니대성집,플렉서,맛은있는데 올해부터 특과보통을 합쳐서 10 000 한종류뿐이다좀 비싼데싶었는데 김치한조각 베어물으니 이 맛은 어쩔수가없구나 하는 생각이 든다 참,맛있다
79,어머니대성집,Colin B,"#서울의노포 “내일 당장 가야할 식당”⠀⠀⠀⠀⠀⠀⠀⠀⠀⠀⠀⠀⠀⠀⠀⠀⠀1. 미식가를 자부하는 수많은 사람들이 비싸고 근사한 식당들을 제쳐두고 주저없이 인생 맛집으로 꼽는 식당이다. 방문하기 전부터 내 인생 식당 중 한 곳이 될 것 같은 느낌이 들었고, 이는 현실이 되었다.⠀⠀⠀⠀⠀⠀⠀⠀⠀⠀⠀⠀⠀⠀⠀⠀⠀2. 찾아가기가 굉장히 힘들다. 고대 학생이 아니고는 올 일이 거의 없는 신설동역, 그 역으로부터 20분간 어두컴컴한 거리를 걸어야 한다. 음식 한끼를 먹으러 먼길을 떠나는 건 쉽지 않은 일이다. 음식값에 내 시간 값이 더해지기에, 혹여나 그 먼길을 갔다가 맛이 없으면 어쩌지 하는 두려움이 들기 때문이다. 하지만 힘들게 찾아간 식당에서 만족스러운 한끼를 했을 때 그 두려움은 희열이 된다. 여기는 그 두려움을 안고 한번 길을 나설만하다.⠀⠀⠀⠀⠀⠀⠀⠀⠀⠀⠀⠀⠀⠀⠀⠀⠀3. 식당 주변이 참 을씨년스럽다. 재개발을 앞둔 거리는 생기를 완전히 잃었다. 오직 이 식당의 불빛만이 거리를 비추고, 바글바글한 손님들이 거리의 생명을 연장하고 있다. 다행히 재개발이 바로 진행되는 것은 아니라서 당장 문을 닫는 일은 없을 것이고 근방에서 장사를 이어가실 것이라고 한다. 그래도 이왕이면 이 식당이 오랫동안 머무른 이 곳에 있을 때 한번이라도 더 방문하고 싶은 마음이 들었다.⠀⠀⠀⠀⠀⠀⠀⠀⠀⠀⠀⠀⠀⠀⠀⠀⠀4. 제일 유명한 메뉴는 해장국이나, 수육이나 육회도 맛있다고 한다. 꼬치 산적도 궁금하고. 저런 음식들이라면 대체 소주를 몇병이나 비워야 하나.⠀⠀⠀⠀⠀⠀⠀⠀⠀⠀⠀⠀⠀⠀⠀⠀⠀5. 문앞에 영업시간이 적혀있다. 원래 프린트된 시간은 저녁 9시부터 오후 4시. 근데 그 위에 매직으로 시작 시간을 고쳐썼다. 오후 6:30부터 오후 4시. 저녁을 먹고 싶어하는 손님들이 많아 영업 시간을 변경했다고. 내가 언제, 어디에 있든 달려오면 웬만하면 먹을 수 있는 식당이라니. 24시간 영업하는 곳들도 있지만, 하루에 2시간 정도만 쉬는 영업 시간이 묘하게 더 마음에 닿는다.⠀⠀⠀⠀⠀⠀⠀⠀⠀⠀⠀⠀⠀⠀⠀⠀⠀6. 익숙한듯 새로운 해장국이다. 맵고 자극적이지 않은, 맑고 개운한 국물. 한술 푹 뜨면 우거지와 잘게 쪼사진 고기가 딸려나오는데, 담백하고 고소하고 시원하고... 큼지막한 선지의 향과 식감도 그냥 너무 좋다.처음에는 다대기를 빼고 맑은 맛으로 즐기고, 다대기와 고추를 넣어 칼칼하게 또 한번 즐긴다. 다대기를 넣는다고 절대 텁텁해지거나 자극적이 되지 않으니 과감하게 투하해도 된다. 다대기마저 깔끔하다니 어머니 당신은 도덕책.⠀⠀⠀⠀⠀⠀⠀⠀⠀⠀⠀⠀⠀⠀⠀⠀⠀7. 보통 ‘특’이 붙은 메뉴는 잘 주문하지 않는다. 어느정도 아쉬움이 남아야 또 오고 싶어지기에. 근데 여기는 왠지 ‘특’을 주문해야 할 것 같은 남자의 직감이 들었고, 그 선택은 틀리지 않았다. 결과는 완뚝.⠀⠀⠀⠀⠀⠀⠀⠀⠀⠀⠀⠀⠀⠀⠀⠀⠀8. 2인분을 포장해서 가족에게 돌아가는 길에, 뭔가 부자가 된듯한 기분이다. 좋은 음식은 나눌수록 좋다.⠀⠀⠀⠀⠀⠀⠀⠀⠀⠀⠀⠀⠀⠀⠀⠀⠀9. “학교 다닐 때 왜 나는 먹는 것에 관심이 없었을까”, 원통하다가, “그래도 지금이라도 알았으니까”, 위안하다가.⠀⠀⠀⠀⠀⠀⠀⠀⠀⠀⠀⠀⠀⠀⠀⠀⠀- 추천메뉴: 해장국(특)- 주의: 진상손님 다수instagram: colin_beak",맛있다
80,어머니대성집,Wj,해장국 bbbbbbb수육은 양이 적어요ㅜ,맛있다
81,어머니대성집,롱장고,가격대비는 모르겠지만(특히 산적) 국물이 깊으면서도 깔끔하다는 말이 이런 거구나 하고 느낄 수 있었던 집!,괜찮다
82,어머니대성집,장희,소주 안좋아하는데 해장국을 먹으니 손이 저절로 술잔으로 향한다. 안땡기게 생겨서 그동안 안갔었는데 유명한덴 이유가 있었다. 술이랑 곁들이니 술도술술 해장국도 술술. 먹어본 해장국집중엔 가장 술땡기는 맛. 선지국 안좋아하는데 맛있게 먹었다.사실 해장국에서 밥을뺀 술국을 시킨건데 메뉴판엔 안써져있다. 알고시킨것도아니고 새벽에 가니까 아주머니가 밥빼고 술국으로 드릴까요?해서 그렇게 해달라고 한 것.수육은 친구들은 삼만원치곤 창렬하다곤 했지만 맛있었다. 생각보다 선택지가 많지않아서 다음에와도 이건 또 시켜야할듯.육회는 비빔밥으로 시키니 해장국 국물도 같이줘서 좋았는데 굳이 와서 먹을정도는 아닐수도,맛있다
83,어머니대성집,짱숨,망고플레이트가 추천해준 집 중 최악 .... 산적은 맛은 있는 편이지만 창렬스럽기 그지없고(사진의 산적꼬지가 1만원치임...) 해장국은 조금 비싼편이고 특색은 있는 지 모르겠는데 무엇보다 맛이없음 ... 비림........,별로
84,어머니대성집,silvert,엄청 괜찮습니다. 제가 먹어본 국밥류들 중에 손에 꼽을만한 곳이네요,맛있다
85,어머니대성집,카용이,여기 재개발지역이라 문닫았어요,별로
86,어머니대성집,AlexTheFood,"#181010바나#어머니대성집1967년부터 지금까지 50년이 넘는 시간 동안자리를 지켜 온 노포 해장국의 성지★⠀어제 자기 전에 망고플레이트를 뒤져보다4.6점이라는 말도 안 되게 높은 평점과 위치를 보고오늘 첫차 타고 방문해서 먹고 왔다.⠀제일 큰 특징은 보통 우리가 알고있는 해장국과 달리자극적이지 않고 살코기와 내장을 다져올렸다는 점.고기를 많이 먹고 싶다면 나처럼 특을 주문하면 된다!⠀우거지+소고기 양지살+소 내포+선지의 조합인데초딩입맛임에도 불구하고 꽤 맛있게 먹었다.개인적으로 오히려 양념 없이 먹는 게 더 좋더라 :)⠀밥그릇에 나오는 보리차도, 김치, 무채 등은 평범.청양고추는 나에겐 너무 매워 넣지 않았고,조개젓이 맛있어 토렴된 밥과 함께 조금씩 먹었다.⠀영업시간이 특이하게 18:30~16:00이고,재개발 구역에 있어 분위기가 꽤 을씨년스러우니참고하고 방문하시길! 안 망했으면 좋겠다...-⠀#해장국 #특 10000 ★★★★",맛있다
87,어머니대성집,치야키,해장국은 맛있었어요.무채? 이것도 취향저격이었고 주시는 고추도 아주맵지않아 다 넣어먹었습니다. 조금 아쉬운건 김치랑 조개젓갈.. 좀 더 국밥에 맞는 김치맛이었음 더 좋았을것같고 조개젓도 은근기대하고갔는데 그닥 엄청맛있는젓은 아니었던것같네요.해장국치곤 가격이 조금은있지만 나름 괜찮습니다.무슨 재개발이야기로 영업하는지 긴가민가해서 미리 전화해보고같습니다.,괜찮다
88,어머니대성집,마중산,"해장국이 이럴 수 있구나. 했던 집임.긴 말 필요없고 최강의 해장국이었음.선지와 우거지가 베이슨데, 어떻게 이렇게 깔끔하지? 싶다.고기를 잘게 썰어 국 위에 얹었는데 이게 백미. 씹히는 맛이 나이스.청진옥이나 동네의 장모님 해장국을 종종 찾는데, 솔직히 비교 불가. 텁텁함 없이 아주 깔끔함.반찬 또한 부족함이 없다. 젓갈 올려먹는 맛도 쏠쏠.주변이 개발 중이라 언젠가 옮길 수 있을 것 같다. 전날 음주는 이 집을 가기 위한 애피타이저였음. 추천!",맛있다
89,어머니대성집,sen.eve,제일 좋아하는 해장국집!오래 되었지만 맛이 변하지않는 것 같다국물의 감칠맛이나 선지의 부드러움이 너무 맛있다,맛있다
90,어머니대성집,hollywood,시——————원한 해장국이에요! 선지해장국을 먹고 와 이런거구나 했던 집,맛있다
91,어머니대성집,키다리아저씨,"정말 오랜만에 아침식사를 하러 간 ""어머니 대성집"" 남다른 영업시간으로 인해 시간 맞추기가 어려웠으나 아침식사로도 자극적이지 않고 든든하게 먹을 수 있어서 좋은곳이다. (주차가능)용두동?용신동? 재개발지역으로 주변주택들이 한적하며 철거준비를 기다리는듯 낙서도 되어있어 삭막하지만...50년 역사의 대성집은 활기가 느껴진다.이곳도 언제 사라질지...어디로 옮겨질지 모르니 발빠르게 다녀왔다.해장국 특(1만)과 육회 비빔밥(1.5만)을 주문하였다.맑고 깔끔하지만 진한육수와~ 잘 삶아진 양지고기와 우거지?배추?의 조화!! 거기에 밥과 함께 국물 속에 숨겨진 탱글한 선지가 굿~!취향에 따라 청양고추 좀 넣어주고~ 조개젓, 김치와 함께 즐기면 술술 들어갑니다^^자극적인 해장국이 아니여서 속도 편하고 담백해서 좋지요~여기 육회도 참 맛이 좋고 신선한데...육회비빔밥을 주문하면 해장국을 국그릇에 따로 주시니...혼자오신분들은 육회비빔밤을 주문해서 두가지를 맛보시는것도 좋습니다^^한우의 부드러운 식감과 잣이 들어있어 중간중간 고소한맛도 좋지요. 육회의 맛을 망치지 않는 적정선의 고추장 양도 중요한듯하다.아침에 가니 주인할머니께서 계시던데... 앞으로 이곳이 어떻게 될지 모르지만...다른곳이라도 이전이 잘 되어서 지금의 모습을 유지하셨으면 좋겠다.",맛있다
92,어머니대성집,김키미,선지가 매우 신선⭐⭐3만원이 비싼 감은 있지만 육회는 반드시 먹을것.중간에 쉬는시간 있으니 꼭 확인하고 가세용!!!,맛있다
93,어머니대성집,깹이,"리뷰를 찾아보니 냄새가 난다는 말도 있고 최고라는 말도 있고 거의 극과 극이라 걱정했건만모든 것이 기우였음을 첫 입에 보여준 해장국..♥폭염주의보가 내린 날 땀으로 샤워를 하며 찾아간 보람이 있는 맛이었다.탱글탱글한 선지도 너무 맛있고 특 해장국 속의 야들야들한 고기도 일품!특히 모둠수육은 계속 생각이 난다 ㅠㅠ줄어드는게 아쉬울 정도돌아서니 또 생각나고 다시 먹으러 가고 싶어지는 마성,,,",맛있다
94,어머니대성집,Luscious.K,"#고대 #용신동 #어머니대성집오랜만에 방문한 대성집이번 방문이 마지막이 아니길 간절히 바라면서 간단히 리뷰해 봅니다이곳 음식 맛이야 제 리뷰 또는 우리 홀릭님들 리뷰를 통해 많이들 알려져서 더 이상의 설명은 필요 없을 듯 합니다지금까지 단 한 번도 티비에 출연하지 않다가..‘여기Go’에서 신동엽씨 맛집으로 방영이 되서 아쉬웠던 것은 이집에 대한 저의 애정과 질투 때문이겠지요90년대 초반 학부시절부터 지금까지 변함없는 맛으로 그 곳에 있어주신 고마운 해장국집이제 우리 아이들도 함께 먹는 우리가족 해장국집인데.. 이번 방문한 용신동 시장 골목은 #재개발 의 흔적이 날카롭게 할퀴고간 모습이였습니다락카로 '철거'라고 써있는 건물들상인 주민 90%는 이주한 것 같은 을씨년한 분위기여기저기 널려있는 이사 쓰레기들그 가운데서 새벽에 불을 켜고 도도히 영업하시는 모습이 애잔하기까지 합니다""어디로 옮기실 거에요?"" 하는 질문에""아무 계획 없어...” 라고 무뚝뚝하지만 원망과 한숨이 섞인 목소리로 답해주신 1대 사장 할머니의 대답에서 애정하는 곳이 이제 사라질 지도 모른다는 막연한 슬픔이 느껴졌습니다조용히 음미하는 해장국 한 그릇한 방울의 맛이라도 놓치지 않으려고무채도 올려먹고..김치도 올려먹고..이집 명물인 조개젓도 올려먹으면서..제발 이 식사가 이집에서 하는 마지막 식사가 아니기를 간절히 바라고 바랬답니다무슨 맛집 리뷰를 이렇게 쓰냐고 하시는 분들도 계시겠지만.. 30년 단골의 마음은 정말 아쉽고 안쓰럽기만 하네요개발의 광풍이 잘 지나가고더욱 발전된 모습으로..그렇지만 너무 변하지 않은 모습으로 우리 곁으로 돌아오시길 간절히 바래봅니다",맛있다
95,어머니대성집,권오찬,"* 한줄평 : 어머니처럼 깊고 넉넉한 따뜻한 해장국# 대성집의 역사Since 1967.. 강북 토박이들에게도 이름조차 생소한 용신동 주택가에서 50여년 업력의 해장국 맛집!술 좀 먹는다는 선수들에겐 최고의 성지이고, 동네 재개발의 향방에 따라 전설로 사라질 수도 있는..해장국은 본디 노동친화적인 음식이다. 술과 끼니를 동시에 해결할 수 있는, 그래서 굉장히 서민적이다.심지어 과거 오픈 시간은 끼니를 훌쩍 넘어선 21시에나 열었다고 하니 늦은 밤 지친 몸을 이끌고 돌아온 가장의 무거운 어깨를 가볍게 두드려준 어머니의 손길 같은 식당이였을게다.# 대성집의 의의오너 주방장인 <어머니>께서는 어느덧 일흔 중반이시고, 식당 인근 건물은 <철거>라는 글자가 붉은 색 락커로 흉물스럽게 그려져 있다. 수요미식회 표현을 빌자면 <문 닫기 전 꼭 방문해야할 맛집>이다!# 요리품평이 집의 국물은 맑고 깊으며 넉넉하다! 해장을 한답시고 맵고 칼칼해서 오히려 속을 불편하게 하는 빨간 양념의 국물이 아니라, 정말로 <숙취 해소>를 위해 속을 보호해 줄 수 있는 맑은 국물이다. 토실토실한 선지와 잘게 쪼사진(?) 양지, 푹 삶아낸 배추.. 모든 것이 완벽하다.# 추가잡설 영업시간이 굉장히 독특한데, 과거에는 21시 ~ 16시까지 장사를 하셨으나 지금은 18시 30분 ~ 16시까지 오픈을.. 24시간 해장국집은 드문드문 많이 봤으나, 21시간 30분 영업하는 해장국집은 처음이다!",맛있다
96,어머니대성집,바나나랜드,진짜 맛있었습니다! 국물 너무 좋고 우거지도 들어있고 선지는 겉은 쫄깃 속은 부드럽네요 든든하게 한끼 할 수 있습니다. 반찬들도 좋고 따로 주시는 다대기양념을 넣으니 더욱 맛있네요!!!,맛있다
97,어머니대성집,wonder_Alice,육회 맛있구나 해장국은 맵지않은 얼큰한 소고기얼갈이 국 같은 느낌이에요 ㅎㅎ 육회 한우로 써서 질도 좋구요 맛도 강하지 낞아 좋아요,맛있다
98,어머니대성집,sobob,순대국밥스타일의 진하고 고기냄새팍팍 나는 국물이 아닌 우거지 베이스의 비교적 맑은 국물. 팔팔 끓지는 않지만 충분히 따뜻하다. 같이 나오는 무생채가 새콤하고 아주 조합이 좋음. 선지 고기 우거지가 가득들어 든든히 먹고 나올 수 있는 집. 감히 인생해장국이라고 말하겠음.,맛있다
99,어머니대성집,우이리,제가 이집 리뷰에 없는게 놀랍네요. 일단 진짜 숭늉 마실수 있습니다. 정말 구수해요. 해장국은 토렴을 했는데 뜨겁지 않은 국물이 속에서 따뜻한 온기로 오래 갑니다. 정말 푸근한 온기예요. 무채도 새꼼 스윗해서 아주 칭찬해. 청량고추 다진거 뿌려드시면 싹 올라면서 좋아요. 국물이 아주 맑고 시원해요.예전 폐북 사진 뒤져서 찾은 등골 입니다. 아주 고소합니다. 젤리 같은 식감에 참기름 찍어 먹으면 고소함이 두배. 내장 수육도 맛있는데 사진이 없네요. ㅡㅡ 육회도 많이들 드시더라구요.,맛있다
100,어머니대성집,플렉서,"처음엔 몰랐는데 이후 갈때마다 느끼지만 참 맛있다 구수하면서도 간이쎄지않고 오랜 기간동안 축적된 해장국맛이다 좋다 구천원이 적은 돈은 아니지만 충분한 값어치가 있다  찬은 무채와 김치 젓갈 이렇게 나온다 또 느낀거지만 찬하나하나가 손님에 대한 배려같다무채는 속을 시원하게하고 소화를 돕기위해 나오는듯하고 젓갈은 짭조롬하니 해장국과 제격이다 국밥은 뚝배기에 나와 먹는동안 국의 온도를 뜨끈하게 잘 유지시켜준다 이십사시간 영업 단, 네시쯤인가? 브렉 타임이 있다강추 재방문의사 천프로",맛있다
101,어머니대성집,춘,정말 제대로 된 구수한 해장국 한 그릇. 올해로 50년 된 노포 해장국집. 이곳의 해장국은 국물이 자극적이지 않으며 선지와 우거지가 가득 들어간 아주 구수하고 깔끔한 맛의 해장국입니다. 무청 줄기같은 것도 보이던데 시래기도 함께 넣으신듯 하구요. 그 위에 소고기 양지와 내포가 잘게 다져져서 나오는데 처음 접해보는 해장국 스타일이었네요. 고기를 더 드시고 싶으시면 1천원 더 내시고 특사이즈로 시키시면 됩니다. 고기와 내포에서는 누린내 없이 아주 고소했으며 선지 역시 퀄리티가 괜찮았습니다. 맛과 식감이 좋았네요. 밥은 토렴이 되어져서 나옵니다. 같이 나오는 다진 청양고추을 넣으면 조금 더 얼큰 한 맛을 즐기실 수 있구요 조개젓을 넣으시면 감칠맛을 즐기실 수 있습니다. 하지만 저는 아무것도 넣지 않은 이곳 국물 맛이 정말 은은하니 좋았네요 :) 술 엄청 마시고 다음날 시뻘건한 해장국 먹으며 땀 뻘뻘 흘리는 것도 좋지만.. 이곳 해장국처럼 정말 속 편하게 만들어주는 부드럽고 구수한 맛의 해장국도 훌륭합니다. 가게 앞에 전용 주차장이 있습니다. 그리고 가게 오픈시간이 저녁 9시에서 6시 반으로 변경 되었습니다. 참고하세용.,맛있다
102,어머니대성집,남궁선철,해장국을 먹었다.찾아가서 먹을 만큼은 아니라는 것.다른 메뉴는 기회가 되면 먹어 보겠음.,괜찮다
103,어머니대성집,쩡ㅋ,난 저 메인사진위에고기들이 다 살코기인줄알앗음(살코기성애자) 근데그게아니라서좀 아쉽.. 그래도 한국밥먹는덕 너무맛있게잘먹었다ㅋ 수육은비싸서 걍패스,맛있다
104,어머니대성집,Luscious.K,해장국 육회 전문으로 제 개인적 취향으로 전국 최고의 해장국집이에요여기도 50년이 넘는 전통을 가진 오래된 집으로 그 오랜 세월동안 술 좋아하는 고대생들의 속을 달래주던 안암동 지역의 보물 같은 집이죠(저도 학창시절 신세를 많이 졌고 20년 가까이 최고의 해장국으로 사랑하고 있습니다)맵지 않은 시원한 국물과 신선한 선지.. 그리고 풍성한 우거지의 조화가 좋고.. 게다가 밥도 토렴해서 주셔서 더 없이 제 취향저격 해주시는 곳입니다영업시간 이 참 독특해요..밤 9시부터 다음날 오후 4시까지늦은 밤 주당들의 허기를 달래주기에 너무 사랑스러운 곳입니다육회가 좋으니 육회비빔밥도 맛있을 수 밖에 없는 곳이에요유명하다는 광장시장의 그 어떤 집보다 담백하고 덜 달아서 저에겐 최고의 육회를 부담없이 시간 제약 없이 먹을 수 있어서 좋은 곳이죠요즘 이 지역 재개발 이슈가 있나봐요주민들은 결사반대 하고 나섰습니다재개발 되면 근처 개성집이나 만수집 같은 노포들 영업 접으신다고 하시니 참 아쉽고 지혜로운 해결책이 필요할 것 같아요항상 고마운 해장국집 용신동 어머니대성집이였습니다각종 티비에 안나와 줘서 더 고맙습니다 ㅎㅎ,맛있다
105,어머니대성집,마시러가자,꿀꿀,맛있다
106,어머니대성집,권오찬,"새벽에 눈이 떠져 망플 둘러보다가 예전부터 찜해놓은 대성집 영업시간(21:00-16:00) 보고 꽂혀 다녀오게된 집!우선 뚝배기에 서버된 국밥의 온도가 매우 좋다! 오픈 주방(?)으로 보였던 토렴 스타일도 좋고, 매우 뜨겁지도 미지근하지도 않은 국밥의 최상 온도라는 85도인듯!맛은 깔끔하다. 선지와 고기가 들어간 해장국인데 느끼함이 전혀 없고 딱 떨어지는 깔끔한 맛이다! 식당에서나 먹을 수 있는 선지해장국인데, 건강한 집밥 느낌이라 참 좋다. 다만 술꾼들에게는 식사하러 갔다가 소주를 부르는 맛에 과한 음주를 하게될지도 모르겠다. 아무래도 영업시간이나 메뉴 자체가 식당이라기보다는 해장술집에 가깝다. 현재 시각 06시인데, 앞테이블 젊은이들 벌써 소주 3병째.. ㅋ",맛있다
107,어머니대성집,봉봉봉,해장국 맛있어요~ 시원하고 해장하기좋고개인적으로 육회는 비추예요~ 비빔밥은 괜찮습니다. 수육도 소주한잔 하기 좋습니다.개인적인 바램이라면 조금만 친절하셨으면...,맛있다
108,어머니대성집,Sevil,안암 육회는 여기서,맛있다
109,안동집손칼국시,최줄리,"배추가 듬뿍들어간 안동국시집.슴슴함 국물에 콩가루가 들어간 면의 고소함은 올라가고달달한 배추와 후루룩 먹다 간장과 다진마늘, 고추를 넣으면또다른 국시가 탄생한다.저렴한 가격에 먹을수있는 수육 역시 달달한 배추에 다진 마늘과 새우젓, 고추를 곁들여 먹으면 고기의 풍미가 기가 막힌다.무엇보다 필자가 좋아하는 배추전을 제대로 즐길수 있어 너무나도 행복한 식사였다.사장님도 친절하게 계속 챙겨주시고, 합리적 가격에 맛도 훌륭해 재방문 의사가 백만배인 집이었다.",맛있다
110,안동집손칼국시,Capriccio06,"경동시장 상가에 있는 칼국수 전문점. 안동국시 처음이었는데 부드러운 면이나 슴슴한 국물이나 조화롭고 좋았던 곳이었다.칼국수 나오는데까지 시간이 좀 걸리는데 조밥을 배추에 싸먹으면서 기다리면 지루하지 않다. 콩가루를 넣은 반죽을 얇게 밀어서 썰어 넣고, 맑은 멸치육수에 말아내는 손 칼국시인데 간이 좀 심심하다. 같이 나오는 다진마늘이랑 고추를 취향껏 넣으면 맛이 더 좋아진다. 국물은 짜지 않으면서 맑은게 취향이라 간장을 추가하진 않았고, 면도 좀 심심한 느낌이라 아쉬울 때 소바 처럼 간장에 조금 찍어먹었다. 면이 찰기 있는 느낌은 아니지만 부드러운 식감도 괜찮았고, 배추가 많이 들어있어서 같이 먹으면 딱 좋았다. 마감 시간 즈음 방문했는데 친절한 사장님 덕분에 전도 조금 얻어먹을 수 있었고, 국수도 많이 주셔서 아주 배부르게 먹었다.   진한 육수와 쫄깃한 면의 칼국수도 좋아하지만 이쪽도 새롭고, 속도 편안한 느낌이라 마음에 들었다. 다만 시장 중간에 있어서 일부러 찾아가기는 조금 힘든 것 같다. 지하 내려가서 간판 찾을 때까지 잘못 왔나 했다.",맛있다
111,안동집손칼국시,snoopy,"경동시장 신관 지하 1층에 있는 식당. 근처에 사람들은 죄다 여기서 식사하는지 사람들이 많은 곳이었어요. 손국시, 건진국시 차이는 물어보니 '뜨거운 것, 미지근한 것 차이이고 그래도 뜨거운 게 낫겠죠' 이야기하시길래 '네~'했습니다. 조밥+배추 쌈 싸 먹으니 색달라서 맛있었고, 국시는 나와서 면만 먹을 때는 몰랐다가 국물 떠 먹으니 정말 시원하니 맛있었어요. 시원한 배춧국 느낌으로요~! 처음에 내주는 신선한 배추, 배추들어간 국시, 배추김치에 배추전 먹으니 배추 종합선물세트 먹은 것 같았어요 ㅎ.ㅎ 주변이 정통재래시장이고 길 찾기 어려웠던 부분이나, 국시 반찬으로는 배추김치 밖에 없었던 점은 조금 아쉬웠습니다. 복잡한 정통 시장 골목인 점이나 '칼국수'는 아닌점은 참고하셔야 할 것 같아요",괜찮다
112,안동집손칼국시,장희,저렴한 가격에 친절한곳. 비빔밥도 직접 비벼주심,맛있다
113,안동집손칼국시,ethanghymn,"유튜브에서 이 집의 여사장님쯤으로 보이시는 분이 치마저고리를 입으시고 안동국시를 내시는 영상을 보곤 칼국수를 좋아해서 찾거나 하는 메뉸 아니지만 급 궁금해져 망플을 보니 가고싶다에 세이브해둔 가게였고 코스트코 상봉점에 가는 길에 들러 브런치 느낌으로 먹기로 하고 가게 오픈 시간인 10시 반을 조금 지나 가게가 있는 경동시장에 도착함.네이버지도에서 보이는 가게가 있는 것 같은 건물 앞에 섰는데 딱히 입구가 안 보여 근처 상인분께 문의를 하니 코너를 돌아 고구마와 감자를 파는 가게 옆 골목 안으로 들어가면 입구가 보인다고 알려주셔서 맨 마지막 사진의 골목 안 계단을 내려가 좀 헤매니 안동집이 보임.아직 아침시간이어선지 지하층은 좀 썰렁한 느낌이었고 유튜브 영상에서 급궁금하게 만든 치마저고리를 입으신 여사장님쯤으로 보이시던 분도 안 보이셔서 이 집이 맞는 건가 살짝 햇갈리긴했지만 가게 간판에 안동집이라고 쓰여있어 지금 오픈한 게 맞는지 여쭈니 열었다고 하시고 주방이 있는 수수한 느낌의 카운터석이 아닌 한쪽에 깨끗이 꾸며진 공간으로 안낼해주셔서 들어가 앉음.이쪽 동네에 온 길에 다른 가게도 들를 생각이어서 대표 메뉴인 것 같은 미지근하다는 건진국시 말고 뜨겁다는 손국시를 부탁드림.물이 든 피처를 먼저 가져다 주시고 조밥과 배추와 김치 그리고 손국시에 취향에 맞춰 넣어 먹을 수 있는 양념간장과 다진 마늘, 채 썬 고추를 세팅해 주심.어떻게 먹는 건지 잠시 머뭇거리니 이모님이 조밥은 배추에 싸서 된장을 얹어서 먹고 양념간장과 다진 마늘, 채 썬 고추는 손국시에 넣어 먹으면 된다고 알려주심.친척 중에 경상도분도 있다 보니 어렸을 때 배추전을 처음 접했었고 처음 보는 음식이어서 이게 뭔가 했고 그 땐 뭔 맛으로 먹는 건가 패스했었지만 이젠 좋아하진 않더라도 있으면 먹는데 그래서 배추가 나온 건가 보다 하고 된장을 올리고 쌈을 싸서 먹으니 구수한 된장도 그렇고 달달한 배추도 우리나라 음식 느낌 뿜뿜인데 난 쌈을 거의 안 싸먹고 한식을 즐기진 않아 뭔가 시골에 와서 경험하는 느낌임.일찍 와선지 좀 시간이 걸려 손국시가 나왔고 이모님께 치마저고리를 입으신 분이 사장님이신 건지 여쭈니 맞다고 하시며 좀 있다 나오신다고 알려주심.손국시를 보니 다 먹을 수 있을까 싶은 정도의 볼륨감이고 배추가 들어가 있는 게 색다른 느낌임.먼저 국물을 맛을 보니 잔치국수가 생각나는 적당한 멸치 맛이고 뭔가 군내 같은 것도 살짝 나서 원래 이런 건진 잘 모르겠지만 고개를 살짝 갸우뚱함.이모님이 설명해주신대로 다진 마늘과 채 썬 고추 그리고 양념간장을 적당히 넣고 뒤적인 후 다시 맛을 보니 살짝 매콤하면서 풍미가 좀 상승하는 느낌이고 면을 집으니 내가 선호하는 좀 얇은 타입인 게 맘에 들고 면의 질감도 호로록하는 느낌인 게 괜찮음.김치도 맛을 보니 배추 자체의 달달함이 좋아 이 집은 배추가 좋은가 보다 하고 무리해서 완면을 하니 정말 배가 부름.주방이 있는 바깥 카운터에 가서 계산 후 잘 먹었다고 인사 후 가겔 나옴.전체적으로 치마저고리를 입고 계신 여사장님이 내어주시는 손국시가 궁금해 들러봤는데 잔치국수가 생각나는 멸치 베이스 국물의 손국시는 얇은 타입인 건 좋았지만 뭔가 군내 같은 게 살짝 나는 건 고개를 갸우뚱하게 했고 나한텐 좀 과하게 담백하게 느껴지는 식단이었어서 괜찮다 정도의 느낌이었지만 가격과 볼륨감이 좋고 시장 노포의 프리미엄을 더해 맛있다로..",맛있다
114,안동집손칼국시,키다리아저씨,"여기는 자세히 기억은 안나지만, 약 20년전에도 오지 않았을까? 생각되는 식당이였어요^^이유는 오래전 친할머니께서 여기 경동시장 한약재 장사를 하셨었고, 뒤이어 이모할머니께서도 몇년간 계셨기에 가끔 저희 가족이 방문했던 곳인데...오랜만에 갔더니 가게가 주변과 다르게 깔끔히 바뀌었더라구요.저희 친가가 문경쪽이라 경상도 음식을 찾을때 할아버지나 아버지 모두 면을 좋아하셔서 이곳을 방문하셨었죠^^그때는 연세 많은 할머니께서 운영하셨고, 현재는 그 따님이 이어받아 하시는거 같아요. 아버지도 그때 할머니 기억은 하시는데 최근 따님은 잘 모른다 하시더라구요^^; 요즘도 조밥 나오냐며 물으시는 아버지가 귀엽게 보였습니다ㅋㅋ초저녁에 갔는데도...벌써 할아버지 연세로 보이시는 분들이 국시와 수육에 약주한잔씩 하고 계시더군요이모님께서 다가오셔서 주문을 받으시고, 음식은 빨리 나온 편이였어요~ 손국시 두그릇~ 수육을 주문했구요~ 배추전도 시킬까하다가...저희 제사때나 시골에서 자주 먹는 음식이라 패스했습니다^^;역시 국물이 시원하고 깔끔합니다. 처음 국물을 드링킹 하시고, 약간의 변화를 주고자 하시면, 다진마늘과 다진고추를 넣어보세요~^^뭔가 또렷하게 느껴지는 멸치 육수의 맛이 있구요~ 텁텁함 없고 누린향도 없이 잘 우린 육수였어요.다른곳에서 국수음식을 잘못 먹다보면 밀가루 느낌이 강하게 들지만, 이곳에서는 밀가루의 향이나 맛을 덜 느낄수 있도록 콩가루를 많이 넣어서 만죽하셔서 면도 마음에 듭니다.경동시장이 코앞이니 음식재료야 좋은걸로 받아 오시는거죠^^ 배추와 배추고갱이의 맛이 은은한 단맛도 주고 부드러워 좋았습니다.수육은 사실 기대도 안했으나...고기상태가 좋기도 하고, 잘 삶아져서 누린내 없이 담백하고 고소했습니다. 제가 개인적으로 누린내에 엄청 민감한데....이정도면 냉동아닌 좋은 생고기 쓰신듯해요~이모님께서 보시더니...갑자기 서비스로 전 몇점을 담아 주셔서 깜짝놀랐어요~ 역시나...시골에서 즐겨 먹던 그맛!! 시장내에 있는 식당이라 가격대가 착한데...음식의 수준은 만족스러웠습니다.무엇보다 오래전의 기억, 돌아가신 할아버지도 생각나고...아버지의 고향에서 할머니가 해주시던 국수도 떠오르고, 음식을 먹으면서 좋은 추억 느끼며 돌아왔습니다.",맛있다
115,안동집손칼국시,송삼숙,제가주문한 메뉴는 콩국수입니다. 얼마나 고소하고맛있는지 콩국수먹고싶을땐 늘방문하는 곳입니다. 가격도6천원입니다. 경동시장맛집입니다,맛있다
116,안동집손칼국시,권오찬,"* 한줄평 : 경동시장의 35년 터줏대감, 안동국시• 제기동 경동시장에 안동국시 식당이 성업한 배경• 서울 뿐 아니라 안동에도 몇 없는 건진국시 식당• 콩가루 40% 함량, 멸치 육수로 만든 전통 레서피1. <재래시장에서 만난 서울 노포 냉면>이라는 테마로 미식행을 다닌 적이 있는데, 발단이 된 계기가 “유명 냉면집들은 알게 모르게 대중의 입맛과 유행에 맞춰 레서피가 변했을테고, 오히려 시장이라는 한정된 공간을 상대로 한 노포는 마치 갈라파고스 군도처럼 그 옛날의 맛을 간직하고 있는 것은 아닐까?”하는 생각이 들어서였다.2. 예로부터 안동에서 기차를 타고 청량리역을 통해 서울로 올라오는 사람이 많아 <서울 전역에서도 몇 안 되는 안동 전통국시 식당>을 차린 것이 35년 전이요, 고향이 안동인 어머님으로부터 물려받아 2대째 성업 중인 경동시장의 터줏대감이다.3. 경동시장 상인을 대상으로 아침 10시부터 저녁 8시까지만 운영하는지라 수년째 가야지 가야지 하면서 방문을 미뤄왔던 시간이 새삼 아쉬울만큼 음식도, 접객도 매우 훌륭한 식당이다.4. 주문한 음식은 수육, 배추전, 손국시와 건진국시이다. 가성비라는 표현을 사용하기 민망할만큼 음식의 퀄리티에 비해 가격은 과거 어느 시점에 멈춰져있다. 제대로 삶아내 잡내 없이 야들야들한 수육 한 접시가 겨우 1만원이고, 콩가루가 들어간 국수류와 각종 야채가 올라간 비빔밥 등의 식사가 6천원이다.5. 주문을 하고 얼마 안 있어 김치와 쌈배추, 수육과 새우젓, 된장과 고추편 등을 내주시는데 이마저도 한상 가득이다. 안동국시를 시켰으니 조밥을 한덩이씩 주시는데 쌈배추에 조밥 약간과 된장을 넣어 입에 넣으면 입 안에 개운함과 든든함이 가득 퍼진다.6. 경동시장에서 가장 좋은 최상급의 배추로 만든 전은 슴슴하면서도 배추 특유의 단맛이 느껴져 끝도 없이 들어간다. 경북 향토 음식을 다루는 식당에선 맛이나 보자며 늘 주문하는 메뉴가 <배추전>인데 내가 경험한 배추전 중에서는 가장 훌륭했다.7. 안동의 국시는 다른 지역의 잔치국수와 다른 것이 <콩가루>가 들어간다. 식당마다 레서피는 다르겠지만, 어느 곳에서는 진한 사골 국물에 콩가루의 존재감을 과하게 드러내며 전체적인 밸런스가 무너진 경우도 봐왔는데, 시장 노포에서 만난 이 곳의 국시는 문헌으로 접하며 상상해왔던 <소박하면서도 단정한 유생이 떠오르는 그 맛>에 가장 가깝다.8. 사장님께 안동 음식에 관해 그간 궁금해왔던 것을 여쭤보니 안동은 땅이 척박하여 밭농사를 많이 지었기에 “국시엔 조밥이 함께 나와야 하며, 고기는 물론 멸치조차 귀했기에 멸치로만 육수를 옅게 낸다”고 설명해주신다. 오히려 사골국물로 만든 시중의 안동국시가 변형이라는 설명에 헛제사밥을 떠올려보니 고기보다는 나물 간장 비빔밥이 주력인 밥상이라 그 옛날 어염집에서 고기 육수는 어불성설이라는 생각에 일순 고개가 끄덕여졌다.9. 재래시장이라는 서민의 보잘 것 없는 공간에서, 수십년째 동일 메뉴로 장사를 한다는 것은 결코 쉽지 않은 일이다. 귀한 밥상을 받아보며 이 식당의 대표야말로 <명장>이라는 칭호를 받아 마땅하다는 생각이 들었다.",맛있다
117,안동집손칼국시,김영민,가격도 저렴하고 맛도 괜찮음경동시장 상가라서 복잡하고 접근성이 떨어지는게 흠이긴하나 그래도 사람 많은집,괜찮다
118,79번지국수집,로우니,여름에는 초계국수 먹고 쌀쌀해지면 닭곰탕이나 닭국수 먹으러 가는 편이에요 일요일에는 근처 교회 분들이 많이들 오시는 것 같더라구요 여기 닭육수를 정말 잘 내셔서 저는 닭곰탕과 닭국수 추천 드려요! 비오고 쌀쌀함 날에 전이랑 닭국수에 도쿠리 한 잔 하면 진짜 반주로도 최고에요,맛있다
119,79번지국수집,추진단장,늘 맛있죠 다담국수집보통은 성에 안찹니다 무조건 곱빼기조명이 슴슴해서 막걸리 먹고 싶어져요초계국수는 근본이네요닭국수는 싸서 좋은데 닭고기 쫌만 더 들어가면 어떨까요잘 먹고 왔습니다,맛있다
120,79번지국수집,예송이,가성비 훌륭한 국수집회기역 근처라 근방 대학생들이 주로 찾는듯 하다. 국수 메뉴가 5천원에서 시작하고 6천원이면 닭칽국수를 먹을 수 있다. 양 많이도 500원 차이라 아주 가성비가 좋아 보인다. 막걸리랑 전을 같이 팔아 살짝 술을 곁들여 식사를 하기에도 좋은 분위기이다.,맛있다
121,79번지국수집,미동이,닭칼국수는 진하고 꾸덕한데 쬐꿈 짜요ㅜ,괜찮다
122,79번지국수집,보리,"회기에 위치한 '79번지국수집'- 김치말이냉국수 4,000원- 코다리비빔국수 5,000원- 고기완자전 8,000원정말 회기 물가.. 감동의 연속입니다 ㅠ너무너무 더운날에 갔어서 시원한 김치말이 냉국수가 당연히 맛있게 느껴졌어요 ㅋㅋ 맛은 예상가는 맛있는 맛이에요! 면이 좀 두꺼운편이더라구요. 비빔국수보다는 김치말이국수가 더 맛있었어요! 고기완자전도 달달짭짤하니 맛있고 양도 정말 많았어요! 자연스럽게 맥주가 땡기는 맛이었어요 ㅎㅎ맛은 어떻게보면 평범할 수 있지만 가격이 너무 착해서 좋은 기억으로 남는 곳이에요!",맛있다
123,79번지국수집,사이코는못말려,구 다담.. 안맛있을 수 가 없지...!바삭한 고기김치전에 막걸리 조합... 환장해!!!!없어지지마...,맛있다
124,79번지국수집,미동이,초계국수는 존맛,맛있다
125,79번지국수집,Ray,"고기완자전(8000), 김치말이냉국수(보통 4000), 떡만두국(7000), 알밤막걸리(소 4000) 먹었는데 가성비가 좋은 편이에요! 아쉬운 건 아무리 술이랑 먹는 거라 해도 많이 짠 편... 특히 고기완자전이 촉촉하게 고기고기한 건 좋았는데 맨밥에 먹어도 짤 것 같은 간이라 아쉬웠어요ㅠㅠ김치말이냉국수도 자극적으로 맛있고, 4000원인데 양도 진짜 많아요. 떡만두국은 왕김치만두 1개랑 왕고기만두 2개 들어가 있는데 맛은 너무 무난해서 굳이 사먹을 필요는 없을 것 같아요.",괜찮다
126,79번지국수집,이리저리,닭칼국수 6000원고기김치전 8000원가격도 이정도면 괜찮고 비오는날 가서 먹기에 최고인곳....!제가 눈이 안좋아서 원산지표 글씨를 제대로는 못봤는데 김치도 국내산이었던걸로 기억해요(확실치 않으니 만약 가게되시면 확인다시해보시기를ㅠㅠ 계산대 옆에 있어요)양도 많고 맛도 있고 심지어 주말에도 운영해서 너무 좋아요,맛있다
127,79번지국수집,유새벽,가성비가 좋다. 김치전 맛있었음. 국수는 그냥저냥 먹을만 했다.,괜찮다
128,79번지국수집,맛있는거 다먹을꼬야,"학교 다닐때 가성비로 자주 들리던 집이에요! 회기에 파전골목이 유명하긴하지만 여기서도 전도 먹을 수 있고, 쫌 더 깔끔한 느낌이라서 자주 방문했었어요! 오랜만에 다시 방문해서 너무 좋았네요. 가격이 무척 착해요. 모든것이 용서되요. 그리고 맛도 괜찮아요! 친구 여럿 데려갔는데 다들 편안해하고 좋아했어요! 늙어서 학교가 그리워서 갔을때도 장사하고 계셨으면 좋겠어요ㅠㅠㅠ 번창하세요!오늘은 멸치국수랑 얼큰닭곰탕, 감자해물파전 시켜먹었습니다.멸치국수는 상당히 괜찮구요. 다른 메뉴들도 다 괜찮아요! 땡기는거 아무거나 시켜드세요!!! 다 보통 이상은 합니다!비빔면이랑 김치전도 먹고싶었는데... 위가 작아서 아쉽네요ㅠㅠ사랑합니다",맛있다
129,79번지국수집,셔니,가성비는 괜찮아요 그치만 짜요칼국수는 뜨끈한 국물 떠먹고 김치 얹어가면서 먹는 맛인데 닭칼국수는 면만 건져먹어야 할 정도로 짜서 아쉬웠고고기김치전도 짭니다,별로
130,79번지국수집,미동이,친숙하게 괜찮은 맛,괜찮다
131,79번지국수집,유누,"저렴한 가격과 푸짐한 양으로 배고픈 대학생들을 품어주는 국수집.날이 워낙 더워 초계국수를 시켰는데 기대가 너무 컸던 탓일까, 새콤한 초의 맛도, 감칠맛 나는 계의 맛도 2%부족한 게 아쉬웠다. 좋게 말하면 담백하고 나쁘게 말하면 심심하다. 그렇지만 쫄깃하게 잘 삶아진 면빨과 푸짐한 양은 칭찬!오히려 인상적이었던 메뉴는 감자해물파전인데, 겉은 노릇하게 기름에 튀겨지듯 잘 지져져서 바삭하고 전체적으로는 감자전 특유의 쫀득함이 살아있어서 정말 매력적이었다. 군데군데 씹히는 오징어와 달큰한 양파, 파도 좋고...참지 못하고(?) 대낮인데 막걸리도 한주전자 시켜버림... 막걸리도 시원하니 따끈바삭한 전과 잘 어울리고 좋았음.국수는 평타, 전은 칭찬!",괜찮다
132,79번지국수집,트라울,닭칼국수랑 감자해물파전을 시켰습니당 다음번에는 초계국수(+김치전!)도 먹어보고 싶어요가격과 맛 모두 좋았습니당 동네친구랑 만나서 밥먹기 딱 좋을 것 같네요!,맛있다
133,79번지국수집,즌짱,"반주로 막걸리로 얼마나 취할 수 있는지 알려준 곳 ^_^..초계국수가 상큼하고 맛있고 참 좋은데, 이 곳의 하이라이트는,,, 푸짐한 6000원 가격의 고기김치전과 막걸리의 조화입니다 ... :) 막걸리가 쭉쭉 들어가는 엄청난 맛집이에요.국수 좋아해서 재방문 의사가 넘치는데, 다음 방문부터는 막걸ㄹㅣ 조심하려구요 ^_^...",맛있다
134,79번지국수집,맛집사냥,"회기 5년차. 우리 부부가 애정하는 집. 가격이 우선 너무 싸고, 국수메뉴 모두 맛있다. 오늘은 처음으로 닭곰탕도 먹어봤는데 가격대비 너무 만족!",맛있다
135,79번지국수집,ere,추울땐 따끈따끈한 닭국수 여름엔 초계국수 먹으러 가는 곳! 간이 야악간 센데 내입맛에는 그래서 더 맛있음 국물이 너무 맛있고 중독성있다 닭고기도 짱짱 많이 들어가있음 숙주도 많고 재료를 아끼지 않는듯ㅎㅎ 이런 국수를 4천원에 먹을수 있다니... 더더 유명해졌으면 하는 곳ㅠㅠ 고기완자전(6000)도 맛있다 막걸리 먹을때는 고기완자전 필수임,맛있다
136,79번지국수집,NIWOOW,"경희대에서 점심 약속을 잡았는데, 마침 날씨가 조금 더워서 시원한 국수를 먹으러 들렀어요.초계국수 보통, 김치말이 냉국수 특, 그리고 고기김치전을 주문했습니다.초계국수를 좋아하는 편인데,이 곳 초계국수는 많이 심심했어요.겨자와 식초를 평소보다 훨씬 많이 넣었지만,도저히 초계국수 맛이 안 나더라구요.5000원에 많은 걸 바라는 건 힘들겠지만,맛만 따지면 분명 아쉬웠어요.김치말이 냉국수는 맛만 조금 봤어요.묵국수의 육수와 꽤 비슷한 느낌이었는데,심심하지는 않아서 초계국수보다김치말이 냉국수가 제 입에 더 맞았네요.친구는 국수보다 고기김치전을 먹으러자주 들른다는데, 확실히 맛있었어요.고기도 생각보다 많이 들어가 있었고,전반적으로 은은한 기름향이 배여있는 게개인적으로 먹기 참 좋았어요.과하게 기름지지 않고, 김치의 단맛도 느껴져막걸리와 잘 어울린다는 생각이 들었습니다.국수류는 기대에 비해 무난했고맛보다 가성비로 먹는 느낌이었지만,고기김치전이 입에 맞는 편이라[맛있다]로 정했습니다.",맛있다
137,79번지국수집,영수증버려주세요~,"음식이 많이 짠 편이다.(외식 좋아하고 짜게 먹는 편인데도!)짜서 못 먹을 정도는 아닌데 몸이 붓는 게 바로 느껴진다.어쩌다 짠 게 아니라 레시피 자체가 짠 곳이다.전도 짜고 국수도 짜고 다 짜다.가격도 저렴하고 맛 자체도 그렇게 나쁘지 않지만, 다이어트를 하거나 혈압 조절하는 사람은 피해야할 것 같다.김치전은 고기가 쫌 냄새나니까 감자전이나 고기완자전 시키는 걸 추천한다.",괜찮다
138,79번지국수집,무밍요,"밥먹으러 들어갔다가 막걸리 한 주전자 하고 나오는 곳닭칼국수, 코다리비빔국수, 감자해물파전을 시켰는데감자해물파전에 반해 막걸리까지 마시고나왔다.감자해물파전은 뭔가 해물감자전이란 이름이 더 잘어울릴 것같은,쫀득바삭한 감자전에 해물이 들어간 전이다. 막걸리와 찰떡!거기다가 닭칼국수 국물 한 숟갈 같이 먹어주면 딱이다.게다가 꽤 늦은시간 방문에도친절하게 챙겨주시는 사장님이 정겨운 곳!가격도 저렴하니 종종 찾게 될 것 같다.참고로 9시반쯤 부터는 새 손님을 받지 않으시는 것 같다.",맛있다
139,79번지국수집,떠뽀끼쥬떼연,추울때면 늘 생각나는 내 마음의 고향 회기 맛집김치말이 온국수에 막걸리한잔하면 몸 녹아내려요 가격도 혜자,맛있다
140,79번지국수집,Lydia,"매일 점심시간이면 만석, 문전성시를 이루는 곳!칼국수를 안 좋아해서 기본 닭국수 4천원 김치고기전 6천원 주문닭국수에는 닭하고 숙주가 소금, 후추로 버무려져 국수위에 살포시 올라가 있다국수는 탄력이 없어서 그냥 그랬고...반도 못먹었다국물은 제법 4천원 치고는 깊이가 있고 기본 간은 맛소금과 후추로 맞춘 듯 하다김치고기전의 사이즈를 보라! 두툼하다여긴 배추김치가 제일 맛있는 것 같다! 그러니 김치전이 맛이 없을리 없지굉장히 담백하고 시원~한 집김치 맛이다가볍게 먹고 막걸리 마시기에 좋은 곳인듯이 골목거리에선 제일 맛있는 것 같다",괜찮다
141,79번지국수집,먹토리,"회기에서 맛있는 곳을 찾다가 평이 좋아서 가게 되었습니당.  그렇게 넓지고 좁지도 않은 정도의 식당인데 국수류와 전, 막걸리 등을 파는 식당입니다.  메뉴들의 가격이 착해서 놀랐어요. 저희는 닭국수(4000원) 2개, 고기김치전(6000원) 이렇게 주문했습니다.  가격이 싸서 사실 맛이나 양은 기대하지 않았어요. 근데 닭국수는 잔치국수보다 조금 더 두꺼운 면이 꽤 들어 있었고 국물도 후추맛이 나면서 간이 적절하고 닭곰탕같이 꽤 진한 맛이 나서 놀랐습니당. 맛있었어요!   고기김치전도 크기도 작지 않고 김치와 약간의 고기가 씹히고 짭짤하고 쫄깃해서 맛있었습니당.  다음에 싸고 간단하면서 든든하게 먹고 싶을 때 또 가야겠어요. 가성비 좋은 국수 한끼를 원하신다면 추천합니다!",맛있다
142,79번지국수집,BECKHAM,"고기완자전(6000원), 김치전(6000원), 해물파전(6000원)에 알밤 막걸리(4000원), 옥수수 막걸리(4000원) 시켜서 낮술했어요. 가격이 정말 착합니다. 가격 대비가 아니라도 그냥 훌륭합니다. 식사 하시는 손님들은 계속 들어오시구요. 둘이서 배부르게 먹고 마셔도 26000원이네요. 아름다운 가격에 맛에 아주 만족스럽네요.",맛있다
143,79번지국수집,춘,가성비 흘륭한 국수집.경희대생들이 공강시간에 학교에서 내려와 막걸리 한통씩 먹고 간다는 곳. 국수집인데 왠 낮술? 하고 봤더니 빈대떡 메뉴가 있더라. 고기김치전 한장이 6천원인데 돼지고기도 섭섭치 않게 들었고.. 김치도 푹 익은 김치를 넣으셨던데 전으로 먹으니 정말 맛있었다. 막걸리랑 같이 먹으면 그냥 좋다.지평막걸리 한통을 시키면 사장님이 알아서 흔들어 섞으신 후 양은주전자에 담아주신다. 김치전 한 장에 만원씩 받는 곳들도 있는데 이곳은 참 좋은 곳이라 느껴졌다. 국수는 날도 쌀쌀하니 닭칼국수와 뭔가 자극적인게 당겨 비빔국수를 시킴.기본적으로 이곳은 소면이 아닌 중면을 사용한다.. 소면보다는 중면이 닭육수와 케미가 더 잘 맞겠지만.. 그래도 역시 닭육수에는 칼국수가 제일인듯 싶다. 일반 닭국수는 기스면 느낌이라고 보면 될듯 싶다. 5천원짜리 국수 치고 닭고기도 푸짐히 들어 있고.. 국물은 다소 조미료에 의존한 맛이 느껴지기는 하나 막 과하지 않고 괜찮았다.중면을 사용한 비빔국수는 그냥 무난했다. 굳이 여름이 아니라면 시켜먹을 메뉴는 아닌듯.. 여튼.. 저렴한 가격에 맛있는 닭칼국수와 각종 전.. 그리고 막걸리를 마실 수 있는 곳.국물에서 조미료 맛 좀 나면 어떠랴.. 가게 사장님의 인심이 더 담백하게 맛있었는데..,맛있다
144,79번지국수집,뽀로롱,이름이 79번가로 바뀌었다 다담이라는 상호를 모 기업에서 등록해서 바뀐 듯?고기김치전이 생각보다 맛나당 국수는 날이 더워 그런지 땀을 뻘뻘 흘리며 먹음서빙하시는 분도 친절하고 양도 많은 곳,괜찮다
145,79번지국수집,kkonoo,"초계국수랑 고기김치전 먹었어요! 전은 바삭보단 쫀득한 편이고 국수도 양많고 싸고 맛있어요! 앙이 진짜 엄청 많으니까 전을 먹고싶다면 전 하나, 국수 특으로 하나 주문하면 좋을 것 같아요..!초계국수는 처음이었는데 솔직히 다른 국수가 더 맛있는듯.. 약간 심심했어요ㅋㅋ",맛있다
146,79번지국수집,AlexTheFood,"170501.맛 ★★★ 분위기 ★★★ 가성비 ★★★☆ (낮술 할 경우 ★★★★☆)재방문 의사 있음 주문한 메뉴 (1명 방문) 닭국수 (특) - 4500원 총 4500원먼 옛날 내가 새내기 때낮술을 하러 자주 들리고는 했던다담 국수집.진짜 약 5년만에 다시 가봤다.옛날과는 달리 혼자서 방문한 것이지만,여전히 몇 경희대생이 낮술을 즐기고 있었다.보통 경희대생들 사이에서는고기김치전 하나, 그리고 국수 하나씩에막걸리를 마시는 것이 다담 낮술의 정석이지만,나는 혼자 점심을 떼우러 방문한 것이기에닭국수 특 하나만 주문했다.자리에 앉자마자 혼자 왔음에도 불구하고김치 항아리 하나를 통으로 가져다주시며'부족하면 말해요'라고 하시는데,차고 넘치게 주셔서 조금 당황스러웠다.어쨌든 김치도 그렇고 닭국수도 그렇고주문한 뒤 거의 바로 나왔던 것 같다.(5분도 안 걸려서 바로 나왔던...)닭국수는 예전보다 조금 밍밍한 듯 했다.아니면 내 입맛이 조금 변했거나.소금과 후추가 옆에 있었으면 참 좋았을텐데..어쨌든 닭고기는 많이 없는 듯 했지만,4500원인 것을 감안하면 또꽤 많이 들어있었던 것 같기도 하다.'특'이라서 그랬는지 국수는 정말 많았는데,나는 개인적으로 이 곳 다담의'소면보다 조금 두꺼운 면'을 좋아해서김치와 함께 순식간에전부 해치워버렸다.(이 곳 국수가 목넘김이 좋다.)경희대의 오래된낮술의 성지.여전히 학생들이 많은 것으로 보아,옛날만큼이나 경희대생들 사이에서의다담은 '낮술의 성지'인 것 같았다.국수가 4000-5000원,전류는 전부 6000원,장수 막걸리 '소' 3000, '대' 5000원의엄청난 가성비를 보여주는 곳이라서낮술하기에 이만한 곳이 없기 때문이다.근처 외대생 경희대생이라면오늘 이 곳에서 친구와 함께낮술을 한 번 즐겨보는 것은 어떨까.2학년 때까지는 원래 강의 좀 째고술 좀 마셔도 된다.(물론 책임은 본인이 진다.)",괜찮다
147,답십리별미,기미상궁,"""국수 맛집이라고 국수만 맛있으랴""별미는 로컬 느낌 강하게나는 그런 동네 식당이옵니다.소인은 국수류가 맛있는 집이라 알고 있었는데 식사류까지 다양한 메뉴들도 있고 손님들께서도 다양하게 식사를 하시니 다 맛있는 집이구나 싶더이다.이집의 대표메뉴인듯 싶은 비빔국수는 나오자 마자 내공이 느껴지더이다. 양도 너무나 많고 그저 시판양념을 쓰는 맛과 비교하면 심히 아쉬울 그런 국수이옵니다.집이 코앞이라면 전메뉴 먹방을 하고 싶은 그런 집이지만 칼제비까지만 먹어보기로 하여 맛본 칼제비는 이 집은 기본적으로 푸짐함이 깔려있는 집이더이다. 바지락 육수에 묵직하고 시원한 국물칼국수 면에 수제비를 더 얹어주신 것만 같은 푸짐한 양이옵니다.동네 직장인, 주민분들로  식사시간에 항상 붐비는 맛집이옵니다. 소인 이 곳에서 면류의 음식만 먹었지만 보아하니 다른 손님들은 오히려 국수보다 식사류를 더 많이 드시는듯 하오니 이집은 다 잘하는 집이구나 싶더이다.​",맛있다
148,답십리별미,맛있으면 우는애,도토리묵밥 비빔국수 감자전!셋다 맛있어요....❤️,맛있다
149,답십리별미,맛있으면 우는애,"오징어 덮밥 7,000얼큰칼제비 7,000존맛탱이에요 ㅠㅠㅠㅠㅠㅠㅠ메뉴판 뽀개기 시작하려고여 ㅠㅠㅠㅠㅠㅠㅠㅠ",맛있다
150,답십리별미,AlexTheFood,"#AlexTheFood #3줄요약#답십리별미 #별미 #답십리맛집 #알더푸답십리⠀1. 현대시장 입구 쪽에 위치한 시골 느낌 낭낭한 밥집이자 술집.2. 참기름+김+상추+김치+계란+간 고기, 맵기도 맵찔이에게 딱!3. 직접 농사지은 콩으로 만든 콩국수도 여름 되면 먹어볼 예정.⠀___________________________________________________________* 비빔국수 6,000⠀☑️근처 할아버지도 와서 소주 한 잔 하고 가시고, 할머니도 오셔서 커피 한 잔 드시고 가는 곳. 호불호가 있을 수 있는 분위기지만 난 좋았고, 무엇보다 시골에서 먹던 그 맛+양이라 근처 사시는 분들이나 이런 분위기 좋아하신다면 꼭 가보시길 추천❗️___________________________________________________________⠀[MangoPlate 4.0/5.0 | GoogleMap 4.5/5.0]맛★★★★ 분위기★★★ 가성비★★★★⠀* 영업시간 | 평일 11:30-21:00* 쉬는시간 없음* 일요일 휴무",맛있다
151,답십리별미,뽀로롱,맛있어요답십리에이런 곳이 있다니 왜 이제 알았죠??고소하구 쫄깃하고 난리났습니다,맛있다
152,답십리별미,쏘주안주는맥쭈,걸쭉할만큼 찐한 국물이었어요. 간은 거의 안 되어 있어서 소금 추가로 넣어 먹었습니다. 같이 나오는 김치 3종세트가 짭짤하니까 간 적당히 해서 드시면 좋을 것 같아요근처 볼 일 있다면 방문 추천,맛있다
153,답십리별미,이국군(쎌카),"*재방문의사70%(콩국수는 80%)겨울인데 급 콩국수가 땡겨서 사무실 근처 자주가는 콩국수집을 소개합니다. 직접 농사지은 콩을 사용하는 콩국수집 답십리별미.답십리현대시장 앞에 위치.항상 식사하시려는 손님들로 가득한 그런집.여름철에는 콩국수가 아주 맛있는 집인데콩국수 이외에도 칼국수 코다리백반제육덮밥등을 판매.각자 취향에 맞춰 드시면 되는 그런 집~뚝불 7000원코다리백만 7000원제육덮밥 7000원수제비,칼제비 6000원콩국수 8000원콩국수는 직접 농사지은 콩. 여름한정.콩국수가 참 땡기는데 여름한정ㅜㅠ 답십리별미의 배추김치와 부추김치 참 맛있음.참 어떤 음식과도 잘어울리는 궁합 특히나 콩국수와.두툼한 면과 고소한 콩물이 참 잘어울리는맛있는 콩국수.칼국수, 칼제비는 바지락베이스의 시원한 육수에 김과 달큰한 호박고명~ 흔하게 맛볼 수 있는 보통정도의 시원한 맛 그런 칼국수.그리고 밥 종류들은 대체적으로 달달한 편.엄청나진 않지만 깔끔한 그 맛~~그런 맛.한 끼 해결하기 좋은집.정성이 들어간 콩국수는 보통 이상.",괜찮다
154,답십리별미,토요미식회장,콩국수의 재발견?예전 콩국수를 정말 맛없게 먹은 적이 있어서 딱히 찾아먹지 않았다. 맛있는 콩국수를 딱히 먹어본 적이 없기에 호기심은 있지만 그래도 큰 기대없이 오게 되었다. 간이 딱히 안 된채로 투박하지만 깔끔하게 담겨져서 나온다. 국물이 진한편이고 면은 쫄깃하다. 간을 안한채로 먹어도  은근한 맛을 느낄수있었다. 소금을 살짝 뿌려서 먹었는데 딱 내입맛에 맞다. 고소한 콩물 덕에 계속 먹게 된다. 그냥 콩국수 한그릇이겠거니 했지만 한그릇의 임팩트는 상당했다. 또한 부추김치와의 조합이 정말 좋다.비빔국수는 맵거나 자극적인 느낌은 아니고 간이 적당하니 괜찮은 느낌. 참기름 맛이 나서 좋았는데 느끼하지도 않다. 사이사이에 작게 고기도 들어있었다.코다리는 많이는 안먹었고 나름 맛있었다. (사실 뼈 바르기 귀찮았다.) 파전이 정말 맛있다. 처음 나오는 파전의 비쥬얼은 그야말로 피자의 모습이다. 두툼하고 푸짐한 느낌. 막걸리 별로 안찾는데 술을 부르는 느낌?사장님이 콩을 예천에서 재배하는데 품질에 대해서 굉장히 자신있어하셨다.  좋은 음식은 역시 좋은 재료에서 나오나 보다. 전반적으로 음식의 퀄리티가 굉장히 높다. 이정도면 한두시간 거리 밖에서라도 충분히 올만하다.,맛있다
155,답십리별미,* Y _,"4/5와 삼일만에 맛있다를 또 주다니..!밋업으로 방문한 답십리 별미 ( 카카오맵에는 답십리 원조 별미 )#콩국수서리태로 만드셨다는 콩물, 색은 오이가 떠오르는 녹색(?)콩물이 꽤 진한 편이다. 꾸덕꾸덕한 진주집은 아니더라도 먹자마자 아 여기 콩물 진하네- 하는 느낌이 듬.간은 아예 안한 건 아니지만 아주 옅다. 원하는 대로 소금에 타서 드셔도 되고 안 타고 먹어도 됨. 면도 적당히 부드러워서 좋았고 콩물이 그득그득해서 더 좋았다.완전.. 진짜 콩물 남은거 1도 없이 다 부어먹음ㅋㅋㅋㅋ#코다리 정식코다리에 뼈가 많다보니 먹을때 힘들긴 했다짜지않고 적당한 간이라서 이것도 맛있게 먹었다!! 다른 분들과 다르게 진밥도 좋아해서 같이 나온 밥을 국물에 슥슥 비벼먹.. 이러시면 안되요 다른분들은사장님이 콩국수랑 코다리정식 추천해주셨는데 딱 좋은 픽셋이 세개먹고... 두개를 더 시켰음ㅋㅋㅋ넘나좋은 홀릭분들#비빔국수비빔국수에 작은 김치, 참기름, 작은 다진고기, 뭔가 등등 무튼 쫌 고명이 여러 종류가 들어가 있었다. 그리고 면이 많았다물론! 마지막 한 가닥까지 다 먹었다 ㅎㅎ...비빔국수가 평범하기가 대부분인데 여긴 정성가득한 비빔국수를 먹은 느낌. 맵지는 않아요!#부추전전 나오자마자 두께에 놀람ㅋㅋㅋㅋ 사장님왈 '피자같죠?' 하심부추가 많고 두툼해서.. 그런데 밀가루나 맹맛이 나지않아서 좋았다. 부추전 나오고 우리 테이블에는 곧 막걸리가 한 병 올라왔다 ㅎㅎㅎ셋이 진짜 너무 배부르다고 할 만큼 먹고 39000원..가격과 맛을 고려하면 맛잇다 쾅쾅멀리 사는데 찾아오는 거까진 아니더라도 (주변에 볼 건 없..ㅋㅋㅋ) 근처 걸어갈 수 있다면 꼭 한 번 가볼만하다. 딱 집 주변 엄마들이 찾아갈 거 같은 맛있는 밥집 느낌!",맛있다
156,답십리별미,우이리,"서리태 콩물이 적당히 진하네요.약간 풋내가 있는 듯 했지만, 고소함과 김치로 인한 달달함이 입안을 점령하네요.콩물의 점도는 묽은듯 적당.코다리도 부드럽고 달달함이 좋았어요.비빔국수가 복병이네요. 비벼서 나오는데 참기름의 고소함과 조금 과한듯한 달달함, 그러나 달다고 말하기 싫은 그런 느낌. 간간히 씹히는 간고기는 쫄깃한 식감과 풍부한 맛을 더 하는거 같습니다.부추전은 해물파전 같은 비쥬얼. 두툼한 전에서는 밀가루보다 계란의 달달함이 더  많이 느껴지네요.",맛있다
157,춘천메밀막국수,snoopy,매우 슴슴해서 이 맛을 좋아하시는 분들께만 추천해요...라고 말씀드리려는 찰나 보니까 저는 다데기를 안 넣고 먹었군요. 다음번에는 다데기 넣고 다시 시도해 보겠습니다 :-),맛있다
158,춘천메밀막국수,평냉쟁이,무엇으로 육수를 냈길래 이토록 맛있을까 면은 점박이면 매끈거리는 면빨 가격 착하고 생활의달인 내공이 느껴지는 한그릇,맛있다
159,춘천메밀막국수,평냉쟁이,소바도 맛있어요 왜냐면 메밀면이 맛있어니까 덩달아서 ㅎㅎ 이집 중독 주중 한번은 가야겠어요,맛있다
160,춘천메밀막국수,평냉쟁이,오늘은 비빔막국수 입에 쫙 붙는 감칠맛 나는 양념장이 아니다 메밀밀의 향을 느끼면서 먹을 수 있는 순수한맛 중독성 있네요  한입크기 메밀만두 또한 구수했습니다,맛있다
161,춘천메밀막국수,평냉쟁이,평양냉면 비주얼에 가까운 막국수 생활의달인 명성에 걸맞게 100% 메밀의 메밀향 그윽하게 오르는 부드러운 면발 깔끔한 육수 양념장도 예술 친절합니다,맛있다
162,춘천메밀막국수,ethanghymn,이 집은 어디서 보고 가고싶다에 세이브해뒀었는지는 잘 기억이 안 나는데 아무튼 청량리역 1호선 3번 출구 앞에 있다는 붕어빵 7개가 1천원이란 노점에 방문하는 길에 근처에 있길래 들러보기로 함.좀 더 큰 흔한 타입의 가게를 상상했는데 실제로 와보니 가게는 경동시장 안에 있었고 규모도 아담한 편이었음.가게에 들어가 방문자 기록을 하고 난 믈막국수보단 비빔막국수를 좋아해 비빔막국수를 부탁드림.먼저 무절임과 면수를 내어주셨는데 맛을 보니 흔한 면수보다 농도가 진한 느낌으로 깔끔하기보단 살짝 걸쭉한 느낌이면서 마시다 보면 뭔가 흐물한 건더기도 입 속으로 들어와 깜짝 놀랐지만 메밀국수 건더기였음.무절임은 흔한 맛이었고 어느 정도 기다려 드디어 비빔막국수를 내어 주셨는데 혹시나 볼륨감이 적을까 했는데 사진 상에서는 볼륨감이 아쉽게 보이는 느낌이지만 실제로는 나름 볼륨감이 좋아 특별히 양이 많지 않으면 다 먹고 나서 아쉽지 않을 것 같은 느낌임.이모님이신지 여사장님이신지 아무튼 찬 육수를 조금 넣어 먹으라고 주셨는데 난 물기가 없는 걸 더 좋아해서 혹시나 면을 비비면서 뻑뻑하거나 하면 넣기로 하고 아무것도 넣지 않고 젓가락으로 비비니 어렵지 않게 비벼짐.맛을 보니 면은 서북면옥의 것이 생각나는 살짝 도톰하면서 부들한 느낌이고 비빔양념은 특별함은 없어 매콤함은 덜 하지만 이 근처 할머니냉면과 비슷한 느낌이어선지 막국수의 느낌보다는 냉면의 느낌에 가깝게 느껴짐.이 집을 자주 와본 것 같은 중년 여자 손님이 지인과 같이 온 것 같았는데 메밀소바가 되는 지 문의 후 메밀소바를 주문하길래 가게 이름이 춘천메밀막국수여서 비빔막국수를 맛봤는데 메밀의 맛과 향을 더 잘 즐기려면 물막국수가 아니라면 차라리 메밀소바가 나을 것 같은 느낌이어서 만약에 다시 들른다면 메밀소바를 맛보기로 생각함.전체적으로 예전부터 가고싶다에 세이브해뒀던 가겐데 붕어빵을 좋아하진 않지만 청량리역 1호선 3번 출구 앞 1천원에 붕어빵 7개를 주신다는 가게가 궁금해 이쪽 동네에 온 길에 들러봤는데 메밀향은 나름 뿜뿜이지만 전체적인 맛은 특별함이 느껴지는 흔히 얘기하는 A급 느낌의 가게이기보단 근처 할머니냉면 같은 나름의 매력 뿜뿜인 B급 감성의 가게라고 느껴졌던 방문이었음.,맛있다
163,춘천메밀막국수,권오찬,"* 한줄평 : 40여년 업력의 경동시장 평양냉면1. 돈을 벌면 업장을 좀 더 좋은 목으로 옮기고 싶은 것이 인지상정이거늘 경동시장 한켠에서 40여년을 지킨 냉면집이 있다. 그것도 양념맛으로 먹는 함흥냉면이 아니라 슴슴한 육수와 메밀향 나는 면으로 승부해야 하는 <평양식 냉면>이다보니 이야기만 들어도 흥미가 돋는다.2. 평양냉면이 아닌 <평양식 냉면>이라 한 것은 내가 보기엔 평양냉면인데 굳이 이 집 메뉴판엔 물막국수와 비빔막국수 등으로 표기되어 있기 때문이다. 심지어 실제 살얼음이 낀 육수통을 별도로 주고 면에 부어먹게 하는 것은 <춘천 막국수> 스타일이 맞다.3. 메뉴판에 <닭무침>이 있고, 고명으로 제육까지 두어점이 올라온 걸 보면 이 집의 육수는 닭을 베이스로 하는 것으로 추정된다. 시장냉면이라 시판면을 쓸거라 생각했지만, 주인장께서 직접 <제면기>로 면을 뽑아내신다. 4. 을지로 평양냉면 명가의 냉면이 14천원으로 올라가며 평냉으로 실향의 아픔을 달래는 이북이 고향이신 노인분들의 상황을 <냉트리피케이션>이란 신조어로 빗대는 마당에 저런 수고로움이 들어갔는데 단돈 7천원이라는 것은 가성비를 넘어 경이롭기까지 하다.5. 메밀면의 곡향이 좀 아쉽긴 해도 부족하진 않다. 홀을 담당하는 아주머니께선 친절하시게도 육수에 다대기를 풀라고 알려주시는데 식초와 겨자로도 충분하다. 6. 먹어보니 정성이 듬뿍 들어간 좋은 음식이다. 감칠맛을 내기 위해 억지로 뭔가를 첨가하지도 않았고 기교가 섬세하지도 않다. 다만 40여년의 세월을 버텨온 꾸준함과 성실함이 느껴지는 좋은 음식임을 경험할 수 있었다.",맛있다
164,고래돈가스,심아호,아주 양이 많고 가성비 괜찮은 식당입니다.근데 저는 다 못 먹어서 가성비 안 좋음...ㅎㅎ메뉴는 카레 or 짜장+국수+돈가스 단일 메뉴고 가격은 9000원입니다.돈가스 자체는 튀김이 바삭바삭하고 살이 부드러운 잘 튀긴 고기예요. 양도 3조각이라고 무시했다가는 크게 다칩니다...국수가 생각치 못한 맛있음이예요. 약간 매콤하면서도 시원한 맛이 있어서 좋습니다. 예전에 가격 더 낮을 때는 자주 갔었는데 요즘에는 굳이? 이런 느낌인 것 같아요,맛있다
165,고래돈가스,빨강코알라,돈까쓰도 맛있는 편에 밥이랑 면 무한리필. 고돈. 굿.,맛있다
166,고래돈가스,준영,고대 앞에 이런 곳이 있다니! 생각보다 돈카츠가 맛있어서 놀랬어요ㅋㅋ 단일메뉴인데 국수랑 카레나 짜장밥 같은걸 같이 주시더라구요! 국수와 밥은 배채우기용이지만 육향 느껴지는 히레카츠에 약간 감동.. 가성비가 정말 좋습니다!’,맛있다
167,고래돈가스,롱식,겉바속촉..,맛있다
168,고래돈가스,h,괜찮은 돈까스집백반마냥 이모저모 잡다하게 나오는 음식들이 특징이나 그걸 빼고 가격을 낮췄으면 하는 생각이 듭니다,괜찮다
169,고래돈가스,snoopy,"아빠 혼자서 10살, 8살 애들 데리고 왔는데 음식이 대학생들도 배부를 양에 맞춰 나오다보니 다 먹기 힘든 수준. 맛은 국수. 카레, 돈까스 모두 준수해서 애들하고 매달 오기로 약속~!",맛있다
170,고래돈가스,고독한쌍칼,특별한 맛은 아니지만 끼니 배부르게 때우기 좋은 안암 돈까스집. 돈까스가 이상하게 부드럽다.,괜찮다
171,고래돈가스,더치커피워터,튀김옷만 아니었으면 정말 만족스럽게 먹고 나올 곳이었는데 안타깝다. 너무 두꺼워 다 먹기 전에 입천장이 까이거나 느끼함 둘 중 하나를 경험하게 될 것.,괜찮다
172,고래돈가스,주배,"3.7 / 5.0딱딱한 돈까스는 가라학교 근처 돈까스 투탑 중 하나인 곳인데,거리가 멀어서 가봐야겠다 생각만하고 드디어 가보게 되었습니다!8.0의 가격에 잔치국수, 하이라이스, 돈까스를 먹을 수 있습니다.양이 진짜 많아요. 1. 잔치국수잔치국수 맛입니다.크게 특별한 건 없지만 크게 나쁘지도 않습니다.2. 하이라이스개인적으로 전 하이라이스가..별로 였어요.무난한 하이라이스 소스에 당근 고기 등 재료도 정말 많은데, 돈까쓰와 따로 노는 느낌을 받았어요.하이라이스는 시큼하고 단데 돈까스 소스도 시큼하고 달아서 그랬던 걸 까요... 저는 크게 입맛에 맞진 않았던 것 같아요!3. 돈까스돈까스는 맛있습니다.고기가 정말 부드럽고, 튀김옷도 바삭하면서도 얇게 잘 튀겨져있어요.고기가 진짜 부드러워서 과장해서 얘기하자면 스테이크 먹듯이 먹었습니다. 호호무엇보다 양이 정말 많은게 장점이랄까요...배고플 때 오면 정말 배불리 먹을 수 있을 곳입니다 :-)",맛있다
173,고래돈가스,이지인,"고려대역 앞에서 맛 본 의외의 돈가스 맛집.갑자기 돈가스가 먹고 싶어 학교 에타에서 돈가스 맛집을 찾는 도중 나온 고래돈까스.마침 오후 수업을 마치는 강의동이 식당과 가까워서 들르게 되었다.이곳은 단일 메뉴제로 운영된다. 무조건 고래돈까스 정식만 먹을 수 있다.이곳은 특별하게 경양식도 일본식 돈가스도 아니다. 집에서 먹는 가정식 돈가스라고 해야 그나마 적당한 표현일 듯 하다. 왜냐하면 자리에 앉으면 가장 먼저 나오는 것이 카레라이스와 잔치국수의 콜라보레이션이기 때문이다. 그냥 집에서 엄마가 돈까스 해주면서 카레도 먹고 국수도 먹으라하는 느낌? ㅋㅋ 카레와 국수는 평범한 맛이었던 것 같다. 정말 의외인건 돈까스.보통 생선튀김 모양과 크기의 돈까스 세 덩이가 나오는데, 어떻게 튀기는 건지 어떤 튀김옷을 쓰는지 잘 모르겠지만 아무튼 돈까스를 정말 잘 튀기신다. 시간이 지나도 돈까스 아랫부분이 눅눅해지지 않고 튀김옷이 정말 바삭바삭해서 살얼음을 먹는듯한 식감이다. 돈까스 자체의 스타일은 일식돈까스라고 할 수 있을 것 같다.결론적으로 메뉴 자체가 완전 집밥 돈까스 느낌이라 분위기 잡으러 가긴 어렵지만 친구들이랑 같이 오거나 혼밥하러 가기에는 정말 좋은 돈가스 맛집인 것 같다. 투박하고 멋없는 메뉴이지만 돈가스가 먹고싶으면 다시 한 번 달려갈 곳인 것 같다.",맛있다
174,고래돈가스,코랄,일본식 돈까스가 바삭바삭 맛있다.고대 정문 바로 앞에 있고 가격도 괜찮고 양도 푸짐해서 인기가 많다.8천원 정식 단일메뉴인데 잔치국수-덮밥-히레까스 3덩이가 코스로 나온다.미니 덮밥은 하이라이스와 짜장밥이 번갈아 나오는 듯 한데 난 하이라이스를 좋아한다.잔치국수는 그냥 잔치국수다~현금 결제하면 작은 사이즈의 음료수가 무료인데 코카콜라 사이다 외에도 종류가 되게 많다난 보통 망고쥬스를 고른다ㅎㅎ,맛있다
175,고래돈가스,해봉2,"한줄 평: 이 가격에 이렇게 부드러운 돈가스가 이렇게 많이?????? 사장님.?.??????(당황)** 사진은 먹다가 찍어서 돈가스가 2장인 것- 돈가스 진짜 부드럽다. 입에서 녹는다. 돈가스 성애자로서 다양한 돈가스집 다녔는데 이만큼 입안에서 녹을정도로(진짜녹음) 부드러운 곳 처음봤다;;;- 일단 양도 진짜 혜자다. 8천원에 돈가스 3장에 잔치국수에 짜장밥까지...?!? 돈가스 양도 결코 적지 않음- 잔치국수는 국물이 엄청 찐하고 짜장밥은 간이 적당했는데, 왜이렇게 다양하게 나오지하고 생각해보니 돈가스가 아무래도 튀김이라 먹다가 느끼할 수 있는데 (여기 고래돈가스가 느끼한 편이 절대 아님) 그때마다 잔치국수나 짜장밥 먹으면 딱이다!!- 그런데 잔치국수만으로 충분할 수도 있을 것 같음 짜장밥말고 그냥 밥으로 달라고 해도 좋을듯!- 재방문의사: 100%",맛있다
176,고래돈가스,진리지안,오랜만에 찾은 고래돈까스!! 여전히 맛있었다ㅠㅠ 돈까스 고기가 너무 부드럽고 튀김 옷은 엄청 빠삭해서 입천장 까짐 ㅎㅎㅎ 고기가 어쩜 이리 육즙 넘치고 부드러울까요 ㅠㅡㅠ,맛있다
177,고래돈가스,장희,8천짜리 안심돈까스 시키면 잔치국수랑 짜장/카레밥이 같이나와서 가성비 좋은 곳.무난하게 맛있다. 찾아올정도는 아니고,맛있다
178,고래돈가스,hollywood,"별 기대 안하고 갔었는데, 맛있더라구여..! 안암 돈까스집 중에선 1,2위를 다툴거 같은 집이에요",맛있다
179,고래돈가스,아가미,그냥 돈가스를 시켰을 뿐인데 사이드를 엄청 많이 주신당!  돈가스 양도 많고 바삭바삭하니 맛있당ㅜㅜ,맛있다
180,고래돈가스,Pinguguguu,카레밥 잔치국수가 같이 나와서 아주 배부르게 먹을 수 있다. 돈까스는 그리 두껍지 않은 편. 튀김은 가볍게 바삭바삭하다. 일식돈까스의 튀김옷+얇은 양식돈까스느낌이다. 요즘 유행(?)하는 두툼한 돈까스는 아니지만 구성이 푸짐해서 학생들이 많이 찾는 것 같다. 가격은 7000천원인데 뭔가 돈까스 보다는 잔치국수와 카레밥으로 칠천원이 채워지는 듯한 느낌이 있어서 좀 애매했다.,괜찮다
181,고래돈가스,서울푸디,가성비 좋은 돈까스. 이 메뉴 저 메뉴 서비스 주지말고 그냥 돈까스에 집중했으면 더 좋을듯,괜찮다
182,고래돈가스,ㅊㅊㅊ,가격에 비해 다채롭고 양도 많다허나 특출난 맛은 없다,괜찮다
183,고래돈가스,마시러가자,"박리다매로 팔아서 1인 1주문(7000원)이 원칙인데,  돈가스에 국수랑 밥 줘서 배불러요. 맛은 평범하지만 가성비가 좋음",맛있다
184,고래돈가스,가쥬,고대앞에 위치하고있다! 양이 아주아주아주 많은게 장점이다 돈까스+국수+밥 등등 무튼 엄청 많이 나옴....너무너무 배부름! 양이 많은게 장점이고 맛은 돈까스자체가 엄청 색다르고 이런건 아니단,괜찮다
185,고래돈가스,뀨뀨,양도 많고 튀김옷이 바삭바삭ㅎㅎ 만족도높았어요~고대맛집으로 추천,맛있다
186,고래돈가스,진리지안,개인적으로 안암에서 제일 돈까스가 맛있다고 생각하는 집!!!!!! 보통 주유소가 제일 맛있다고 하는데 솔직히 주유소는 그냥 양이 많아서 유명한거지 그렇게 맛있는 돈까스 느낌은 아니다. 하지만 고래돈까스는 진짜 고기가 엄청 촉촉하고 튀김도 신선하고 바삭하고 맛있다..그리고 양도 절대 밀리지 않음!! 무려 세 덩이나 나온다!!!! 거기다가 조그만 멸치국수와 매일 바뀌는 덮밥?종류가 하나씩 나오는데 그 둘도 너무너무 맛있다ㅠㅠ절대 사이드라고 맛이 덜하지 않음 ㅠㅠㅠㅠㅠㅠ 가격은 7000원! 왕 추천bbbbbbbbbbbbbbbbbb,맛있다
187,고래돈가스,로영,바삭바삭하고 배부르다. 사이드메뉴가 끝없이 나옴. 12-2 시에가면 점심시간이라 학생들이 가득가득함. 아무래도 정문에 맛난집이 없어서 그런듯. 그 시간을 피해서 가는게 좋을것같음. 방학땐 한가해서 좋았음.,맛있다
188,성천막국수,미니미니미,호불호가 갈릴 수 있는 맛. 나는 핵극호!,맛있다
189,성천막국수,Jake,물막국수 정식을 먹었는데 처음에 제육은 온도와 식감 맛 너무 완벽하고 맛있었어요. 근데 물막국수는 평양냉면인듯 평양냉면이 아닌듯한 정말 역대급 슴슴했던 맛. 그래도 적당하게 맛있게먹었어요.,맛있다
190,성천막국수,Capriccio06,"1966년에 처음 시작한 오래된 이북식 막국수집. 대를 이어서 운영하고 있는데 동네 맛집으로도 유명하고 요즘엔 매체에 소개가 많이되서 찾아오는 사람도 많은 것 같다.냉면보다는 부드럽고, 평냉같은 메밀 비중 높은 면보다는 쫄깃한 중간 느낌이다. 물막국수가 숙성된 동치미 국물을 사용하는데 양념이 되거나 하지 않아서 담백하다고 소개하지만, 살짝 짜면서 특유의 쿰쿰한 냄새랄까 그런게 있어서 싫어하는 사람은 싫어할 듯. 비빔막국수는 참기름이 아주 듬뿍 있고 양념장이 많이 맵지않아서 호불호 없이 먹기 좋은데 특별한 맛이 아니긴하다. 혼자 가면 제육이 4~5점 나오는 정식 메뉴 먹으면 좋다. 잡내없이 부드럽게 잘 삶아져 나오는 제육이 비교적 가격도 저렴하고 조금씩도 판매해서  인기가 많은 것 같다. 메뉴에는 제육이 g단위로 표기되어서 정식에 포함되는 양, 반접시, 한접시 구성에 맞게 g 단위 가격은 동일한데 느낌상(?) 한접시가 더 풍성하게 나오는 기분이라 좋아하는 메뉴라면 처음부터 양 많은걸로 주문하는 편이 좋을 것 같다. 가게가 아주 넓진 않은데 홀관리가 잘되서 주문도 편하고, 주문하고 음식이 빨리 나오는 편이다. 날이 더워지면 웨이팅도 꽤 생기는데 오래 기다려서 먹을만큼은 아니지만 지나가다 들르거나 면종류 좋아하면 가볼만한 곳인 듯.",괜찮다
191,성천막국수,이매지,비빔+제육 이런 조합으로 1인 정식 메뉴가 있어서 요걸로 주문했어요. 만원의 행복이라는 말이 딱 어울릴 정도로 맛깔난 구성이네요. 고기 육수도 아니고 고명 하나 없이 면 위에 양념장 올라간 게 끝인데 바닥에 자작하게 깔린 참기름과 어우러지면서 너무 자극적으로 맵지 않고 좋네요. 먹다보니까 제육 다 먹고 추가 주문하는 테이블이 많던데 제육도 퍽퍽하지 않고 냄새도 안 나고 촉촉하고 부드러워서 맛있었어요! 10년 전쯤에 먹고 꽤 오랜만에 방문했는데 여전히 맛있게 잘 먹었습니다.,맛있다
192,성천막국수,ustar,동치미 막국수가 호불호 갈린다는 말에 난 잘먹을 수 있을거라는 호기를 부리며 자신있게 물막국수를 주문했지만 상상했던것보다 쿰쿰한 향이 강해 깜짝 놀랐습니다 ㅋㅋ그래도 적응한 뒤 부터는 한그릇 뚝딱 새콤매콤짭짤한 짠지가 정말 맛있습니다 ㅎㅎ,맛있다
193,성천막국수,맛없는건 참지않긔~,메밀면 이라고 말하지말기를......쫄면에 가깝고 메밀은 기대도 안했다 ㅠㅠ기름향이 음식을 방해하는..분식보다 못한.. ㅠㅠ 서울에 정말 메밀 맛집은...없는건가 인생맛집이라며 폭풍 흡인 하는 사람들 속에혼자 한두젓가락 먹고 고대로 젓가락 내려놓고남기고 온 나만 외계인같은.....,별로
194,성천막국수,AlexTheFood,"#ALEXatNOPO #알노포#답십리맛집 #답십리노포 #성천막국수⠀* 업력 56년 (50년 이상✔️)* 블로그 리뷰 317개 (500개 이하✔️)* 해시태그 #성천막국수 2339개 (5000개 이하✔️)___________________________________________⠀안녕하세요, 알렉스입니다.두 번째 #ALEXatNOPO 콘텐츠로 방문한 #성천막국수!⠀'Since 1966'이라고 간판에 써붙이신 것부터 노포 느낌이 뿜뿜하는 막국수 집이에요. 제가 사는 동네에 있는 곳이라 여기도 4번 정도 방문했었는데요. 개인적으로 여기를 다른 사람들한테 소개할 때 항상 가져가는 키워드가 바로 '막국수계의 평양냉면'이랍니다!⠀동치미 국물만을 사용한 물막국수에도, 참기름과 양념장만을 쓴 비빔막국수에도 별다른 고명이 올라가지 않아요. 진짜 국수로 승부를 보는 곳인 데다, 자리도 꽤 널찍하고 깔끔해서 동네 주민분들도 많이 찾는 곳입니다. 다만 예전엔 평일 점심 때나 주말에 무조건 웨이팅이 있었는데 최근엔 코로나 때문에 텅 비어있을 때가 종종 있더라구요. 그럼 제 최애 비빔막국수를 소개해볼까요?___________________________________________⠀* 비빔막국수+제육 45g 10,000⠀#비빔막국수받자마자 진동하는 참기름 냄새에 굉장히 자극적인 비빔막국수일 줄 알았건만 웬걸, 입에 들어가니 심심한 듯 단순한 양념과 참기름 맛이 은은하게 나는 막국수라 좀 놀랐어요. 사실 처음 먹었을 땐 제가 초딩입맛이라 '이런 슴슴한 막국수를 대체 무슨 맛으로 먹는 거지...?' 싶었는데, 이게 몇 주 지나면 계속 생각이 나 결국 또 방문해서 먹게 되더라구요! 반 정도는 그냥 먹고, 나머지 반은 취향에 따라 겨자를 좀 뿌려드시는 것도 추천드립니다.⠀#제육아주 잘 삶아진 제육이라 당연히 맛있어요! 하지만 정식에 나오는 제육은 1인당 4조각만 제공되니 놀라지마세요. 아쉽긴 해도 없는 것보다는 나으니까요. 둘이 방문한다면 막국수 하나씩에 제육 반 접시 주문하는 것이 양도 비슷하고 더 싸니까 그렇게 주문하시는 것도 추천드려요!⠀#동치미 무 짠지먹을 때마다 까먹는데, 이건 테이블의 다대기랑 겨자를 넣어 섞어서 제육이나 막국수랑 함께 먹으면 좋아요. 전 항상 처음엔 그냥 먹다가 비빔막국수를 거의 다 먹었을 때쯤 '아 이렇게 먹는 거였지!' 싶어서 남은 비빔막국수 양념장에 무들을 털어놓고 면과 함께 아삭아삭 먹는답니다 :)⠀___________________________________________⠀☑️물막국수는 예전에 한 번 먹어봤는데, 약간 간간한 느낌에 군내와 육향이 살짝 나는 동치미 국물에 국수가 끝이라, 초딩입맛인 저는 그나마 자극적인 비빔막국수만 먹게 되더라구요. 저런 스타일의 물막국수를 좋아하시는 분들이라면 물막국수도 꼭 도전해보시길 추천드립니다!⠀아 그리고 이번 포맷에서 알아채신 분도 있으시겠지만, #ALEXatNOPO 콘텐츠에는 제 주관적인 맛-분위기-가성비 별점을 빼기로 했어요. 3줄 요약과 달리 제 의견으로 빼곡히 적혀있는 리뷰라 별점이 굳이 필요없기도 하고, 애초에 이 콘텐츠는 기획 단계에서부터 '이 노포는 별로고 이 노포가 좋아요~'라고 말하려는 것이 아닌, 'SNS에서 많이 바이럴되지 않은, 당신이 모르는 이런 노포도 있어요!'라는 메시지를 주고 싶어 시작한 콘텐츠니까요. 언제까지 지속이 가능할지는 모르겠지만 생각보다 많은 분들이 관심을 가져주셔서 최대한 꾸준히 해보려 합니다. 앞으로도 잘 부탁드려요‼️___________________________________________⠀[MangoPlate 4.0/5.0 | GoogleMap 4.1/5.0]⠀* 영업시간 | 매일 11:30-21:00* 쉬는시간 | 매일 15:00-17:00* 일요일 휴무",맛있다
195,성천막국수,또치,"답십리에서 꽤나 유명한 식당(인 듯하다)12시 40~50분에 도착했지만 앞에 두팀이나 있었다.비빔막국수에 제육을 주문참고로 저 제육이 한접시다(메뉴에는 반접시도 있었음)생각보다 양이 적어서 놀람.... 11,000원이었는데...양에비해 가격이 비싸다고 생각함.고기 자체에 양념이 되어있어서 살짝 짭짤했는데 막국수랑 같이 먹으면 생각보다 잘 어울린다.막국수는 딱히 별맛은 안났다. 매콤하고 참기름의 그 고소한 맛 딱 그거뿐이다. 좀 심심한 맛이기도 하다.여기 면이 내가 그동안 막국수면과 다르게 엄청 쫀득했다.사실 맛보다는 쫀든한 식감때문에 더 먹는 느낌?.엄청 맛있지는 않아서 웨이팅을 하면서까지 두번 방문하게 될까 고민되는 곳이기는 하다.",괜찮다
196,성천막국수,Bonbon,자꾸 생각나는 맛,맛있다
197,성천막국수,Pyongchang,호불호가 갈린다는 평을 보고 걱정했는데 제 입맛엔 개성있고 맛있었어요. 저는 평양냉면을 못먹는데 여기 비빔막국수는 밍밍하다기보단 담백하고 감칠맛있게 맛있어요! 짠지도 독특하고요. 첫방문이라 하니 먹는법도 친절히 알려주셔서 좋았습니다. 코로나라 투명 칸막이를 식탁마다 설치해서 좋았구요. 손님들 정말 많더라고요. 또갈게요. 번창하세요!,맛있다
198,성천막국수,뿌디,"— 아부지가 가는 허름한 곳은 늘 옳다 —50대이신 아버지가 지금의 내 나이쯤부터 계속 갔었다는 답십리 어느 골목의 맛집. 청년시절부터 갔으면 찐 맛집이라는 생각에 재빨리 따라갔었다.메뉴는 간단하다. 막국수와 제육.1. 삶은 제육 + 비빔막국수흰 접시에 두줄로 제육이 가지런히 나온다. 아니 이 짠지도 화룡점정인데, 일단 제육을 삶은 기본기가 아주 탄탄하도다!!! 부드러운 살코기와 살짝쿵의 기름. 매콤한 막국수를 마구 부른다. 막국수 위에 제육을 얹어 젓가락질을 하면 제육순삭. 막국수 순삭. 메밀면이기 때문에 면발이 일반 국수와는 조금 다를 것이다. 그리고 나서 장담한다. 제육 반 접시 또 주문할 것임. 신기하게 한 접시는 뭔가 많아 보여 반접시 주문했는데 반접시로 여러개 주문하는 매직을 경험하게 될 것이다.+ 짠지가 뭐 이러는지....왜 막국수와 제육의 징검다리 역할을 하는지 나 원 참!+ 고기취향에 따라 살코기만 주세요! 비계도 같이 주세요! 디테일한 주문을 하면, 조금 취향이 더 반영된 제육을 맛볼 수 있다.이 오래되고 조그마한 가게....사랑흔다....",맛있다
199,성천막국수,임맛잘봄,자극적인 조미료 맛이 아니라 좋네요~고기랑 세트 메뉴 있어서 좋은듯,괜찮다
200,성천막국수,Taste10good,"답십리 #성천막국수.평안남도 성천군 출신 사장님 이후 3대째 영업중인 막국수집.(Since1966)현재 논현점의 분점까지 운영중인 곳!.비빔막국수가 메인인데 구성은 아주 심플하다 ‘쫄깃한 면+참기름+양념장’ 3가지면 끝 그외에 고명은 없다..메뉴가 나오자마자 코끝 가득해지는 고소한 참기름 향이 식욕을 돋운다.겨자는 기호에 맞게 뿌려먹으면 된다..면은 강원도 메밀막국수의 느낌보단 족발에 나오는 쫄깃한 면이라고 생각하면된다. 처음엔 질긴 듯 하나 이내 쫄깃한 식감으로 느껴졌다..단순한 조합이 만든 맛이 생각보다 당기는 중독감이 있다. ‘달짝지근양념장+ 참기름’ 의 조합다만 아쉬웠던 점은 제육가격(흔히 우리가알고 있는 수육).제육 반접시 추가 구성의 정식메뉴에 4조각나오는데 가격은 무려 3000원이나 뛴다. 메뉴가 잘못나온줄 알정도의 양가격대비 제육양 외엔 만족.메뉴정보:물막국수 - ₩6,500 비빔막국수 - ₩7,000 정식주문시 3000원추가",괜찮다
201,성천막국수,Jw,조금 많아진 액상양념과 그래서 인지 조금 달랐단 기름향이 자주 먹던 맛과 달랐지만 그래도 여전히 묵직하면서 단순한맛이 너무 좋았다.기교가 많은 요즘 음식들 속에서 여기같은 힘있는 음식 먹으면 웬지 기분이 좋아진다.,맛있다
202,성천막국수,AlexTheFood,"#AlexTheFood #3줄요약#성천막국수 #답십리맛집 #알더푸답십리⠀1. 평안남도 성천군 출신 사장님부터 3대째 하고계신 맛집!2. 참기름 향이 엄청난 것에 비해 자극적이지 않고 깊은 맛.3. 제육과 쿰쿰한 동치미 무의 단순하지만 신박한 조합도 굿 :)⠀___________________________________________________________* 비빔막국수 7,000* 제육 160g 11,000___________________________________________________________⠀[MangoPlate 4.0/5.0 | GoogleMap 4.1/5.0]맛★★★★ 분위기★★★ 가성비★★★⠀* 영업시간 | 매일 11:30-21:00* 쉬는시간 | 매일 15:00-17:00❌일요일 휴무",맛있다
203,성천막국수,반말했다존댓말했다,쓴데 또 안쓰눈데 너무 맛있다ㅠ소주도둑뮤조건 물막 쿰쿰함이 딱 내스타일한잔하고 제육이랑 짠지 먹고 물막국물 흡입..무한반복근데 제육은 정식2인분치랑 한접시랑 양의 차이를 봐야겠다,맛있다
204,성천막국수,로한,"#동네 맛집 성천막국수가 유명하다는 건 알고 있었으나, 좀 처럼 갈 기회가 없었다. 야근 후 너덜해진 몸을 이끌고 집에 가던 중 생각이난 성천막국수. 9시에 문을 닫기에 서둘러 발길을 향했다.먼저 다녀온 분들의 후기를 읽어보며 메뉴는 비막(비빔막국수)로 결정했다.순수한 동치미의 맛(?)이 느껴지는 물막도 좋지만, 평소 양념다대기 취향인지라 호불호가 덜 하다는 비막으로 안전하게 결정!!음식이 나오기 전까지 이모님이 주신 면수?로 입을 좀 축였다. 따뜻해서 마실만 했다.음식은 심플했다. 참기름과 면, 그리고 고명없이 양념만 툭~쓱쓱 비벼 한 입 먹어 보았다. 낯설지 않은 친숙한 맛.맛있게 먹는 방법에 겨자를 넣으라고 되어 있기에 겨자를 조금 넣어 보았다. 역시 내입에는 겨자가 좀 들어간게 더 좋았다.먼저 온 분들을 보니 막국수와 고기를 함께 드시는 분들이 많았다. 시간이 조금 빨랐다면, 일행이 있었다면 고기를 추가해 먹었을텐데 늦은시간 혼밥이라 그게 조금 아쉬웠다.성천막국수 비막은 최근에 먹은 비빔면(냉면 등) 중 가장 투박하면서도 솔찍한? 맛이었다. (풀어보자면 새콤 달콤이 덜한맛??? 고명이 없는 맛???)양도 적당해서 좋았다.여긴 고기 추가해서 다시 한 번 맛보고 싶다.#냠냠",맛있다
205,성천막국수,꽃같아,평냉 마니아입니다물보다는 비빔이 훨씬 제입맛엔 맞았어요제육이 어마징하게 맛있어요껍데기가 쫀득한게 맛있네요다음방문시엔 막국수 곱배기에 제육한접시 큰거 먹을거에요,맛있다
206,성천막국수,내돈주고먹은후기,물막이 진리 그러나 호불호가 갈릴 맛이에요~! 처음 도전하시는 분들은 비빔막국수가 더 입맛에 맞으실 수도 있어요. 저는 개인적으로 물막을 정말 너무 맛있게 먹었답니다 그리고 가격이 너무너무너무너무 착해요.,맛있다
207,성천막국수,이국군(쎌카),재방문의사 90%처음에 맛볼 때 평냉을 즐기는 나로써도 이게 뭘까? 라는 느낌이 강했던 음식. 그냥 그런 집이구나라고 생각하고 한참이 지난 시간 불현듯 평양냉면을 먹었던 그 순간이 생각나 면서 성천 막국수 동치미 국물이 내 머리속으로 훅 하고 다시 치고 들어왔다. 그 이유로 설명할것도 없이 꾸준하게 다니고 있는 그런 집 .평뽕이란 말이 있듯 성천뽕도 있다고 생각~맑은 동치미국물에 메밀면.그리고 필수적으로 필요한 제육 그리고 겨자소스.반찬으로 같이 나오는 동치미무 양념장+식초+겨자 비율맞춰 섞어준 후 메밀면과 제육과 함께 먹으면 시원하고 이루 말할 수 없는감동이 밀려온다.소주 한 잔은 선택메뉴지만 그것마저도 참 잘어울린다는.강남에도 직영점이 있다고 하니 참고하세요.,맛있다
208,성천막국수,Ggg,"심심해도 너무 심심한 맛.제육은 부드럽고 고소하니 너무 맛있어요.하지만 가격 대비 양이 너무 적고,일행 모두 맛에 실망했어요ㅠ",맛있다
209,성천막국수,장희,고명도없이 심플한 막국수라길래 제육이 나오는 정식을 시켜봤다. 제육마저도 초라하게생김.. 제육 양은 적지만 맛은 좋았다. 메인인 막국수는 호불호가 갈릴듯. 맹맛 무맛 그런건 괜찮은데 이쿰쿰함은 안좋아하는 오래된 동치미의 향...같이 나오는 동치미 무도 그 동치맛이라 나는 불호.비빔은 불호가 없다는듯 나에게 안맞는 음식인거지 못만든 음식이라고 생각하진 않으니 괜찮다.,괜찮다
210,성천막국수,반말했다존댓말했다,물막국수고명하나 없는 간지...조미료에서 느껴지는 감칠맛이 1도 없는쿰쿰한 동치미맛이 너무 시원하고 깔끔하다제육양이적다 인당 정식으로 먹으면 좀 아쉬운 정도저 양이 정식두개의 양이다물론 맛있으니깐 아쉽기도 한거다비빔막국수참기름 들기름? 향이 코~소 하다 근데 물막이 더 맛잇어서 담에 가면 물막두개에제육먹기루 약속했다^~^겨울에 많이 가놓을걸ㅜ,맛있다
211,성천막국수,깽민,달달하면서 중독성 있는 비빔 막국수를 먹었다 참기름 맛이 가볍게 느껴지는 것도 묘미다 메밀면은 거친 느낌을 생각했는데 전혀 아니고 오히려 부드럽고 쫄깃한 느낌의 면이었다 마지막에 국물도 진국이다 사실 물 없이 참기름이 있던거라 국물보다는 국기름이라는 말이 더 맞다 제육도 맛있을 것 같던데 안시킨거 후회했다,맛있다
212,성천막국수,평냉쟁이,막국수에 고명이 하나도 올라가지 않는게 특이하다 그래서 눈으로 보는맛은없다 정식에 나오는 제육은 부드럽고 구수하면서 잡내가없고 쥔장이 가르켜준대로 동치미무와 양념장에 찍어먹는맛이 환상적이다 막국수면은 뻣뻣하고 동치미국물은 시원한 맛보다 군내가 좀 나는편이다 물론 이맛을 즐기는분은 좋아할것이다,괜찮다
213,성천막국수,cho2942,깔끔하고 맛있네요.물막은 호불호 갈릴듯해요,맛있다
214,성천막국수,지유,띠용.. 저 순수한 토핑.... 아무맛도 안난다... 육수맛... 정도 나는것 같다... 참기름을 냅다 부으면 참기름맛으로 먹을만 하게 된다.. 물은 정말 ... 정말 1젓가락 1띠용 하게되는 맛이다..  여러 매체에서 유명한곳이라고 해서 방문했는데.. 웬만하면 맛없다고 안하는데 진짜 맛이 존재 안한다 ㅠ 비빔은 참기름 버프 받아서 그나마 낫다.. 잘모르겠다...난싫다... 아무맛도 안나기때문이다....,별로
215,성천막국수,뽀로롱,정말 맛난 막국수 집약간 찝찌리한 국물 맛이 일품열번도 넘게 온 듯,맛있다
216,성천막국수,키다리아저씨,"답십리에서 꽤 오래된 성천막국수~고명이 하나도 없는 막국수지만 나름 유명하기도 하고~ 단골 손님들이 있어서 꾸준히 장사가 되는 곳이다. ***물 막국수 주의사항***평양냉면과 비슷하겠지?라고 생각하면 큰일난다.동치미 막국수라고 하던데?~ 동치미막국수는 맞지만...그냥 동치미가 아닌...묵은 동치미라고 봐야한다. 그래서 우리가 흔히 아는 새콤달콤시원한 동치미가 아닌...짭잘하고 쿰쿰한 맛이 나기 때문에 주의해야함!!! (육향도 살짝남)""물 막국수(5,500원)"" 짭짤하며 시큼 쿰쿰한 맛과 은은한 육향이 나며 살얼음이 띄워진 육수와 메밀의 함량이 높은건 아니지만...적당한 두께와 쫀득하고 탄력있는 면발이 특징이다.고명이 하나 없어서 당황 스러울 수 있으나 옛날 먹을 거 없을 시대에는 이렇게 먹었겠구나~ 하는 기분이 들 정도였다. 처음 접하는 사람은 호불호가 많이 갈리는 메뉴라고 생각한다. 나 역시도 평양냉면은 즐기는 편이긴 하지만...성천 물막국수는 묘하고 괜찮네~ 정도의 맛이였다. 분명 평냉과는 또다른 맛이라 생각한다. 기호에 따라 겨자,식초,다대기를 풀어서 먹는것도 하나의 방법이다.""비빔 막국수(6,000원)""메밀 면에...참기름과 양념 다대기가 전부!!너무 자극적이지 않고 은은한 매콤한 맛에~ 참기름 향이 살짝 나서 깔끔하게 먹기 좋았다.크게 호불호는 없을 맛!! ""제육 (10,000원)국내산""묵은 동치미 무짠지가 나오는데~ 여기에 다대기와 겨자.. 그리고 식초를 기호에 맞게 넣어서 섞어주면 먹을 준비 끝!!제육은 잘 삶아져서 촉촉하고 부드러웠으며 고기 누린내도 않나서 먹기 좋았다.살코기와 지방이 적절해서 고소하고 담백하다. 특히 제육과 양념무친 무를 함께 먹으니 제일 맛이 좋았다. 양은 많지않고~ 남자들은 혼자 먹을 수 있는 수준!!개인적으로 다른메뉴들은 몰라도~ 물막국수는 극과 극의 평가가 나올 맛이라 생각이 되어~ 그냥 맛있는 곳이라 하기엔 어려움이 있다고 생각한다.",괜찮다
217,성천막국수,Colin B,"평양냉면 저리가라 하는 순수함. 동치미 국물에 고명 하나 없이 덩그러니 남겨진 깔끔 그 자체인 메밀면. 대신 이를 보필해주는 담백한 제육이 있는데, 단골들을 보니 이 집만의 특이한 먹는 방식이 있더라는: 기본 찬으로 나오는 동치미 맛이 나는 무채에 겨자와 다대기를 넣고 썩썩 비빈 후 순진한 제육을 투하하여 양념에 더럽혀서 먹기!⠀⠀⠀⠀⠀⠀⠀⠀⠀⠀⠀⠀⠀⠀⠀⠀instagram: colin_beak",맛있다
218,성천막국수,김영민,어쩌면 이게 진짜 막국수일지도 슴슴하다는 맛과 잘 삶아진 퍽퍽하지 않은 제육자극적인 입맛엔 안 맞을수 있는 집입니다,맛있다
219,레알라면,소롱빠오,갈수록 왜 덜매워지나요 ㅠㅠ..맛은 있는데 라면이 밍밍해요..갈때마다 오렌지맵게로 먹는데 매운맛이 아쉬워요..,괜찮다
220,레알라면,모진수,"맵기로 유명한 레알라면. 맵당당이로서, 가장 매운 라면을 도전하지 않을 수 없었다. 당당하게 주문하고 당당하게 클리어했다. 킹뚜껑보다 맵지않거나 비슷했다. 나는 킹뚜껑도 잘 먹는다. 좋은 점은 저렴한 가격과 무한으로 즐길 수 있는 토핑이다. 뒤에 셀프바가 있는데 거시서 치즈와 콩나물(혹은 숙주)을 가져올 수 있다. 치즈를 많이 넣으면 맵기가 약해지니 매운 음식을 잘 못드시는 분들에게 치즈를 추천한다. 손님들 반응을 살펴보니 가장 안 매운 맛을 먹고도 힘들어하시는 분들이 몇 있었던 것 같당. 여튼 나는 맛있게 잘먹었다. 가까우면 자주 방문하고싶을 만큼!",맛있다
221,레알라면,S,"5/1 점심갓성비 해장라면매번 가봐야지 하다가 처음으로 방문했다. 레알라면 오렌지(5000원 주문)두번째로 매운 라면이라 하는데, 맛있었다. 무엇보다 좋은 점은 셀프바였다. 찬밥/따뜻한밥부터 해서 치즈, 건오뎅, 김치 등등을 무제한으로 먹을 수 있었다. 면을 먹다가 시원한게 필요하면 숙주도 좀 넣어주고 치즈 뿌려서도 먹고 밥까지 말아먹으니 살아있었다.라면은 먹고서 두피에서 땀이 나긴 했지만 쿨피스나 우유를 꼭 먹어야 하는 수준은 아니었다. 후추향이 강한 편이었고 매운 맛도 너무 과하게 인공적이거나 하진 않았다. 무엇보다 가격도 저렴해서 앞으로 자주 방문할 것 같다. 특히 술 먹고 다음 날 해장용으론 최고일 듯 하다.",맛있다
222,레알라면,추진단장,회기의 작은 라면가게.. 모 알사람 다 아는 곳이고점심 저녁 피크시간에 웨이팅 당연하구염나는 레드(5000)먹었는데-신라면 4배(첨엔 맛있는데 국물이 식으니 쓴맛이 조금 남...)엽떡 잘 드시는 분들은 문제없이 드실 수 있습니다레몬 단무지가 희한하게 맛있는 곳,맛있다
223,레알라면,kkonoo,원래 라면은 밖에서 안 사 먹는데 여기는 사 먹음!!계란도 두 개 넣어주시고 콩나물이랑 떡도 들어있어욤. 그리고 국물이 뭔가 더 맛있음,맛있다
224,레알라면,재민,말이 필요없죠 안가본 사람은 있어도 한번만 간 사람은 없을듯,맛있다
225,레알라면,맛되디,"<콧물 기침을 막아주는>9년전부터 꾸준히 찾고 있는, 거진 십년지기 식당 레알라면을 오랜만에 다시 찾아봤습니다ㅎ 외대에서 회기로 위치가 바뀌었지만 맛은 여전했네요.사실 주말에 감기기운으로 좀 고생을 했어요.. 절대 안 걸릴 거라 생각하고 얇은 차림에 여기저기 쏘다닌 탓인지 목도 후끈, 머리도 후끈해지더라구요ㅜ 이불 삼겹살 둘러메고 뜨거운 물 계속 들이켜니 하루만에 어느 정도 회복되긴 했으나.. 감기뚝떨(뚝 떨어뜨리기)엔 역시 뜨거운 국물 아니겠어요? 그 국물 보충을 위해! 갔습니다 레라로~사법고시를 준비하시던 사장님이 외대쪽에서 부업으로 시작하셨다 반응이 넘 좋아 본업 삼으신 걸로 유명한 레알라면은 경희대, 외대 졸업생 대다수가 대학생활 중 소울푸드로 뽑는 음식이기도 해요. 이름인 레알은 사장님이 레알마드리드의 열렬한 팬이셔서ㅋㅋ..한 때는 객기로 레드(가장 매운 맛)를 먹었다가 하루종일 시달린 적도 있고, 동아리방에서 낮술하고 해장하러 갔던 적도 있고.. 얽힌 추억이 많아 제게도 늘 돌아온 집 같은 레라! 자리에 앉자마자 보이는 다닥다닥 붙은 포스트잇, 셀프바의 반찬들, 밥 하나같이 그대로라, 이번에도 여지없이 '잘 돌아왔어' 환영받는 느낌이 들었어요.오늘의 주문은 오렌지(중간매운맛) 덜맵게에 계란 추가. 원래도 계란 두 개가 들어가니까 어지간한 계란덕후가 아니시라면야 추가까진 안 하셔도 될 거야요. 전 계란덕후라서..ㅎㅎ뜨끈한 국물, 푸짐한 국물, 일관되게 반숙인 계란들! 학창 시절 가던 식당을 지금 가면 그때여서 맛있었구나 생각하게되는 곳들도 많거든요? 그런데 여긴 이번에도 맛있었습니다... 오히려 오랜만에 먹어서 예전보다 더 맛있었던ㅠ라면 자체가 아주 특별하거나 대단한 음식이 아닌 건 잘 알아요. 누구는 미식과 가장 거리가 먼 음식이라고도 하구요. 하지만 전 일상에서 뗄레야 뗄 수 없는 친근한 음식을 맛있는 집에서 먹는 것도 미식이라고 생각해서! 어떤 호화로운 음식 못지않게 맛있었어요ㅎ리뷰쓰는 지금까지 목, 코가 멀쩡한 걸 보면, 주 방문 목적이었던 감기뿌리뽑기도 확실히 성공한 듯! 밥까지 말아 뚝딱하고 나와 코 팽 풀 때, 미세하게 남아있던 감기 잔재까지 싹 쓸려나갔나봐요 ^^재방문의사는 굳이 언급하지 않겠습니다. 여긴 백발 간달프할아버지가 되어도 계속 갈 식당이니까요. 회기 산해관, 와레와레 등에서 일차하고 가는 것도 추천! 여기 라면이 또 해장에두 그만입니다 허헛.ps)모 방송을 보며 진또배기라는 곡을 내중 흥얼거리고 있어서... 리뷰 제목에도 가사를 패러디해봤습니다. 진또배기 진또배기 진또배기이이이이~~~",맛있다
226,레알라면,즌짱,"오랜만에 레라!! 레알라면 이전하고는 처음 다녀왔어요! 맵기 단계별로 옐로우, 오렌지, 레드 세 단계가 있어요. 기본으로 계란 두 개가 들어가고, 셀프 코너에서 치즈와 밥을 가져다 먹을 수 있어요! 맵찐에게 오렌지는 너무 맵지만,,, 그럼에도 맛있는 레알라면 ㅠ ㅠ 매운 거 못드시면 옐로우도 충분히 맛있으니 옐로우 드세오ㅎ,,",맛있다
227,레알라면,귀차니즘,라면 집이라 그저 그럴줄 알았는데너무 맛있어여 치즈 밥 다 공짜고 맛있습니다,맛있다
228,레알라면,소롱빠오,"라면먹으러 강 건너 가는 곳!라면도 너무 맛있고 달걀2개, 떡, 콩나물 그리고 마음껏먹을수있는 치즈, 파 등등 진짜 혜자스러운곳 ㅎㅎㅎ사장님도 엄청 친절하시구 가격도 굿!다만,, 갈때마다 오렌지맵게 해서 먹는데 예전보다 조금 덜매워진것같은 르낌적인르낌 ㅠ_ㅠ그래도 자주생각나는 맛이라서 왕복 2시간을 무릅쓰고 한달에 한번씩 가는곳  강남쪽에 체인점 내셨음 좋겠당",맛있다
229,레알라면,오잉,새내기때부터 8년간 내 외대 최고 맛집이자 인생맛집. 보기에는 정말 별거 아닐 수 있다. 그치만 매운 음식 & 치즈라면 성애자라면 말이 달라진다. 한번도 안먹은 사람은 있지만 한번만 먹은 사람은 없을걸..한 때 레시피 따오고 싶은 마음에 알바를 해볼까도 생각했다. 오래 오래 해주세요 사장님!ㅠㅠ,맛있다
230,레알라면,silvert,그냥 일반 라면이였던걸로 기억합니다,괜찮다
231,레알라면,맛되디,"학부 일학년때부터 줄기차게 가던 식당이고, 으른이 된 지금도 추억에, 맛에 자주 가는 곳입니다. 외대에 있을 때는 줄 안 선 적이 별로 없는 것 같은데ㅎㅎ 경희대 시장 골목 안으로 옮긴 지금은 훨씬 이용하기 수월, 쾌적해졌더라구요. 맛은 늘 먹던 오렌지에 계란 두 알 추가해서 먹었어요ㅎ 계란은 그냥 추가해주시거든요 ^^ 국물은 여전히 얼큰하구 중독성 넘칩니다. 콩나물은 아삭하니 좋구요ㅎㅎ 터트리지 않았다 한입에 먹는 계란은 마무리를 황홀하게 해줘요 ^^ 해장이 아닌  식사로두 훌륭한 집입니다. 유일한 단점이던 혼잡과 위생도 이제 해결되었구요ㅎ 강추합니다!",맛있다
232,레알라면,치새미,시원한 맛의 라면이 아닌 다소 텁텁한 제대로 매운맛의 라면이다!!! 먹을때는 와 진짜 엄청 맛있다 하면서 먹지는 않지만 계속 생각나는 매콤함에 사장님의 친절함이 재방문 포인트...!! 매운맛을 섬세하게 주문할 수 있는데 정말 오렌지랑 매운 오렌지랑 레드랑 매운 느낌이 확 다르다!!!!,맛있다
233,레알라면,Ansu,"완전 계속 생각나는 라면집!! 매운걸 속에서 안받는 나는 속도 입도 편하려면 옐로우 맵게, 속 아플걸 감수하고 맛있으려면 오렌지or덜매운 오렌지를 먹었다. 치즈 안넣는게 더 맛있다. 안넣고 먹다가 다 먹어갈 때 슬쩍 넣어봤는데 진짜 안넣은게 훨씬 맛있었다 나는!",맛있다
234,레알라면,망둥,대체 이유를 알 수 없지만 술마시면 다음날 꼭 생각나는 라면이에요ㅋㅋㅋㅋ 항상 사람들이 줄 서있고 늘 인기많은 집입니다이걸 먹으러 외대까지 오실 필요는 없고 그냥 주변에 사시는 분이라면 한 번 쯤 가보실만해요!,맛있다
235,레알라면,다다,"누군가 외대에 놀러 왔다, 분식이 땡기는데 너무 분식같은걸  얘한테 같이 사먹자고 하기 민망할때. 혹은 김밥천국 라면은 먹기 싫을때, 혹은 혼밥해야하는데 어디 혼자가기 민망할때. 기타등등 레알라면을 추천한다.비록 필자는 매운걸 먹으면 하루종일 궁뎅이가 아파서 옐로우를 먹지만 주변 사람들의 평가에 의하면 오렌지에치즈추가가 그렇게 존맛이란다. 확인할 용기가 없음. 옐로우도 맛있음. 라면치고 고퀄이다. 고급진 느낌이 남. 물론 개인차는 있음. 벽면을 보고 앉는 구조. 매우 작음.  12명이 정원임. 식사시간에 웨이팅은 필수. 셋이상 같이 가봤자 같이 못앉음. 그냥 둘이나 혼자서 가는걸 추천함. 그리고 밥이랑 단무지,김치 무한리필인데 제발 좀 빨리 먹어서 회전좀 시키자. 어떤 사람들은 라면 한그릇을 삼십분 넘게 드시고 있는데 기다리는 입장에서 뚝배기 깨고싶음. 그래도 체하지 않게 꼭꼭 씹어 드세욤벽면에 포스트잇 남기는 재미도 있음. 접착제가 다 떨어져서 라면그릇에 포스트잇이 팔랑하고 떨어질수도 있으니 조심. 라면이 땡긴다. 아, 한그릇에 4000원 정도 함. 근데 그 이상 값어치를 한다고 생각함.",맛있다
236,레알라면,JW,맛있다! 여기서 유명한분 리뷰보고 지나가다 먹었는데 후추후추하고 얼큰하고 짱맛! 일주일전부터 계란을 아예 안넣고 판매하신다고한다. 참고하세요! 치즈 밥 단무지는 무한 셀프인듯요,맛있다
237,레알라면,NP,"맛은 그냥 라면맛이고, 저한텐 좀 매운편이었어요.그런데 맛을 떠나서 테이블과 벽이 닿는 부분에 홈이 있는데, 머리카락,먼지, 포스트잇이 섞여서 정말 비위생적이었어요. 사진에서도 포스트잇 구겨진거랑 먼지 보이시죠?  그걸보면서 라면을 먹어야하는데 올라올 것 같더라구요. 못봣으면 모를까...다시갈것같진않아요.",별로
238,레알라면,노가리구운김,울면서 레드 완주뛰던 친구의 붉은 눈이 잊혀지질 않는다,맛있다
239,레알라면,Lee,오렌지도 엄청매움ㅜㅜ 옐로와 오렌지 중간맛이 있었으면! 웨이팅이 길긴하지만 그만큼 맛있다.,맛있다
240,레알라면,에옹,여기 사장님은 일본에서 태어나셨어야 할분임장사를 하겠다는 것보다는 요리를 팔겠다는마인드가 보임 외대의 명왕 레일리,맛있다
241,레알라면,모모씨,밖에서 끓이는 라면 땡길때는 주로 이곳으로 옵니다! 라면에다가 콩나물. 조랭이떡. 달걀 2개 등이 푸짐하게 들어가있어서 한그릇 다먹고나면 배 터집니다ㅎㅎㅎ옐로우. 오렌지. 레드가 있는데 옐로우가 가장 안맵고 레드는 제일 매운라면입니다. 저는 주로 옐로우나 오렌지 먹는편인데 오렌지도 매워서 콧물 흘리면서 먹습니다 ㅠㅠ 그냥 밋밋한 맛이 싫다면 옐로우 조금 맵게 달라고 하면 그렇게 만들어서 줘요ㅎㅎ 가격도 싸고 맛있는데 가게가 작아서 식사시간때는 좀 줄서야대요ㅎ,맛있다
242,레알라면,이수아,정말 맛있어요 밥도 주시고 짱짱!,맛있다
243,레알라면,SeunghwanLee,"옐로는 평범한 맛, 오렌지는 좀 매운 맛, 레드는 고통스러운 맛ㅋㅋㅋ 매운 거 좋아하는 사람들도 레드 먹으면 속이 고생함ㅋㅋ 콩나물이랑 계란이랑 치즈 넣어주고 밥도 줘서 푸짐하고 좋음. 근데 호불호가 갈리고 모든 사람들한테 강력추천해줄 것까지는... 아닐 지도...",괜찮다
244,레알라면,띵시,"외대앞 식당 중에서 가장 애정하는 곳입니다! 사장님이 레알마드릿 팬이셔서 레알라면인 것 같습니다(간판에 로고 소심하게 있음) 매움 단계는 옐로우 오렌지 레드 순이고, 저는 오렌지도 너무 매워서 옐로우 약간맵게 치즈추가! 이렇게 먹습니당. 치즈를 추가하면 슬라이스치즈 두 장을 주십니다(+500￦) 조랭이떡, 얇은 가래떡, 김, 콩나물, 반숙달걀 두 개가 들어있어서 특이합니다. 계란이 많이 들어가서 마지막에 국물 마시면 내가 라면국물을 먹는 건지 계란노른자맛 탕을 먹는 건지 구분이 안 가욤... 그래서 저는 일단 계란을 앞접시에 빼놓습니다! 밥은 무한리필이고, 마늘장아찌와 후르츠칵테일(...♡)이 반찬으로 제공됩니다. 저는 학기중엔 꼭 1주1레라 합니다. 양도 꽤 많고 가격도 괜찮으니 우리 레라 많이 사랑해주세요.",맛있다
245,토성옥,따따따따,"이 갈비탕은 원래 한방갈비탕인 것인가, 약령시장 한약재 냄새를 맡고 들어와서 한방갈비탕으로 느껴지는 것인가.. 약령시장 한가운데서 먹는 갈비탕은 개성이 넘칩니다.저는 갈비탕이라는 음식 자체가 재료나 조리방법의 특성상 특별히 맛있기도, 특별히 맛없기도 어려운 음식이라고 생각했는데.. 토성옥의 갈비탕은 개성이 넘치고 특별한 맛이 있습니다.주메뉴인 갈비탕 외에 도가니탕이 많이 나가는 것 같았는데, 도가니탕의 국물도 아주 진하고 도가니가 꽤 많이 들어가 있습니다. 그만큼 가격도 갈비탕보다 1천원 더 비싸기도 하고요.경동시장, 약령시장 구경하고 토성옥에서 갈비탕 한그릇~ 좋습니다.",맛있다
246,토성옥,Capriccio06,"경동시장쪽에서 꾸준히 인기가 많은 갈비탕집. 한약재 상가 골목이라 근처만 가면 약초향에 건강해진 착각이 좀 든다. 설렁탕, 도가니탕, 수육이랑 메뉴가 많은데 갈비탕을 많이 드시는 듯. 가격도 괜찮고, 고기도 꽤 많고, 국물도 맑으면서 싱겁지않고 맛이 좋아서 식사시간대에 꽤 이른시간부터 붐빈다. 가게도 깨끗하고 친절하시고 식사하기 좋은데 김치가 취향이 아니라 좀 아쉽다는... 무나 배추나 다 덜익어서 나왔는데 이때만 그런건지 늘 이런지 모르겠으나 익은 김치 좋아해서 좀 많이 아쉬웠다. 김치 중요한데...",괜찮다
247,토성옥,snoopy,"부모님과 같이 갔는데, 어머님 왈: 근처 갈비탕 집 중에서는 여기가 제일 낫다. 기름기가 하나도 없다.진짜 기름 없이 담백한 갈비탕 맛이었어요. 다음번에는 다른 메뉴들도 도전해봐야 겠어요. :-)",맛있다
248,토성옥,Luscious.K,"#제기동 #토성옥""노포가 줄 수 있는 편안한 맛의 갈비탕""1. 망플앱에 ""가고싶다""로 찜해놓고 거의 8-9개월을 묵혔던 갈비탕, 곰탕, 설렁탕 전문점이다. 경동시장 옆 한약재 전문 도소매 시장인 ""제기동 약령시"" 뒷골목에 위치하고 있어 주로 상인 또는 한약재 등을 구입하러 온 손님들을 대상으로 꾸준히 한 자리에서 영업을 하고 있는 곳이기도 하다.2. 약재를 파는 메인 스트리트 뒷편의 식당가에 위치해 있는데, 약령시의 먹자골목의 위용을 보여주듯 거리 전체에 연한 한약의 향기가 배어있다. 게다가 폭우가 쏟아지는 날 습기 가득한 거리에 자욱하게 느껴지는 한약의 향기와 갈비탕집의 고기국 향기가 오묘하게 합쳐저 마치 '한방 갈비탕'을 연상케 하는 후각이 이 가게의 첫인상이다.올해로 34년의 업력을 가진 노포인데, 시장에서 이 세월을 버틴 내공으로 꽉차 있을 듯한 기대감이 새록한 곳이기도 하다.3. 이집의 독특한 점 중에 하나가 <스뎅>인데 ㅎㅎ 이집의 주요 집기들이 모두 스테인레스 제품이다. 가장 인상적이였던 것이 탕을 담아주시는 스뎅뚝배기였고, 김치통도 심지어 수저통도 스뎅이다.깨짐 방지와 가벼움 그리고 위생을 위해 선택한 굿아이디어가 아닌가... 음식을 기다리며 혼자 상상의 나래를 펴보았다.4. 개업 34주년 기념 왕갈비탕 프로모션 중이고 방문 목적이 갈비탕이라 설렁탕과 곰탕을 제치고 왕갈비탕으로 주문을 했다. (몇 년째 왕갈비탕 프로모션 중인 것은 안비밀)5. 스뎅똑배기에 담겨나온 갈비탕은 온화하다. 시중에서 흔히 먹을 수 있는 가볍고 조미료맛 많이 나는 국물이 아니라 묵직한 편안함이 차분하게 느껴지는 맛이다.갈비탕 특유의 간장 양념이 되어 있는데 그 감칠맛과 더불어 꽤 중후한 맛의 국물이다. 맛도 시원함도 있는데 온화한 느낌의 국물은 그져 신기하기만 하다.<참 편안하게 맛있다>6. 마치 쪽갈비 처럼 정형되어 들어가 있는 갈비도 5대 정도 들어 있어 고기도 넉넉하게 먹을 수 있다. 다만 시장 인심 치고 당면 인심은 좀 박한 것은 누들 러버인 나에게는 조금은 아쉬운 점이다.7. 김치가 참 맛있다. 살짝 단맛이 나는 시원한 석박지와 단맛 없고 젖국맛이 나는 배추김치의 대비가 인상적인데, 갈비탕 국물이 두 맛과 모두 어울리니 취향에 따라 즐기면 되겠다.보통 탕집의 김치와 깍뚜기는 맛의 결이 비슷한데, 이집은 반대맛의 김치가 매력적인 곳이다.8. 편안한 식당을 한 곳 더 경험했다. 맛이 편안하니 이집의 느낌도 편안하다. 아마도 이렇게 30년 이상의 세월을 이곳 상인분들과 함께 했나보다.PS: 사실 이날의 방문 목적은 토성옥이 아니라 <홍콩중화요리>의 간짜장이였으나 쏟아지는 폭우를 맞으신 홍콩중화요리 사장님의 체력 소진으로 저녁 장사를 안하신단다 ㅜㅜ목표를 이루지 못한 아쉬움도 컷으나, 이 기회에 맛있게 먹은 따듯한 갈비탕 한 그릇이 날씨와 조화로웠던 방문이다.그래도 다음엔 꼭 <홍콩중화요리> 간짜장을 먹을 수 있기를 ㅎ** 추천: 갈비탕#동네식당응원프로젝트",맛있다
249,토성옥,권오찬,"* 한줄평 : 약령시장 32년 업력의 설렁탕 갈비탕 노포1. 동대문구 제기동의 약령시는 전국 한의약재의 70%가 유통되는 공간이자 세계 최대 규모의 한약재 전문 시장이다. 수요계층이 한정된 한약재를 취급하는 유서깊은 클러스터에서 30여년의 업력이면 식당과 손님은 오랜 세월을 공유했을터..실제 이 식당의 손님 연령층은 지긋한 편이다.2. 이 곳은 바로 옆 직화 돼지갈비로 유명한 <감초식당>을 다니며 우연찮게 발견해서 쟁여놨다가 으슬으슬 추운 날 뜨끈한 국물이 생각나 방문하였다.3. 마침 개업 32주년 프로모션으로 13천원 갈비탕을 10천원에 행사 중이다. 갈비탕에는 실한 뼈갈비가 5대 정도 들어가고, 도가니탕에는 한입 가득 들어갈 사이즈의 도가니가 꽤 여럿이다.4. 절미라 하기엔 내가 그간 경험해온 전국구 맛집을 위협하기 모자르지만, 청량리와 제기동 인근 걸출한 설렁탕집이 없다보니 이정도만 해도 이 일대를 호령할만하다.5. 무김치도 큼지막하게 그리고 시원하게 절여진 것이 뜨거운 탕국물과 궁합이 좋고, 배추김치도 색깔이 엄청 먹음직스럽다.",맛있다
250,뚝닭,용인불주먹,맛있다!!! 건강하고 든든한 한끼로 최고~ 골목식당에 방영돼서 그런지 12시에 도착했는데도 식당이 꽉 차 있었다.데리야끼가 시그니처인듯하다. 촉촉하고 부드러운 닭고기와 잘 구워진 야채 + 우동면이 짭짤달콤한 데리야끼 소스에 잘 볶아져 나오는데 밥도둑이 따로 없다.킬링포인트는 밥! 마늘로 지은 밥에 마늘 후레이크를 섞어놓아서 끝도 없이 들어간다.마라는 간이 약한 마라샹궈 느낌인데 요것도 맛있었다.하지만 꼭 하나만 먹어야한다면 데리야끼 추천! 다음에는 고추장도 먹어봐야짓^^… 추베릅,맛있다
251,뚝닭,준영,골목식당 마지막 편으로 나왔던 뚝닭! 지금은 시그니처키친이에요ㅎㅎ 평일 11시 45분 쯤 갔는데 딱 만석이었고 저희부터 웨이팅이 많이 생기기 시작했어요. 그래도 메뉴가 복잡하지 않아 음식 나오는 속도가 좀 빠른 듯 해요.  넷이서 데리야끼 두개랑 고추장 두개 먹었는데 전반적인 소감은 지코바!(안먹어봤지만;) 친구한테 지코바가 혹시 이런 맛이냐 하니 거의 비슷하다고 하네요.. 그리고 분명 다리살을 쓰는데 이상하게 별오 부드럽지가 않아요. 고추장은 저에게 좀 매워서 개인적으로는 데리야끼가 낫더라구요ㅎㅎ 둘 다 간이 꽤 강하니 안주 정도라고 생각하시길! 저는 메인 닭요리들보다는 같이 나온 치킨 라이스가 큐민 향도 좋고 닭껍질 튀김도 간간이 씹혀 좋았어요.,괜찮다
252,뚝닭,코랄,퓨전 데리야끼 치킨 전문점.고대 정문쪽으로 이전하면서 이름이 뚝닭에서 시그니처 키친으로 바뀌었는데 아직도 뚝닭이라고 많이 부른다. 식당이 고대 정문쪽 골목 빌딩 안쪽에 숨어 있어서 찾기 약간 어려울 수도 있다.고추장 뚝닭은 생각보다 별로 자극적이지 않고 맛이 괜찮았다. 하지만 내 입맛에는 데리야끼 뚝닭이 더 맛있었다. 그리고 고추장 양념 버전엔 떡이 들어있고 데리야끼 버전엔 우동사리가 들어있는데 얘네들이 또 되게 맛있다.메뉴들이 스킬렛에 담겨 나와서 밥이 철판볶음밥처럼 살짝 눌어서 맛있었다. 버터가 많이 들어간 밥이라서 약간 느끼할수도 있다.메뉴가 전반적으로 양이 많다. 겉보기엔 학교 앞에서 점심으로 먹기 부담스러운 가격이지만 가성비 좋다고 할 수 있겠다. 여자 세명이서 1인분짜리 메뉴 두가지 시키면 배부르게 먹는다.사실 처음 갔을 때 라구 파스타가 먹고 싶어서 갔던건데 아쉽게도 라구 파스타는 생각하던 느낌이 아니라 너무 슬펐다. 고기맛이 진하게 나는 토마토미트소스를 기대했는데 장조림처럼 큼직큼직하게 찢겨 있는 고기덩어리들이 들어가 있는 파스타였다.레모네이드도 시켜봤는데 평범한 에이드가 아니라 예쁜 색의 음료여서 기분이 좋았다. 산성인 레몬즙을 만나면 보라색으로 변하는 버터플라이 피 플라워를 직접 우려서 만드셨다고 한다.직원/사장분이 굉장히 친절하시다.,맛있다
253,뚝닭,주배,"3.9 / 5.0여기 맛있다❗❗데리야끼 / 고추장 (각 9.0) 둘 다 맛있다!!사실 인공적인 맛..? 조미료..? 꽤 달달하다..? 의 느낌이 나는 곳이기도 하나, 저렴한 가격에 정말 맛있는 식사와 가볍게 맛있는 식사를 즐기기에 좋은 곳이다 가격에 비해 양이 진짜 많고!!(닭이 진짜 많이 들어가있다ㅠㅜ)데리야끼의 경우는 바람에 날려서 살아있는 듯한 참다랑어포의 움직임이..☆ 장난아니다데리야끼는 밥, 우동사리, 닭 고추장은 떡, 밥, 닭 으로 나오는데 (정말 미친조합이다ㅠㅠ)진짜 둘다 넘넘 맛있다ㅠㅠㅠㅜ 강추강추..같이 시키면 정말 단☆짠☆단☆짠의 향연...라구 파스타도 유명한데 나중에 방문했을때는 그걸 먹어봐야 겠다!안암에서 밥약을 한다거나, 학교에 놀러온 친구와 식사를 한다거나, 정말 맛있는걸 먹고 싶다 할 때 방문하면 좋은 곳!",맛있다
254,뚝닭,참외,"맛집 없는 안암에서 손꼽을 만한 맛집.원래 안암역 인근에 있다가 작년 쯤에 지금 있는 곳으로 이전하였다. 폐업(당시엔 사라지는 줄 알았으니 모두들 폐업인줄 알았다) 당일에는 긴 줄까지 가게 앞에 섰을 정도로 인기있던 곳. 당시엔 건물주 아드님이셨던 덕분에 비교적 저렴한 가격에 훌륭한 음식을 제공하였지만 이전하면서는 가격이 20퍼센트 정도 올랐다. 가격에 민감한 대학가 특성상 예전만큼 장사가 되는 것 같진 않지만 그럼에도 꾸준히 장사가 된다.성실하게 요리된 깔끔한 음식을 맛볼 수 있다. 다만 이전하면서는 조금 맛이 강해진 것 같다. 음식이 전반적으로 달아졌다. 어쨌든 안암 외부에서 손님이 왔을 때 가기 적합한 곳 중 하나.1인메뉴로 데리야키 라이스(9.0), 고추장 라이스(9.0), 라구파스타(13.0)이 있고 2인 메뉴로 데리야키(24.0)와 고추장 뚝닭(24.0)이 있다. 가격 차이는 브라질산 닭이냐 국내산 닭이냐에 따라 다르다. 양도 많고 깨끗하고 친절하지만 어쨌든 대학가 식당치곤 부담 있는 가격.맛 4.5/5위생 5/5친절 5/5가격 3.5/5",맛있다
255,혜성칼국수,진꿀이,난 일산 닭칼이 더 맛있도라?찰기없는 면 후추맛 좋음난 닭고기도 냄새 안나고 맛있게 먹었는데 리뷰보니 호불호가 많이 갈리네요?멀리서 찾아갈 정도는 아니지만 근처방문하실때 칼국수 드시고 싶은분들은 방문해 봐도 좋으듯~!!동네 어르신들 모여서 웨이팅 하는거면 말 다했디뭐,맛있다
256,혜성칼국수,쥐순0716,30년주민이추천한곳ㅎㅎ면도 쫄깃하고 육수가 이세상 육수가아님..처음먹어보는느낌 그리고 김치존맛탱괜히 3대째내려오는집이아님주인장할머니 악세사리화려하심 맛집이라 돈많이버신듯친절하고 맛있음 #항상함께해,맛있다
257,혜성칼국수,하이5,청량리 살았던 애기 시절할머니가 데리고 많이 갔다는데 내 기억엔 전혀 없는#혜성칼국수 !⠀국물이 찐하고 간이 세서 누가 먹어도 맛있어 할 맛 입니다. 일산칼국수랑 비교했을 때 좀 더 맑고 깨끗한 국물이라 전 더 좋았어요.양도 무지하게 많고 김치도 맛난 아주아주 오래된 칼국수집임다~,맛있다
258,혜성칼국수,김미상궁,근본을 넘어서는 맛,맛있다
259,혜성칼국수,네루야,"멸치로 먹었다. 면이 일반 칼국수처럼 흐물거리지 않아 식감이 살아있었고, 국물은 그냥 후추맛인데 개인적으로 개취였다. 김치도 중독성있다.가격이 8000원으로 올랐다니 아쉽. 약하게 추천해본다",맛있다
260,혜성칼국수,깽민,칼국수 단일 메뉴만 파는 집이다. 식당 벽엔 칼국수 하나만 걸려 있는데 주문할 때 멸치 칼국수와 닭 칼국수 중 하나를 선택하면 된다. 닭 칼국수로 먹었다. 기본적인 양도 적은 편은 아닌데 리필이 가능하다고 하다. 맛은 강한 편이다. 일반적인 닭칼국수의 진한 국물로 인해 맛이 강하기 보다는 후추 맛으로 만들어진 강한 맛이다. 시원 칼칼하다. 칼국수 면이 참 맛있다. 들쭉날쭉한 너비의 면에서 오는 변덕스러운 식감이 좋다. 중간쯤 먹고 매운 양념장을 더해 먹는다. 완전히 새로운 느낌으로 즐길 수 있다. 매운 맛을 별로 안 좋아한다고 하더라도 꼭 넣어 볼 가치가 있는 양념장이다. 닭칼국수 특유의 진한 맛은 아니었지만 매력있는 칼국수를 맛 볼 수 있었다.,맛있다
261,혜성칼국수,미동이,비려요,괜찮다
262,혜성칼국수,쭈꿈쭈꿈먹는쭈꾸미,코로나때문에 포장을 하려했는데 1000원을 추가로 받으셔서 그냥 매장에서 먹었다면은 덜익어서 반죽 맛이 나고 닭국물은 삼계탕같다는 리뷰와는 달리 후추맛만 났다학식만도 못하다 8000천원인 이유를 모르겠다차라리 국밥을 먹을껄 소문과는 달리 맛이 없다,별로
263,혜성칼국수,권오훈,"멸치,닭 두 가지를 시켰다. 근데 닭고기 고명외엔 비주얼에 차이가 없다. 국물맛을 보니 별 차이가 없다. 할... 멸치육수와 닭육수가 이렇게 비슷하다니... 뭔가 수상하다. 둘 다 MSG의 느낌이 강하게 온다. 그리고 육수 색깔이 이상하다. 왜 이리 브라운이지??? 면발을 후루룩 먹는데 너무 익숙한 향이 느껴진다. 그 맛을 느끼는 순간 모든 의문이 풀렸다. 라면스프 맛이었다. 라면스프를 넣었으니 두 가지 욱수의 맛이 비슷하고 색깔도 브라운 할 수 밖에....솔직히 맛이 없는 칼국수는 아니다. 기본육수+라면스프의 절묘한 비율을 찾았다 싶다. 면발은 내 기준으로는 너무 퍼져서 별로였다. 지나가다 한 그릇 먹을 수는 있겠으나, 찾아가서 먹을 집은 아니다. 근데 이거 자꾸 먹으면 중독될 거 같기도 하다 ㅎㅎ 그리고 닭고기 고명 비힌내가 났다.",괜찮다
264,혜성칼국수,서현,닭칼국수가 생각날때마다 들리는 집인데 육수가 정말 찐하고 양도 정이 넘쳐서 8000원에 배가 빵빵해지는 곳!리필 부탁드리면 국수를 새로 주시는 신기한 식당ㅋㅋㅋㅋ늦게가면 재료가 다 떨어져서 못먹을수도 있으니 조금 일찍가서 여유롭게 드시길 추천! 그리고 동네 맛집이다 보니 좌석이 부족해서 어르신들이랑 섞어서 앉아야 될 수 있어요~,맛있다
265,혜성칼국수,고독한쌍칼,닭칼국수 진짜 닭맛 제대로나고 국물 시원하고 최고야,맛있다
266,혜성칼국수,김찬영,"혜성칼국수(서울 동대문구 왕산로 247-1)맛 : ❤❤❤❤분위기 : ❤❤❤서비스 : ❤❤❤ 메뉴가 닭육수, 멸치육수 2가지인데요저는 추천받은 멸치로 선택. (닭육수는 닭비린내가 난다고 하는분들이 있다.)확실히 국물이 남다르다고 느껴짐. 일반 멸치육수보다 훨씬 진하고 자극적이다.분명 어디서 먹어본거 같으면서도 특이함.김치는 굉장히 시원한 맛이여서 입안을 개운하게 만들어줌. 다른 후기에 김치 칭찬이 많았는데 개인적으로 쇠맛(?) 이라고 해야하나 굴을 갈아서 넣으셨나.. 그런게 느껴지고 칼국수 맛이 묻혀서 리프레쉬가 필요할때만 먹었음.맛있게 먹었던 방법은 작은 그릇에 그냥먹고 후추를 뿌려서 먹고 다대기를 풀어서 먹는걸 추천함.한줄평 : 먹고 집가는길에 생각나는 맛",맛있다
267,혜성칼국수,웡키,멸치 칼국수와 닭고기 칼국수 주문함. 3명이서 2개만 시켰지만 양은 충분했을만큼 푸짐히 주심. 육수맛이 너무 좋다. 약간 맑은 느낌의 육수를 좋아하면 멸치 주문하시고 얼큰한 느낌의 육수 좋아하면 닭 주문하시길 바람.,맛있다
268,혜성칼국수,dotori,"5/10양이 엄청나고 정말 자극적이다. 회전은 빠르고 8시 반쯤 마지막 손님이 된다.운에 따라 맛 평가가 달라질 거 같다. 후추가 너무 들어가 있는 그릇을 받을 수도 있고 아닌 그릇을 받을 수도 있고. 후추 한 번만 팍 쳐도 잘 못 먹겠는 사람이라 어쩌지 싶기도 하면서 일단 시켰으니 혀 아파하면서 먹었다.멸치랑 닭 메뉴가 있는데 멸치는 별로고, 닭은 괜찮다. 근데 김치가 맛있으니 칼국수집으로 본분은 다 한 건가.",괜찮다
269,혜성칼국수,튀김계대부,"""혜성칼국수 since 1968.""설명이 필요없다. 살짝 울퉁불퉁하고 탱글탱글한 면발!!젓가락으로 툭툭 잘 끊어지며, 식감이 대단하다.간이 잘 되어있는 진한육수, 김치가 맛있다.1. 위치청량리역 롯데백화점 건너편2. 메뉴칼국수(닭 / 멸치) 8,0003. 맛그냥 너무 맛있었다.처음 이곳을 방문했을때는.. 칼국수를 먹으러 왜이렇게멀리가지? 칼국수가 거기서 거기 아닌가 생각했는데.먹어보니 달랐다. 매우 만족했고..이번에는 나도 너무 가고 싶어서 다시방문했다.오직 칼국수를 먹으려고.. 강남에서 청량리에 갔지만후회없는 집이다. 나중에 부모님과 함께 방문해보고 싶다.메뉴도 한가지이고, 낡은 노포이지만이젠 운치가 느껴지고 더 맛있는 분위기를 형성한다.손님들도 남녀노소 다양하게 들어온다.다른분들의 리뷰를 보니.. 의외로 호불호가 갈렸다.칼국수치곤 다소 비싼가격과..국물이 좀 진하고 후추향과 간이 짭쪼름한 부분에서호불호가 갈린 것일까?개인적으로는 가장 좋아하는 칼국수이다.심지어 오늘은.. 오랜만에 1일 1튀김을 못했는데도 행복하다.쌀쌀한 날씨에 혜성칼국수 한그릇! 강추한다.",맛있다
270,혜성칼국수,김태규,청량리..꼬꼬면이 더맛있습니다닭만먹었으니까 닭만평가,별로
271,혜성칼국수,임슐랭,핵!존!맛!탱!!!!!!!!사우나처럼 습하고 덥고 비까지 오는 날 가는데 대략 4-50분 걸리는 청량리까지 가서 먹을정도로 맛있는 그런 맛입니당. 칼국수는 멸치칼국수와 닭칼국수 두개고 개인적으로 멸치칼국수를 더 좋아해요 칼국수집은 칼국수뿐만 아니라 깍두기/김치맛집이어야한다고 생각하는데 여긴 김치도 짱맛입니다~ 소주 술술 들어가고 진짜 너무 맛있어요 여기ㅠㅠ 꼭 꼭 가세요!!! 저 저번주에 처음 갔는데 내일 또 갑니당...,맛있다
272,혜성칼국수,Ray,닭칼국수(8천원) 먹었는데 맛있었어요. 근데 사람이 너무 많아서인지 이쪽에 갈 일이 없어서 그런지 굳이 다시 찾아가지는 않을 거 같아요ㅋㅋㅋ,맛있다
273,혜성칼국수,뽀송누나,최고,맛있다
274,혜성칼국수, 퀸지,닭칼만 일곱 번째입니다.,맛있다
275,혜성칼국수,KJY,가격이 올라서 8000원이다. 멸치/닭 두 가지 맛이 있다. 점심시간(12-13시)에는 웨이팅이 있는데 줄은 빠르게 빠지는 편. 깔끔하고 맛있다! 하지만 멀리서 찾아와서 이 돈 주고 먹을 정도의 특별히 맛있음은 아닌 것 같다..,괜찮다
276,혜성칼국수,고바마,"쳥량리역 길 건너편에서 북쪽으로 조금 올라가면 미주상가를 지나서 있는 오래된 칼국수집입니다. 건물 간판에 Since 1968 이라고 적혀 있는 걸 보니 50년이 넘었네요. 메뉴판은 그냥 칼국수 ￦8,000 이라고 적혀 있지만 닭칼국수와 멸치칼국수 두 종류가 있습니다. 저는 닭을 좋아해서 닭칼국수도 괜찮은데 일부는 닭비린내가 난다고 하는 분들도 있습니다. 그래서 닭칼국수는 꼭 양념장을 넣어 드시는 걸 추천합니다. 손님들은 닭칼국수보다는 멸치칼국수를 더 많이 주문하는 것 같습니다. 가격이 다소 비싼 편이기는 하지만 양은 많은 편이며 리필도 가능하다고 합니다. 국물이 약간 매콤한데 고추의 매콤한 맛이 아니라 후추의 매콤한 맛이 좀 강한 편입니다. 반찬은 김치 한가지만 있으나 김치가 맛있네요.",맛있다
277,혜성칼국수,햄쮜여친,흠 뭔가 예전이랑 맛이 약간 달라진 느낌..?7000원에서 8000원으로 가격도 올랐고일요일 점심쯤에 방문했더니 사람도 너무 많아서다 먹고 숨도 못돌렸는데 득달같이 오셔서 그릇 치우시면서암묵적으로 나가라고 종용하시는 모습이 참 아쉬웠네요...지금까지 그래왔듯 앞으로도 종종 생각나면 방문하게 되겠지만 지금까지의 빈도로는 방문하지 않을 것 같아요메뉴는 멸치 칼국수 닭 칼국수 두 종류고김치가 겉절이인데 간이 약간 쎄지만 칼국수랑 잘 어울리며면사리 리필 가능합니다,괜찮다
278,혜성칼국수,이주현,"청량리 맛집이라는 혜성칼국수.닭칼국수와 멸치칼국수가 있는데, 전 닭칼국수를 먹어봤습니다.꽤 진한 육수에 후추향이 좋네요.개인적으로는 사랑방 칼국수보다 맛있었어요.그러나 굳이 다시 방문할 것 같진 않습니다.",괜찮다
279,혜성칼국수,E.T Jun ,청량리 근처에 있는 칼국수집입니다. 메뉴는 칼국수 하나고 닭이랑 멸치 둘중에 선택할수있습니다. 워낙 역사가 오래되었고 유명한집이라 점심때 12시 전에 오지 않으면 웨이팅을 하거나 합석을 하셔야 합니다. 맛은 단순하면서도 후추향이 은은하게 나는 평범한 맛인데 은근 중독성이 있는 국물입니다. 무엇보다도 이집이 인기 있는 이유는 무한리필이 된다는 점. 성인 남성2명이 3그릇 정도 먹으면 적당한것 같습니다. 반찬도 김치 딱 한종류인데 오히려 칼국수에만 집중할수 있어서 좋았습니다.,맛있다
280,혜성칼국수,노가리구운김,이렇게 찐득하고 자극적인 국물 너무 좋아한다다대기 팡팡!,맛있다
281,혜성칼국수,Pinguguguu,면을 리필 할 수 있는데 일단 처음에 주는 양이 많다. 개인적으로는 닭보단 멸치. 닭은 아주 약간 비린내가 났지만 못먹을 정돈 아니었다. 면발이 두툼한게 식감이 좋았다,괜찮다
282,혜성칼국수,승수 Kim,여기가 왜 맛집일까?후추맛 나는 국물에 좋지 않은 질의 닭고기.양이 많은것 외엔 장점이라곤 찾아볼수 없네요.,별로
283,혜성칼국수,Luscious.K,전국 최강 칼국수 중에 하나조미료에 길들여진 입맛에는 다소 맛이 없을 수도 있으나 구수한 닭국물 멸치국물과 겉절이의 조화가 최고툭툭 끊어지는 완전 손칼국수의 식감 또한 이 집 아니면 느낄 수 없는 독특함이 최고게다가 무한리필,맛있다
284,혜성칼국수,피글렛,맛있다와 괜찮다 사이의 별점을 주고 싶은곳?특별할거 없다고 생각하는데 계속 생각나는 맛이에요육수가 좀 특이한데... 이런 칼국수는 어디가서 먹기힘드므로 독보적이라구 생각합니당근데 양이 너무 많아요 2/3만 먹어도 배터짐ㅜㅜ남자들도 남기고 오는 곳점심에 가면 진짜 동네분들 짱 많이와서... 4인테이블에 합석해서 먹어야해요ㅠㅠ,맛있다
285,혜성칼국수,권오찬,"그저 좀 많이 오래된 식당이고, 메뉴도 국수 하나밖에 없는 전문 칼국수 식당이라는거 외 딱히 매력 포인트가..",괜찮다
286,고향집,snoopy,일일일순대국!! 고향집에서는 매번 특으로 먹습니다. 워낙 푸짐해서요.,맛있다
287,고향집,류청하,비도 추적추적 오고 해서 방문해본 고향집아바이순대. 리뷰에 호평이 많았던 순대정식을 먹어보고 싶었으나 혼밥이었기에 그냥 일반 순대국을 주문.독특하게 일반적으로 순댓국에 들어가는 부속들말고 간 허파 등 그냥 먹는 부위들도 들어가 있었는데 생각보다 나쁘지 않았다. 그리고 순대랑 부속이 굉장히 알차게 들어있어서 일반적은 순댓국보다 국물이 적어진다는 단점아닌 단점도 맘에 드는 점. 파도 잔뜩 썰어서 넣어주시는데 이건 약간 호불호가 갈릴지도?국물이 첫맛은 깔끔하면서도 곧 이어 돼지의 야성적인 맛이 혀에서 요동치는 와중에 들깨가루가 고삐를 잡아준다. 그야말로 소주를 부르는 맛이다. 다데기를 살짝 풀면 알싸한 매운맛이 마지막에 떠오르며 정리해주는 느낌. 역시 순댓국이나 돼지국밥은 이런 맛이 있어야지.요즘 국밥들 맛은 상향평준화되서 맛집의 기준은 깍두기라고 하는데 거기에 따른다면 여기는 최고의 순대국밥집이 아닐까. 직접 담근 것이라고 온몸으로 표현하고 있는 푹익은 깍두기와 김치는 너무 시지도 않고 오히려 슴슴하다고 생각될 정도로 깔끔한 맛을 자랑한다. 집김치같은 유니크한 식감은 덤.다음에는 꼭 친구를 데려와서 순대정식에 소주를 까보는 것이 목표. p.s. 위생은 구리다. 날파리가 서비스구역까지 날아다니는 걸 보면 주방도 대충 짐작되고…가게측도 딱히 막을 의지는 없어보이는게 크다. 전형적인 시장노포 분위기이라서 취향을 탈 듯.,맛있다
288,고향집,snoopy,"일일 일순대국중입니다. 최애순대국집인 고향집에서 어머니하고 같이 먹었는데 저는 특, 어머니는 보통으로 먹었어요. 저는 이 집의 푸짐함에 양 많다고 자랑하고 있었는데 어머니 왈: 양만 다르고 특별한 건 없구만~~! 어머니, 양이 많아서 특인 건데요? +.+",맛있다
289,고향집,snoopy,"국물은 간이 안돼있으니 따로 더해서 먹어야 합니다. 고기 다양하게 나오고, 순대도 내공 있는 것은 굿이에요!!",맛있다
290,고향집,권오찬,"* 한줄평 : 순대매니아라면 반드시 알아두어야 할 맛집1. 협의의 개념으로 <미식가>를 고급스런 음식의 향연을 즐기는 이라 정의한다면 나의 음식 기호상 미식가인가라는 질문에 선뜻 “그렇다”라고 답하기 애매한 부분이 있다. 난 비싸고 고급스런 음식보다는 스토리가 담긴 음식을 찾아다니는 취향인지라 미식가보다는 여러 음식을 두루 맛보는 것을 즐거움으로 삼는 <식도락가>에 가깝다. 2. 내게 있어 식당이란 지리의 기준점이 되고, 음식은 해당 지역의 문화를 이해하는 키워드이다.  2017년경 근무지 변경으로 가족과 떨어져 부산에서 반년가량 기거한 적이 있는데, 기러기로 살 당시에는 서울이 그렇게 그립더니 막상 떠나온 이후에는 부산에서 먹었던 <돼지국밥>의 향수에 한동안 빠져 살았더랬다.이 집은 그 향수를 충분히 만족시켜줬던 몇 안 되는 식당 중 하나이다. 3. 본디 청량리시장 골목에서 소규모로 운영하던 식당인데, 서울에선 제대로 먹기 힘든 아바이 순대와 오소리감투, 돼지뽈살과 각종 부속물을 아주 맛깔나게 내준다는 소문이 나며 작년 5월경 번듯한 규모로 바로 앞 건물로 이전하였다.4. 이 식당에서 가성비와 가심비를 모두 사로잡는 메뉴는 <순대정식 ; 2인이상 주문 가능, 1만원>이다. 마치 부산 돼지국밥집 <수육백반>처럼 뚝배기에 건더기 없는 국물과 넉넉하게 담겨진 아바이 순대와 부속물 등이 제공된다.5. 시중 순대국집에서 순대정식 구성물이 모둠순대와 수육,  간인데 반해 이 집은 뽈살과 허파, 돈설 등이 더해져 마치 꽃처럼 화려하게 빙 둘러 내어주는데 소주 한잔 없이 먹기 힘들 정도로 강렬한 유혹이다. 보통 시간이 지나면 순대와 간 등은 말라버려 특유의 돼지 잡내가 나기 마련인데, 이 집은 손질이 어찌나 잘 되어 있는지 마지막 한점까지 굉장히 만족스러운 기분을 유지시켜 준다.6. 특히나 <중국산 김치>에 대한 부담이 심한 요즘같은 시대에 “김치와 깍두기는 직접 담급니다”라는 벽면 안내문은 반가움을 넘어 환호성까지 자아내게 한다.실제 이 집 깍두기는 시원하면서도 아삭한 맛이 있어 국밥과 궁합이 매우 좋다.",맛있다
291,고향집,dotori,5/10순대정식근처 먹을 거 정말 없는데 들리기 괜찮은 거 같다! 정식에 원하는 부위 다 나왔는데ㅠㅠ 내장 먹으려고 순대 먹는 인간인데 너무 감사하고요ㅠㅜㅠ 순대는 특이했는데 잡으면 부서졌던 기억이ㅋㅋㅋ 여기 같은 집이 많으면 좋겠다.. 푸짐하기는 정말 배 아플정도인데 국물이 또 계속 땡기게 고소하다!예전 가게에서 눈으로 보이는 위치긴해도 망플지도에 적힌 곳에서 옆/앞(?) 건물로 이전했다.,맛있다
292,고향집,소현,친한 언니가 순대 먹고 싶다고 해서 갔다..! 가성비 끝판왕인 곳이다. 순대 정식 2인분 시키면 순대국+공기밥+사진에 보이는 모듬순대 주신다.. 이거 다해서 18000원... 그냥 모둠 순대 먹으러 가기 딱이다 !!  당연히 수육모둠순대가 종류나 양이 더 많겠지만 나와 언니는 하루에 다양하게 5끼는 먹어야하기 때문에 쪼금 먹고 다음 장소로 향했다...,괜찮다
293,고향집,키다리아저씨,"아바이 왕순대가 전문인 청량리 ""고향집""아바이 왕순대 주문하실거 아니면 무조건 ""순대정식"" 주문하세요^^순대국와 특순대국도 판매를 하지만~  순대정식을 주문하면 부속고기와 순대가 빠진 순대국 국물만 나오고~ 간, 허파, 아바이순대와 여러 부속 고기를 찜기에 쪄서 별도로 나와 다양한 맛을 느낄 수 있어서 좋습니다.특히 식사를 하시면서 술한잔 하기에 적합한 곳이더군요^^이곳에서 가장 맛있게 먹었던 아바이왕순대!! 깨끗하게 손질된 대창에 선지와 다양한 야채~거기다 곡류와 견과류까지 들어서 그런지...은은하게 느껴지는 단맛과 고소함의 콜라보가 좋았습니다. (다음에 재방문하게 되면 아바이왕순대만 주문해 볼 생각^^)허파도 보들보들 쫀득한 식감이 좋았고, 간도 다른곳에 비해 촉촉하고 부드럽게 먹을 수 있었습니다. 그 외의 부속고기도 깔끔하고 누린내 없어서 좋더군요.국물은 리필도 해주셔서 중간중간 부위별 고기를 국물에 넣어 먹기도 하고, 담백하게 새우젓이나 된장, 쌈장에 찍어 먹어도 맛이 좋았습니다. 국물 자체는 슴슴하지만 다른간을 안하고 먹어도 저는 괜찮더라구요. 약간의 임팩트를 원하신다면 칼칼하게 국물을 만들어 드셔도 고기들과 잘 어울릴듯합니다.밥도 주시니 배부른 한끼식사도 되고, 소박하지만 뭔가 든든하게 먹고 온 기분이 들어서 좋더군요.김치와 깍두기는 살짝 단맛과 시원한 맛이 올라오는데...통상 순대국집에서 먹어오던 김치와 깍두기의 맛과는 좀 다르게 느껴졌지만 나쁘진않았습니다.공간도 협소하고 위치나 지역 특성상 살짝 지저분하게 보일 수는 있는데, 음식과 가격대만 본다면 추천할만 하다고 생각합니다. 특히 술을 즐기시는 분이라면 더욱 좋아할 집.",맛있다
294,고향집,김성영,맛도 생각보다 별로고 간이나 허파가 들어있는게 저는 좋지 않았습니다. 무엇보다 직원실수가 있었는데 사과도 안하고 그냥 그렇게 보내버리는게 마음에 남네요그럼에도 진한 국물과 김치 깍두기는 훌륭했습니다.,별로
295,고향집,깽민,"들깨가루 올라간 고소한 국물, 맛도 식감도 크기도 대단한 피순대, 다양한데 모두 맛있는 부속 고기 다 좋았다 일단 피순대는 명불허전 꽉 찬 맛이다 안에 피 말고도 이것저것 들어있어서 씹는 맛도 있고 피가  가득 들어있어 먹는 맛도 있었다 부속고기는 허파 간 혀 머리고기 등등 나오는데 사실 내가 돼지 장기 별로 안좋아함에도 맛있게 먹었다 허파는 부드럽고 혀는 쫄깃하고 돼지 냄새 전혀 없이 맛있게 먹을 수 있었다 평생 음식 먹으면서 여기에 술 한잔 걸쳐야지~ 싶던 적이 진짜 별로 없는데 소주 한잔 기울이며 천천히 음식을 맛보고 싶은 집이다",맛있다
296,고향집,권오찬,"망플 홀릭, 장희님께서 올린 리뷰를 보고 가고싶다 찜해둔 곳인데, 맛집 불모지라고 생각했던 청량리에서 만난 꽤 괜찮은 소주 맛집!순대 전문점인데, 굳이 <소주 맛집>이라 칭한 것은 음식 비주얼을 보면 도저히 소주를 주문하지 않을래야.. 실제 나 말고, 모든 테이블이 여기 저기서 소주, 맥주를 추가 주문하는데, 특이했던 건 깔끔함과는 다소 거리가 있는 시장 골목 안쪽이고 메뉴조차 돼지 내장인 호불호 식당임에도 여자끼리 손님이 꽤 많았다는 것.. 주문 메뉴는 순대 정식(9천원)인데, 이 메뉴는 식사 메뉴라기보다는 반주에 최적화되었다. 순대국에 순대가 없다! 진짜 국물만 있다! 머릿고기와 아바이 순대, 간과 허파 등 안주로 집어먹기 좋게 찜으로 수북히.. ㅋㅋㅋㅋㅋ어린이 입맛이라 간, 허파 등은 안 건드리는 편인데 이 집은 잡내가 없어 거부감이 들지 않아 한두점 집어 먹다보니 어느새 클리어..오늘도 가고싶다 별을 하나 지운 보람찬 하루다!!! ㅋ# 추가잡설아바이는 <아버지>의 함경도 사투리인데, 우리네 아버지처럼 크고 든든한 느낌이라고 해서 <아바이 순대>라고 한다고.. 실제 우리가 분식집에서 접할 수 있는 찹쌀 순대와 비교해보면 느낌 딱 올 듯!",맛있다
297,고향집,장희,경동시장/청량리역근처. 8천원짜리 순대정식인데 엄청 잘나온다. 양도 양인데 맛도 수준급. 허파는 떡볶이집에서만 먹어봐서 안좋아하는데 허파먹고 처음 맛있다고 느꼈다. 머릿고기도 기름지고 부드러운맛.  메인인 아바이순대도 녹진하고 꽉찬느낌을 준다. 순대말고는 다른내장은 안좋아하는편이라 순대국시키려다가 순대국용 순대는 좀더작은거라 이거시킨건데  이걸고르길 잘했다. 다 좋은데 느끼함을 덜어줄 김치가 별로인게 아쉽다.,맛있다
298,여기가좋겠네,햄니,드디어가봤다… 골목식당 나온이후로 학교 쉅끝나고 가려고하면 항상 줄 길게 서있어서 못갔었는데…ㅠㅠㅠ 올만에 학교갔는데 빈자리 있어서 착석!!! 맛있습니다 ㅠㅠ 킹꿀맛 고기떡볶이 + 핵맛 닭볶음탕!!! 같이 간 친구 언니 오빠들 다 맛있다고 좋아했어요!!! 강추합니다..❤️ 복학하면 자주갈래요!!,맛있다
299,여기가좋겠네,zimzim,가성비가 완전 좋아요. 양이 푸짐해요. 맛은 무난해요.,괜찮다
300,여기가좋겠네,무밍요,"가성비 괜찮은, 대학시절 추억을 떠올리게 하는 공간. 경희대생이 아니었지만ㅎㅎㅎ괜히 추억이 몽글몽글 솟아난다.마늘향이 낭낭하다. 그래서 밥을 안비비고는 못베길 국물이다. 맵다는 표현보다는 칼칼하다는 표현이 더 맞을듯 하다 정말 한식스러운 닭볶음탕이라 반갑다. 그런 면에서 특별한 백종원대표의 레시피일까!! 하고 기대하고 온 사람이라면 실망할 수도 있겠다. 개인적으로는 닭한마리 같기도 한 듯 떡까지 쏙쏙 빼 먹으며 배불리, 기쁘게 맛 본 한 끼였다.",맛있다
301,여기가좋겠네,kkonoo,저렴한데 맛있음! 양념 진하고 양 푸짐하고.찜닭도 닭도리탕도 맛있는데 고기떡볶이는 개인적으로 별로.. 기름 많은 제육볶음에 떡 넣은 맛.,맛있다
302,여기가좋겠네,박범진,가성비 맛집!양많고 배 엄청 부른 집!!남자 둘이서 소자에 사리 추가해서 먹으면 든든!,맛있다
303,여기가좋겠네,윰윰,골목식당 보고 몇 번 갔는 데 웨이팅줄이 길어서 못 먹다가 드디어 먹었네요~! 왜 웨이팅줄이 긴건지 알 것 같아요:) 대학가답게 가격도 소자가 11000원으로 엄청 저렴한데 맛도 있고 양도 많아요~! 특히 떡이 넘나 보들보들>< 기름떡볶이도 맛있어요ㅎㅎㅎ,맛있다
304,여기가좋겠네,미동이,고기떡볶이만 사랑혀,맛있다
305,여기가좋겠네,Lia,"[AS 필요]여기는 백골에 방송타고 나서 바로 가본 집이에요. 남편이 완전 맛에 반해서 최소 1달에 2번은 갔었던 것 같아요. 하지만... 한 5번째 방문하고 나서 몇 가지 바뀌었어요. 가성비=> good 둘이서 가면 닭볶음 소, 고기떡 1개, 밥 1 공기= 18000원 인당 9000맛=> 6/10 so so~닭 크기가 더 커졌는지 조각이 커서 양념이 따로 놀아요. 충격적인 건.. 국물이 걸쭉~~~해질 때까지 기다렸는데도 가슴살을 먹었을 때 속이 아직 안 익고... 또 육수 추가하고, 또 끓이고... 결국 떡만 먹다 온 것 같아요. 뼈도 커서 살이 많지 않아요. 치킨도 이 정도는 아닌 것 같은데 ㅠㅠ 닭도리탕 맛집 리스트에 있었던 집인데.. 너무 아쉬워요. 혹시나 해서 지난주에 다시 갔는데 사진처럼 또... ㅜㅡㅜ백선생님 AS  가능하실까요 ㅠㅠㅠㅠㅠ남편이랑 다른 집을 찾아보려고요...",별로
306,여기가좋겠네,Ray,"4명이서 닭볶음탕 대자랑 고기떡볶이 먹었고 양은 살짝 과한 정도였어요.  먼저 나온 고기떡볶이는 짭짤하니 좀 자극적이었고요. 닭볶음탕은 깔끔한 양념 맛에 고기도 부드러웠지만 그냥 딱 그 정도에서 그치는 맛이라고 할까요. 굳이 다시 오게 될까 싶은 느낌이었고, 멀리서 찾아올 곳은 더더욱 아닌 것 같아요. 자극적인 고기떡볶이랑 깔끔한 닭볶음탕을 같이 먹는 게 그닥 좋은 조합도 아니었고요.",괜찮다
307,여기가좋겠네,고독한쌍칼,맛있고 배부른 닭도리탕,맛있다
308,여기가좋겠네,닭발러버,정말 맛있어요! 제 입맛엔 다소 짜긴 한데 맛있고 싸서 정말 좋아하는 곳이에요 고기떡볶이도 진짜 땡기는 맛? 사실 떡볶이 먹을 때 떡 안먹는 떡시러맨인데도 떡을 계속 집어먹게 되는 맛이에요 고기보다는 떡이 맛있음 ㅎㅎㅎㅎㅎ 밥2개 고기떡볶이 닭볶음탕 소자 주문하면 19000원에 둘이 배터지게 먹고 나옵니다! ㅎㅎ,맛있다
309,여기가좋겠네,이지은,고등학교때 추억의 집. 예전에 은지원 닮은 훈남이셨는데. 사장님도 늙고 나도 늙고,맛있다
310,여기가좋겠네,이또먹,반찬을 노골적으로 재사용하는 더러운 집,별로
311,여기가좋겠네,AlexTheFood,"#190114바나#여기가좋겠네 #백종원의골목식당회기동가성비 좋은 닭볶음탕과 고기떡볶이가 유명한 밥집★⠀1년만에 만난 친구가 먹고 싶다기에 갔는데,백종원의골목식당 출연한다는 소식 때문인지웨이팅이 생겨있는 것을 보고 깜짝 놀랐다...⠀새내기 때 뒷풀이로 방문했던 기억이 있어어릴 때(약 7년 전) 기억을 더듬으며닭볶음탕 '소'자와 고기떡볶이를 주문.⠀닭볶음탕은 '소'라 한 마리가 다 들어있진 않더라.닭에 양념 간이 잘 안 배어있어 아쉬웠지만마늘이 듬뿍 들어간 국물과 함께 먹으니 괜찮았다☺⠀고기떡볶이는 제육볶음 같이 얇게 저민 돼지고기와양배추/양파 등으로 달달한 맛을 낸 떡볶이.닭볶음탕과 동일하게 두꺼운 쌀떡인데 난 '호'였다☺⠀추억미화 탓인지 솔루션을 받은 건지 옛날보다 맛있더라.특별한 맛은 아니지만 가성비가 좋은 곳이다.혼자 가기는 애매해서 친구와 함께 방문해야 하는 곳 :(⠀* 졸업 전까지의 짧은 시간 동안추억의 장소들을 열심히 돌아다녀봐야겠당...-⠀#닭볶음탕 '소' 11000 ★★★☆#고기떡볶이 6000 ★★★☆#공기밥 1000 :(",괜찮다
312,여기가좋겠네,즌짱,"문 닫는다고 하셔서 닭볶음탕 중 하나 포장해와서 먹음. 맛있어요- 골목식당 나가신다는데 대체 왜 나가시는지 의문 들 정도,,, 덕분에 더 핫하긴 하지만 여기가 좋겠네는 이미 충분히 알려진 가성비 조은 맛집임니다..",맛있다
313,여기가좋겠네,춘,"경희대 근처 가성비 맛집.닭볶음탕이 메인으로 둘이 가서 닭볶음탕 소자 하나랑 고기떡볶이 하나 시키면 2만원이 안 되는 가격에 배불리 먹을 수 있음.닭볶음탕은 닭 반마리에서 2/3마리 정도가 들어가는데 별다른 재료가 안 들어갔고 자극적인 맛으로 먹는거지만 가끔 이런 불량한 맛도 땡길 때가 있다. 기본적으로 닭이 익혀져서 나오지만 은은한 불에 한참 더 졸여서 닭껍질의 기름이 충분히 나온 후 먹기를 추천함. 고기떡볶이는 제육볶음할 때 쓰는 돼지고기 다릿살이 들어간 역시나 단짠단짠한 맛의 떡볶이. 닭볶음탕 졸여질 때까지 기다리며 먹으면 좋을 듯. 다만, 가성비를 고려하더라도 조미료와 설탕에 의존한 자극적 풍미는 오래 먹기에 다소 지치는 감이 있음.한 3년 전에 왔을 땐 닭볶음탕 소자가 9천원이었나? 여튼 만원이 안 되는 가격이었는지라 너무나도 감사한 마음에 먹었는데.. 이제 11천원으로 인상되고나니 뭐랄까.. 11천원도 가성비 좋은 가격이긴 하지만 예전만큼의 감동은 덜했던듯... 사람 심리란.. ㅋㅋ허나 가격 이런거 안 따지고 그냥 단짠단짠 자극적인 닭요리와 소주 한잔이 땡길 때 방문하면 좋을 듯.",괜찮다
314,여기가좋겠네,촘촘,회기에서 먹을거 없으면 이거 먹으러 가면 된다,맛있다
315,여기가좋겠네,*,"#닭도리탕(소)10,000 #고기떡볶이5,500 #공깃밥2개 2,000 #사이다1,000드디어 가봤다...!!! 옛날부터 가보고싶었는데 가성비 아주 그뤠잇이라하여ㅋㅋㅋ 둘이서 닭도리탕 소짜먹으면 딱인데 고기떡볶이가 유명하다하여 배터지게 두 메뉴를 시켜먹음. 음식 모두다 MSG 가득한맛... 그치만 그 맛에 먹는듯 ㅠㅠ 초딩입맛이라.. 달고짜고.. 이런맛만 찾아다니는듯.. 오후3시쯤이었는데도 사람이 많았어요!! 저녁에는 웨이팅 정말 쩔듯하네요 대학가 이래서 너무조음 절대적으로 맛집은 아니지만 양과 맛 모두 가격대비 우수하여 아주 혜자에요.. 개인적으로 닭도리탕은 닭고기와 국물이 따로노는느낌ㅠㅠ 간이 안베어서... 감자도 별로였구.. 그치만 그냥저냥 양많고 그 가격에 닭도리탕을 먹을수있다는거에 감사해야할듯! 제 입맛엔 고기떡볶이가 더 맛있었어요ㅋㅋ 가성비 슈퍼그뤠잇!!!",괜찮다
316,여기가좋겠네,카시오14자리,저렴한 가격에 저렴한 맛.딱 고정도!,괜찮다
317,여기가좋겠네,이재윤,배고플 때 먹어서였는지 몰라도 내가 아는 찜닭하는 집 중에 가장 맛있고 양도 괜찮은 집 중에 하나다.친구들 데리고 가서 먹어도 다들 만족해했음,맛있다
318,여기가좋겠네,천지영,"여.좋여.좋 노래를 부르다가 간 여.좋닭볶음탕도 닭볶음탕이지만 고기떡볶이가 진짜 ㄹㅇ 신의 한 수‼️‼️솔직히 양으로는 아무한테도 안 질 자신이 있는데 1인 1메뉴가 되게 많았다! 다음에는 떡볶이 2개만 시키거나, 닭볶음탕 '소'자 하나만 시켜도 될 듯!!그리고 현금으로 계산 하는 게 훨씬 싸니까 현금을 챙겨가자 맛있쪄",맛있다
319,여기가좋겠네,승수 Kim,경희대앞 전통의 강자. 어수선한 분위기지만 가볍게 식사나 소주한잔하기 좋아요.,괜찮다
320,여기가좋겠네,Lee,옛날에만 가보고 최근에는 가보지 않았음. 조미료맛이 정말 많이 강한데 가격이 어어어어엄청 저렴하고(약5~6년전이긴하지만..) 한끼 떼우기 좋다.,괜찮다
321,여기가좋겠네,qwert,약간 비위생적으로 보일수 잇다맛잇다 msg 맛이 강하다,괜찮다
322,여기가좋겠네,Nov09,조미료맛이 맛이 많이 난다. 그래서 자꾸 입에 촥촥 붙음. 단짠매콤맛! 닭도리탕(소)9000원 고기떡볶이 5500 원인데 둘이먹기에 양이 어마어마함. 떡도 쌀떡볶이라 배가 터질듯이 부름 ㅎㅎ 현금으로 계산하면 예전금액으로 계산해주신다. 저거두개에 공기밥 두개해서 15000원으로 현금계산함. 식사로도 술안주로도 최고!,맛있다
323,여기가좋겠네,뀨엥,배부르게 맛있게,괜찮다
324,여기가좋겠네,머큐리 ,싸고 맛있으며 양이 많아요. 현금할인 천원까지!,맛있다
325,여기가좋겠네,빕규르망,15년전부터 아직까지 가격변동이 1~2000원 밖에 안한 정말 저렴한 경희대 명물닭도리탕이 유명하지만 단골들은 고기떡볶이를 더 많이 시켜먹는다 워낙 싸서 둘다 시켜도 부담없다조미료 맛이 엄청 나고 달아서 먹은 후 니글거린 기분은 있지만 가끔 문득 소주한잔 생각나는집,맛있다
326,여기가좋겠네,LeeNarae,싸고 맛있고! 조미료!ㅋㅋ일학년때 자주 갔었어요약간... 위생은 별로 좋지 않은듯 하지만요,괜찮다
327,여기가좋겠네,Ahram Park,닭도리탕 짱,맛있다
328,본가할머니보쌈,Ansohwee,신입생때 5000원이던 가격이..어느새 8000원으로.....^^세월 그래도 요즘 물가를 생각했을때 여전히 가성비 넘치는 보쌈정식투박하게 썰어낸 수육과 달달한 보쌈김치의 맛은 실패하기 힘들죠정말 여기 김치가 묘하게 한번씩 생각나더라구요소소하게 같이 나오는 밑반찬과 더불어 된장찌개를 뚝배기에 하나씩 주는것도 참 좋아요남자동기들이 참 좋아했던 기억...그만큼 실패없이 한끼 든든하게 해결하기 좋은곳이지만 특별할건 없는 평범한 밥집이라 괜찮다로!,괜찮다
329,본가할머니보쌈,뿌디,"— 순전히 맛으로만 평가하기 어려운 ‘할보’ —7000원의 가격에서 1만원의 가격으로 오르기까지 방문했던 곳. 맛에 관해서라면 그 누구보다 냉정하다고 자부하지만, 어찌보면 이 또한 주관적인 것이기 때문에 엄청난 맛이 아니더라도 추억덕분에 맛이 배가 되는 곳도 있다.할보(줄임말)는 외대근처에서 가업을 이어 내려온 집으로, 외대 정문쪽/ 후문 / 회기역에 지점을 두고 있다. 아버지가 보쌈을 삶으시면, 이를 타 지점에 배분하는 등 최대한 맛이 변하는 걸 막기 위해 노력한다. 후문쪽 할보 방문.1. 보쌈정식을 7천원에 먹는 건 대학생들의 한끼 식사를 훌륭하게 채워주는 것이다. 물론 단가로 지금은 만원이 되었지만, 푸짐하게 썰려 있는 고기와 김치, 된장찌개로 이미 게임 끝.2. 구성은 사진으로 보다시피 보쌈/김치 + 밥 + 고추 메추리알장조림 멸치볶음 된장찌개로 단조롭다. 하지만 이 단조로운 구성 하나하나가 정겹고, 보쌈의 질도 좋다. 다만 취향에 따라 비계가 많은 부분을 받으면 느끼할 수도 있어 주문 시 사전에 말씀드리면 알맞게 주실 것이다.3. 보쌈정식/ 곱빼기가 가장 많이 나가는 메뉴고 이 외에 보쌈 양을 늘려 술 안주로 팔기도 한다. 혼밥하기에도 아주 좋은 분위기고, 걍.... 맛있다 ㅎ 간이 되어 있어서 굳이 새우젓은 따로 필요없다.+ 아쉬운 건 상추쌈이 있었으면 좋겠다 정도???",맛있다
330,본가할머니보쌈,dotori,5/10찬들이랑 다 같이 생각하면 가격에 비해 괜찮게 나온다!,괜찮다
331,본가할머니보쌈,정뱅이,무난하게 보쌈정식 먹을 수 있어요.외대근처라 학생들도 자주 찾아오는거 같아요.,괜찮다
332,본가할머니보쌈,룡키,"3-4년동안 단골이었을만큼 자주가던 집이었는데 혼자 갔을 때 1인손님 안받는다며 쫓아냄. 그 뒤로 빈정상해서 안가게 됐는데, 가격도 오르고 잘됐다 싶기도.",별로
333,본가할머니보쌈,kkonoo,여기 항상 사람 많아요!! 보쌈정식 7천원인데 한 사람당 된장찌개 하나씩 나오고 보쌈 양도 많고 맛있어요~ 저는 살코기를 좋아해서 더 마음에 들었는데 지방 좋아하시면 별로일듯,맛있다
334,본가할머니보쌈,AlexTheFood,"#190110바나#할머니보쌈경희대 앞 혼밥하기 좋은 가성비 보쌈 식당☺⠀원래 외대 앞에 있던 보쌈 집인데,사장님께서 이 쪽으로 오신 거라고 말해주셨다.구성이나 맛이나 그대로라고 생각하면 될 듯.⠀고기는 비계부분부터 부드럽다.쫄깃한 고기를 좋아하시는 분들보다는부드러운 고기를 좋아하시는 분들이 좋아할 식감.⠀김치는 약간 진하고 달달한 보쌈김치인데,보통 무김치가 나오지만 여긴 배추김치로만 나온다.간이 좀 센 편이라 자극적인 거 좋아하시면 추천!⠀하나씩 나오는 도토리 묵이나, 멸치볶음,된장국 같은 반찬들도 있어 항상 인기가 많은 곳이다.가성비 좋게 보쌈을 즐길 수 있다는 게 아주 큰 장점.⠀외대/경희대생이라면 모를 수가 없는 유명한 곳이다.특별한 맛은 아니지만 든든한 한끼라 좋은 곳.혼밥할 때 눈치 안 보이니 당당하게 가도록 하자- 추천★-⠀#보쌈정식 7000 ★★★☆",괜찮다
335,본가할머니보쌈,HanDongheon,외대맛집인정김치먹는데역대급양도짱많아,맛있다
336,본가할머니보쌈,JaehoLee,특별한 것은 없는 집입니다. 반찬이 많이 나오는 게 특징인데... 이런 곳에서 나오는 반찬은 신뢰가 가지는 않아서.,괜찮다
337,본가할머니보쌈,미식가인척하는막입,외대 면접가서 먹었던 맛을 잊지못해서 몇번이고 다시 찾은집! 보쌈정식이 양도 많고 진짜 맛있어요!! 같이나오는 천사채 무침은 별미입니다..♡ 여기서 이거먹고 추운날 쥬씨에가서 체리주스를 먹으면... 천국입니다..거기서 드러누우세요... 그냥 손맛이 좋으신거같아요 모든 반찬이 맛있거든요,맛있다
338,본가할머니보쌈,장희,7천원인데 싸다고 푸석한 고기도 아니고 촉촉하고 부드럽다. 양도 많아서 밥은 다 먹었는데 고기가 남을정도. 지방이 많은 고기가 양까지 많다보니 약간 느끼하긴하다. 된장국이나 반찬은 평범하지만 만족스런 한끼,맛있다
339,본가할머니보쌈,지원쓰,외대생 친구가 데려간 곳! 저렴한 가격에 든든히 먹을 수 있다,괜찮다
340,본가할머니보쌈,E.T Jun ,외대인이라면 모를수 없는 보쌈집. 점심시간이면 항상 학생들로 인산인해를 이룸. 요근래 천원이 인상되긴 했지만 그래도 아직까지는 매력적인 집. 대부분이 보쌈정식을 시켜먹음. 보쌈고기는 삼겹살을 사용한다고 하시는데 그래서 그런지 잊에서 살살 녹는맛이지만 많이 먹으면 조금 느끼할 수가 있음. 그때 같이 나오는 된장찌개를 곁들여 먹으면 무한한 반복이 가능함. 반찬은 정말 기본적인것만 있지만 보쌈고기 양만으로도 꽤 배부른 집.,맛있다
341,본가할머니보쌈,예 림,아아 사진만 봐도 말 추억이 새록새록!신입생이었을 땐 5000원이라는 아주 착한 가격에 보쌈을 먹을 수 있었는데 지금은 가격이 얼마인지 잘 모르겠네요! 그래도 저렴한 가격이겠죠?완벽한 퀄리티라고 말할 수는 없지만 가격을 생각하면 야들야들한 고기와 딱 알맞은 간의 보쌈김치의 조화에 무조건 감사할 수 밖에 없는 곳. 찌개도 같이 나오는데 그렇게 다 먹고나면 배가 아주 든든한 느낌이  들어서 재학생 시절 자주 찾았던 곳이에요. 없어지지 말아주세요ㅠㅠ!,맛있다
342,본가할머니보쌈,띵시,"가성비 ●●●●○맛 ●●●○○분위기 ●●○○○재방문의사 90외대인들의 마음의 고향. 저기 경희대 한예종 학생들도 많이 먹으러 온다. 워낙 저렴하기 때문! 반찬은 적지만, 보쌈 양이 꽤 되어 배부르게 먹을 수 있다. 예전에는 현금 계산 시 밥을 한 그릇 더 제공했다고 한다. 성별에 따라 고기 양을 다르게 준다(ㅠㅠ) 된장찌개도 1인 1뚝배기!",맛있다
343,본가할머니보쌈,BECKHAM,학교 다니면서 수도 없이 갔던 이문동의 강자.식사시간이면 늘 붐비는 추억의 그 곳.,맛있다
344,솔낭구,미동이,제육 ㄱㅊ합니당,괜찮다
345,솔낭구,뿌디,"— 제육을 왜 남자의 음식이라 하는걸까 —회기/이문동 일대 7년 거주한 나의 지인이 사랑하는 솔낭구. 대학교 새내기 시절부터의 추억이 서려있다나 뭐라나. 암튼 그래서 따라 가봤다.사실 별그없다. 딱 대학가의 편안하고, 안락한 식당느낌.가격이 지금은 조금씩 올랐지만 여전히 합리적으로, 제육백반이 제일 유명하다.곳곳에 경희대생들이 앉아있고, 혼밥러들도 더러 있다.본인의 입맛에는 살짝 간이 세고, 짠 편이었지만.. 지인의 입맛을 충족하기에는 더할 나위 없었다. 빨간 고추장 양념에 그득히 담겨 있는 제육볶음을 쌈에 싸먹다 보면 밥 한그릇 더! 를 외친다고 하더라.사실 이런 백반 반찬은 본인의 어머니가 훨씬 요리를 잘하셔서, 솔낭구가 백배 더 낫다 이런 말은 못하겠다...아니면 본인의 입맛이 너무 상향평준화 된 탓일까...지인이 이 일대를 지나갈때 늘 가고 싶어하는 걸 보면, 뭐랄까. 남자의 어떤 추억을 불러일으키는 것 같긴 하다.자 그러니 혹시 왜 제육볶음과 돈까스가 남자의 음식이라 하는지 아는 분은 댓글로 답변을.....",괜찮다
346,솔낭구,즌짱,"돼지불백 8000원저렴한 가격에, 빠르게 나오고, 양도 많고, 밥은 무한 리필 가능하다. 함께 나오는 반찬의 가짓수도 많고, 대체로 맛이 괜찮다. 돼지 불백은 맵찐에게 약간 매콤한 정도. 가격 생각하면 맛있다 10번 줄 수 있는 곳",맛있다
347,솔낭구,kkonoo,예전에 너무 싸서 지금이 비싸다고 느끼는 사람들도 있는 것 같지만 백반 7천원에 깔끔하고 아주 맛있게 잘 나옵니다. 개인적으로는 근방 백반집 중에 제일 좋아함! 돼지갈비 주문하면 게장도 나와여,맛있다
348,솔낭구,guilietta,"아...여기 얼마나 많이 지나쳤는데 왠지 간판보고 안 들어갔는데 아...진짜 한 끼 식사 든든하게 하고 싶다면 강추...한식 먹고 싶은데 고민이라면 솔낭구 강추! 7-8천원 가격으로 반찬이랑 찌개나 뚝배기불고기 혼밥 가능, 제육볶음 먹고 싶은데 2인 이상이라 혼밥러는 슬픔. 여튼 경희대병원 맛집으로 인정",맛있다
349,솔낭구,평양냉면 대법관,학교 앞이라 종종 밥먹으러 가는 집. 돼지불백 7000원인데 가성비가 괜찮다. 맛있다는 아니지만 7천원에 든든한 식사 그 이상을 바라기에는 무리가 있지 않을까...재방문의사가 있어서 4년째 종종 댕기는 집이당,맛있다
350,솔낭구,AlexTheFood,"170323.맛 ★★★☆ 분위기 ★★☆ 가성비 ★★★★ 재방문 의사 있음 주문한 메뉴 (2명 방문) 돼지불백 2인분 - 7000*2 = 14000원 총 14000원내가 경희대 앞에서점심 때마다 가는 단골집이딱 두 군데가 있는데,그 중 하나가 저번에 리뷰한'용용이네 식당'이고,나머지 하나가 오늘 리뷰할 '솔낭구'이다.두 곳의 공통점을 찾자면,가성비가 좋다는 것.두 식당 모두 7000원에정말 배불리 맛있게 먹을 수 있어서매 점심시간 때마다 고민한다.다른 건 다 필요없다.무조건 2명 이상 가서돼지불백으로 통일하도록 하자.주문하면 제일 먼저상추와 깻잎을 주시는데,마음껏 먹으면 된다.먹다가 부족하다 싶은 순간이모님께서 갑자기 접시를 낚아채셔서다시 가득 담아서 주시니까.돼지불백은 항상 미리 해놓으시는지꽤 빨리 나오는데,정말 양이 많다.먹어도 먹어도 끝이 없는 돼지불백.맛은 당연히.맛 없으면 양이 무슨 소용이겠는가.용용이네와 마찬가지로솔낭구도 계란찜, 찌개, 반찬 등이것저것 기본으로 많이 나온다.그래서 밥을 정말 많이 먹게 되는데,솔낭구의 좋은 점은 바로밥이 무한리필이라는 점!따로 더 달라고 할 필요 없이입구 쪽에 있는 밥솥에 가서알아서 더 먹을만큼 퍼가면 된다.용용이네와 함께가성비의 정점을 찍는경희대 맛집.난 여기에 오면기본 2그릇은 넘게 먹는다.가성비도 좋고,맛도 평타 이상은 치니집밥이 그립다면 가서 드셔보시길.양이 많은 대식가분들에게특히 추천드린다.",괜찮다
351,솔낭구,갓이애나,친구가 지나가다가 먹어보고 싶었던 집이라고해서 와봤어용!아 근데 생각보다 협소한 집이었는데 사람들도 많고 약간 단골 위주로 운영되는 것같더라구용음 일단은 이 집은 약간 양념이 유명한 것 같아서 이집이름을 딴 솔낭구 갈비랑 된장찌개 이렇게 시켰는데용일단 된장찌개부터 이야기하자면 뭐 딱 고기먹고 먹기 좋은 그런 된장찌개 맛이었구용~ 음.. 솔낭구갈비는 정말 최고..... 저희가 막 잘못구울때 사장님이 오셔서 막 도움도 주시고 딱 양념이 약간 돼지갈비 먹을때 그 달짝지근한 맛을 소갈비에서 느낄수 있었어용다음에 또 와서 먹고 싶은 그런 맛이었어용굳굳,맛있다
352,솔낭구,aa,가성비짱! 집밥처럼 맛있고 푸짐하고 밥도 무한리필~,맛있다
353,솔낭구,뀨엥,엄마밥 그리울때... 만찬이 그리울때.. ㅠㅠㅠ,맛있다
354,19뜯고맛보고,슈지로그,"●맛있었던 곳만 리뷰하고 있는데 (대부분의 리뷰)여기 평점 높은 거 보고 놀라서, ""별로"" 리뷰 씁니다.○시립대 근처 거주하는 친구가 하도 맛있다고 한 번 꼭 같이 먹자고해서친구 추천으로 방문했는데 고기가 정말 맛없었어요-통삼겹살, 통오겹살 두가지 메뉴 다 먹어봤는데고기에서 저는 아무 맛이 안나더라구요그냥 질겅질겅 뭔가를 씹는다는 느낌밖에 ㅠㅠ-부추무침이 같이 나오는데, 부추무침이랑 같이 먹어야 그나마 부추맛으로 먹을 수 있는..맛있다며 먹는 친구 앞에서 맛없다고 할 수 없어서그냥저냥 겨우겨우 부추맛으로 먹었어요 ㅠㅠ-그리고 또 문제는..그렇게 먹고나서 엄청난 배탈이 났구요......친구는 괜찮다고 하고 저만 배탈이 났길래불편하게 먹어서 그런가..?싶었어요○그러다가 친구들 모임이 있어 또 그 친구의 강추로여기서 모임을 또 하게 됐는데 ㅠㅠㅠㅠㅠ-두번째 방문에도.... 정말 노맛노맛노맛노맛......고기맛, 육즙 하나도 느낄 수 없고그냥 부추맛으로 고기덩어리 질겅질겅=_=-같이간 친구들 한테도 나중에 따로 물어봤는데친구들도 고기맛 그냥 그랬다고 하더라구요......-그런데 그날 또 배탈이 났어요!!!!!!!!! 음식먹고 탈 잘 안나는 편인데 정말 이상하더라구요..그래서 저는 저얼대 더이상은 네버 방문안하려구요 ╥﹏╥●가게는 좁지만 나름 깔끔한 편이고 사장님도 친절하십니다~학교 앞이고 가격이 저렴해서,학생들에게 인기가 많은건가 싶기도 한데..위와 같은 두번의 경험으로..개인적으로 정말 최악의 고깃집으로 기억합니다..............○가격: 통삼겹살 1인분 9,000원, 통오겹살 1인분 10,000원",별로
355,19뜯고맛보고,박범진,항상 웨이팅 있는 곳!현금밖에 안되는 게 아쉽지만 적당히 싸고 맛있다!부추겉절이 자극 끝판왕이지만 짱맛!!,맛있다
356,19뜯고맛보고,hedonist,고기야 뭐 상했어도 구우면 맛이 난다 아임미까;여그는 으마으마하게 믓진 퀄리띠의 고기에다가말도 안되는 조합으 소스를 제공함니다꼬옥 함번 가보이소,맛있다
357,19뜯고맛보고,미동이,질좋은 고기는 아니지만 중독성있다,맛있다
358,19뜯고맛보고,김나영,"말이 필요없는집... 이집은 근본입니다 희한하게 초벌말고는 별다른게 없는 것 같은데 고기가 맛있어요 부추도 진짜 맛있습니다,,, 부추 계속 리필해서 드시는 기현상을 볼 수 있습니다 그리고 순두부찌개가 기본으로 나오는데 공기밥을 안시킬 수가 없는 맛입니다",맛있다
359,19뜯고맛보고,형중,웨이팅이 쫌 있고고기나오는 것도 약간 걸렸지만이 근방에서는 고기집 중 최고인듯초벌로 나오며 부추는 양념이 쎄다,맛있다
360,19뜯고맛보고,조소,시립대 최고의 가성비 맛집! 빛같은 존재이다. 초벌해서 고기가 나오기 때문에 손도 많이 가지 않는다. 부추와 양념장이 달달하니 맛있다. 고기의 질이 하이퀄리티보다는 부추와 소스맛으로 커버한다.웨이팅 1시간도 할 수 있으니 5시 오픈쯤 전화로 예약 필수! (예약해도 2-30분은 기다릴수도.. ㅋㅋ),맛있다
361,19뜯고맛보고,silvert,시립대의 최고 자랑거리 중 하나. 근데 고기의 환상적인 맛을 기대하면 실망할 수도. 고기보다 부추나 소스가 맛있음. 고기집에 뭔 그런게 맛있다고 높은 평점을 주나? 할 수도 있는데 이게 진짜 고기를 커버하고도 남을만한 정도임. 가격도 괜찮고.,맛있다
362,19뜯고맛보고,이주현,"시립대 근처가 대학가 치고는 맛집의 불모지긴 하지만, 그래도 그 중 요즘 가장 핫한 식당을 꼽으라면 여기일거다. 삼겹살 초벌구이 집인데 저녁시간 치고는 이른 5시에 가도 가게가 거의 꽉 찬다. 예약도 많다.고기만 그냥 먹었을 때는 초벌구이라는 점 외엔 평범한거 같은데 싶었지만 인기의 비결은 빨간소스와 부추에 있었다. 특히 부추무침이 정말 맛있다. 좀 구워서 같이 먹으니 무척 잘 어울린다. 삼겹살을 부추와 함께 먹는 집은 숱하게 많지만 이 곳이 제일 좋았다.그렇다고 이 곳을 방문하기 위해 멀리서 찾아갈 정도냐고 묻는다면, 그건 아니다. 그냥 전농동에서 손꼽을만한 고기 맛집 정도는 될 법 하다ㅋㅋ;",맛있다
363,평양냉면,모모마무,"냉면을 좋아하지만 평양식이냐 함흥식이냐 굳이 가르지 않아요. 둘 다 잘 먹기 때문에 ㅎㅎ 중요한 건 맛있는 냉면이냐 아니냐!물냉, 비냉, 소수육 주문했어요.물냉을 먹기 전에 육수을 먼저 맛보라는 지시에 따라 한 수저 떴는데 육수가 충격..너무 맛있어요이름만 육수 아니고 정말 육향 가득한 육수. 비냉은 물냉에 비해서는 좀 평범했어요. 양념인데 달지 않은 양념이어서 좋았습니다.물이랑 비빔에 배, 고기 등 같은 고명이 올라가는데 물은 통으로, 비빔은 잘라서 넣더라구요. 비빔의 경우 양념이 잘 스며들도록 그런 것 같아요. 이런 세심한 점이 좋았어요.추천 메뉴는 물냉과 소수육이에요. 소수육이 그냥 먹어도 맛있지만 물냉이랑 완전 잘어울려요재방문 의사 완전 있기 때문에 다음에는 소수육+물냉곱빼기 이렇게 시킬 것 같아요.",맛있다
364,평양냉면,맛있으면리뷰,가성비 평냉면은 을밀대 보다 살짝 덜 질긴면 육수는 간이 쎈편 가격을 생각하면 너무좋은 평냉집이다.,맛있다
365,평양냉면,찰스,알고있던 평냉의 육수 맛이 전혀 아닌 고기육수와 첨가물의 조화같은 느낌,별로
366,평양냉면,GABY,면발이 아주 좋은 평양냉면-물냉면과 평양만두를 먹었다.평양냉면 특유의 슴슴하고 담백하고 깔끔한 맛을 기대하고 갔으나 첫입으로 국물을 뜨는 순간 엥?! 이렇게 돼버렸다. 국물에 야악간 조미료를 쓰신 것 같다. 육수 속에서 국물을 우려낸 재료의 맛이 아니라 뭔가 다른 맛이 났다. 하지만 면발이 진짜 좋았다. 찰진듯하지만 잘 끊어지고 탄탄했다.평양만두는 속에 고춧가루가 보였는데 만두 역시 슴슴하지만은 않았다. 살짝 간간해서 굳이 간장을 찍지 않아도 괜찮았다. 피의 두께와 소의 양이 다 적당해서 좋았다.전체적으로 평균 이상의 맛이긴 하니 청량리역 근처에서 냉면집을 찾고 있다면 가볼 만한 것 같다.,괜찮다
367,평양냉면,ethanghymn,"점저를 먹으러 어딜 가볼까하는데 내가 좋아하는 메뉴를 내놓는 가게들은 홍대나 합정쪽에 많은 느낌인데 주말엔 차가 막혀 가기가 부담스러워 동대문쪽이나 잠실쪽에 들를만한 가게가 있나 가고싶다에 세이브해 둔 가게들을 보니 특히나 권오찬님의 리뷰에서 고명으로 올라간 수육이 좋아보였던 여기 평양냉면이 눈에 들어와 금년 여름엔 아직 냉면을 안 먹은 것 같아 들러보기로 함.영업중인지 확인 후 집에서 차를 갖고 출발함.네이버지도를 따라 가다 보니 지난번에 치킨을 포장주문하러 들렀었던 청량리청과물도매시장 내 남원통닭을 갈 때의 느낌이어서 역시나 주변에 적당히 주차를 하고 걸어서 길을 건너 가다 보니 작년인가 들렀었던 할머니냉면으로 가는 길인데 네이버지도에서 좀 더 자세히 보니 할머니냉면이 있는 같은 골목 초입에 위치해 있었고 난 어차피 비빔냉면을 먹을 건데 그냥 할머니냉면에 갈까 하다 안 가본 가게에 가보자 하고 여기 평양냉면을 찾는데 네이버지도에서 보니 이미 지나쳤는데도 안 보여 다시 뒤로 돌아 자세히 보니 지난번 서대문구 영천시장 내 홍가네면옥 같이 잘 안 보여 지나쳤던 가게의 간판이 보임.가게 입구엔 끓인 후 식히고 있는 걸로 보이는 육수가 보이고 안으로 들어가니 어느 정도 아담한 가게 안엔 이모님 두 분이 계시고 애매한 시간인데도 나름 손님이 있어 인기가 있는 가겐가 보다 함.빈 자리에 앉아 역시나 난 비빔냉면이라 이모님께 비빔냉면을 부탁드리면서 물냉면의 육수도 같이 나오는지 여쭤보니 그렇다고 하셔서 혹시나 육수를 맛보지 못하는 거면 물냉면을 주문해야 했는데 그렇지 않아서 다행이었음.가게 입구 쪽에서 이모님이 직접 반죽도 하시고 면도 뽑고 하시는데다 내 앞의 손님들도 어느 정도 있다보니 좀 걸려서 드디어 내가 주문한 비빔냉면과 무절임, 냉육수가 나왔는데 이모님은 너무 매운게 싫으면 양념을 조금 덜어내거나 냉육수를 비빔냉면에 조금 부어서 먹으면 더 좋다고 팁을 알려주고 가심.먼저 궁금했던 냉육수를 맛을 보니 홍대 평안도 상원냉면의 육수에서 동치미 맛을 뺀 느낌의 육향이 제법 진하면서도 깔끔한 느낌의 것이어서 근처 할머니냉면 같은 비교적 저렴한 가격에 매콤한 냉면을 내놓는 가게들에서 흔히 경험하는 MSG느낌 뿜뿜인 것과는 확실히 달라 가격대가 있는 만큼 다른 수준이구나 함.무절임도 맛을 보니 흔히 기대하는 은은히 무 자체의 달달함과 적당한 시큼함이 느껴지는 건 아닌 뭔가 은은한 짭짤함이 느껴지는 것이어서 너무 달거나 한 걸 좋아하진 않지만 평안도 상원냉면의 것처럼 뒤에서 은은한 단맛 같은 게 느껴지진 않아 살짝 아쉽게 느껴짐.이번엔 비빔냉면을 비비기 전에 면의 맛을 보고 싶어 조금 맛을 보니 내가 좋아하는 냉면집인 집 근처 진미평양냉면이 생각나는 것이어서 나름 기대가 상승하는 느낌임.냉면은 일단 참기름 향이 확 느껴지고 볼륨감이 제법 좋아 딱히 양이 많거나 한 사람이 아니면 보통으로도 전혀 모자르진 않을 것 같은 느낌이고 난 국물이 흥건한 느낌의 비빔냉면보단 그렇지 않은 게 좋아 냉육수를 안 붓고 비비는데 잘 안 비벼져 결국 냉육수를 조금 붓고 비비는데 면이 쉽게 양념과 비벼지거나 면에 밀착이 쉽게 되질 않아 열심히 비빈 후 맛을 보니 면의 향은 역시나 좋지만 비빔양념은 무절임과 비슷하게 기대하는 은은한 달달함이나 감칠맛 같은 건 조금 부족해 설탕과 식초를 조금 넣고 더 비빈 후 먹는데 진미평양냉면에서와 같은 면과 양념 둘 다 완벽해 맛이 좋아 저절로 미소가 지어지는 느낌은 아니어서 조금 아쉽게 느껴짐.하지만 냉육수는 맛있어서 자꾸 생각나 리필을 부탁드려 먹게 되고 다른 테이블의 손님은 냉육수를 세네번 정도나 리필을 부탁드려 마시기도 함.전체적으로 물냉면이 유명한 가게 같은데 그런 가게에서라도 비빔냉면이 나름 괜찮은 경우가 있어 기댈하고 비빔냉면을 주문해서 먹어봤는데 면에 비해 비빔양념이 살짝 아쉬웠는데 대신 냉육수는 좋았어서  만약에 다시 들른다면 물냉면보단 비빔냉면을 좋아하지만 이 집에서만은 물냉면을 시켜 먹을 것 같은 생각이 든 방문이었어서 괜찮다로..",괜찮다
368,평양냉면,장희,가격이 9천까지 올라서 메리트가 떨어진다. 천원 더 내고 평양옥이나 정인면옥 가는게 훨씬 낫겠는데? 하면서 먹기 시작했다. 면은 뭔가 섞인 맛이었고 육수도 간이 너무 세서 전보다 훨씬 별로라고 생각했는데 먹다보니 먹긴 잘 먹었다. 가까우면 올만하지만 멀리서는 오지마세요,괜찮다
369,평양냉면,Yenny,"이름이 ‘평양냉면’인 경동시장 평양냉면집평양냉면은 보통 만원이 넘어가는데 여긴 9천원에 평양냉면을 즐길 수 있다!여기에 평양냉면집이 있다고? 싶은 시장 골목 초입 부분에 위치해 있고, 테이블보다 주방이 먼저 있어서ㅋㅋㅋ 냉면을 만드는 과정들을 살짝 볼 수 있었다.여긴 만원이 넘어가는 다른 평양냉면을 기대하면 안된다. 완전히 다른 스타일.냉면을 처음 봤을 때 일단 탁하고 진해보이는 육수에 놀랐다.나에겐 어딘가 수정과스러운 맛도 느껴졌다. 한약재의 단맛같은..? 나쁘진 않았으나 내 취향이다!도 아니었다.면이 매끈덩한 식감이라 이 부분이 살짝 불호였다.녹두전은 꿀맛ㅎㅎㅎ두장으로 나와서 일행과 나눠먹기에도 딱 좋다.그냥 맛있음..약간의 아쉬움이 있긴 했으나, 꼭 가보고 싶었던 곳이라 잘한 선택이었다고 생각한다.보통 냉면들과 평양냉면 중간 그 어딘가의 냉면맛을 보고싶다면(?) 추천.",괜찮다
370,평양냉면,파랑앤홍,19-83평냉 초보자 이기에 평냉의 맛을 알고 싶어서 찾아다니는 중입니다그중에서 그나마 초보자들에게 평이좋은 평양냉면에 왔습니다오래된 노포집입니다만 포스가 있고 젊은 분들이 서빙과 응대를 하시는데 알바 분위기는 아닙니다 사장니이나 가족분인듯.. 살갑게 친절합니다물냉면과 녹두 지짐을 시켜서 먹었습니다육수맛이 심심합니다역시 차가운 갈비탕 맛이 살짝나는 육수 맛입니다그런데 이거 면이 정말 맛있습니다바로 뽑는 면이 이렇게 맛있는거군요녹두지짐도 맛있습니다평냉을 잘 알다면 정말 맛있다를 연발 했을것 같습니다방문추천 90%서비스 75%청결 65%주차불가,맛있다
371,평양냉면,Doge,가성비는 좋으나 후추맛이 세다.,괜찮다
372,평양냉면,브라우니,기존에 먹었던 평양냉면과 좀 다른면은 있어요.맛있는데 면이 좀 아쉬워요. 제가 먹을 땐 약간 냉면계의 알덴테? 가격도 괜찮은거 같고 다만 수육은 괜히 먹었어요.맛있는데 수육이 너무 단짠이라 냉면맛이 기억이 안나게 되는거 같아요.,맛있다
373,평양냉면,이지은,훌륭한 가격! 인심좋은 양! 함흥과 평냉의 중간 느낌!,괜찮다
374,평양냉면,이주현,"청량리 전통시장 근처에 있는 평양냉면집.  물냉면 국물을 먹어보니 지금껏 먹어본 평양냉면 중 가장 간이 세다. 다른 집들의 평냉이 워낙 싱거운 편이라 상대적으로 그렇단거지 짜다는건 아니다. 간이 셈과 동시에 육수의 깊은 풍미를 잘 느낄 수 있어서, 다른 집 평냉은 밍밍해서 못먹겠다 하는 사람들도 여기선 맛있게 먹을 수 있을 것 같다. 우래옥에 가보진 못했지만 이 곳과 비슷하지 않을까 싶다. 비빔냉면도 꽤 맛있는 편.",맛있다
375,평양냉면,프리즘,평양냉면 입문자에게 추천하고픈 곳. 일반 물냉면보다는 슴슴하지만 (전에 먹었던) 평양냉면보다는 간이 있는 편. 간이 쎈 음식을 선호하는 나에겐 딱!!!! 좋았다. 9000원에 푸짐한 양. 들어가자마자 보이는 면 뽑는 기계에서 난 큰 소리만 빼면 다 좋았다.,맛있다
376,평양냉면,평냉쟁이,면발 끝내줌 만두는 김치만두 속채우는것이적당하여 먹기편함 특히 주인장이 추천한 빈대떡은 겉읕 바삭하고 속은 부드러워서 아주 좋았음 우연히 이전한곳애서 생활의달인 평냉을 맛 볼수있었습니다 청량리 할머니냉면 골목으로 이전 동대문구 왕산로 37길 46 회냉면도 가성비갑,맛있다
377,평양냉면,LeeChang-Ho,"물냉면을 주문했습니다.국수는 메밀향이 느껴졌고, 탄력이 있으면서 씹었을 때 잘 끊어지는 성질이 있었습니다.국물은 간이 조금 돼 있었고, 고깃국물맛 외에 채수 맛도 느껴졌습니다.",맛있다
378,평양냉면,권오찬,"# 미식가와 평양냉면간의 상호 의미미식가들에게 있어 평양냉면은 왠지 <종갓집 장손>과 같은 존재이다. 잘 하고 있는데도 더 잘 해야 한다며 끊임없는 정진을 요구하는 집안 어르신 같은 존재들이야말로 평냉부심 가득한 미식가들..진짜 왠만큼 폭망 요리 아니고선에야 취향이 안 맞을 뿐 맛없는 요리란 없다는 생각으로 맛있다 평가에 후한 나조차도 평냉 리뷰엔 아쉽다는 내용이 가득이니..# 육수사골로 기본 육수를 내고, 닭과 야채로 맛의 층을 낸 것 같은데 자꾸 끝맛에서 간장맛이 올라온다. 맛이 올라올 정도의 간장을 사용하진 않았을 것 같고, 뭔가 조미를 한 것 같은데 이것 때문인지 경쾌하게 식도를 넘어가지 않고 까끌까끌하다.밍밍한 첫맛과 담백한 끝맛을 선호하는 내 취향과 살짝 괴리감이 있는 것이 아쉽다.# 달인 비법<생활의 달인> 출연 당시 달군 맥반석을 육수에 넣어 잡내와 비린내를 제거하는 달인 비법을 선보였다는데.. 허영만 선생님의 <식객 ; 진주냉면>편에도 육수 마무리 단계에서 불에 달군 쇠막대로 해물의 비린맛을 날리는 장면이 나오는데, 어떤 원리인진 모르겠으나 효과는 있는 모양..# 곱배기시장인심이기에 기본량 자체가 많은 것 같은데..주인장께서 곱배기냐 보통이냐를 묻길래 다른 냉면집처럼 양이 많지 않은가 싶어 곱배기를 달라했는데, 한그릇 분량의 사리가 추가된데다가 가격도 정확히 14천원. (물랭 9천 + 사리 5천)그러나 사리 추가가 아닌 곱배기임에도 고명은 한 그릇치라는게 너무 아쉽다.원래 평양에선 <어퍼머리>라고 보통 사리에 작은 면 한덩이 추가하는 방식이 있는데, 그런 운영의 묘가 아쉽다.# 달인은 어디로?!작년 여름 망플에서 이 집 리뷰가 간간히 올라올 때만 해도 달인 할아버지가 계셨다는데..이제는 연로하셔서 가게에는 나오지 않으신단다.손녀분께서 주방을 책임지시는데 할아버지 육수를 맛보지 못해 어떤 부분이 달라졌는지는 모르겠으나 얇게 썰어낸 배와 단단하게 올라온 고기 고명을 보니 비법 대부분을 전수받은 것 같긴 하다라는 희망이..# 품평2018년 첫 평양냉면이였는데, 89점 정도?!심리적 우등 점수인 90점대는 아닌데, 그렇다고 90점대 실력이 아니라고 하기엔 또 애매한..",맛있다
379,평양냉면,Capriccio06,복잡한 경동시장 입구쪽에 있는 식당. 2층에 조그맣게 자리해있는데 식사시간대는 사람이 많고 중간에 피해서 가면 꽤 한산하다. 사장님께서 냉면에 대한 자부심이 대단하신데 몇안되는 손님이 뭔가 질문을 할때마다 계속 이곳이 제일 맛있다고 강조하셨다;;물냉은 다른 후기처럼 평양냉면이라고 생각하고 먹기에는 간이 좀 강한 느낌이 든다. 면에 메밀함량이 높긴한데 뚝뚝 끊어지는 정도는 아니고 적당한 찰기가 있었다. 위에 올라가는 고기를 생각보다 두껍게 썰어서 주셨는데 고기자체도 쫀득한 느낌이 강해서 오래씹어야 했다. 8천원 가격생각하면 나쁘지 않고 꽤 맛있게 먹기는 했는데 멀리서 찾아갈 정도는 아닌 것 같다.,괜찮다
380,평양냉면,shp,청량리역 인근에 위치한 허름한 평양냉면집. 오래전부터 가보고 싶었는데 드디어 방문했다.평양냉면 치고는 약간 간이 있어서 평양냉면을 처음 접하고자 하는 사람들한테 좋은 집으로 보임.녹두지짐도 겉은 바삭하고 안은 촉촉해서 맛남.,맛있다
381,평양냉면,숮옹,"시장 안에 있어서 찾기 힘든 점은 단점. 그날그날 맛의 약간 편차가 있는편. 그러나 맛이 상대적으로 없는 날조차 맛있고, 가성비는 모든 걸 용서하게 한다.",맛있다
382,평양냉면,춘,"평양냉면이라고 하기엔 맛이 너무 강한 느낌.. 하지만 비슷한 스타일의 을밀대도 평냉으로 인정받는 것을 보면 이 곳 역시 평양냉면이라는 바운더리 안에 포함될 수 있는 곳. 가게 이름이 평양냉면. 노부부의 엄청난 자부심. 전부터 궁금증이 상당히 컸는데 계속 방문을 미루다 얼마전 콜린 비님의 리뷰보고 나도 가봐야겠다 해서 다녀왔습니다. 음식 이야기 전에 이곳 재료들 원산지 표시를 보시면 사골과 잡뼈가 써 있습니다.  이곳 육수 역시 을밀대 부원면옥과 같은 사골 육수라는 것을 캐치할 수 있겠죠. 물론 만두국도 같이 판매한다면 거기에만 들어갈 수도 있지만... 냉면 육수만 따로 한 그릇 부탁해서 받아보니.. 아주 뿌연게 사골 육수 맞네요.. 그리고 닭 메뉴는 없음에도 닭이 써 있는거 보니 육수에 닭도 넣으셨구요.. 그리고 아마 사골로 평양냉면 하는 집들의 공통점인데.. 맛을 내기 위해 마늘 생강 양파 등을 우려낸 채수를 섞으셨을 것이구요.. 냉면 첫 육수 맛을 보니.. 70퍼센트는 맞는 것 같은데 나머지 30퍼센트는 제가 예상치 못했던 맛이 났습니다. 확실히 사골육수.. 여기에 소 돼지 닭고기가 섞인 오묘한 맛.. 그리고 향신채를 넣었기에 느껴질 수 있는 시원함... 하지만... 입안과 식도에 남아 은은히 풍겨야 할 육향 대신 조미료의 감칠맛이 뒷 베이스를 잡는맛... ㅠㅠ 뭐 냉면집 육수란게 특히 여름엔 그날 그날 다르긴 하겠다만.. 오늘 제가 먹었을 때 느낀 생각은 ""결국 노부부의 평양냉면 비법은 고향의 맛 다x다였단 말인가?? ㅠ"" 였죠.. 원래 유명 냉면집들 다 조미료를 미량으로 넣긴 한다고 합니다. 그거 안 넣으면 무삼면옥 냉면이 됩니다 ㅋㅋㅋ 결국 육향을 끌어 올리기 위해 조금씩은 다들 넣는다고 해요. 하지만 이곳은 조미료가 육향을 서포트 하기 위해 들어갔다기 보단... 자기가 하드캐리 하려고 들어간 맛.. 제가 둔해보이고 아무거나 다 잘먹긴 합니다만.. 몸이 맛이나 향에 좀 민감해서.. 어떤 걸 먹으면 몸에서 바로 반응이 오는 편인데요.. 염도가 다소 높거나 조미료가 많이 들어간 음식을 먹으면 얼마 안 있어서 바로 목이 마르고 물을 많이 마십니다. 여기는 냉면 한 그릇 먹기 전에 물을 두 컵 정도 마신 것 같네요.. 냉면 육수 추가해서 더 먹었으니.. 염분 섭취량이 더 많긴 했겠지만.. 다른 평냉집에선 제육이나 만두 먹은 후 냉면 먹기전에 입안 행구려고 마시는 물 반 컵이 다인 것을 감안했을 때.. 이곳은 좀 과하죠.. 계산하고 나가는데 이건 뭐 치토스를 먹은 듯 입안에 텁텁함이 계속 남더라구요.. ;; ㅋ 메밀 함량이 부족해보인 면발도 아쉬움이 다소 남지만.. 8천원 냉면 값을 생각한다면.. 그냥 얼굴 끄덕일 정도의 맛... 그 날 그날, 맛의 편차가 다소 있다고는 들었지만 오늘은 영 아니었나 봅니다.. 이거 쓰고 있는 지금도 물냉면 먹고 왔음에도 불구하고 계속 물이 땡기네요 ㅋㅋㅋ 주변에 일이 있거나 하신다면 방문해봄직 합니다. 일반 평양냉면과는 또 다른 느낌의 평냉이에요. 하지만 저는 재방문하진 않을 것 같습니다 ;; 사골 육수로 낸 냉면을 드신다면 을밀대나 서북면옥이 더 낫죠. 참고로 같이 먹은 제육은 따듯하게 뎊혀져서 나오는데 잡내도 덜하고 먹을만 합니다. 가게가 시장에 있어서 주차가 어렵지만 주변에 지하 공영주차장 있구요.. 주말에 가니 공짜였습니다. 참고하시길.",괜찮다
383,평양냉면,Colin B,"평냉 중독자는 오늘도 홀로 택시를 타고 달려 완냉하고 갑니다.청량리 재래시장, 경동시장 등이 모인 거대한 시장단지 속 숨어있는 맛집 중 하나. 가게 곳곳에 붙어있는 대한민국 1등 평양냉면이라는 문구에서 느껴지는 노부부 사장님들의 자부심.시장 초입에 자리하여 쉽게 찾을 수 있었다. 평일 점심인데도 사람이 바글바글해서, 모든 손님들이 합석은 당연하게 받아들이는 분위기였다. 나이 지긋하신 손님들이 대부분이었고, 혼자 온 손님도 많았다.언제나 어디서나처럼 평양냉면과 제육 주문. 일단 가격이 각각 8천원에, 양도 푸짐하다. 가성비는 평양냉면 집 중 손꼽을 정도로 훌륭하다.이 집 냉면에 대해 유독 평가가 좀 박한 것 같다. 짠맛이 세다는데, 평양냉면의 잣대로 봐서 그렇지, 이 정도면 간간하다 정도로 표현해도 되지 싶다. 육향과 곡향이 잘 느껴지고, 굉장히 깔끔한 맛의 육수였다. (생활의 달인에 출연하신 걸 보면, 뜨거운 맥반석 위에 육수를 부어 깔끔함을 더하신 다는데, 효과가 정말 있는 것인지...) 면발의 곡향은 지나치지 않았고, 부족하지도 않았다. 면발의 찰기 역시 그랬다.제육은 참 흥미로웠다. 자리에 앉아서 주방을 보니, 주인 할머니께서 큼지막한 고깃 덩어리를 꺼내 툭툭 썰어서 주시는데, 일반적인 제육보다는 짭짤하고 텍스쳐가 쫀쫀한 느낌이다. 간장에 살짝 졸인 듯한, 어찌보면 장조림도 살짝 떠오르는 맛. 한쪽은 물렁뼈가 있고, 한쪽은 기름 부위가 많아, 한점 한점 먹을 때마다 느낌이 다르다. 아무튼 특색이 있어 좋지만, 자신있게 맛있는 제육이라고 추천하기는 좀 주저하게 된다. 나에게 제육은 역시 그냥 을지면옥인 것 같다.⠀⠀⠀⠀⠀⠀⠀⠀⠀⠀⠀⠀⠀⠀⠀⠀instagram: colin_beak",맛있다
384,평양냉면,Daan,"청량리 경동시장 근처에 있는 조그마한 평양냉면집 가격도 나쁘지않다. 육향과 면의 메밀향이  강한편이고 엄청 슴슴하지않아 입문자들에게 좋을듯! 양이 많은편임다... 면양보고 깜놀 ㅎㅎㅎㅎ.... 하지만 걱정은 저멀리  존맛탱이여서 육수까지 다 훑고 나왔습니당. 옆에 테이블앉은 할머니께서 가위달라고 하셨다가 주인 할아버지 화내심ㅋㅋㅋㅋㅋㅋㅋㅋㅋㅋㅋㅋㅋㅋㅋㅋㅋㅋㅋㅋㅋㅋ우리집냉면은 가위없이 먹는거라고 , 먹어보라고 잘 끊어진다구..... 맞아요 할무니 메밀면이라 툭툭 잘 끊깁니다여..... 할무니 .... 식초넣지마여.....겨자안돼...! (계속 신경쓰이는 옆 테이블..)암튼 자주 오게 될 것 같당! 면이 좀 엉키는것과 굉장한 깊은맛은 없다는게 단점이라면 단점일듯! 그리고 저 와사비에 무친 무절임때문에 냉면 국물 맛을 조금 망치는듯.....삉.그래두.. 맛있당.......자주올게욧 할부징! ❤.",맛있다
385,평양냉면,HanDongheon,주인아저씨 인터뷰에나보다 물냉면 잘하는데 있으면 나와보라고해 인정,맛있다
386,평양냉면,키다리아저씨,"청량리 경동시장쪽의 낡은 건물2층에 있는 ""평양냉면""으로 노포 수준의 아담한 식당이다.위치 특성상 복잡하기 때문에 근처 유료주차장을 이용하거나 대중교통이 편할 수도 있다.그날그날 일하는분의 컨디션이나 재료에 따라 맛의 차이가 약간씩 있다는 소문도 있다.내가 간 날에는 다행인지...만족스러운 평냉이였다.면수와 은은한 육수의 조화도 적당했고~ 면의 탄력도 너무 무르거나 퍼지지않고 쫀득하니 괜찮았다.너무 슴슴한 평냉도 있지만 여기는 너무 슴슴하지 않아서 평냉을 처음 접하는 분들도 도저히 못먹을 수준은 아닌듯한 개인적인 생각^^;비빔냉면도 양념장만 봐서는 상당히 자극적일 거라 생각이 들지만~ 은근한 매콤함과 단짠하지 않게 깔끔한 맛이라 좋았다.그리고 여기의 장점 중 하나는 녹두지짐!!!평냉과 녹두지짐에는 술이 함께 해야하지만~ 술이 약한 관계로..ㅠㅠ 느낌만~ㅎㅎ녹두지짐은 주문하면 바로 부치기 때문에~ 뜨겁게 먹을 수 있고~ 맛도 좋다.두툼하게 부쳐주니 겉은 바삭바삭~ 속은 촉촉하고 부드럽다.평냉과 녹두지짐을 함께 먹는것도 별미!!물냉,비냉 각각 8,000원~~ 녹두지짐 8,000원~~ 가격도 착한 편이고~ 맛도 좋았다.",맛있다
387,평양냉면,나누리,"청량리 쪽에 일 보러 나갔다가 불현 듯 망고에서 체크해 둔 것이 생각나서 방문한 평양냉면집. 평소에 평양냉면을 좋아하는지라, 누가 평냉 먹자고 하면 좋다고 따라다니는데, 이번엔 혼자 좋다고 시장통을 비집고 이곳으로 찾아왔었죠. 그냥 조그마한 시장 냉면집의 느낌이었어요. 할머니 한 분께서 조리하시는 듯 했는데, 늦은 점심 때 방문해서 조용히 먹기엔 좋았던 것 같네요. 처음엔 육수가 나오길래 몇 모금 홀짝거리면서 추위 좀 녹이고 곧이어 나오는 평양냉면을 맛봤습니다. 생각했던 것보다는 맛있는 편이었던 것 같아요. 예~전에 종로 유진식당을 찾았던 적이 있는데, 그곳과 뭔가 비슷한 느낌이었어요. 육수는 평양냉면치고는 조금 염도가 있는 편이고, 면은 메밀 향이 많이 나서 저는 가성비에 만족하면서 맛있게 한 그릇 비웠어요. 다만, 면발이 잘 풀어져 있지 않고 뒤엉켜있거나 한 부분이 많았는데, 저는 그런 것엔 별로 신경 안 써서 그냥 먹었지만, 디테일한 면을 보시면 실망할 부분도 많을 식당이라는 것도 맞는 것 같아요. 하지만 평양냉면을 저렴하게 맛보고, 처음 평양냉면을 맛보고 싶으시다면 뭐 괜찮은 식당이지 않을까...하고 개인적으로는 생각해요. 근처 갈 일이 있다면 저는 다시 찾을 것 같네요.",맛있다
388,평양냉면,ㄱㄱㄱ,"청량리역 근처 시장에 위치한 평양냉면집. 안타깝게도 내가 간날이 운이 좋지 않아서인지 면도 좀 축처져있고, 국물은 짜고 평양냉면 특유의 구수하면서 슴슴한 맛을 느끼지는 못한것 같다. 가격은 저렴하다.",괜찮다
389,평양냉면,Hyuck Jun Kwon,직접빗은 만두를 쪄내서 나오기 때문에 만두피가 쫄깃하고 만두속이 고소하다. 냉면은 은은한 고기향이 나고 면에서 메밀향이 느껴진다. 다만 나이가 지긋하신 분들이 많이 찾는 식당이라 그런지 면발이 탄력이 있기보다 부드러운 편이다.,맛있다
390,평양냉면,장희,유진식당처럼 저렴하게 평양냉면 먹을 수 있는 곳. 오이는 빼달라고해서 없네요. 주인할머니 인심이 좋으셔서 가게 아무도없을때 혼자갔더니 양많이 넣었으니 많이 먹으라고 면을 더넣어주셨다 ㅋㅋㅋ위치가 위치인지라 멀리서 찾아오긴 번거롭지만 근처에 산다면 가볼만한곳.,맛있다
391,평양냉면,Angie Kim,"수육, 만두, 육수 맛있어요",맛있다
392,할머니냉면집,맛있으면리뷰,너무너무너무 맵다ㅠ첫맛은 엄청 달달한데 끝맛이 너무나 매워서냉면을 계속 먹게하는 맛이다.극강의 단맛과 매운맛ㅠ 시장이라 그런지 너무 비위생적인 느낌이렇게 매운데 이렇게 달다니 냉육수를 부워서 물냉처럼 먹었다양도 많고 가격도 합리적이고하지만 다신 안갈것 같다왜이렇게 유명한지 모를 맛이다ㅜㅜ뜨거운 냉면육수가 제일 맛있었다..개인적인 매운냉면 집 순위는동아냉면>>>>>> 해주>>할머니냉면,별로
393,할머니냉면집,우이리,상당히 맵네요.냉면 곱배기 6000.깃대봉이나 낙산보다는 덜 매운거 같은데 매운 느낌이 다른거 같아요.그냥 비벼먹는데 점점 매운맛이 쌓이면 따뜻한 육수가 필요합니다. 냉육수는 제 입맛에는 짠거 같아요. 단골분은 냉육수에 뜨거운 육수를 섞어서 얼음을 녹여서 미지근하게  만들어 냉면에 부어서 드시네요.반쯤 먹다 냉육수 넣어 먹었는데 짠맛이 덜 느껴지는건 미각이 마비 된건지도...재미있는 경험은 한번만...,괜찮다
394,할머니냉면집,볶음밥,"기본적으로 서울에서 유행하는 5대 매운냉면집이지만 할머니냉면만의 특징이 있다면 물냉비냉 구분없이 비냉 통일이고... 비냉 시키면 물냉면 육수를 크게 한통 같이 줌 단골들은 비냉받자마자 양념장을 1/3정도 덜어내고(너무 매우니깐ㅎ)육수를 부어서 물냉으로 만들어 먹는다물론 그냥 쌩 비냉으로.. 거기에 양념장 엄청 더많이, 엄청 더맵게 주문하는 무시무시한 단골들도 있다곱빼기 시키면 달걀을 한개 다 넣어주는 넉넉함도 좋고 온육수도 치토스맛이 나는데 꽤 재밌음ㅋ",맛있다
395,할머니냉면집,식당학살자,맵기만하고 별로,별로
396,할머니냉면집,테레사메이,혀가에리하다^^,괜찮다
397,할머니냉면집,Luscious.K,"#청량리 #제기동 #할머니냉면""맛있는 Trauma = 중독성”#매운맛매운맛을 그리 선호하는 입맛은 아닌데 나이가 들어가니 매운맛과 시원한 맛이 자꾸 땡기게 되는 <입맛의 노화>, 쫌 좋게 말하면 <입맛의 성숙>이 진행중인가 보다.예전에 입에도 못댔던 유정낙지도 이제는 밥에 쓱쓱 비벼 먹고 이제는 매운 시장냉면이 땡기는 수준이 됐다.매운맛은 통감인데 매운맛에 따른 통감을 느끼는 리셉터의 종류도 달라 매운맛을 느끼는 종류도 다르다. 그래서 어떤 사람은 청양고추가 죽도록 맵지만 또 어떤 사람은 그리 맵지가 않다.어떤 사람은 겨자가 미친듯이 맵지만 어떤 이에게는 그져 시원한 양념일 뿐이다.나도 매운맛에 많이 익숙해 지긴 했는데 아직 우리나라 청양고추의 매운맛은 조금 버겁다. 뒤로 짜~~안 하고 묵직하게 밀려드는, 그러면서 경쾌한 매운맛은 참 고통스럽지만 은근한 쾌감이다.#할머니냉면제기동시장 골목에 참 유명한 식당 중에 하나다.제기동시장 골목과 근처에 노포 맛집들이 좀 있는데, 모두 30년 이상은 된 곳들이다. 물론 이곳 할머니냉면도 무려 45년의 업력을 자랑하는 노포이다.어렸을 때부터 그 근처의 교회에 다녔었기 때문에 익숙한 동네이지만 어린 시절 나에게는 그런 식당에 대한 관심이 있을리도 없기 때문에 요즘 다녀보는 제기동의 식당들은 오히려 나에게는 집앞 정원에서 보물찾기를 하는 느낌의 즐거움이다.일요일 아침에 아점으로 먹을만한 곳을 찾았는데, 오전 10시 경에 문을 여는 식당은 <할머니냉면>과 <정궁 중화요리>였다.하지만 불규칙적인 휴일을 갖는 정궁은 예상대로 문을 열지 않았고 하는 수 없이 아침 10시에 매운 할머니냉면을 찾을 수 밖에 없었다.(정궁 김치볶음밥이 정말 먹고 싶었지만...)#분위기시장식당 분위기다. 그런데 의외로 깔끔하다.아마도 빠른 회전을 위해 부지런히 정리하는가보다.인상적인 문구가 눈에 딱 띄는데...<코는 ""조용히"" 풀어주세요> ㅋㅋ얼마나 많은 분들이 매움에 코를 풀어대면 이런 사인까지 붙이셨을까? 하는 호기심에 냉면에 대한 기대감도 상승한다.메뉴는 냉면 딱 한가지.냉면 5000원, 곱배기 6000원, 사리 2000원.지금 생각하면 미쳤지... 하는 생각도 드는데, 아침 허기로 호기 좋게 <곱배기>를 주문했다.#육수주문을 하면 반 얼린 차가운 육수통을 주신다.셀프인 온육수와 함께 맛을 보며 비교하면 참 재밌다.온도차에 의한 맛의 차이일 수도 있지만 온육수는 감칠맛 좋은 육수라 매운음식 먹기 전에 속을 뜨끈하게 풀어준다.냉육수는 냉면에 넣고 반냉으로 먹는 용도이기도 하지만 매운맛을 달래줄 <쿨피스> 대용의 음료 수준으로 의외로 슴슴하다.두 육수 모두 쓰임이 다르니 꼭 컵은 두 개 준비하고 냉면을 기다리자!#냉면비주얼 참 예쁘다.커다란 냉면 또아리에 수북하게 쌓여있는 무절임과 오이채, 그리고 빨간 양념장과 곱배기라고 두배로 주신 통계란까지...흑백적의 예쁜 사진을 보는 것 같은 비주얼이다.맵다맵다 해서 무서웠는데, 양념장의 양이 그리 많아 보이지 않아 그대로 비벼보았다.조금 뻑뻑한 느낌인데, 좀 비비다 한입 크게 베어물어보니 그리 맵지 않고 견딜만하다.그런데 그 느낌은 딱 세젓가락까지....내가 견디기 힘들어하는 청양고추의 매운맛이다. 엄청난 고통이 밀려오기 시작하는 순간 육수를 찾게 된다. 냉육수 온육수를 번갈아 마셔야 조금 진정된다.남아있는 고통을 죽이려면 더 큰 고통을 이용해야하니 어쩔 수 없이 냉면을 크게 베어물고 먹어야 한다.참을 수 없는 역치에 올라오면 이제 냉육수를 섞어야 한다.그나마 맛이 조금 중화되지만 이미 고통을 체험한 혀는 작은 자극에도 큰 고통을 느낀다.그런 와중에 아삭아삭 씹히는 무절임과 오이는 신선하다.고맙게도 통째로 주신 삶은 계란이 혀를 달래는데 꽤 도움이 된다.첫 비주얼에서 느꼈던 예쁨과 고명, 양념의 양적인 언발란스는 먹어보고나지 아주 잘 설계된 하나의 작품같은 느낌이 들었다.딱 적당한 양의 채소들이 수북하게 올려져 있었고 그에 딱 맞는 양의 매운 양념이 냉면에 주어진 것이였다.#종합맵다.어찌 보면 평범하다.그런데 그 맛이 각인이 되어 오래 남는다.지금 리뷰를 쓰는 지금도 머리속에 냉면의 모습과 맛이 상상이 되고 먹고싶어진다.혀의 트라우마가 맛있는 기억으로 각인이 되어버렸다.그 기억을 우리는 <중독성> 이라고 부른다.",맛있다
398,할머니냉면집,코랄,기억에 남는 특색있는 냉면. 엄청 매운데 이상하게 맛있다. 매운 걸 잘 못 먹어서 소스를 반 이상 덜어냈는데도 엄청 매웠다. 육수와 설탕 뿌려서 혀를 진정시켜가며 먹어야 한다. 육수가 엄청 진하다.겨울 오후 두시에도 줄서서 먹는데 회전율이 빨라서 금방 들어갔다. 겨울에도 이렇게 잘되는 냉면집은 여기밖에 없을거다.,맛있다
399,할머니냉면집,ethanghymn,오늘은 왠지 매콤한게 당겼는데 지난번에 권오찬님의 리뷰에서 보고 세이브해뒀던 청량리할머니냉면집이 생각나 들러봄.권오찬님의 리뷰를 볼때 냉면의 비쥬얼이 어디선가 봤던거여서 생각해보니 예전에 청량리할머니냉면 용두직영점에서 맛봤던게 기억이 남. 그때 용두직영점을 여기 청량리할머니냉면 본점으로 착각해서 들렀던건지 아니면 같은 가게의 지점이면서 좀 더 쾌적하단 얘길 듣고 갔었던건진 잘 기억이 안 나지만 이번엔 확실히 본점에서 맛보고 싶어 시장 안에 위치한 가게를 찾아 감.네이버지도를 보고 따라가니 시장 안에 위치해 있었는데 가게 앞과 옆 윗쪽으론 시장에서 흔히 보는 타입의 어닝이 설치되어 있어 깨끗한 외관이거나 한 건 아니었고 그런 걸 기대하고 온 것도 아니었음.이젠 여름이 아닌데도 가게엔 손님이 제법 있었고 권오찬님의 리뷰에서 보통사이즈가 5천원이라고 하셔서 놀랐었는데 그 보통사이즈를 주문함.방금 손님이 먹고 나간 테이블을 조선족인 것 같은 여직원분이 닦은 후 앉았는데 테이블 위엔 닦은 물기가 남아있어 벽에 걸려있는 냅킨 디스펜서에서 냅킨을 몇장 뽑아 물기를 제거함.자리에 앉으니 아까 테이블을 닦으신 조선족인 것 같은 여직원분이 플라스틱 컨테이너에 담긴 냉육수와 가위를 가져다 주고 주위를 둘러보니 셀프란 말이 곳곳에 쓰여있어서 뜨거운 육수가 든 보온 컨테이너에서 이런 매운냉면을 내놓는 가게에 가면 늘 하는대로 스테인리스 스틸 컵 세개를 꺼내서 컵 두개엔 뜨거운 육수를 따르고 컵 한개엔 찬물을 따른 후 옷에 빨간양념이 튈라 빨간 앞치마도 한개 갖고 자리로 돌아옴. 이 집엔 보광동 동아냉면이나 잠실 해주냉면에서처럼 무김치는 따로 준비되어있지 않음.컵 두개에 뜨거운 육수를 따르는 건 한잔에만 따라서 먹다보면 다 마시고 나서 다시 따라서 마시려면 뜨거운 육수가 식기까지 또 시간이 걸리기 때문임.먼저 플라스틱 컨테이너에 든 냉육수를 컵에 따라 마셔보니 이 집과 비슷한 매운 냉면으로 유명한 보광동 동아냉면이나 잠실 해주냉면의 그것과 달리 뭔가 자극적인 MSG맛일거라 기대했었는데 의외로 덜 자극적이면서 달달함은 전혀 없이 약간의 짭짤함만이 느껴져 최근에 방문했었던 신공덕동의 신성각이 생각남.물론 신성각 만큼의 기존의 짜장면 맛과 다른정도까진 아니지만 그래도 덜 자극적이면서 나름 슴슴해서 그렇게 느껴짐.다음으로는 뜨거운 육수를 호호 불어가며 맛을 보니 이것 역시 기대와는 달리 덜 자극적인 맛이어서 지난번 용두직영점에서 맛봤던거와도 달라서 본점은 다르구나라고 생각함.어느정도 기다리니 내가 주문한 비빔냉면 보통이 나왔는데 비쥬얼은 이런 매운 냉면으로 유명한 가게들의 것과 크게 다르진 않음.어려서부터 비빔냉면이나 함흥냉면을 먹을때 엄마한테 배워서 몸에 밴 설탕 두스푼과 식초를 두바퀴정도 돌리고 가위로 자른 후 잘 비빈 후 다시 한번 가위로 자르고 젓가락으로 집어 맛을 보니 면은 이런 매운 냉면을 파는 가게들의 것과 동일한 느낌인데 비빔양념은 의외로 많이 맵지 않음.먹다보니 씁하씁하 하면서 땀이 났지만 동아냉면이나 해주냉면보다 덜 매우면서 전체적으로 뭔가 투명슴슴한 느낌이어서 이런 매운 냉면집들 중에선 제일 취저인 느낌임.전체적으로 그동안 맛봤었던 매운 냉면들과 어떻게 다를까 궁금하고 매콤한게 당기기도 해서 들러봤는데 가게 분위기는 오래된 시장 한가운데 있는 노포 느낌이어서 쾌적한 느낌은 아니었지만 심지어 직영점이라는 용두직영점과도 맛이 달랐고 뭔가 매우면서도 진하고 자극적인 느낌이 아닌 씁하씁하 하게 되고 땀도 나긴 했지만 그래도 그 중에선 덜 매우면서 나름 투명슴슴한 느낌이어서 매운 냉면 중에 평양냉면의 느낌이 들거나 신성각의 짜장면이 생각났던 방문이어서 좋았고 재방문할 듯..,맛있다
400,할머니냉면집,kkonoo,싸고 양 많고 맵고 달고 맛있어요b 집 근처였으면 자주 갔을듯,맛있다
401,할머니냉면집,키다리아저씨,"학창시절 옛기억이 남아있던 매운냉면집인 “할머니냉면집”예전과 좀 바뀐모습과 주변환경이 낯설게 느껴지더군요^^; 함흥냉면골목에 새로 자릴 잡은 평양냉면집 부터 오래전엔 경쟁하듯 할머니냉면집과 골목 모퉁이에 대치하듯 경쟁하던 “다미옥”엔 손님들이 별로 없어서 살짝 당황스러웠습니다. 오늘 목적지는 할머니냉면집이였으니...다미옥은 다음에 방문해보기로~!!평일인데도 웨이팅이 있더군요^^; 그래도 10-20분 만에 착석했습니다. 예전엔 없던 테이블 번호판이 천장에 달려있어서 손님들에게 번호로 좌석을 안내해서 찾기가 편했습니다.단일메뉴인 냉면을 주문하고, 온육수는 셀프로 갖고와서 마십니다. 구수하고 뜨거운 온육수가 속을 풀어주니~ 매운냉면과 함께 즐길 준비를 하시면 좋습니다.냉면이 나왔는데... 예전과 다른점이 있다면 처음부터 설탕을 넣어주셨네요:) 예전엔 양념장에 설탕을 넣었을지 모르겠지만...제 기억으로는 테이블에 별도로 설탕통을 구비해둬서 취향에 따라 넣어드시거나 그냥 먹었던걸로 아는데...지금은 처음부터 별도로 넣어 주시는듯합니다.(지금도 설탕통은 준비되어 있어요)역시 이곳 냉면집은 양념이 핵심이네요:) 국산과 중국산 고추가루의 적절한 배합으로~알싸하고 매콤한 맛이 입안을 자극합니다. 설탕 덕분에 은근한 단맛이 툭툭 쳐주네요~ 면발은 부들부들 매끈쫄깃합니다.한쪽에서 대량으로 면발을 뽑아내고, 오이채와 무채를 준비하는 많은 아주머니분들이 계신다는 모습만으로 꾸준히 이곳 장사가 잘되고 있다고 자연스레 홍보하듯 보이네요.매운음식을 먹기 전 워밍업으로 먹던 계란반쪽과 오이&무채의 단출한 고명도 부담스럽지 않고 깔끔해서 좋고, 취향에 따라 별도로 준비해주신 냉육수를 부어서 물냉처럼 드시거나~ 저처럼 처음엔 비냉으로 몇입 먹은 후~ 냉육수를 자작하게 부어서 입가심으로 한번 더 시원하게 즐기는 방법도 좋은듯하네요:) 먹을땐 매워도 먹고 나와선 금방 입안이 개운해집니다.사람이 많을땐 합석도 할 수 있고, 자리가 좁아서 편하진 않지만 시장 근처에서 가벼운 식사로 즐겨찾기엔 가격대도 좋고 맛도 괜찮으니 분명 매력적인 매운냉면집입니다.***매운걸 잘 못드시는 분이라면 양념을 절반 덜어내시고 설탕 한스푼과 육수 좀 넣어서 드시면 먹을만 하실겁니다.",괜찮다
402,할머니냉면집,영영,"평양냉면을 가려다가 평양보단 함흥냉면을 좋아해서 안전하게 먹자는 생각으로 간 곳입니당비오는 날인데도 사람이 꽤있어서 놀랐습니당냉면 골목인지 냉면집이 되게 많았습니당 요즘에는 볼 수 없는 가격 5000원인곳이 많았어요~냉면 단일메뉴로 곱빼기와 일반만 있었어용가자마자 바로 주문을 받으시고 얼마 지나지 않아 음식이 나왔습니당 저는 매운 걸 좋아해서 양념장을 덜지 않고 그냥 비볐습니당 뻑뻑한 감이 있어서 육수를 넣어 먹으니 딱 간도 맞고 매콤해서 맛있었어용 별로 안 맵다고 생각했는데 다 먹고 난 끝맛이 매워서 물 엄청 마셨습니당ㅋㅋ 좀 양념장을 덜어 드시는 걸 추천해용 요즘 냉면 먹을때 고기나 만두, 돈까스 등 다양한 사이드를 함께 먹다가 냉면만 먹어서 그런지 아쉬움이 있었습니다 그래도 냉면 자체는 저렴하고 매콤 깔끔한 맛이라 만족합니당 그리고 온육수가 생각보다 맛있어서 좋았어용!날좋은날 또 가도 좋을 것 같아용",괜찮다
403,할머니냉면집,Ray,물냉/비냉이 아니라 양념장 얹어놓은 비냉으로 나오면 본인이 원하는대로 양념장 조절하고 육수 부어서 먹는 방식이고요. 양념장은 조금 넣으면 맛 자체는 많이 안 매운 거 같으면서도 혀로 매운 느낌이 얼얼하게 오는 신기한 매운맛이었어요. 가성비 좋아요!,괜찮다
404,할머니냉면집,권오찬,"* 한줄평 : 44년 업력의 청량리 노포 함흥냉면1. 등잔밑이 어둡다고 했던가?! 접근성 좋은 청량리 시장 안에 <함흥냉면 골목>이 있을 줄은.. 발길 닿는대로 걷던 와중 시장 골목에 왜 카리스마 넘치는 함흥냉면집이 있지 했는데 연륜이 느껴지는 간판의 냉면집이 감자 덩굴 나오듯 우르르 몰려있다.2. 우연찮게도 마침 내 앞을 지나가는 중년 아재들이  “입 안이 다 얼얼”하다며 지나간다. 식당 안 분위기도 심상찮다. 다들 입으로 “쓰읍~ 파” 숨을 쉬며 땀을 훔치고 있다. 심지어 메뉴판엔 매운 맛을 싫어하면 양념장을 덜랜다. 순간 깨닫는다. 청량리 어디쯤에 엄청나게 매운 냉면집 있다 들었는데 이 집이였구나... 나 맵찔인데..3. 무표정한 점원이 가위와 냉육수를 툭하고 놓고 가는데, <춘천식 막국수>처럼 육수를 부으면 물냉면, 안 넣으면 비빔냉면으로 취향따라 먹는 것 같지만 힐끔 둘러본 실내에는 다들 비빔이다.까짓거 손바닥 반도 안 되는 분량의 양념장이 매우면 얼마나 매울까 했는데 나 역시 <라마즈 호흡법>으로 숨을 쉴 수 밖에 없다. 청량고추, 태양초 고춧가루, 마늘과 생강 등 맵다는 건 양념에 다 들어간 것 같다.4. 그나마 매운 통각을 제어하는 방법은 뜨거운 육수를 홀짝홀짝 마시거나, 설탕을 잔뜩 넣거나..매운 맛 선호도에 따라 호불호가 있을 식당이다. 성인 남성이 먹기에 부족하지 않은 정량 한 그릇이 불과 <5천원>이라는 걸 감안하면 불호보다는 호에 가까운 평가가 많을 식당이다.5. 얼마전 리뷰한 수유동 <곰보냉면>도 시장 한켠 자리잡은 2군 냉면으로 가격이 저렴할뿐 완성도가 높았는데 이 집 냉면 역시 44년의 세월을 버텨온 녹록치 않은 연륜이 그에 못지 않다.# 추가잡설재작년쯤 망플 평냉 애호가들의 리뷰가 잇달았던 청량리 생활의 달인 <평양냉면> 역시 현대코아 근처 <청량리 함흥냉면> 골목으로 이전했다.같은 냉면음식 카테고리에 있으면서도 함흥과 평양이라는 지역 특색 선호도가 뚜렷한 음식이 또 있을까?! 마치 적진 한가운데 포위된 <관운장> 느낌이다. 을지로 평양냉면 비하면 저렴한 가격이지만, 이 집 따라서 청량리 서민가격 함냉의 가격이 인상되지나 않을까 괜한 걱정을 해본다.",맛있다
405,할머니냉면집,이지은,엄청 매워서 계속 육수에 중화시켰다. 설탕의 달콤함과 매운맛 그리고 육수의 조합이 매력적,괜찮다
406,할머니냉면집,파랑앤홍,"19-8CollinB 님이 하도 맛나게 리뷰를 주셔서 평양냉면을 먹으러 갔는데  가는길에 만난 할머니 냉면집..줄이 장난이 아닙니다그런데 문득 머리를 당기는 그것.. 30 여년전에 아버지를 따라 왔다가 울면서 먹던 그 추억이 저를 붙잡습니다확실치는 않지만 이 부근 이었던것으로 기억 하는데 그래서 오늘은 여기로 정했습니다가격이 너무 착합니다곱배기를 시켜서 양념장을 20% 정도 덜어 냈습니다만 그래도 맵습니다여기는 비냉, 물냉이 없습니다비냉으로 나온것을 먹다가 같이 주신 차가운 얼음동동 육수를 부어 먹으면 물냉이 됩니다 먹다가 문득 울고있는 저를 발견하고 조용히 눈물을 훔치다가 맞은편에서 울고 계신 할아버지와 눈이 마주쳤습니다어색한 웃음과 얼얼해진 혀를 뜨겁고 고소한 육수로 달래서 나왔습니다여기 좋네요 아버지 모시고 다시 한번 와야 할것 같습니다육수가 정말 너무 맛있습니다방문추천 99%서비스 70%청결 75%주차불가",맛있다
407,할머니냉면집,평냉쟁이,깔끔한 육수 질깃한면발 은근히 올라오는 매운맛 5천원에 이런 훌륭한 낭면을 먹을 수있는곳이 또있을까 강추합니다,맛있다
408,할머니냉면집,이주현,"40년 넘은 유명한 냉면집. 여러 유명 방송에 나왔다고 한다. 추운 날씨에 갔는데도 손님이 많다.처음 모습 사진을 못 찍었지만 냉면 사리 위에 양념장이 올려져 나오고, 비벼서 비빔냉면으로 먹다가 냉면육수를 부어 물냉면으로 먹는 집이다. 요즘 이런 스타일의 냉면집이 꽤 많아져서 그런지 다른 곳보다 뛰어나게 맛있다는 생각은 들지 않았다. 그런데 양념장이.. 매워봤자 얼마나 맵겠어 하고 덜어내지 않고 그대로 먹었는데 많이 맵다ㅋㅋ 매운걸 잘 먹는 편은 아니라 좀 힘들었다. 불닭볶음면 정도는 되는거 같다.. 그래도 땡기는 맛이 있어서 다 먹긴 했지만 나중에 속이 아팠다 ㅜㅜ가격은 5천원으로 저렴한 편이다.가깝다면 한 번 가볼만한 정도의 냉면집.",괜찮다
409,할머니냉면집,Capriccio06,청량리에서 유명한 가게이고 어른들이 좋아하셔서 가끔 같이 가는데 내입에는 많이 매워서 늘 양념장을 반이상 덜어낸다. 쫀득한 면에 매콤달콤한 양념장을 내주는데 양도 꽤 많고 가격도 저렴해서 인기가 많은 듯. 매운 맛만 덜어내면 익숙한 냉면 맛이긴 하다. 가게가 오래된 만큼 추억이 많아서 많이들 찾으시는 것 같다.,괜찮다
410,할머니냉면집,볶음밥,서울식 매운냉면집 중 두번째로 좋아하는 집뜨거운 육수도 좋고 매운 양념장도 괜찮은 편이고무엇보다 찬 육수를 넉넉하게 줘서 비빔으로 먹다가 물냉으로 전환시킬 수 있다는 것이 장점,맛있다
411,할머니냉면집,노가리구운김,맛있고 고소한 편. 지옥의 갱스터 동네 청량리에 있어서 눈만 마주쳐도 때릴거같은 할부지들 꽉 차있는데 술 안팔아서 안 얻어맞을 수 있고 깔끔하게 냉면만 먹고 나올 수 있음,맛있다
412,할머니냉면집,ParkHyeran,매운맛이 간절할때 찾는 곳.,맛있다
413,푸른하늘,zimzim,참치김밥 엄청 큰데 짜고 별로에요…,별로
414,푸른하늘,미동이,김밥을 맨날 떡볶이랑 먹다가 쫄면이랑 먹었다.먹기 이전으로 돌아갈 스 없다..존맛,맛있다
415,푸른하늘,kkonoo,저렴한 가격에 예상할 수 있는 분식 맛! 특히 김밥이 실하고 맛있음! 떡볶이가 달고 케첩이 많이 들어간 느낌으로 맛있는 편은 아니지만 그냥 항상 시켜요..ㅋㅋ,맛있다
416,푸른하늘,박범진,"안암에 고른햇살이 있다면 여기는 푸른하늘이다!김밥 종류는 다 맛있고 라볶이나, 쫄면은 무료로 곱배기로 주심! 곱배기 안 시키면 손해보는 느낌이라 무조건 시킴배달도 되는데 매장에서 사먹는 거보다 +500원씩!그래도 싸고 양많고 가성비 최고",맛있다
417,푸른하늘,미동이,참김 사랑혀,맛있다
418,푸른하늘,다람쥐다,김밥 맛은 적당히 있었으나...전화로 주문하니 20분 뒤에 찾으러 오라고 해서 시간 맞춰 갔더니 그제서야 김밥을 말기 시작함. 이럴거면 전화주문은 왜 받았는지?주문은 밀려있고 사람은 많은데 내가 갔을 땐 일하는 사람이 한명이라 주문 받고 김밥 말고 계산하고 정신이 없더라. 아쉽다.,괜찮다
419,푸른하늘,니나노,고른햇살 가보고 싶었는데 2호점이라길래 방문. 유명한 참치김밥이랑 라면 시켜먹었는데 대체 왜 유명한지 모르겠어요...고른햇살은 더 맛있는지 모르겠지만 암튼 김밥이 다른데보다 크다는것 빼고는 장점이 없는데 마요네즈가 너무 과하게 들어가서 심지어 맛없었어요..그냥 김밥천국 김밥도 맛있게 잘먹는 사람인데..그리고 먹고있는데 메뉴판 두개를 새로 다는데 드릴로 뚫고 망치질 하고 먼지날려서 빗자루로 쓸고...먹다 짜증나서 나왔네요. 일하는 남자 젊은 직원도 불친절함...마음에 드는 요소가 하나도 없어요.,별로
420,푸른하늘,즌짱,"안암의 고른햇살과 똑같은 가게라는데 고햇이 약간 더 나은 것 같다. 기분 탓 일 수도 있지만, 김치 제육 김밥은 속이 너무 차가웠고, 재료가 듬뿍 들어갔다는 생각도 안 들었다. 참치 김밥은 늘 맛있으니 패스. 라면은 너무 푹 익어 나와서 조금 아쉬웠지만, 안암까지 가기 귀찮을 때 괜찮은 선택지라 생각한다.특이한 점은 라볶이, 치즈라볶이, 쫄면은 무료로 곱배기로 변경 가능하다는 점.",맛있다
421,푸른하늘,grace,"이미 너어무 유명한 안암 고른햇살의 2호점이라고 들었어요!(그래서 그런지 그곳과 음식 메뉴가 동일해요!)이곳 참치김밥정말 최최고에요 ❤️한 알 크기가 거의 숟가락만한 것도 넘 좋고고소한 흑미에 참치마요가 가-득 든 것도 넘 좋아요!!제육김밥이랑 야채김밥도 유명한데전 개인적으로 참치김밥을 계속 찾게되더라구요 *_*라볶이랑 같이 시켜서 국물에 찍먹하면최고 맛있어욥 ㅋㅋㅋㅋ아, 그리고 사진엔 없지만토종순대도 정말 맛있어요!같이 나오는 막장(?)st 소스가 너어무 맛나거든욥!!",맛있다
422,푸른하늘,Ray,참치김밥(3000) 먹는데 처음엔 '뭔 참치가 많아 평범한데' 이랬는데 중간 부분은 참치대폭발이라 목 막혀서 삼키기가 힘들더라고요ㅋㅋㅋ아쉬운 건 참치 양 많은 건 정말 인정하는데 왜 마요네즈는 참치 없는 부분에만 몰려있죠?ㅠㅠ 원래 참치는 마요네즈랑 잘 버무려진 맛으로 먹는 건데ㅠㅠㅠㅠ그래서 참치폭발인 부분이 오히려 맛이 덜했어요. 이래서 소스 찍어먹는 건가 싶기도 하고ㅠㅠ,괜찮다
423,푸른하늘,Lydia,참치로 목이 메이긴 처음이다양많고 집에서 싸준 김밥맛화장실이 조금 더러움. 나머진 만족,괜찮다
424,푸른하늘,AlexTheFood,"#181022바나#푸른하늘 #왕김밥생활의 달인에도 나온 경희대 정문 앞 혜자로운 분식집!⠀나는 월화수목 9시 강의라 첫 차를 타고 학교를 간다.출근 지옥철 피할 겸 빈 강의실에서 블로그도 할 겸.집에서 5시 39분 첫차를 타면 7시쯤 학교에 도착★⠀마침 먹어보고 싶던 푸른하늘이 오전 7시 오픈이라기에고민하지 않고 시험 보기 전에 방문했는데,생각보다 테이크아웃하는 학생들이 꽤 있더라.⠀난 바로 먹기 위해서 참치김밥 하나를 부탁드렸는데어지간한 3500~4500원 참치김밥 집들보다참치가 훠어어어얼씬 더 많이 들어가있다!⠀특별한 맛은 아니지만 재료를 아낌없이 넣어혜자로움을 날 것 그대로 느낄 수 있는 곳.츤데레 사장님께서 장국도 먹으라며 주셨다..ㅋㅋㅋ⠀예비군 때 학생회에서 준 원조김밥은 별로였는데역시 여기는 참치김밥인가 보다. 배불리 잘 먹었음☺라볶이도 맛있다니 다음에는 라볶이 먹으러 가야지★-⠀#참치김밥 3000 ★★★★",맛있다
425,푸른하늘,이지인,ㅇㄱㄹㅇ ㅍㅌ ㅂㅂㅂㄱ,맛있다
426,푸른하늘,KimRyu,참치김밥 갓혜자 인정합니다. 경희대생이라면 다 알고 있는 맛집이 아닐까,맛있다
427,물고기,뇸뇸꿀,그냥 김밥이 커서 특이하다? 말고는 특별한게 없었어요ㅠㅠ 한입에 못넣어서 먹어서 그런지 싱거운 느낌입니다. 김밥이 커서 배는 부르지만 김밥의 조화로움은 전혀 느낄수 없었습니다,별로
428,물고기,Rosita,"맛은 평이하고, 따로 주는 간장에 아무리 적셔봐도 맛이 어떻게 달라지는 것인지 별 차이점을 느끼기 어렵네요. 전화로 미리 예약 안하면 한시간 가량 대기 감수해야한다는 것도, 매장 안에서 대기조차 못하게 하는 것도, 응대가 친절한 듯 하면서도 불쾌한 것도(미리 예약하고 대기 중인 고객이 조심스럽게 김밥이 됐는지 물어봤을때 잡상인 취급 받는것처럼 느껴진건, 그 고객의 주관적인 감상에 불과한 점은 차치하더라도) 전부 김밥 안에 포함된건지.. 김밥이 엄청 크고, 그래서인지 입 안으로 직행하기도 전에 부스러져버리는 것도, 맛있으면 못이기는 척 그냥 쿨하게 '인정!' 이러고 말려고 했는데... 김밥을 워낙 좋아해서 유명한 김밥집들은 차근차근 뽀개주는 저로서는 납득하기 어려운 평범함입니다. 턱이 뻐근할 정도로 입을 있는 힘껏 벌려 우겨넣고 힘겹게 씹은 대가 치고는, 가격과 노력 대비 지나치게 평범해요. 정 먹어보고 직접 판단하고 싶다면, 너무 집착할 것은 아니고 최대한 시간 낭비를 안하는 방향으로 시도할 것을 추천합니다. 맞은편 마라우육탕면집과 이문동커피집을 발견한 것으로 패배감을 달래려 합니다. 그니까 나는 우육탕면 먹고, 커피 마시는 길에 김밥 사온 것으로~~",별로
429,물고기,정세진,"숙대 한입소반 미만잡이라고 생각했던 지난날을 반성합니다. 저는 당연히 두 줄은 거뜬할 줄 알았는데 욕심이었어요.. 한 줄로도 너무 배불렀답니다. 전에 먹은 것도 없이 공복으로 먹은 건데도 배불렀어요. 그만큼 양이 엄청 많아요! 그리고 반반 김밥은 안 받으시더라고요,, 원칙이라고 하셔서 그건 사알짝 아쉬웠어요. 미리 전화로 주문하고 방문하는 걸 추천드려요! 사람들이 진짜 많아서 저도 매장 내에서 20분-30분 정도 기다렸는데 대부분 전화 주문 손님들이었어요. 안에서 기다리는 자리가 좀 협소하기도 해서 방문 전에 전화는 필수일 것 같습니다! 김밥집을 찾아가기 조금 힘들었지만 그래도 이 퀄리티의 김밥이라면 재방문의사 있습니다!! 김밥을 찾아 먹게 하기 쉽지 않은데 참 대단한 것 같아요,, 많은 지점이 생겼으면 좋겠네요!",맛있다
430,물고기,헤더유으,"물고기 김밥 (3.5), 참치 김밥 (4.0)전화 예약은 필수! 예약하지 않으면 오래 기다려야한다. 시간에 맞춰서 가면 예약된 김밥을 딱 시간이 맞게 만들어주신다. 예상과는 다르게 매장 분위기가 굉장히 영(?)하다 ㅎㅎ 직원분들이 굉장히 친절하시다. 매장 안은 좁고, 테이블은 한개 밖에 없다. 주로 테이크아웃을 많이 하신다. 가장 유명한 물고기 김밥과 참치 김밥을 예약해서 먹어봤다!청양고추가 들어간 간장을 꼭 챙기시길 바란다. 일단 김밥 사이즈가 꽤 크고 두툼하다. 물고기 김밥은 두꺼운 계란 지단이 들어간 시그니처 김밥. 김밥이 조금 터지길래 아쉬웠다. 특별한 맛은 아니고, 담백하고 약간 밋밋하다. 간장과 청양고추 올려서 먹으면 약간 맵싸하게 먹을 수 있는데, 조합이 좋은지는 모르겠다. 먹기에 약간 귀찮다. 참치 김밥은 참치마요김밥! 이것두 크기가 꽤 된다. 입안 한 가득이다 ㅎㅎ 맛은 보통.",괜찮다
431,물고기,진진쓰,"사진을 못찍어 아쉽지만! 정말 맛있었어요이동네 갈일이 잘 없어 욕심내서 물고기, 참치, 매운참치 한줄씩 사왔는데 둘이서 먹기에 많긴 많네요ㅋㅋㅜㅜ저렴한 김밥은 아니지만 크기보면 참 감사한 가격이란 생각이 들게되요매운참치는 꼭 드셔보셨음 좋겠어오! 마요네즈버무린 참치덕분에 많이 맵지않고 막 입이 얼얼하거나 오래가는 매운맛이 아니여서 좋았어요오후6시쯤가서 주문했는데 20분정도 걸렸고 저희 뒤에 포장하러 오신분들은 30분이상 기다려야하나보더라구요 미리 전화주문하고 가세요 꼭-",맛있다
432,물고기,유새벽,김밥맛이 나쁘지 않다.,괜찮다
433,물고기,소녀당,여기 리뷰 보고 근처에 갔다가 가봤는데 장사가 잘되서 그런지 마니 기다려야 하는데 먹을람 먹구 아님 말라는 느낌에 말투!기분 나쁘지만 간김에 일보구 물고기 하나 참치하나 포장 해왔는데 그저 평범한맛!물고기 김밥은 깻잎 단무지 하나 햄두개 오뎅 조금 당근 계란이 거이반 일반 계란 말이 김밥 같은 느낌 이였구 참치는 똑같은 야채에 물고기 김밥보다 계란조금에 참치가 들어간!!김밥 썰은것두 크기가 너무 크거나 작거나 들쓱날쓱 막썰어두 것보단 균일하게 썰을듯!오랫 동안 기다려서 먹어야할 맛은 아닌 나에겐 그냥 평범한 맛!집앞 우엉김밥이 더맛있다! 직원들 마인드두 불친절 하구 김밥맛두 보통이구 일부러 찾아서 까지 또먹을일은 없을듯하다.,별로
434,물고기,owo,매운오뎅은 좀 많이 매운편이라 맵찌는 속이 쓰릴 수 있음청양고추간장이랑 같이 먹어야 제맛이고 멸치견과김밥이 저엉말 맛있습니다.바쁜 시간대엔 미리 전화주문하고 가는 걸 추천!,맛있다
435,물고기,욘욘,"맛은 있다. 그런데 영업을 제멋대로 하시는 느낌....저녁에 재고소진으로 종료하는건 어쩔 수 없으니 모르겠지만, 오전11시부터 영업하신다고 해서 어머니랑 찾아뵀는데 닫혀있었고, 전화를 해도 안받으시길래 안하나보다... 했는데 저녁에는 받으시길래 영업을 오늘 하시냐구 했더니지금은 막 재고가 떨어져서 종료라고 하신다. 내가 재수가없나보다...좀 억울해서 몇시부터 영업하신건지 물었더니평소와 같이 11시부터 했다고...(?) 불이 켜져서 하나보다 하고 가면 부부분이 치킨드시면서 영업안한다고 하는게 .... 정말이지 영 나는 별로였다. 뭔가 맛있다고는 하지만 내가 애써 참치김밥 먹으려고 삼고초려를 해야한다는게 이게 집앞인데도 작년부터 치면 5번정도 이어지니 좀 그렇다.",별로
436,물고기,Ray,- 그냥 엄청 큰 참치김밤- 고추간장 없으면 간이 안 맞으니 꼭 챙기세요!참치김밥(4000) 포장이요 이랬는데 어차피 포장만 되는 곳이군요ㅋㅋ봉지에 담아갔던 고추간장은 당연히 밀폐가 안 돼 집에 도착해보니 난리가 났더라고요. 저처럼 멀리서부터 포장할 분은 몇 안 될 거 같지만 그래도 조심하세요ㅋㅋ김밥 자체가 엄청 크고 특히 계란 지단이 두꺼워서 폭신한 게 인상 깊긴 했지만 맛은 평범했어요. 은근 참치랑 마요네즈가 맛나게 잘 섞여있는 김밥 찾기가 어렵네요ㅠㅠ 그래도 엄청 커서 4000원이 아깝지는 않았어요!,괜찮다
437,물고기,어디야,날 좋은 날 강아지랑 산책하다가 맛집이라던 물고기 김밥집을 발견해서김밥 두 줄 포장했습니다.부드러운 계란이 듬뿍 들어있고 간도 짭짤해서 맛있었는데외대에서 피크닉하듯 먹어서 기분도 좋았어요!,맛있다
438,물고기,수갱,몇번을 퇴짜 맞고도 다시가서 기다리는중인데 기다리는것보고도 얘기도없이 다른손님 먼저 계산받더니 재료소진되었다고 기다리고서있는거 뻔히보고 몇십분을서있었는데 무시...손님응대이정도로 개판인곳은 처음 이네요,별로
439,물고기,즌짱,"두툼한 계란이 들어있는 맛있는 물고기 김밥 S2 예전에 학생이 포장해왔을 때 한 입 얻어먹고 오랜만에 먹었는데 역시 맛있었어요 ! 김밥 치고는 비싼 3500원 이상의 가격이지만, 김밥 반 줄만 먹어도 배가 부르고 속이 든든해지는 기적..⭐️ 전화로 예약하고 약 두시간 반..? 후에 찾아와서 먹었는데 기다림 덕분인지 더 맛있게 느껴졌어요.물고기 김밥, 참치 김밥, 매운 참치 김밥을 먹었는데 기본 물고기 김밥도 맛있지만 매운 참치 김밥이 진! 짜! 맛있어요. 보통 김밥과 다르게 깻잎과 어묵이 들어가고, 매운 참치 김밥에는 양념한 매운 어묵이 들어가요. 매워봐야 얼마나 맵겠어 했는데 맵찐에게는 좀 매웠습니다 ㅠ ㅠ 그치만 갱장히 맛있어요. 매운 참치 김밥 추천합니다!+ 권오찬님 리뷰 보고 아부지께 김밥 픽업하실 때 왜 이름이 물고기 김밥인지 물어봐달라고 부탁드렸는데,,, 아부지 피셜로는 원래 광장동 장로회 신학 대학교 앞에 있던 곳이며 물고기는 성경에 나오는 오병이어에서 따온 거라고 ... ㅎ.. 진위 여부는 모르겠지만,,,, 한 편으로는 어묵이 들어가서 물고기 김밥인가 싶기도 하네요. ㅎㅁㅎ",맛있다
440,물고기,권오찬,"* 한줄평 : 김밥에 관한 추가잡설1. 일부러 찾아가서 먹을 정도의 서울 강북지역의 김밥집을 꼽아보자면 고려대 앞 묵직한 참치김밥으로 유명한 <고른햇살>, 숙명여대 근처 묵은지 김밥이라는 독특한 시그니처 메뉴를 선보이는 <한입소반>, 한국외국어대 근처 김밥집과는 어울리지 않는 상호명의 <물고기> 등이 있다.2. 문헌상 한반도에 김이 등장하기 시작한 것은 조선시대 각 도의 지리와 풍속, 인물 등을 기록한 동국여지승람과 경상지리지이고, 정월대보름 오곡밥을 나물과 함께 <김에 싸먹는> 세시풍속이 아직까지도 남아있는 것을 보면 우리는 꽤 오랜시간동안 한민족 식탁에 김이 올라왔다는 것을 유추해볼 수 있다.3. 애초 김밥의 형태는 충무김밥처럼 김에 밥을 <싸서> 먹는 형태였으며, 밥과 다양한 재료를 김에 <말아>먹는 지금의 형태로 바뀌며 국민음식이 된 것은 흥미롭게도 <국민학교 소풍> 문화라 생각된다.4. 찌개와 국, 밥, 반찬 등으로 이루어진 우리네 상차림이 <야외 소풍>에서 차려지기는 요원한 일이였는데다 모든 것이 부족했던 개발도상국 시대 가가호호 생활 형편도 넉넉치 못했을테니 그나마 아이들이 편식없이 먹을 수 있는 <최적화된 야외 음식>이 김밥이였을 것이다.5. 최근 몇년사이 프리미엄 김밥이 등장했지만, 내가 국민학생이던 시절 김밥처럼 <평등한> 음식도 드물었다. 잘 사는 집 아이나, 못 사는 집 아이나 소풍 당일 만큼은 햄과 지단, 시금치와 단무지로 말아낸 김밥이라는 똑같은 음식을 먹었으니 말이다.6. 김밥집 상호명과는 다소 어울리지 않는 <물고기>라는 식당을 벼르고 벼르다 방문했는데 김밥이 토실하다, 묵직하다라는 표현으로는 부족할 정도로 거대하다. 그러나 단지 사이즈만 큰 것이 아니라 밥과 재료의 비율, 재료의 간 등이 조화로운 편이다.7. 주문 메뉴는 계란지단이라고 보기엔 너무 커서 차라리 계란말이가 들어갔다라고 표현하고픈 <물고기 김밥>과 참치가 김을 밀고 나올정도로 푸짐하게 들어간 <참치 김밥>이다.# 추가잡설김밥이 외식 메뉴 중 분식 대표주자로 나설 수 있게 된 것은 1990년대 중반부터이다. 어머니께서 특별한 날 부엌에서 싸주시던 <집밥> 개념의 김밥이 즉석김밥이라는 <외식 메뉴>로 프랜차이즈 식당에서 만날 수 있었던 것이 그 즈음이요, 불고기와 참치, 김치, 멸치 등 속재료의 고급화와 다양화가 이루어진 것도 90년대 중반이다.지금이야 당연히 김을 살짝 구워 김 특유의 비린내를 제거했다지만 이 비법이 등장한 것도 90년대 후반경이다. 그야말로 김밥계의 <콜럼버스 달걀>과 같은 이야기이다.",맛있다
441,물고기,ethanghymn,예전에 한번 들렀었는데 여름휴가를 가신 바람에 헛걸음을 한 적이 있었는데 최근에 낙성대역 근처 소풍가는날에서 오랜만에 내가 좋아하고 항상 찾고 있는 캘리포니아 롤의 느낌과 비슷해서 맘에 드는 샐러드김밥을 만났었어서 그 집의 김밥과 비교도 해 볼겸 다시 들러봄.이번엔 헛걸음 하지 않으려고 전화를 미리 하니 오후2시부터는 브레이크타임이니 그 전에만 오면 된다고 하시고 미리 예약을 해야된다는 얘기도 어디서 보고 인기있는 김밥은 떨어진다는 얘기도 봤었어서 대표메뉴인 것 같은 물고기 김밥 한줄과 참치 김밥 한줄을 예약주문하고 출발함.한번 왔었던지라 쉽게 찾아가니 아담하고 나름 귀여운 외관의 가게 안으로 들어가니 아마도 부부이신듯한 사장님 사모님께서 열심히 김밥을 만드시고 계시고 창가쪽엔 2명 정도가 앉을 수 있는 바테이블이 있는데 여자손님 한명이 먹고 있었음. 또 다른 여자손님 한명은 테이크아웃을 해가려는 듯 기다리고 있었음.들어가서 예약했던 김밥을 말씀드리니 이미 포장이 되어있어서 계산을 하고 김밥 두줄이 든 비닐봉지를 받아 들면서 인터넷 어디선가 봤던 청양고추가 잘게 썰려져 들어간 간장에 찍어 먹으면 더 좋다는 말도 봤어서 궁금했던지라 간장 옆에 준비된 비닐봉지에 간장을 조금 담아 흐르지 않도록 잘 묶은 후 김밥이 든 비닐봉지에 젓가락과 같이 넣어서 나옴.왠지는 모르겠지만 가지고 오는 동안 비닐봉지에서 솔솔 나는 냄새는 참치 김밥 때문인지 아니면 간장 때문인지 또는 따뜻한 밥의 열로 인해 김에서 비린내가 나기 시작하는건지 맛있다기보단 살짝 덜 좋은 냄새가 났음.집에 와서 펼쳐보니 여기저기서 봤던대로 사이즈가 웬만한 김밥 크기의 1.5배쯤 되는거 같은데 소풍가는날과 거의 비슷하지만 살짝 작은 느낌이었음.집으로 오는 동안 시간이 흐르고 김밥의 온도때문인지 김밥을 둘러싸고 있는 김이 약해진건지 김밥을 젓가락으로 집는데 쉽게 찢어져 내용물이 다 분리됨. 그렇게 몇개를 분리된 채로 먹고 드디어 안 분리된 물고기 김밥을 맛을 보니 계란지단이 포실하게 조리되서 마치 일본의 계란말이와 비슷한 느낌으로 내용물 중 당근은 과하진 않게 달달하게 볶아져 전체적으로 김밥에 은은한 단맛을 내줌.비닐봉지에 포장해 온 간장양념은 간장에 든 청양고추를 한두개정도 김밥에 얹어서도 먹어보고 간장양념에 살짝 찍어도 먹어봤지만 특별하게 감칠맛이 좋거나 달달하거나 하지 않은 그냥 짭짤한 간장맛의 느낌이어서 특별한진 잘 모르겠던..참치 김밥이 더 유명한 것 같아서 한개를 집어 단면을 보니 아마도 내것만 그랬던거겠지만 인터넷에서 봤던것처럼 듬뿍 들어있진 않고 비교적 적게 들어있어서 처음엔 물고기 김밥과 다른점을 쉽게 못 찾음.맛을 보니 참치가 비교적 넉넉한 양의 마요네즈에 잘 버무려져 뭔가 느끼하지 않게 라이트한 느낌이 아닌 고소한 맛이 느껴지는 맛이어서 좋음.전체적으로 실한 내용물이나 은은하게 단맛이 느껴지고 포실한 느낌의 계란지단등은 나름 차별화되서 좋은데 그렇다고 소풍가는날에서 맛봤던 샐러드김밥처럼 우와하는 그런건 아니었고 이런 두툼한 김밥을 먹을때 턱이 아파지는거나 포장 후 시간이 좀 흐르면 김밥을 싼 김이 흐물해져서 쉽게 찢어지는건 좋은건 아니었는데 그래도 체인점 김밥보단 좋았어서 맛있다로..,맛있다
442,물고기,망코,세상 최고의 김밥.토요일에 3시까지 한다는 걸 모르고 가서참치김밥은 이미 품절 ㅜㅡㅜ그래도 물고기와 치즈는 먹을 수 있었다.시간상 매장에서도 먹을 수 없어서부득이하게 포장.사장님이 엄청 미안해 하셨다.나중엔 꼭 미리 전화해서 주문해겠다.포장은 했으나 어디서 먹어야하나 고민했는데날도 좋으니 외대 캠퍼스에서 대학생인냥 먹자고 했다.뜻밖의 피크닉테이블과 벤치가 있어서 먹기도 좋았다김밥을 먹으려 포장을 뜯은 그 순간.황홀~예전에 경주에서 계란지단 채썰어서 넣은 김밥을 먹어본 적이 있었는데 거기보다 더더더 맛있다.하나 입에 넣을라 치면 입이 찢어져라 크게 벌려야 하지만한입에 먹어야 제 맛!꼭 다음번엔 매운참치김밥을 도전하리!,맛있다
443,물고기,Ansohwee,엄청난 뚱김! 밥보다 재료가 많은 스타일의 김밥이에요한줄만 먹어도 충분히 배부를 수 있을 만큼 커요전 참치김밥이랑 멸치견과류김밥 두가지를 먹어봤는데둘다 자기주장 뿜뿜해서 너무 맛있게 먹었어요멸치견과류김밥 같은 경우는 인기가 많아서 오후 12:30에 샀는데 제가 마지막이었음! 집근처라서 행복한 김밥집이에요,맛있다
444,물고기,돼지냥,참김 맛잇음ㅋㅋㅋ 딱 사진처럼 나옵니다 두둑~히. 이건 진짜 밥 한끼!,맛있다
445,물고기,장희,뚱뚱한 참치김밥. 참치도 듬뿍 들어가지만 계란지단이 두툼하게 들어가는게 포인트,맛있다
446,물고기,ㅇㅅㅇ,참치김밥이 퍽퍽하지 않고 성인 여자 팔뚝만하거나 더 두꺼워서 배고플때 혼자 먹어도 다 못먹음너무너무맛있다아,맛있다
447,물고기,qwert,절대로 작은 입이 아닌데 하나만 먹으면 입이 터질것같은 크기.가성비가 개애애굿이다. 맛도 있다. 사장님도 늠친절이 동네에서는 여기 김밥만 먹을듯,맛있다
448,물고기,빈빈,나는 풍년김밥파아닌 물고기김밥파다,괜찮다
449,물고기,을매나 맛있게요~,"왕김밥 한줄평도 아니구 두줄을 평하자면.. 감히 숙대 묵은지참치김밥과 대적할만한 곳. 실한 밥알과 김밥속, 특히 포실한 계란, 어마어마한 참치의 양에 입이 떠억 벌어지는 곳.물고기김밥, 매운참치김밥이 메인이니 그 두 줄 드시길 추천드림! 물고기김밥인 이유는 천사사장님께서 크리스천이시라, 오병이어에서 본따오셨다고 한다. 참말로 귀여우시지 말임다♡",맛있다
450,물고기,자몽시러,김밥 완전 커요! 간도 짜지 않고 적당합니다. 3500원으로 이런 행복을!!당분간 포장만 되고 2시부터 4시까지는 브레이크타임이에요 참고하시길,맛있다
451,물고기,JaehoLee,기본 김밥인 물고기 김밥을 먹어봤는데 계란지단의 지분이 거의 반으로 느껴질 정도로 양이 많아 이런 스타일을 선호하는 분들은 아주 좋아할 맛입니다. 특이한 김밥이라는 점에서 청담의 마녀김밥과 비교할 만 한 것 같네요. 개인적으로는 마음에 들었고 다른 김밥들도 시도해 보고 싶네요.,맛있다
452,물고기,지슈,속이 꽉 들어찬 왕 김밥물고기 김밥 - 부들부들한 계란이 왕창 들어있다. 계란의 부드러운 맛이 핵심이다. 애기들이 좋아할 것 같은 맛이었다. 참치김밥 - 참치가 꽉꽉 들어있다못해 흘러 넘칠 정도로 많이 들어있다. 세 김밥 중 제일 맛있었음!멸치견과류 김밥 - 멸치랑 견과류가 많이 들어있어서 좋았다. 다만 내 입맛에는 조금 달았다. 김밥에서 단맛이 느껴진다능 것이 나에게는 조금 이질적으로 느껴져서 아쉬웠다.그토록 유명한 김밥을 드디어 먹었당.일반 종이컵 입구보다 살짝 작은 정도의 두께.진짜 두툼하고 양이 어마어마하다.비싼 만큼 푸짐한 김밥이다.밥이 조금 질은 느낌이었던게 아쉽긴하지만 푸짐한 정을 느낄 수 있는 김밥 같다!,맛있다
453,물고기,키다리아저씨,협소한 공간이라 대부분 포장하는곳입니다.미리 전화로 몇시에 찾으러 오겠다고 예약하고 가기도해요:)김밥 전문으로~ 한입에 꽉차는 김밥을 좋아하시면 경험해보세요~ 한줄이면 한끼 식사 양입니다.김밥도 크고 속도 푸짐하게 들어있어서 먹다보면 살짝 느끼한 점도 있는데... 여기에서 준비해둔 청량고추 넣은 간장과 함께 먹으면 좋습니다.사이즈가 있는만큼 가격도 있는편~,괜찮다
454,물고기,NP,그냥 퉁퉁한 김밥이고아주 손님 응대가 최악임,별로
455,물고기,클짱,"작년부터 외대에서 줄서서먹는 맛집/김밥집이라고 들었음. 동생도 직접 줄서서 매운참치김밥이랑 기본 물고기김밥을 사왔는데 양이 미쳤음. 김밥 한줄 다 못먹을 정도로 한줄이 엄청 뚱뚱하고 양이 어마어마함. 김밥안에 두꺼운 계란 지단이 들어가 있어서인듯. 지단이 쫌 많이 달달한 편이라서 김밥자체도 달달하다. 그래서 단맛을 별로 안좋아한다면 매운 종류의 김밥을 시키는것을 추천. 근데 또 내가 먹은 매운참치는 마요네즈가 너무 많이 들어가서 맵진 않았음. 기본 김밥인 물고기김밥, 매운참치김밥 둘다 맛있게 먹긴했는데 먹다보니 달달해서, 너무 양이 많아서 질리기도 함. 하지만 동생은 개존맛이라며 여기만한 김밥집은 세상에 없다고 극찬하며 먹음. 그래서인지 동생 같은 대학생들에게는 인기가 많고 줄서서 먹는 맛집으로 통하는게 이해가 감 (입맛이 늙었나봐ㅜㅜㅜ)쓰다보니 맛은 괜찮다 정도인데 김밥한줄로 한끼 든든히 먹이고 싶다는 사장님의 철학이 감동스러워서 맛있다 줌",맛있다
456,물고기,여의도굴국밥,신선한 재료와 푸짐푸짐한 양에서 사장님부부의 무한애정을 느낄 수 있다.시작은 시그니처인 물고기김밥을 추천.간장고추절임과 함께 곁들이면 이곳이 곧 헤븐!전화예약은 필수,맛있다
457,물고기,맛있는게제일좋아,"12월부터 5번 찾아가서 겨우겨우 포장해온 인기천지 김밥집입니다. 전화가 드디어 연결됐는데 30분 후에나 김밥이 나올거라며...심지어 밥시간도 아니었는데... 참치김밥,물고기김밥,치즈김밥 포장해왔는데 양이  엄청엄청 많아요. 참치김밥 포장할 땐 고추간장 준다고 알고 있었는데 안 챙겨놨더니 좀 느끼했어요. 늦게 찾아가면 100퍼센트 확률로 김밥 없습니다. 참고하세요!",맛있다
458,물고기,롸?,맛집 불모지 외대-한예종 후문 라인의 빛과 희망 그리고 소금....여러분 김밥은 물고기 김밥입니다 ㅠㅠㅠㅠㅠ 한줄 배불러서 다 못먹음. 방문 전 전화 필수!!!!,맛있다
459,장안정,Marr,장안정은 사실 냉면 맛집. 물론 본인 아무거나 잘 먹는 냉면러버 ㅋ돈가스에 치즈가 들어갔는데 소스가 매운게 있다?이건 못 참지; 쓰다보니가 또 침고이네배달보단 가서 먹는게 맛있었던 기억,맛있다
460,장안정,김경민,#먹어서응원장안정은 집앞에있을때 자주갔던곳이예요 지금은 학원가 안쪽으로 이사를해서 예전만큼 자주는 못가고요 배달을 자주시켜먹는편이예요 백종원의..프로그램에서도방영했었구요~함박스테이크랑 돈까스가 땡길때면 자주찾곤해요~~옛날맛이 그리울땐 가보면 좋을꺼같아요 배달도 동네라 식지않고 바로옵니다,맛있다
461,장안정,SEDOH AKIRA (Shin준서),#망고하이정정정정정정정정정정정정정정정정정말말말말말말말말말말말돈돈돈돈돈돈돈돈돈돈가가가가가가가가가가가가가가가스스스스스스스ㅡ쓰ㅡ스스스스스스스ㅡ스스슷스스ㅡ스스스스스스ㅡ스스스스스스스스스ㅡ스스스스맛맛맛맛집집집집이이이이이이이에요,맛있다
462,장안정,eh,그냥 그저그런 기사식당. 기대하지 않고가면 만족할 수 있는맛?,괜찮다
463,장안정,Yeonhwa,적당한 가격에 깨끗한 식사 였어요 !저는 경양식 돈까스를 좋아하는 편이예요~ ⭐️돈까스 소스 자체는 약간 자극적이고 순한 소스는 아니예요! 하지만 밑반찬들은 맛있었고 이곳은 식전스프가 굉장히 매력적이였어요 고기도 두툼하고 치즈돈까스에는 치즈도 낭낭하고 원래 경양식 돈까스는 소스가 90%이라고 생각해서 소스가 맛있어서 좋았어요 부담스럽지 않은 가격대에 깔끔한 식당이여서 다음번에도 방문할 것 같아요! ⭐️반오픈 주방처럼 안에 주방을 볼 수 있는데 굉장히 깔끔하더라구요 테이블도 깨끗하고(끈적한거 없이)전체적으로 만족했던 식당이고 재방문의사도 있어요!,맛있다
464,장안정,이국군(쎌카),3대천왕 생생정보통 등 여러 방송프로그램에 나왔던 동대문구 장안동 기사식당. 입이 딱 벌어질만큼 엄청난 맛은 아니지만 돈까스와 함박을 파는 노포 기사식당이라는 타이틀은 우습게 볼 타이틀은 아니다~ 이제 건너편 5분거리로 이사를해서 노포느낌은 나지 않지만 음식은 변함없는듯.보통보다는 조금 괜찮은 돈까스와 함박.재방문의사 80%,괜찮다
465,장안정,조나리,"본점이 새로 이사가서 매우 깔끔해진 장안정! 아직 사람들이 모르시는지 본래 건물보다 한가하게 식사할 수 있었어요. 근처에서 몇 안되는 돈까스와 냉면을 같이 먹을 수 있는 곳인데다가, 합리적인 가격대에 세트메뉴가 구성되어 있어서 좋았습니다. 냉면 육수, 양념이 냉면 맛집 뺨치는 곳이라 꼭 냉면도 같이 먹어요. 식사 후 근처 영화관에서 영화보면 여유로운 하루 훌~쩍!",맛있다
466,장안정,권오찬,"* 한줄평 : 40여년 업력의 삼대천왕 돈까스 맛집1. 삼대천왕에 돈까스 맛집으로 소개되긴 했으나, 실상은 설렁탕으로 시작한 장안동 터줏대감 기사식당이다. 6월 중순경 인근의 더 좋은 자리로 이전한다고 하는데, 40여년동안 4번째 이전이고 메뉴는 설렁탕에서 돈까스, 함박스텍, 냉면 등으로 확대되어왔다.2. 13천원이라는 가격이 가성비가 좋다고 하긴 애매하나 <정식>을 주문하면 돈까스, 생선까스, 함박스텍까지 이 식당의 거의 모든 메뉴를 맛볼 수 있다.함박스텍에 얹어진 계란 후라이와 샐러드의 후르츠칵테일, 레드빈과 피클 등의 <화려한 플레이팅>이 기사식당급을 넘어선다.3. 남은 음식은 포장하여 가져갈 수 있도록 권장할만큼 정식의 양이 대단하다. 경양식 정통 코스처럼 처음엔 스프가 제공되고, 밥은 접시에 따로 나온다.돈까스 등 경양식으로 주문하더라도 설렁탕의 주요 반찬인 무와 배추 김치가 제공된다.4. 솔직히 맛은 기사식당에 거는 기대 딱 고만큼이다. 그러나 우리는 이 식당의 업력이 40여년이라는 부분에 주목해야 한다. 대한민국에 양식이 본격적으로 대중화된 시기는 30여년전인 1988년 올림픽이다. 재료 수급 측면에서나 조리 측면에서 가장 친숙한 메뉴가 <돼지고기>를 <튀긴다>였을테니 기사 식당 인기 메뉴가 돈까스인 것도 나름 설명이 된다. 그러나 대중 입장에서 보면 <경양식 돈까스>는 그간의 세월만큼이나 <피로도>가 있을 수 밖에 없다.",맛있다
467,장안정,Ray,함박 스테이크가 유명하다던데 그럭저럭 괜찮은 맛에 양은 보기엔 적어 보였는데 막상 먹다보면 많은 정도였어요.,괜찮다
468,장안정,윤민섭,새로 이전하시면서 많은 발전이 있었다.함박 맛있어졌고 생선까스 역시 많이 발전함 가격이 조금 아쉽긴하지만...,맛있다
469,장안정,키다리아저씨,"동네라서 아주 가끔씩 가볍게 식사하러 다녔던 이 주변에서는 나름 유명한 맛집이지만... 점점 더 안가게 될듯합니다;매장이 낡긴 했지만 큰편이고 주차장도 여유로워서 좋았던 곳이고, 기사님들이 이용하기에도 가격대가 괜찮으면서 맛도 좋았었지요....오래전엔...지금은 메뉴도 좀 변경되기도 했고, 가격도 1~2천원씩 올랐습니다. 가격이 오르면서 즐겨 방문하던 기사님들은 점점 줄어드는듯하고, 입소문이나 방송을 보고 찾는 손님들이 대부분이라 생각합니다.돈까스가 예전의 옛날돈까스가 아닌 튀김가루 팍팍 묻어있는 돈까스로 살짝 바뀌었네요.없던 새우까스가 생겨서 한번 주문해봣습니다.정식은 예전과 비슷한데 가격이 1.3이고 함박,돈까스, 생선까스가 골고루 들어있으니 넉넉한 양을 원하시는분은 다양한 맛을 보시는것도 괜찮을듯합니다.새우까스 4마리 만원~ 사이즈가 그리 작진않으니 나쁘진않습니다^^;오~~래전 저렴한 가격에 맛있게 먹던 기사식당인데...탈바꿈하는 느낌이라 나쁘게 보진않지만...추억이 사라진다는 기분이 들어 아쉬움이 남네요^^; 그리고 이정도 가격대라면 다른곳에서도 훌륭한 맛을 찾기 쉬울듯해서 경쟁에서도 매력을 찾기엔 점점 멀어지는듯합니다.",괜찮다
470,장안정,슈슈,존맛이에요!! 양도 너무 혜자ㅠㅠ 설렁탕도 같이 시켰는데 진짜 시원하고 맛있어요 제가 원래 튀김류 별로 안좋아하는데 포장해온 돈까스까지 제가 다 먹었네요ㅋㅋㅋㅋ포장해주시는데 비닐봉투도 꽉꽉 묶어주시면서 이래야 안흘린다고 해주시던 아주머니 너무 친절하세요 헤헤 다음에 또 갈게요><,맛있다
471,장안정,평양냉면 대법관,"양이 많긴 하지만 가격이 12,000원인걸 고려하면 가성비가 좋은 것도 아니다. 함박스테이크, 돈까스, 생선가스 모두 그냥 기사식당수준...왜 가는지 모르겠지만 가끔 생각나서 한 번 들리긴하지만 만이천원으로 먹을 수 있는 더 맛있는 음식이 너무 많기에 더이상 안가야겠다!",별로
472,장안정,망고,학창시절 급식돈가스 정도. 다시는 안갈 집.,별로
473,장안정,쩡ㅋ,"하.. 여기왜가는거지?  ㅠㅠ 바쁜날가서그런가 그릇들이나이런거도 위생적이지않고 정신도없고...스프는완전맹물맛.. 설렁탕은 느끼하고 .. 함박은 겉이너무두꺼운느낌.. 소스도특별한거없고급식소 돈까스,함박스테이크. 불친절은모르겠고그냥정신없음. 비위생적ㅠㅠ난진짜최악이엇다.... .",별로
474,장안정,|||||||||||||,정식. 먹으면 배부르다. 함박-생선가스-돈가스 순으로 맛있다. 설렁탕도 파는 집이라 깍두기도 괜찮음. 분위기만 이해된다면 괜찮은 집. 넓은 주차장은 서비스.,맛있다
475,장안정,파랑앤홍,키다리 아저씨님 믿고 찾아간 이곳..참 좋네요설농탕도 괜찮고 함박에..정식도 참 좋습니다특히 함박은 느끼한 맛을 마늘로 잡은듯.. 돈가스 소스도 내공 있고 생선가스 소스도 맛나요추천!또한 모자란 부분 더 챙겨주는 푸근한 서비스도 좋습니다국물이며 밥이며.. 소스 같은것도..,맛있다
476,장안정,평양냉면 대법관,"몇 년 전, 생생정보통에 장안정이 나오는 것을 보았고 그 당시 상당히 맛있겠다는 생각을 하고 있었는데 이렇게 가까운 곳에 있는지 몰랐다ㅋㅋㅋㅋ친구랑 둘이 가서 11,000원 짜리 모듬정식시켰는데 일단 양은 혜자다. 엄청 많음ㅋㅋㅋㅋㅋ가서 확실하게 배는 채우고 왔다. 정식에는 돈까스, 생선까스, 함박스테이크가 나오는데 일단 생선까스는 별로다. 그리고 돈까스는 그냥 그렇고 사실 함박스테이크도 그저 그렇다ㅋㅋㅋㅋ사실 나는 맛없으면 그냥 나오는데 여기는 뭔가 분위기가 정감가고 기사식당, 그 특유의 느낌이 좋아서 그냥 만족하면서 잘 먹었당. 설렁탕 유명하던데 다음에 설렁탕만 먹으러 와봐야겠다. 다른 음식 먹으러는 굳이 재방문 의사 없음ㅎㅎ맛으로는 그런데 분위기 때매 잘 모르겠다. 암튼 맛은 기사식당 그 이상도, 이하도 아님!",괜찮다
477,장안정,키다리아저씨,"장안동의 오랜 맛집 중 하나인 장안정~~기사식당 분위기에 넓은 식당과 여유로운 주차공간!처음에 오면 분위기가 어색한 곳이긴 하지만 가격대비 맛나게 식사할 수 있다^^다양한 방송에도 나왔다는 이곳!! 함박 스테이크나 돈까스가 많이 나가지만 한번에 다 맛볼 수 있는 모듬세트로 주문!! 생선까스, 함박, 돈까스 3가지 맛을 볼 수 있다^^ 옛 추억의 스프도 나온다~동네 어린 아이들이 좋아하는곳!!고급스런 분위기와는 거리가 먼곳~^^;;",괜찮다
478,39돈가스,모진수,외대앞역 근처 브레이크 타임이 없는 맛집.서너 시 애매한 시간에 밥집을 찾고 찾다가 방문했다. 학원 다니던 시절 학원 앞에서 먹었을 법한 향수를 일으키는 곳이었다.피자 돈가스가 유명하다는데 무지하게 맛있었다.치즈가 수북하고 바삭하고 짜고 고소하고 최고였다. 지금도 왕왕 생각나는 자극적인 맛이다. 매운맛 왕돈가스를 주문했다. 분식점 스러운 매운 맛(캡사이신?)이 나는 돈가스였다.느끼함을 잡아주나 그렇게 막 매력적이진 않았다. 피자돈가스의 압승이다. 피돈 먹으러 또 가고싶다.,맛있다
479,39돈가스,키다리아저씨,"다녀온지 좀 오래된 리뷰가 되겠네요^^;외대 학생들에게 잘 알려져 있는 돈까스집인거 같아요~ 대부분 어린 학생/ 커플들이 앉아 있었구요~ 좌석이 넉넉한 느낌은 아니고 분식집 느낌이였어요~ 편하고 여유로운 공간은 아니였고, 돈까스를 튀기기 때문인지...전체적 공기도 살짝 기름진 향이 느껴지네요;;가격대가 좀 올랐다는 얘기를 들었지만, 사이즈나 맛이나 가격을 보더라도 적당하다는 생각이 드네요.크림카레돈가스와 피자돈가스를 주문하고 새우튀김을 추가했어요~각각 소스의 맛도 나쁘지않고, 가볍고 무난하게 즐기기엔 괜찮다는 생각이 듭니다.돈가스의 종류도 다양하니 취향에 따라 골라먹을 수 있구요~ 돈까스의 두께도 아주 얇은건 아니여서 나름 든든하게 먹을 수 있겠네요.",괜찮다
480,39돈가스,알바몬15,피자돈까스랑 등심돈까스 먹었어요!!역시 학교근처라 그런지 가격이 괜찮네용뭐 양을 따지면 가성비도 좋고 다 좋은데 뭔가 물리는 구석은 있어요 훔가끔 돈까스 땡기면 저렴하게 먹기 좋을것 같아요!!크림카레우동인가??도 맛있을것 같던데 다음번에는 그것도 한번 먹어보러 와야겠어욯ㅎㅎㅎ,괜찮다
481,39돈가스,룡키,"3900원이었을땐 가성비 괜찮은 돈까스집이었지만 이름보다 2000원이나 오른 가격에,심지어 저번 피자돈까스를 먹을 땐 소스에서 상한 맛이 났다. 두 번 다시는 안 갈 집.",별로
482,39돈가스,즌짱,"예전 리뷰와 메뉴 및 가격이 꽤 다릅니다. 메뉴가 추가되고 변경되는 시간만큼 이 자리에서 꽤 오래 영업을 하셨다는 것이니 그만큼 수요 혹은 입소문이 있었을텐데 19년이 되어서야 방문 ^^..크림카레 돈가스(6500원)를 먹었습니다. 돈가스 튀김이 상당히 빠삭빠삭하고 위에 올라간 크림 카레 소스도 맛있었어요 :) 음, 전반적으로 괜찮은데 굳이 제가 다시 꼭 가야지 하고 찾아갈 거 같진 않아요. 누가 가자고 하면 가겠지만..? 아, 여기는 피자 돈가스가 유명하다고 해요. 다음에 재방문할 일이 있다면 먹어보고 싶어요.",괜찮다
483,39돈가스,하이,장. 옛날엔 3900원이었다고한다 지금은 조금 오름 그래도 저렴한 돈가스 외대생들이 먹기에 학식보단 나은 저렴한 점심먹기좋음단. 엄청맛있는거 기대하고 멀리서찾을...그거는아님 팁. 현금좋아하심,괜찮다
484,39돈가스,을매나 맛있게요~,"외대 앞 가성비 높은 식당으로 유명한 돈까스집- 치즈가 폭포수처럼 흐르는 피자돈까스가 시그니쳐다. 함박돈까스 순한맛으로 주문했는데, 가격대비 실한 구성에 만족하며 식사를 완료 -! 합리적인 가격 정직한 두께의 고기가 인상적이다.대학가 감성 뿜뿜한 곳!",맛있다
485,39돈가스,다다,"가성비 쩌는 돈가스는 39돈가스! 진짜 맛있다. 솔직히 뭐라고 설명을 해야할지 모르겠으나 가격도 저렴한데 튀김옷안의 고기도 두껍고 튀김옷의 퀄리티도 상당히 높다. 보통사이즈를 시키면 여성에게는 정말 포만감이 느껴지고, 대식가인 사람들이 주로 사이즈업을 해서 먹는다. 이렇게 두달전에 먹은 돈가스를 리뷰하고 있으니 배가 고프다. 내일 점심은 학식 말고 요걸 먹으러 가야겠다, 보통 4인용테이블이 10개정도? 조금 오버했나? 여튼 회전률이 좋아 웨이팅은 거의 없음.",맛있다
486,39돈가스,뱌뱌퍄퍄,"등심돈가스(4,500원)바삭함▪️▪️▪️▪️▫️푸짐푸짐한양▪️▪️▪️▪️▪️재방문의사▪️▪️▪️▪️▪️외대학생들로 항상 북적이는 돈가스집입니당원래는 3천900원인데 올랐다고하네요 ㅎㅎ 진짜 가성비 굿굿bb양도 엄청 많아요ㅠㅠ완전 혜자! 아무래도 기본 등심돈가스라 엄~청 특별하게 맛있다! 이건 아니지만 가격에 비하면 ㅠㅠ추천입니당! 다른 메뉴들도 도전해보고 싶어요 ㅎㅎ 피자,김치돈가스 등등 종류도 다양하고 고로케도 짱맛 ㅎ점심시간은 피해서 가세요!",맛있다
487,39돈가스,E.T Jun ,돈까스 가격이 3900원이서 39돈까스 였던 것 같지만 이제는 가격이 4900원으로 올랐다. 다른 돈까스는 가격이 더 나간다. 그래도 여전히 대학가다운 괜찮은 가격이다. 방학인데도 점심때에는 약간의 웨이팅이 있을정도로 인기가 많다. 카레돈까스는 카레향의 강하게 느껴지고 튀김이 바삭한 느낌이라면 매콤피자돈까스는 돈까스는 좀 눅눅해졌지만 매콤함과 피자치즈의 조화과 좋다. 고기 두께도 적당하고 고로케를 보면 좋은 기음으로 바로바로 튀기시는 것 같다. 굳이 단점을 따지자면 기본 국물이 너무 매콤해서 기다리면서 먹기에는 조금 부담스럽다는 점. 그래도 오랜만에 외대앞에서 만난 또하나의 가성비 식당이다.,맛있다
488,39돈가스,빅이벤트,가성비 개굿맛도 괜찮아요,맛있다
489,고황24시 뼈다귀해장국감자탕,Marr,1. 양이 안 줄어드는 버그. 배불러 죽을뻔2. 주는 거 잘 먹는 편인 나는 딱히 싫은게 없었다. 고기가 양 많으니 좋았다. 다음에는 감자탕도 먹어봐야지3. 밥 먹고 술먹으러 가려고 했는데 너무 배불러서 술 먹으러 못 간건 좀 화가났다.,맛있다
490,고황24시 뼈다귀해장국감자탕,kkonoo,맛있어욤! 해장국도 맛있고 뼈찜도 굳굳. 그런데 뼈찜 양념은 감자탕 같은 양념을 생각했는데 생각보다 찜닭(?) 느낌이라 의외.. 그리고 늙어서 그런지 이제 이런 무거운 음식은 자주는 안 먹게 되는듯..ㅠㅋㅋ,맛있다
491,고황24시 뼈다귀해장국감자탕,미동이,찝찝하게 맛있음,괜찮다
492,고황24시 뼈다귀해장국감자탕,즌짱,경희 명물 ㅋㅋㅋㅋㅋㅋ 실습 마지막 날 쌤들과 회식하러 오랜만에 갔어요! 넷이서 중 시켰나..? 소 시킬까 중 시킬까 하다가 중 시킨 거로 기억하는데 남았어요. 많이 남아요.. ㅋㅋㅋㅋㅋㅋㅋ 맛은 말해 뭐해! 입니다! 고기도 부들부들 양념도 잘 배어있고 양도 푸짐하고 :) 진짜 회기 명물 경희 명물입니다요 ㅎㅎㅎ 껄껄,맛있다
493,고황24시 뼈다귀해장국감자탕,고혈압은불효,뼈찜이 한 무더기 나온다 하여 들어갔다. 일단 크기가 많이 크다 중짜를 시켰는데 셋이서 배부르게 먹고 나왔다. 아마 안주로 먹게 되면 넷이서 먹어도 충분할 거 같다. 카레향이 살짝 나지만 자극적인 맛이 아니었다. 색은 진한 갈색이지만 양념이 안까지 벤 맛은 아니고 겉에 묻은 정도이다. 그래서 간장소스가 필요하다. 혹은 조금 더 짭짤하거나 매콤하면 어떨까 생각했다. 양파 대파가 큼직하게 들어가있는 게 맘에 들었다. 채소들이 알 덴테 느낌으로 익은 느낌이 좋았다. 너무 익어서 으스러지거나 흐물거리지 않고 어느 정도 단단하고 형체를 유지하고 있었다. 겉은 부드럽고 안은 아삭하진 않지만 식감을 느낄 수 있다.  맛이나 향이 풍성하진 않다. 양이 많고 감자탕의 국물보단 고기를 더 많이 먹고 싶다면 뼈다귀찜도 나쁘지 않은 거 같다. 멀리서 찾으러 올 필요는 없어 보인다.,괜찮다
494,고황24시 뼈다귀해장국감자탕,YNZ,경희대 학생들의 소울푸드라는 이곳. 박물관에 전시해도 될만큼 오래된 화석 고인물들부터 아직 짬바 부족한 따끈따끈한 헌내기들까지 모르는 사람이 없단다. 뼈찜 소자를 주문했는데 진짜 절대 과장이 아니고 고기와 야채가 산처럼 쌓인 접시가 등장했다. 대학가 맛집의 매력은 푸짐한 맛이라지만 여긴 푸짐함의 클라스가 남다르다. 소자 3.2인분정도됨.먹자마자 딱 떠오른 생각은 이거 찜닭맛이잖아? 달달하고 점성있는 간장베이스의 소스라서 안에 들어간 당면과 떡사리가 아주 찰떡궁합이다. 그야말로 찜닭 돼지고기 버전! 그러다보니 끝맛에 은근히 느끼한 맛이 맴돈다. 느끼할 땐 술 한 잔 털어넣어 깔끔하게 입안을 정리해주면 좋다. (술안주라는 뜻) 특별한 맛은 아니지만 저렴한 가격과 푸짐한 안주에 반주하기 좋은 곳. 이모님들도 친절하다.,괜찮다
495,고황24시 뼈다귀해장국감자탕,반말했다존댓말했다,키다리아저씨님 리뷰와 99.9% 일치하는듯요괜찮다와 별로 서이인데 별로를 준 이유는저는 양파를 먹지 못합니다요.....ㅠㅠ음식나오자마자 경악..,별로
496,고황24시 뼈다귀해장국감자탕,mustit_korea,#회기 #경희대 #고황 #고황24시뼈다귀해장국감자탕 ..#뼈찜 (중 3.3) : 사진으로 보는것보다 실물로 접하면 우와... 진짜 개많구나... 싶어요ㅋㅋ 쫄쫄굶은 남자 셋이서 다 못먹고 지지치고 나올정도의 양입니다ㅠㅠ 공기밥은 사치에요ㅋㅋ 저거 다먹기도 벅차거든요.. 맛은 아주 후추후추한 맛인데 매력적이에요 :).스누피 메뉴추천 : 뼈찜 (* 양많음 주의)..#회기맛집 #경희대맛집 #스누피먹방 #ㅅㄴㅍㅁㅂ #스누피맛집 #ㅅㄴㅍㅁㅈ #스누피회기 #ㅅㄴㅍ회기 #스누피경희대 #ㅅㄴㅍ경희대 #스누피한식 #ㅅㄴㅍ한식 #스누피뼈찜 #ㅅㄴㅍ뼈찜 #스누피오멍,맛있다
497,고황24시 뼈다귀해장국감자탕,Ray,뼈찜 소자 둘이서 먹었는데 진짜 배부르게 먹었어요. 고기는 엄청 부드러워서 뼈에서도 잘 발려요. 근데 카레맛이 너무 강해서 카레뼈찜인줄ㅋㅋㅋㅋㅋ그래서 양념맛이 아쉬웠어요ㅠ아 그리고 공기밥이 좀 말라있어서 별로였어요. 사람도 많은데 왜 밥이 말랐는지 궁금할 정도ㅋㅋ최근에 방송에 나와서 사람이 평소보다도 더 많다고 하더라고요. 그래도 2층이 있어서 평일 저녁 웨이팅은 없었습니다.,괜찮다
498,고황24시 뼈다귀해장국감자탕,춘,"가성비 정말 좋은 뼈다귀해장국 한 그릇. 경희대 쪽에 위치한 24시 감자탕집. 경희대 다니는 사람들은 모두 아는 곳이라 함. 얼마전에 유퀴즈에서 유재석이랑 조셉이 밥 드시고 간 곳. 가성비가 정말 좋다. 양이 푸짐~~한게 한 그릇 먹고나면 든든하다. 확실히 대학생들이 좋아할만 한 곳.다만 맛은 아쉽다. 깊은 맛이 아닌 조미료에 의지한 맛이 강하게 느껴진다. 근디 뭐.. 대학가 근처에서 뼈해장국의 깊은 국물 맛을 기대하기엔 무리지 싶다. 들어가는 감자뼈에서도 살짝 누린내가 났지만.. ""요정도는 오케이 괜찮어~ "" 수준. 확실히 가성비는 좋지만 다른 유명 감자탕집들에 비해 맛이 좀 떨어짐.그래도 내가 이 근처 사는 대학생이었다면 자주 갔을 듯!",괜찮다
499,고황24시 뼈다귀해장국감자탕,째니째니잰잰,"저녁식사 시간때 방문했더니 사람들이 꽉 차있었다그만큼 이 주변에서 인기가 많은 곳임을 실감세명에서 뼈찜 소자를 시켰다음식이 굉장히 푸짐하다. 공깃밥을 시켜서 먹으면 된다맛은 일반 간장찜닭에서 카레맛이 좀 더 진하게 나는 맛(?)모두가 알법한 맛인데 계속 땡긴다... 당면도 얇은 당면이라 소스맛을 잘 잡고있다뼈해장국에 나오는 뼈와 같아서 발라먹기 좀 귀찮지만살이 부드럽고 연해서 소스와 잘 어울렸다근데 고기가 좀 냄새가 난다 식당 전체가 청결한 느낌은 안줘도 나는 괜찮은데음식에서 청결하지 못한 맛을 주면 음식이 맛있어도 다신 가고싶지 않는다는 느낌을 받는데 여기가 좀 그렇다맛은 있으나 재료 상태가 좀 누릿누릿한 맛이 베어 나온다 ㅠㅠ 안타깝다 ㅜㅜ 소스와 그 뼈찜의 조화는 좋았는데 ㅜㅜ그리고 겨자소도 찍어먹으니 맛은 있더라 ㅜㅜ그리고 여기 볶음밥이 ,,,,너무 쉰김치맛만남 ㅜㅡㅠ 소스빨이 좋아서 맛잇으려니 했는데 이것두 안타깝다!!",괜찮다
500,고황24시 뼈다귀해장국감자탕,즌짱,"경희대생들의 찐 맛집이라고 하는 곳. 경희대생들 중에 여기 모르는 학생 없고 회기 인근 사는 주민들 가운데 여기 모르는 사람이 있다면 제가 데리고 갈ㄹ게요.. ㅎㅁㅎ 간장 양념 뼈찜이에요. 특별하다 싶은 맛은 없는데 이상하게 자꾸 손이 가고 먹고 나서 또 생각나는 맛이에요. 뼈찜 소를 시켜도 양이 상당한데다 가격도 저렴합니다. 술 안주로도 제격입니다.가게 명칭은 24시이나 종종 재료 소진으로 인해 문을 일찍 닫기도 하고, 단체 손님들이 바글바글한 날도 있어요.",맛있다
501,고황24시 뼈다귀해장국감자탕,쮸니뾰니,"뼈찜은 사랑이에요 이말을 이해하시고 싶다면 딱 3번만 드세요1번 먹을땐 몰라요이 마법의 소스란 ..그냥 평범한 간장소스가 아닙니다 . 달짝지근한 간장양념인데, 살짝 카레 맛과 함께 동남아적인 향신료의 맛이 살짝쿵 나고, 아주 살짝 매콤합니다. 이모든 건 살짝.. 이기때문에 알게모르게 이 매력넘치는 소스를 그리워하게 될 거예요무심한듯 큼직큼직하게 썰린 파는 물론 푹 익은 감자나 당면 등도 잘 어울리구요. 일단  평범한 여자 3명이서 소자 시켜도 남습니다 대식가가 아니라면 일반 여자 기준 4명이서 먹어도 괜찮을 거예요. 이렇듯 가성비까지 짱짱임미다*주의 감자탕은 별맛없음 걍 그럼 ㅇㅇ",맛있다
502,고황24시 뼈다귀해장국감자탕,AlexTheFood,"#180913바나#고황24시뼈다귀해장국감자탕경희대 나온 사람들 중 여기를 모르는 사람이 있을까.모든 경희 새내기들이 MT 다음 날 해장하러 가는 곳!⠀난 개인적으로 술 마실 때 먹는 뼈찜보다혼밥하러 자주 방문하는 편인데,24시간 운영이다보니 편하게 방문할 수 있어 좋다☺⠀대부분의 음식점들은 10시 30분부터 오픈이고브레이크 타임이 있는 경우도 꽤 많은데다,사람들 눈치도 걱정인데 여기는 모든 걱정 Free..★⠀혼자 가도 모든 반찬들을 낭낭하게 주시는 것도 좋고고기 엄청 붙은 뼈다귀를 수북하게 넣어 주시는 것도,혼자 오래 자리 차지해도 눈치 안 주시는 것도 좋다.⠀아침으로 먹기도, 점심으로 먹기도 좋지만,저녁에는 학생들이 단체로 모여 술 마시고 있으니인싸가 아니라면 저녁시간은 피해서 방문하도록 하자 :)⠀식사 후 엄청나게 많은 고춧가루가 이에 낄테니이 닦기 전까지 다른 사람들 앞에서 말을 삼갈 것!특별한 맛은 아니지만 혼밥으로는 강추합니다★-⠀#뼈다귀해장국 7000 ★★★☆",괜찮다
503,고황24시 뼈다귀해장국감자탕,나영이,"경희대 친구가 뒤풀이는 이 곳이라며 데려간 곳. 뼈찜?! 이란 말을 들었을 땐 무슨 요리인가 했는데 뼈다귀찜을 뼈찜이라 하더라.... 경희대와 회기역 사이 작은 대학가(?)에 있는데 일단 분위기는 되게 하드한 아재술집 같은 느낌??! 구수한 인상..4인 기준 뼈찜 대를 시켰는데 사이즈에 압도당했더... 정말 감탄 밖에 안나오는 사이즈다. 대학가라는 걸 실감하게 만드는.. 푸짐한 고기, 당면, 떡, 각종 야채 등이 들어있는데 사실 맛 자체는 예상 가능한 맛! 고기의 식감을 부드럽게 하여 먹기 편한건 있었지만 맛 자체는 특별하지 않았다.. 다만 고추가 듬뿍 들어있어 먹다보면 은근 입 주변이 얼얼함! 소스와 김치 양파 절임 등을 곁들여 먹을 수 있다. 겨자소스인 줄 알았는데 모호한 간장?! 별로 찍어먹는 이유를 잘 모르겠었다. 정말 배고픈 상태로 갔지만 결국 남기고 올 수 밖에 없었던.. 저기에 보통 볶음밥까지 먹어줘야 이 집 왔다갔다고 할 수 있다는데 대식가가 아닌 이상 사이즈 조절 잘 하시길 추천! 가게가 오래된 편이라 테이블 간 간격도 많고 나름 유명하여 사람도 많아 불편한 점도 있지만 이모님들도 되게 인심이 좋으시고 대학가의 푸짐한 양을 느끼기엔 최고의 집 아닐까.. 굳이 찾아가진 않을거 같지만 가끔은 생각날 것 같은 집!!",괜찮다
504,고황24시 뼈다귀해장국감자탕,JW,양을 고려하면 가격대비 맛있당!!,괜찮다
505,고황24시 뼈다귀해장국감자탕,홍초,뼈찜 대자랑 볶음밥으로 남자 6명이 잘 먹었습니다ㅎㅎ 가성비로는 정말 끝내주는곳인거 같아요ㅋㅋㅋ 맛은 그... 봉x찜닭의 맛과 상당히 흡사하다고 생각했어요ㅋㅋㅋ 전체적으로 고기도 푸짐하고 살도 부드러운게 괜찮더라구요!그치만 일부러 멀리서 찾아갈 정도는 아닌듯!,괜찮다
506,고황24시 뼈다귀해장국감자탕,키다리아저씨,"별로와 괜찮다의 사이...(별로를 주자니 너무 사악한듯하여;;)경희대에서 평점이 높은편이라 궁금했던 뼈다귀해장국/감자탕/찜 전문인 ""고황24시""주택을 개조한 식당으로 좌식이라 좀 허름한 느낌과 불편함이 있을 수 있다.인기 메뉴인 ""뼈다귀 찜(소)"" 를 주문하였다.2만5천원의 가격만큼이나 양은 넉넉하고 푸짐해 보였으며 먹음직스럽게 보였다.소스의 맛을 보니....정말 찜닭이 생각나는 맛?!!!!그런데...먹다보니 단짠단짠하면서 입안도 텁텁하고....깔끔한 맛이 아니였다ㅠㅠ 조미료와 입맞춘 느낌이랄까??;;뭔가 건강해지는 맛을 원했는데...그냥 평범했던...그리고 뼈다귀는 오래 삶아졌는지...살이 잘~발라질 정도로 흐물흐물했는데...고기에서 약간의 누린내가 나는바람에 맛나게 즐기지 못하였다.식사가 아닌....술안주로 즐기면 어떨지 모르겠지만... 그리 맛없는것도....그렇다고 추천할 만한 맛집도 아닌 평범한 곳이라 생각한다.기본찬으로 나오는 깍두기와 김치....정말 별로다ㅠ국내산 김치라고 되어있는데 이렇게 맛이 없을 수가 있나?? 맛이 묘하고 은은하게 시큼하면서 쓴맛이 느껴진다.그나마 오이피클은 먹을만했다.학생들에게는 푸짐하고 좋은곳일지 모르지만...개인적으로는 장점을 찾아보기 힘든곳이여서 아쉽다.",괜찮다
507,고황24시 뼈다귀해장국감자탕,yn_h24,"맛, 가성비-상 / 재방문의사-O 주문_뼈다귀찜 소 대학다닐 때 자주왔던 고황, 회기는 너무 멀어서 평소에 가고싶어도 못가는데 설 연휴를 이용해 다녀왔어요. 진짜 뼈해장국도 뼈찜도 너무 맛있는 곳이어서 잊혀지지않는 고황! 뼈찜은 둘이서 소 는 엄청 양이 많아요. 성인 3명이 먹어도 배부르게 먹을 수 있는 양이에요. 그래도 너무 뼈찜이 먹고싶었던 지라 소 주문하고 반정도 남아서 포장해왔습니다. 공기밥까지 주문해서 같이 먹으면 성인 4명이서도 충분할 양이에요.  양파, 대파가 큼직하게 많이 들어가서 너무 좋아요. 야채가 시들하지도 않고. 또 떡과 당면도 들어갑니다! 소스도 정말 넉넉히 주시구요. 살짝 달짝지근하지만 너무나 맛있는 것.. !!",맛있다
508,고황24시 뼈다귀해장국감자탕,Lee,감자탕도 맛있지만 뼈찜이 맛있다! 달달하고 짭쪼름한 맛! 그치만 비위생적이라는 리뷰들을 보니 어쩐지 가기가 좀 꺼려진다 ㅜ,괜찮다
509,고황24시 뼈다귀해장국감자탕,카시오14자리,학교행사 끝나고 가끔 갔는데뼈찜이 맛있었다. 깍두기도 시원하고 좋았다,괜찮다
510,고황24시 뼈다귀해장국감자탕,GR90,깍두기 재탕 대놓고 하는곳먹다가 깍두기 다른거랑 섞지말라고 직접 언급하셔서 입맛 뚝 떨어지고 남기고옴,별로
511,광주식당,Mark&Jacob,"#광주식당 #청량리광주식당 #청국장맛집 #생활의달인맛집 #수요미식회맛집 #맛있는녀석들 수요미식화, 생활의 달인, 맛있는녀석들 등등 수많은 방송에서 청국장 맛집으로 소개된 곳. 일반적인 청국장과 달리 이집은 맛이 세지않고 냄새도 덜한 담백한 맛의 청국장을 맛볼 수 있음. 게다가 기본밥이 양은솥밥으로 나와서 양질의 밥과 끓인 누룽지를 함께 맛볼 수 있음. 1인분 7,000원의 최강 가성비. 강추!",맛있다
512,광주식당,왕앵무,"청국장이 유명해서 방송을 많이 탄 곳이라고 한다. 청국장 2인분 이상을 시키면 냄비밥을 주는데 둘이 방문한 터라 다양하게 맛보기 위해 청국장 하나와 제육 하나를 시켰다. 냄비밥도 별미 같아 보였는데 아쉽다. 제육은 단맛이 없고 고추장 맛이 강한 편이다. 시장 밥집 치고는 10000원이 넘는 가격으로 꽤 비싼데 고기가 별로 없어 아쉬웠다. 청국장은 맑은 국물을 몇 숟갈 떠먹어 보니 쿰쿰한 맛이 없고 슴슴하고 고소해서 청국장을 어려워하는 사람도 편하게 먹을 수 있을 법하다. 맑은 부분을 다 먹고 아래에 가라앉은 콩과 국물을 같이 먹으면 씁쓸한 맛이 조금 난다. 씁쓸함이 내 입맛엔 별로라 나중엔 청국장에 손이 잘 안 갔다.시장 상인분들, 우리 같은 외지인 모두 골고루 방문하는 시장의 네임드 맛집인 듯 하다. 그렇지만 명성에 비해서는 음식이 조금 아쉽다.",괜찮다
513,광주식당,chanwook_ie,청국장을 주문하면 냄비에 지은 밥이 나오는 게 이곳 특징이다. 청국장은 냄새가 강하지 않아 거부감 없이 먹을 수 있고 제육볶음은 술안주에 가까운 맛이다.,괜찮다
514,광주식당,권오찬,"* 한줄평 : 열 반찬 부럽지 않은 밥 한그릇, 그리고 청국장 이야기1. 흔히 백반이라고 하면 집에서 먹듯 국과 반찬이 나오는 가정식 차림상으로 알고 있지만, 한자로는 흴(백) 밥(반)을 사용하여 “잡곡을 섞지 아니한 흰 쌀밥”을 의미한다. 또한 한국의 전통 소스인 된장과 고추장, 마늘과 고춧가루 등은 흰쌀밥과 먹을 때 그 맛이 가장 또렷해진다.2. 청량리역 근처 청과시장 골목에는 <양은냄비 즉석밥>을 아이템으로 하는 식당이 있다. 최근엔 수요미식회에도 나왔지만, VJ 특공대와 KBS 맛자랑 등 이 식당이 소개된 프로그램을 봐도 오래된 업력을 짐작할 수 있다.이 골목은 양은냄비밥을 하는 식당이 여럿 포진해있는데, 광주식당이 청국장과 냄비밥으로 워낙 인기를 끄니 인근 다른 식당도 냄비밥으로 메뉴를 바꾼 것으로 알고 있다. 이른바 청량리 냄비밥 거리의 원조 식당인 셈이다.3. 광주식당에서 꼭 먹어봐야 하는 시그니처 메뉴는 청국장이다. 회전율이 워낙 좋으니 주문 후 얼마 안 있어 청국장과 7가지 반찬이 차려지는데 오랜 업력답게 반찬 하나하나마다 담긴 맛과 정성이 대단하다.집에서도 솥밥을 자주 해먹은 편이지만 이 식당의 솥밥은 왠지 모르게 시골에서 살던 유년시절의 향수 어린 밥냄새를 떠올리게 한다. 특히나 콩나물 무침은 입안 가득 퍼지는 콩향이 “맞다, 콩나물 무침이 이 맛이였었지!!”하는 갑작스러운 추억 소환까지 불러일으킨다.4. 청국장은 이젠 냄새가 꼬릿하지 않게 띄울 수 있다지만, 시중 식당에서 쉽게 만나보기 어려운 메뉴가 됐다. 나의 고향인 충주에서는 청국장을 <담뿍장>이라 불렀는데, 할머니께서 메주가루에 따뜻한 물을 부어 아랫목에 이불 덮어놓고 발효시켜 끓여주셨던 기억이 아직 생생하다.5. 이 집의 청국장은 진하다. 진하지만 부담스러운 꼬릿함은 없다. 삼각형으로 잘라낸 두부와 청국장콩을 떠서 입안에 넣으면 구수함도 이런 구수함이 없다. 어느 정도 식사를 하고 있노라면 냄비의 누른밥으로 만든 누룽지를 주시는데 <집에선 안 나오는 맛>이다. 솥에 들러붙어 적당히 탄 누른밥이 물과 함께 끓여지며 내는 <구수한 냄새>가 바로 맛있는 누룽지의 핵심이다.* 추가잡설 1청국장은 병자호란 당시 <청나라> 군대에 의해 이 땅에 전래되었다고 한다. 재래된장은 발효와 숙성 시간이 몇달이 걸리는지라 한 곳에 주둔하지 못 하고 자주 이동해야 하는 전쟁통에는 발효 기간이 짧이 바로 먹을 수 있는 장이 필요했고, 이렇게 만든 장을 청국의 군인들이 먹는다하여 청국장이라 불렸다고 한다.* 추가잡설 2전기밥솥의 등장으로 시중 식당에서도, 집에서도 먹기 힘들어진 음식이 바로 누룽지이다. 1979년만 하더라도 전기보급률이 100%가 채 되지 않았으니 1980년대 초반만 하더라도 시골마을에선 장작불에 가마솥밥을 해먹었으니 설겆이를 위해서라도 민간에선 누룽지와 숭늉은 밥을 하고 나면 꼭 따라나오는 실과 바늘같은 존재였다. * 추가잡설 3냄비밥은 2인 이상 메뉴 주문 혹은 혼밥시 추가금을 내고 먹어야 한다. 식당 이모님들이 냄비채 들고 와서 주걱으로 냄비밥을 빠르게 휘젓는 퍼포먼스를 볼 수 있는데, 이는 밥 안의 뜨거운 수분을 골고루 빼내서 밥의 고슬고슬함을 배가하는 효과가 있다. 또한 밥을 제법 잘 하는 식당에 가면 그릇에 밥을 눌러담지 않고 슬슬슬 얹어내듯 그때그때 담는 것을 볼 수 있는데 이는 밥과 밥사이 공기층을 내어 포슬함을 더해준다.",맛있다
515,광주식당,권성윤(철민),일요일도 해서 참좋음.백반이 아니라 집밥같은 곳가는길은 청량리역에서 제기동쪽으로(물론 차가는방향)신한은행과 농협 사이길로 우회전후 직진후 바로 좌회전 후 순대국집에서 좌회전,맛있다
516,광주식당,이지은,한 번 가봤는데 자꾸 생각나,맛있다
517,광주식당,썬썬,저렴한 가격에 맛있는 밥맛을 느낄수 있었던 곳,맛있다
518,광주식당,권오찬,"* 한줄평 : 청량리 양은솥밥 거리 절대강자, 광주식당요즘 누가 편리한 전기압력밥솥을 사용하지 않고, 쌀을 불리고 뜸을 별도로 들여야 하는 솥밥을 하려 할까?! 그러다보니 전국적으로도 일반 백반집에서 <양은솥밥>이라는 희귀템을 취급하는 곳은 찾아보기 어려운데 의외로 가까운 청량리 시장 한켠에 양은솥밥 식당이 몇군데 밀집되어 있다.한식에 대한 우리의 생각은 밥은 당연히 따라오는 주식이고, 메인은 찌개나 구이류라 여기는데, 이 집은 단연코 <밥>이 주인공이다. 적당히 살아있는 꼬들함에 구수함이 더해져 밥만 씹어도 단맛이 느껴진다!시그니처 메뉴인 청국장은 “엄마는 해주지만, 마누라는 안 해주는” 대표적인 요리인데! 보글보글 끓는 찌개에 수저를 담궈 구수한 콩을 입에 넣으면 진짜 요즘처럼 추운 날 온세상 다 내꺼같은 기분이 든다!정신없이 먹다보면 배는 부르지만 맛있는 청국장이 한참 남아 뭔가 아쉬운 기분이 들 무렵 잘 눌어붙은 누룽지로 만든 숭늉이 나오는데!! 진짜 감동이다. 수요미식회, 생활의 달인, 맛있는 녀석들 등 이미 수많은 방송을 탄 곳인데! 음식이 주는 힐링의 힘! 진짜 리스펙! JMT~",맛있다
519,광주식당,LeeSungyoung,개인적으로 밥집은 밥이 맛있어야 한다고 생각한다!오롯이 나를위해 지어주는 냄비밥은 정말 맛있다!!들큰한 밥내음이 정말 좋다.메인메뉴는 기본 이상은하니 그날그날 먹고싶은걸시킨다.개인적으로 맨밥에 테이블에 구비되있는 고추장과 참기름을 비벼 김쌈싸먹는걸 좋아한다!(김은 기본찬이 아니라 방문시 꼭 챙겨감;;)청국장도 김치찌개도 볶음류도 모두 가격이상의맛이지만 정말 밥맛 하나만으로도 방문할수있는집!,맛있다
520,광주식당,베어빈이히,"두 번정도 방문했었는데 리뷰는 쓰지 않았었다.꼬불꼬불 골목 사이를 헤집어 가야 해서 처음 방문할 때 길을 약간 헤맸는데, 그 사이 사이 골목에 밥집들이 은근 많았다. 왜 광주식당만 유명할까? 다른 가게 중에도 숨은 맛집이 있을 수 있지 않을까? 생각했지만... 여기부터 일단 먹어보는걸로... 주문한 메뉴는 청국장 제육볶음인데 이 집은 진짜 청국장이랑 냄비밥으로 다한 거 같다... 밥도 엄청 맛있고 청국장이 굉!장히 부드럽고 고소고소 ㅠ 한번만 떠먹는 게 안됨.. 자동으로 두세번 떠먹게된다. 밥 다먹고 물 말아서 만드는 숭늉도 맛있었다!제육 및 밑반찬은 평타!청국장이 생각나면 굳이 찾아가서 또 먹을 의사 있음!",맛있다
521,광주식당,쭈하하,"갓 지은 따끈한 냄비밥, 구수한 청국장, 시끌벅적한 분위기",맛있다
522,광주식당,양재흥,"음...사람많음...청국장,동태찌게,제육볶음 시켰지만 정중히 찌게를 통일해달라고 하심...아들 성화에 동태찌게로...밥은 맛있음...밥만 맛있음...청국장을 먹었어야 했는데...담에 오면...아니 담에는 안올거임...",괜찮다
523,광주식당,봉봉봉,청국장 맛있습니다. 냄비밥두요~ 제육은 진짜 고기질도 그냥 양념맛도 그냥이예요. 다 좋은데 주변이 너무 지저분 합니다.저는 다시는 안 갈것 같아요 ㅠㅠ,별로
524,광주식당,베니베니,청국장 5천원 제육볶음 만원.청국장 하나 제육볶음 하나 시켰는데 청국장만 두개 시키는 사람도 많다. 부드럽고 맛있음.냄비밥으로 덜어서 먹은 다음 누룽밥 끓여줌.내부는 많이 허름한 편이고 사람도 많고 붐빈다.집밥이 먹고싶을 때 부담없이 가기 좋은듯.,맛있다
525,광주식당,상원,제육+청국장 크 짱입니다두번째 왔는데 처음 청국장과 숭늉맛을 못잊어서 다시 왔습니다.다음에 오징어볶음+청국장 먹으려구요 ㅎㅎㅎ웨이팅 10분정도 있었지만 기다릴만합니다가격도 착하구여,맛있다
526,도란도란야채곱창,주영,"알곱창, 소금막창, 닭발언제먹어도 맛있어요",맛있다
527,도란도란야채곱창,June,맛있던데? 값도 싸고 양도많다,맛있다
528,도란도란야채곱창,뎜(dyeom),2020.10.19말이필요없는 가성비 맛집~외대에 곱창집 많지만 그중에서도 제일 맘에 드는 곳이다.같이 나오는 마요네즈소스가 정말 맛있다.알곱창 진짜 사랑함...,괜찮다
529,도란도란야채곱창,준영,"학생도 아주머니들도 정말 많던 곳! 곱창은 순대국에 들어가는 그런 내장 느낌이었는데 냄새가 꽤 났고, 막창이 그나마 먹을만했아요. 근데 너무 양념치킨 맛이라 저금 아쉬웠네요ㅋㅋ 좀 더 막창에 어울리는 소스면 좋겠어요.",괜찮다
530,도란도란야채곱창,즌짱,종종 가는 곳이긴 했지만 이렇게 사진이 많을 줄은 몰랐네요 ^^..가성비 좋게 돼지 곱창과 막창을 먹을 수 있는 곳이에요. 야채 곱창도 맛있고 양념막창도 맛있고 ㅜ 제가 곱창을 엄청 좋아하는 탓도 있겠지만 진짜 가격 대비 많은 양에 맛도 있어서 종종 가는 곳입니다!!,맛있다
531,도란도란야채곱창,뎜(dyeom),2019.08.21잘먹는 2명이 가서 야채곱창1 알곱창1 시켰당... 양 진짜 많고 가성비 최고라고 생각했다. (원래 뭐든지 맛있게먹는편이라 ㅎ...괜찮게느껴졌을지도 모르겠다...) 다 먹고 별 생각없이 볶음밥2개 주문했는데 양이 엄청나게 많아서 조금 남겼음.좀 짜고 상추랑 마늘 너무 코딱지만큼 주긴했지만 맛있었다. 배터지게 먹고도 1인당 1만원이 안넘는다니^^저렴하니까 다음에 또 가서 혼쭐을 내줘야지.,괜찮다
532,도란도란야채곱창,증멜류,먹을땐 그냥 통후추를 넣었나보다 했는데.... 구슬팔찌가 순대에서 한가득 나왔어요... 사람들도 많던데.... 이 조심하시길ㅠ 싼 가격에 먹으러 갔다가 이 나갈뻔 했네요.. 이런 것도 모르고 담에도 또 오자고 신랑이랑 신나게 포장해왔네요ㅠㅠㅠㅠ,별로
533,도란도란야채곱창,오슬오슬,싼 맛에 가기 좋은 곳야채곱창보다는 알곱창을 추천해드리거나야채곱창 + 알곱창 시켜 드세용최근에 갔는데 아무래도한번에 많은 양을 볶아서 인분 대로 나오다보니곱창의 양이 복불복이라고 느껴졌어요그래도 배불리 먹고 온 도란도란막창은 그럭저럭 버섯이 막창보다 많은 느낌,괜찮다
534,도란도란야채곱창,Chany♥,걍....앞집보단나은정도?,괜찮다
535,도란도란야채곱창,이상영,외대 근처에 위치한 곱창집근처 곱창집 중에서 가성비가 엄청 높은곳이다!!맛도 괜찮은 곳,맛있다
536,도란도란야채곱창,예 림,오돌뼈 먹으러 자주 갔어요! 1인분에 오천원? 육천원 정도인데 양도 되게 많고 나중에 밥 볶아 먹으면 ㅎㅎㅎ 굉장히 작고 부담없이 들릴 수 있는 그런 곳이라 그런지 바로 앞에 있는 돼지왕이랑 함께 학창 시절 엄청 갔었네요! 조만간 또 가리라...,맛있다
537,도란도란야채곱창,*,비린내가 나긴하지만... 가격은 혁명이다... 학생이면 가끔 갈듯,별로
538,도란도란야채곱창,E.T Jun ,곱창도 맛있지만 오돌뼈도 정말 맛있음. 양도 많이주심.,맛있다
539,독,왕앵무,대학교 앞에서 볼 법한 저렴하고 자극적인 맛의 돼지불고기 식당이다. 나오는 노래부터 인테리어까지 향수를 불러일으킨다. 고기는 부드럽지만 육즙이나 육향은 거의 없는 편이고 사이드로 시킨 김치말이국수도 무난무난... 싼 맛에 먹기 좋은 곳이다.,괜찮다
540,독,탱자,주인이 왕이라는 재밌는 컨셉의 고깃집 고기 너무 맛있고 가격도 저렴하고 좋아용,맛있다
541,독,엄상호,맛있다!!!!!!!!!!!!!!!!!!!!!!!!!!!,맛있다
542,독,silvert,맛있습니다,맛있다
543,독,즌짱,"싼 가격에 맛있는 고기- 오랜만에 방문했는데도 여전히 맛있다 ㅠ ㅠ 고기 콩가루에 찍어먹으면 존맛,, 예전에는 줄 서서 기다려야했는데 이제는 그렇게 안 기다려도 된당 ㅎㅅㅎ 회기에서 청량리 가는 길에 있는 게 본점이고 성신에 2호점 내셨어염",괜찮다
544,독,반포동꿀꿀이,"청량리에 사는 친구가 동네 맛집이라고 데려가준 곳이에요.우선 가격이 말도안되게 저렴해서 놀랐고기대하지 않았는데 너무 맛있어서 놀랐어요!'주인이 왕이다' 컨셉이라서 주인아저씨가 불친절한척 하시지만 알고보면 츤데레에요ㅎㅎ@ 조폭불고기(7,000): 두꺼운 고기에 약간 달달한 양념이 돼서 나와요. 옆에 콘치즈도 줘서 같이 먹으면 은근히 잘 어울려요!! 미숫가루나 초장에 찍어먹을 수도 있고 양파와 함께 쌈에 싸먹어도 맛있어요. 아저씨께서 다양하게 먹는 법을 알려주셔서 좋았어요~@ 도시락(1,500): 밥+김+계란후라이+김치. 이 집 김치가 정말 맛있어서 별거 없는데도 꿀맛이었어요!!@ 김치냉국수(2,000): 더운날 시원한 냉국수 먹을수 있어서 좋았고 양도 많아요. 고기랑 도시락만 먹기 허전할 때 드시면 좋을 것 같아요!",맛있다
545,독,ㅊㅊㅊ,그냥...싸다..,별로
546,독,Pinguguguu,저렴하게 고기먹고싶을 때 간다. 고기 양념이 은근 매콤하다. 학교근처라 자주 이용하게되는 집이다. 고기를 구울때 계속 쉬지않고 굴려야 양념이 타지않는다.,괜찮다
547,독,또바기,비위생/서비스문제 대표주자,별로
548,독,김영민,애초에 서비스는 기대하지 말라고 써진 집 ㅋ양념된 고기는 술과 마시기 딱 좋은 고기시끌벅적하게 술 마시기 좋은 집입니다,괜찮다
549,부산밀면냉면,로우니,한약향이 나는 육수에 싸고 빠르게 먹을 수 있는 곳이에요 한국인의 채스트푸드 밀면! 무난한 맛과 가격이라서 더운 여름에 종종 먹으러 가는 곳입니다 특별한 맛을 기대하신다면 그런 거 없이 그냥  평범하게 동네 분들에게 사랑 받는 곳이라고 말씀드리고 싶네요,괜찮다
550,부산밀면냉면,kkonoo,자주 갑니다. 육수에서 한약 맛이 많이 나서 호불호가 갈릴 수 있지만 저는 호,맛있다
551,부산밀면냉면,미동이,나쁘지 않다,괜찮다
552,부산밀면냉면,박율사,칼국수 만두 칼만두에는 만두가 두개 들어 맛잇다,맛있다
553,부산밀면냉면,Ray,비빔밀면이랑 왕만두인지 갈비만두인지 3개 나오는 걸로 시켰는데 둘 다 평타였어요.근데 비빔밀면이 좀 매운 편이더라고요. 매운 거 못 먹으면 물밀면에도 양념장이 들어가니 비빔보단 물이 더 좋을 거 같아요!,괜찮다
554,부산밀면냉면,Chany♥,생각하는 그맛..,별로
555,부산밀면냉면,E.T Jun ,"외대 회기 근처에서 밀면을 맛볼 수 있는 집은 여기 밖에 없는것 같습니다. 위치는 베라체캠퍼스 건물에서 청량초가는 골목으로 좀만 들어가면 나옵니다. 메뉴는 밀면 물,비빔이 있고 회냉면 물냉면이 있고 계절메뉴로 칼국수 등이 있습니다. 2000원추가로 물밀면 곱배기가 7500원인데 일단 양이 엄청많습니다. 성인 남성 한명이 간신히 다 먹을수있을정도입니다. 밀면을 많이 먹어보지 않아서 심도있는 비교는 잘 하지는 못하지만 부산에서 먹어봤던 밀면처럼 육수에서 족발향 비슷한 맛이 나는 것이 제 입맛에는 좋았습니다. 면도 쫄깃하고 식감이 좋은데  직접 육수를 내시고 제면을 하신다합니다. 다만 밑에분이 말한것처럼  고명에 고기가 없는점은 매우 아쉬웠습니다. 만두는 직접 만드시지 않는 것 같았는데 그냥 평범한 맛이었습니다.",괜찮다
556,부산밀면냉면,민숑,면식감이특이했는데 육수에서한방향도나고 괜찮았어요.만두짱맛,맛있다
557,부산밀면냉면,JJICJJA,밀면이라는 음식을 처음 먹어보는지라 오리지널과의 비교는 어렵지만..여기 밀면 맛있음. 나중에 부산에서도 먹어보고 비교해 봐야지..,맛있다
558,부산밀면냉면,마시쪙,구냥.. 면이 쫀득했으면 좋겠는데 쉽게 끊어지고 육수도 구냥...,별로
559,부산밀면냉면,Amy,"만두와 칼국수가 한번에 먹고싶을 때 걱정마시라. 이 가게에는 무려 만두칼국수가 있다. 큼지막한 만두 한개를 건져먹고 쫄깃한 칼국수 한젓가락 먹고, 칼칼한 김치 한조각을 입에 넣으면 딱 좋다. 한입 한입 먹다 아쉬워질 때쯤, 놀라지마시라. 국수 속에 만두 하나가 더 숨어있다. 늘 학생들이 붐비는 곳이라 그런지 적절한 가격에 푸짐한 국수를 먹을 수 있다. 다만 약간 짠듯한 자극적인 양념이 조금 아쉽다.",맛있다
560,부산밀면냉면,Ahram Park,밀면 괜찮,맛있다
561,방앗간,배고파요,신메뉴 배달 시켜서 먹었어요 !너무 맛있게 잘 먹었습니다.,맛있다
562,방앗간,임맛잘봄,너무~~ 맛있다 정도는 아니지만 괜찮네요. 예약은 필수인가봐요 저야 우연찮게 나오는 테이블과 시간이 맞아서 앉았디만.. 웨이팅이나 예약이 필수입니다 떡볶이는 제 스타일이 아니었지만 같이간 일행분은 떡볶이빠님신데 떡볶이 맛있다고 헀어요 삼겹살김치의 사이드로 나오는 미니국수는 기대 안했는데 완전 맛있더라구요. 면을 안좋아하고 기대를 안해서 안먹다거 마지막에 맛이나보자 하고 한숟가락 국물 목어봤는데... 전문 국수집보다 맛나고 이걸로만 메뉴 차려도 싶겠다 하는 생각... 여튼 가보고싶던 곳이라 좋았고 다른 메뉴도 다 목어보고싶엉ㅅ,맛있다
563,방앗간,배고파요,삼겹살덮밥만 먹다가 처음으로 훈제연어덮밥 먹었는데 기대 이상으로 맛있네요~,맛있다
564,방앗간,배고파요,오늘 오랫만에 갔는데 신메뉴가 나왔다고 해서 시킴역시나 맛있음 새우완탕이래요 맛있어요,맛있다
565,방앗간,배고파요,굴탕면 대박 맛있어요!!!! 국물까지 다 마셔버렸네요,맛있다
566,방앗간,순,따뜻한 집밥 느낌! 든든합니다~!,맛있다
567,방앗간,배고파요,이틀째 왔음 맛잇당,맛있다
568,방앗간,배고파요,여기 솔찍히 동대문구청 근처 밥집 중에 최고 인듯 ~ 용두동 맛집이 너무 없엉.. 삼겹살김치덮밥 맛있음,맛있다
569,방앗간,바람과 함께 사라지다,용두동에 이런 곳이 있다니 굴 엄청 좋아하는데 탱글탱글한 굴이 많이들어가 있어요 밥도 건강생각하셔서 강황밥이라니 너무 건강해 지는거 같아요 든든한 한끼 감사합니다,맛있다
570,곰돌이돈까스,맛집교과서 먹선생,고민해결사다. '떡볶이? 돈까스? 오늘은 뭐 먹지?'라는 고민은 오늘부로 끝. 떡볶이돈까스를 한 접시에 먹을 수 있는 분식계의 어벤져스.-서울 동대문구 신설동 #곰돌이돈까스 (가게 상세정보는 글 하단 위치.)-#떡볶이돈까스먹선생이 나고 자란 동네는 유난히도 떡볶이맛집이 많았다. 그래서인지 '떡볶이'라는 분야에서는 입맛만 높아지고도 높아졌다. 그런데 떡볶이와 돈까스가 같이 나오는데 둘 다 맛있다니 놀랍지 않은가.-살짝 매콤한 맛의 떡볶이. 소스를 자작하게 담아준다. 바로 옆의 달달하면서도 두꺼운 돈까스와 찰떡궁합이다. 함께 나오는 양배추와 마카로니 샐러드까지 초등학생도 맛있게 먹을 수 있는 맛인데. 왜 소주가 땡기는지 모르겠다.-#제육덮밥의외의 복병이다. 양파의 단맛과 고춧가루 매운맛의 밸런스가 적당하다. 떡볶이돈까스 다음으로 추천한다. '2인분 같은 1인분'이란 소리는 이 곳을 위해 생긴 말이다. 슥슥 비벼 한 입 넣으면 실시간으로 해장이 된다.-총평맛있어요. 신설동역 부근에 가신다면 꼭 들르셨으면 좋겠어요. 의외로 #신설동역 에는 맛집이 많습니다. #킹수제만두 와 이곳 곰돌이돈까스를 필두로 여러 곳이 있는데 차차 소개드리겠습니다.-서울 동대문구 한빛로1길 3⏰매일 11:00 ~ 21:0002-927-5939,맛있다
571,곰돌이돈까스,AlexTheFood,"#신설동역맛집 #곰돌이돈까스⠀허름하지만 널찍한 장소. 밥을 먹어도 술을 마셔도 이상하지 않는 분위기에, 혼밥 하시는 분들이 꽤 많이 보여 신기했어요. 돈까스가 메인인 듯 하지만, 같이 주문한 제육도 맛있어 놀랐던 곳.⠀개인적으로 본 메뉴가 나오기 전에 주시는 경양식 스프와 식사 후 주신 매실차도 좋았답니다. 반찬으로 나온 약간 달달한 깍두기와 떡볶이돈까스에 같이 나온 마카로니 샐러드두요. 이런 디테일- 사랑할 수밖에 없거든요!⠀원래 여기를 갔다 2차로 킹수제만두, 3차로 어머니대성집을 가려했는데 둘 다 휴무라 아쉬웠던 기억이 납니다. 물론 곰돌이돈까스 하나 알아간 것만 해도 충분했지만요! 떡볶이돈까스도 제육도 너무 제 취향이라 따로 저 혼자 재방문할 예정입니다- 강추‼️⠀___________________________________________",맛있다
572,곰돌이돈까스,기미상궁,"""맛도 가격도 매력적이다.""치맥, 피맥, 삼소, 곱소 같은 술과 어떤 음식이 궁합이 좋다 하여 만들어진 단어들이 꽤 있지요. 소인은 이날 다소 생소한 돈(가스) 소(주)조합을 맛보려 '곰돌이 돈까스'에 들렀사옵니다.소인 일행은 '그냥 돈까스', '치즈 돈까스','김치 우동'을 주문하였사옵니다. '그냥 돈까스'는 꽤나 크기도 있고 두툼해서 가격 대비 푸짐하다 느끼기에 충분하옵니다. 무엇보다 흑미밥을 마주하니 뭔가 기분이가 좋더군요..튀김옷도 바삭하고 고기 두께도 두꺼운 편이고 나무랄 데 없지만 한 가지 아쉬운 점은 소스가 너무 달달하다는 점.. '김치 우동' 이옵니다. 흔히 우동 전문점이 아닌 곳에서 먹으면 그저 시제품 그 자체이지만 이 집은 나름의 국물의 맛이 꽤나 오호라?마지막으로 '치즈 돈까스'이옵니다. 길쭉한 모양으로 나오는 것이 이 집 치돈의 특징이옵니다.단면을 보아하니 치즈를 고기가 싸고 그 위를 튀김옷이 싸고 있사온데  싸고 있는 고기도 두텁고 싸는 방식이 이 집만의 방식이 꽤나 흥미롭더이다. 한 조각 한 조각이 푸짐하다는 느낌이 드옵니다.",맛있다
573,곰돌이돈까스,사진안찍고 먹기만하는 리뷰어,"요즘 업무차 신설동에 자주 가는데, 점심때 자주 가는 추천장소다.장단점은 다음과 같다.장점1.90~2000년대분위기의 올드한 동네 식당 분위기-그때쯤 지은거라고 하신다면 할말 없지만 뭐.어릴적 엄마가 돈까스 사먹으라고 식탁위에 만원을 놓고 가실때 가게되는 그런 식당의 분위기다. 사장님도 친근하게 말씀하시는 스타일이라 분위기가 따뜻하다.2.가격대비 많은 양과 준수한 맛.-얼마전 근처에 전기공사인지 배관공사인지 건설직 근로자분들이 다녀가셨는데, 그릇을 비운 사람이 5명중 딱 한명 있었다. 가격은 보통인데 양이 많으며 많기만 한게 아니라 맛있기까지 하다.어디 동네 어중이 떠중이가 튀긴 돈까스가 아니라는게 먹을때마다 느껴진다. 장인까지는 아닐지 몰라도 전문가다운 솜씨가 음식에 담겨있다.장점은 이정도까지만 하고 이제 단점 들어간다.1.맵다.-매운건 확실히 맵다. 특히 매운돈까스는 매운거 곧잘 먹는 분이라도 약간의 주의를 요한다. 마치 권투선수가 하라는 어퍼컷은 안날리고 잽만 주구장창 써서 판정승을 따내는 모습이랄까? 중간정도 먹을땐 이정도면 뭐 무난하지 하시겠지만 마지막 한 조각을 바라볼때 약간 주춤하게 될것이다. 그렇다. 내 얘기다.매웠다면 문앞에 있는 매실음료로 정신줄을 잡으시길 바란다. 써보니 단점이 하나밖에 없었다.여기까지 재미있게 봐주셔서 감사하고 먹는데만 집중하는 타입이라 사진이 없는건 양해바란다.",맛있다
574,자연밥상,한음,"“속이 편안한 맛집”자극적이지 않고 먹고 나면 속이 편안한 맛집. 다양한 메뉴를 시도해 보았는데 실패한 적이 없다.개인적으로 부추김밥을 제일 좋아하고, 두부비빔밥도 참 맛있다. 사장님들이 너무 친절하시다!다만 김치찌개가 약간 김칫국? 같이 맑은 느낌이라 조금 아쉬웠다. 자극적이지 않은 김치찌개는 처음이야,,그래도 닭곰탕은 삼삼하니 맛났다. 집밥 땡기는 자취생들에게 추천! 가게도 확장해서 웨이팅도 줄었다.",맛있다
575,자연밥상,즌짱,"아부지 저에게 왜 이런 시련을...참치 김밥, 닭가슴살 김밥, 부추 김밥을 한 줄 씩 가져오셔서 한창 클 나이인 중학교 남학생 둘과 하나씩 나눠 먹어야 하는 상황이 발생했습니다... 맛있는 걸 갈구하는 녀석들 눈빛에 단백질 양보하고 부추 김밥 먹었는데... 참으로 건강해지는 맛이네요 ㅎ ㅎ ㅎ 살짝 톡 쏘는 겨자맛이 (아주) 간간히 나는데,,, 예 ㅎㅎ,, 건강해지는 맛 좋습니다,,, 안 그래도 위 아픈데 건강해지는 맛 참 좋네요,, ㅎ 그래도 여기 다른 김밥들은 괜찮았어서... 괜찮다.. 부추김밥이 인기 메뉴라는데 ,,, ㅎ,,, 부추 ,, 예 좋죠,,, ㅎ ,, 좋아요,, 다만 저는 자극적인 게 더 좋네요,,, ㅎ",괜찮다
576,자연밥상,E.T Jun ,외대 후문에 있는 건강밥집입니다. 원래 김밥과 식사를 주문할 수 있는데 김밥은 3~4000원대이고 식사는 6000원 대 입니다. 검은콩 두부 비빔밥을 먹었는데 검은콩 두부의 식감이나 맛이 제 취향있고 직접 만드신 양파엑기스 간장도 감칠맛이 좋아서 비빔밥 양념으로 잘 어울렸습니다. 그리고 비온다고 계란후라이도 서비스로 주심..가격대가 좀 아쉬운면이 있지만 사장님께서 음식을 만들때 들이는 정성을 보면 저는 그럴만하다고 납득이 갔습니다. 건강한 식사를 하고싶거나 채식을 하시는 분들께는 충분히 만족할 만한 곳인것 같습니다.,맛있다
577,자연밥상,촘촘,닭곰탕 너무 맛있고...ㅠㅠㅠ,맛있다
578,자연밥상,빈빈,그냥그냥 부추김밥 신기했다,괜찮다
579,자연밥상,카시오14자리,건강한 맛! 딱 그정도,괜찮다
580,자연밥상,AlexTheFood,"170421.맛 ★★☆ 분위기 ★★☆ 가성비 ★★★ 재방문 의사 없음 주문한 메뉴 (2명 방문) 자연김밥 - 2500원 자연카레 - 6000원 총 8500원망고플레이트에서도,경희대 외대 친구들 사이에서도괜찮다고 소문난 '자연 김밥'.시험 기간 중간에점심 식사를 하러 친구와 함께방문해보았다.소문으로는 가격이'매우 착하다'고 들었는데,솔직히 '매우 착한 가격'은 아니었다.외대와 경희대 주변에 잘 찾아보면가성비 좋은 식당들이생각보다 정말 많기 때문이다.그래도 맛을 기대하고자연김밥과 자연카레를 주문하였다.(친구는 배가 별로 안 고팠으므로.)10~15분 정도 후에같이 나온 자연김밥과 자연카레.양은 딱 적당했다.개인별로 김치와 부추가 나오는 것도마음에 들었다.하지만 맛이 너무 건강했다.정말 어머니가 해주시는,그런 맛이라고 보면 된다.자연김밥은가격이 너무 착해서인지내용물이 너무 부실하다고 느껴졌다.자연카레는 그나마 나았는데,솔직히 당연하다고 생각된 게자연김밥은 2500원이고,자연카레는 6000원이니딱 그 정도 더 나았던 것 같다.자취생이라면가끔 들를 것 같은 식당.다른 사람들의 후기들을 보면다들 '건강하고 집밥 같아 좋다'던데,정말 정확하고 솔직한 후기였다.문제가 있다면,우리 어머니께서는 이 곳의 음식보다10배는 더 맛있는 음식을 해주신다는 점.카레든 김밥이든개인적으로는 돈이 아까운 식사였다.(집에 가서 카레랑 김밥 해달라고 할 걸...)그래도 역시 자취생이라면자주 들릴 것 같은 식당이다.건강한 식재료와,조미료도 넣지 않은 건강한 집밥.모든 것은 다 개인의 취향이니,자신의 취향과 잘 맞는지잘 알아보고 방문해보도록 하자.난 집에 가서 어머니께카레와 김밥을 부탁드려야겠다.",별로
581,자연밥상,클짱,외대 최애 맛집.왜 여길 4학년이 되서야 알았을까 후회될정도로 좋아하는 곳. 엄마가 영양소 다 신경써서 만들어주는 건강 집밥느낌의 메뉴들! 공간이 매우매우 작아 친구 랑 단둘이가거나 혼밥하러가기 좋다. 메뉴 전체적으로 간이 세지 않고 자연적인 맛이 나기 때문에 많이 먹어도 질리지 않는다. 매일 가서 먹기도 좋음.그리고 주인 아주머니 아저씨가 정말 친절하시다ㅠㅠ갑자기 이거 먹으러 학교가고싶다!!,맛있다
582,자연밥상,미콩,속았다 조만간 망플 삭제할 수도건강한 느낌은 가득하지만닭..비린내...나....카레먹을걸 한 번 더가봐야하나두부비빔밥 5000원,별로
583,자연밥상,노가리구운김,닭곰탕 최고에요!,맛있다
584,자연밥상,김경문,여기는 맛도 있고 가격도 적당하고 자연의 맛이에요 먹으면 건강해지는 느낌!! 인스턴트로 찌들거나 다이어트가 필요할 때 가면 최고!!,맛있다
585,자연밥상,띵시,"가성비 ●●●●○맛 ●●●●○분위기 ●●○○○재방문의사 100가장 이상적인 집밥에 수렴하는 식당! 처음 방문한 이후, 여기 음식은 더 많이 먹어 보고 후기를 남기고파 일부러 아껴 둔 곳이다.후문 디엔에이골목에서 '더 올라가도 뭐가 있을까' 싶은 곳까지 걸어가면 나오는 아주 작은 김밥집. 테이블 수가 극히 적어 3인 이상 가면 불편하다. 강황밥으로 말아 건강한 김밥류와 비빔밥 몇 종류, 닭곰탕을 판매한다.부추김밥은 채식주의자들에게 가장 사랑받는 메뉴, 나같은 타지생활러들은 닭곰탕과 두부비빔밥을 제일 많이 찾는다. 스팸김밥 속 햄도 기름을 쪽 빼고 와인에 졸여 극도의 건강한 맛을 느낄 수 있다. 사진 속 참치김밥같은 메뉴도 실은 기름기 없는 연어김밥!이모사장님 손이 커서, 학생들이 맛있게 식사하고 있으면 집에서 만들어 오신 반찬도 덥썩 주시고(오늘은 가지나물!) 김밥도 다른 곳의 1.5배 크기. 김밥 먹고 간다고 하면 매일 다른 국과 부추절임을 곁들여 주셔서 정말 든든하다 :D",맛있다
586,장안면옥,키다리아저씨,"거주하는 동네에서 가까운 곳이라 걸어서도 가보고 차로도 가봤는데… 주차 도와주시는 분이 계셔서 편했고, 상당히 친절했던 기억이 나네요~매장은 몇년전 내부 리모델링을 해서 깔끔해진 편이예요~ 오래전엔 좀 가기 꺼려지는 분위기였지만, 지금은 좋아졌습니다^^함흥냉면 전문점으로 다른지역에도 같은 상호가 있는데 분점이나 체인인지는 잘 모르겠지만, 일하시는 아주머님 말씀으로는 그냥 여기만 하신다고~ 장안동에 있어서 장안면옥일까요?^^;갈비찜에 냉면과 세트 구성도 되어있고, 갈비탕도 판매하고 회냉면 섞은냉면, 만두도 있어서 선택할 수 있는 구성도 괜찮아요.오래전 먹은 갈비찜 사진을 못찾아서 ㅠㅠ 올리진 못했지만, 뼈와 살의 분리가 잘되었고 촉촉했던 기억이 있고, 살짝 달큰 칼칼한 맛이 입맛 당겼던거 같아요~개인적으로 물냉면을 좋아하는 편인데…여기서는 비빔이나 섞은냉면을 주로 먹는거 같아요~ 아마 양념맛 때문인거 같은데 적당이 달달 매콤해서 입맛 당겨요회냉면에 들은 홍어무침도 삭힌건 아니라서 좋아하는 분들은 즐겨 찾으시더라구요.함흥냉면이라 면발은 탄력있고 꼬들한 느낌이 적당합니다. 얇은 편이라 술술 먹기에 좋아요:)슴슴한 평냉도 즐겨 먹지만, 가끔씩 약간의 자극을 주는 함흥냉면도 좋은거 같네요~무난히 즐길만 합니다.",괜찮다
587,장안면옥,ethanghymn,며칠 전에 이마트 성수점에서 장을 볼 때 궁금했던 신라면 볶음면이 보여 2팩을 샀었고 집에서 끓여 먹어보니 의외로 많이 매워서 먹기 힘들었어서 2팩 중 1팩은 반품을 해야겠어서 이마트 성수점에 가는 김에 근처에 들러볼 만한 가게가 있나 보니 함박스테이크가 궁금했던 미오도쿄다이닝이 보여 전활해보니 응답이 없어 인스타를 보니 여름휴가였고 다른 가게는 없나 더 보던 중에 지난번에 YNZ님의 리뷰에서 보고 가고싶다에 세이브해뒀던 여기 장안면옥이 보임.신라면 볶음면을 반품 후 가게로 향했고 가게에 거의 다 와가는데 뭔가 전에도 왔었던 동네 같아 보여 잘 보니 예전에 들렀었던 양지함박왕돈까스 근처였음.가게 옆에 주차가 가능해서 주차 후 가게 안으로 들어서니 여름이어서 손님이 많을까 했는데 의외로 한가해서 나중에 가족손님이 오긴했지만 손님은 나 혼자였음.자리에 앉아 메뉴는 딱히 볼 것도 없이 회냉면 한 그릇을 부탁드림.먼저 500밀리 페트병과 주전자에 든 온육수를 내어주셔서 온육수를 따라 맛을 보니 흔한 함흥냉면집에서 접하는 뭔가 적당히 MSG가 가미된 맛이었고 온육수를 마시면서 기다리니 곧 회냉면이 무생채와 같이 나옴.무생채를 먼저 맛을 보니 새콤하기보단 시큼함에 가까워 식초맛이 강조된 타입이었고 회냉면으로 시선을 돌려 슥 보니 비주얼은 흔한 함흥냉면집에서 보는 타입임.테이블 위엔 함흥냉면집에서 흔히 보는 설탕이 보이지 않아 설탕을 부탁드리니 가져다 주셨고 어렸을 때부터 엄마한테 배운대로 설탕 두 스푼과 식초 두 바퀴 정도를 돌려서 붓고 위의 고명을 사이드로 치우고 면을 가위로 한 번 자른 후 잘 비벼서 맛을 보니 흥남집 같은 특별함은 아니지만 참기름의 은은한 고소한 향이 느껴지고 오장동 함흥냉면 같은 정도의 맛이어서 괜찮은데 함.면도 얇으면서 쉽게는 안 잘라지는 타입이어서 함흥냉면 맞네하게 되고 이젠 평양비빔냉면을 더 좋아하는 느낌이지만 여전히 함흥냉면을 먹으면 늘 먹고 자란 익숙한 맛이어선지 오랜 친구를 만난 느낌이어서 좋음.들어있는 홍어회 역시 식감이나 맛도 적당히 괜찮음.볼륨감도 나쁘지 않아서 다 먹으니 적당히 배가 불러 딱히 사리가 필요없게 느껴졌고 깨끗이 비우고 온육수는 리필을 부탁드리니 좀 더 따뜻한 온육수가 든 주전자를 가져다 주셔서 두 잔 정도 더 마시고 자리에서 일어남.전체적으로 YNZ님의 리뷰에서 보고 궁금해서 들러봤는데 흔한 함흥냉면에서 기대하는 맛을 내는 집이었고 최근에 들렀었던 연희동 청송함흥냉면보다 오히려 더 좋게 느껴졌어서 맛있다로..,맛있다
588,장안면옥,KimKyle,길가다 들린 냉면집.요새는 함흥냉면집이 너무 드물어서이런 전문적인 함흥냉면은 너무나 감동임,맛있다
589,장안면옥,YNZ,맛집 불모지 장안동에서 발견한 맛있는 함흥냉면!! 주말 점심으로 방문했는데 복닥복닥 사람이 정말 많았다. 이 인근에선 꽤나 인기있는 곳인 모양이다. 비빔냉면으로 먹었는데 당도나 맵기도 적당하고 참 맛있다. 양념이 맛있어서 회냉면으로 먹어도 좋을 듯. 만두 3알만 시킬 수 있길래 반판 주문했는데 너무 달았다. 시판 냉동만두 같은 맛.. 갈비탕도 맛있어보여서 다음엔 갈비탕 맛보러 재방문할 예정!,맛있다
590,일광쪽갈비,샤이,문득 쪽갈비가먹고싶어서..친구를 설득오랜만에  주말에방문했습니다.사실...쪽갈비 하나만으로충분히 맛있는 집이죠.긴설명 필요없어요.둘이 양이 많지않은데도순식간에 7인분을먹었어요.아마 이곳을 싫어하시는분들은1인분 12000원에최소 3인분정도가실제는1인분정도의양이라는 측면이강한거 같은데..이정도 맛있는쪽갈비라면충분히 납득이되요.오랜만에 가니간판이 깔끔하게바뀌셨더라구요.여전히 친절하시고여전히 맛있었어요.쪽갈비를 좋아하신다면강추합니다.먹는다고 이성을 잃어사진도 제대로 못찍었네요,맛있다
591,일광쪽갈비,임맛잘봄,"저와 같은 사람 참고하시라고 올려요~여기저기 평이 좋길래 일행에게 잔뜩 자랑하고 고고씽- 1킬로미터는 더 떨어진 곳에 주차하고 멀리멀리 걸어서 도착(걷기 싫어하는 일인 ㅋ)사진에 올린게 전부 ㅠ 다른 메뉴 없이 선택하고 고를 것도 없어서 간편. 조금 후에 나오는 2인분의 쪽갈비구이. 레알 2인분. 갈비대를 씹어먹을 수 없으니 갈비대 붙은 살만 손과 이를 이용해서 힘겹게 먹고, 국물약간과 밥통이 비었다며 긁어주신 두숟가락의 밥과 김치를 채워 넣었음에도 한참 배고프고 허기짐 ㅠㅠㅠ 서비스라며 주신 삼겹살 구이 몇점이 어찌나 맛있던지... (메뉴를 바꾸시는 것도 좋겠다는 생각 잠깐~)아저씨 사장님께서 갈비대 구우시느라 많이 고생하셔서 돈은 많이 벌으시길 바랍니다.(굽는 공간에 공기정화 식물을 많이 두셨으면 하는... 건강이 염려되어서)저처럼 끼니를 생각하고 가시면 안되고 배불리 식사를 마치고 술 한잔 마시려는데 아주 약간의 안주가 필요하시면 한번쯤 가기 좋은...일행 왈 : 쪽갈비를 이정도 수고로움으로 판매하는 것이라면 이 양에 이 가격이 결코 비싼것은 아니다....공감은 하지만 배고픈건 어쩌라고~? 혼자서 5인분을 먹어도 배가 안찰 거 같아서 추가 주문하지 않고 식당을 나와서 다시 식사 했습니다. ㅎㅎㅎㅎㅎ",별로
592,일광쪽갈비,반말했다존댓말했다,쪽갈비로 블루리본을 5년연속??퇴근하고 당장 찾아가봤다우선 쪽갈비맛... 국내산을 사용하여 다른쪽갈비집대비 고기가 신선?하고 고기냄새 가리려 하는 양념떡칠이 없어 좋았다.그러나 양은 다른 후기처럼 엄청 적음ㅜ가격이 일인분 만원으로 저렴한지라 시킬때 인당 최소 1.5인분 계산하여 시켜야할듯 먹고 2차로 성천막국수나 인우초밥 조합으로 가도 될 듯.내가 감탄한 포인트는 다름 아닌 청결가게내부가 엄청 깔끔하거나 모던한 인테리어가아니라 그냥 아주머니사장님 성격이 엄청 깔끔하시고 부산시럽게 계속 걸레질하시는 그런할머니같은 느낌을 강하게 받음ㅎㅎㅎ김치도 맛있고 동네였음 2차 장소로 자주 갈듯1차는 노노 먹어도 배고품ㅜ~ㅜ,맛있다
593,일광쪽갈비,Sinae Kang,일단 굉장히 친절하시고 떨어진 반찬 리필도 초스피드로 해주셔서 좋았어요 :) 쪽갈비는 느끼하지않고 맛있어요. 양은 인당 1인분은 적어서 3명이서 5인분 먹으니 배불렀어요. 공기밥도 작고 밥이 약간 설익어서 밥이 약간 아쉬웠어요. 쪽갈비는 김치랑 소스에 같이 나오는 고추같이 먹음 맛있어요! 가족들이랑 한끼 맛있게 먹고 왔습니다. ^^,괜찮다
594,일광쪽갈비,봉봉봉,오래전에 가보긴 했지만 생 쪽갈비를 소금만 뿌려서 구워낸 집이다. 고기 본연의 맛을 느낄순 있지만소금을 맛소금을 쓰시는 건지 고기에서 조미료 맛이 느껴졌다.한번 정도 가서 고기에 술 한잔 하는 것도 나쁘지 않은집.사장님 청결도에 감동 먹은 집이기도 하다.,괜찮다
595,일광쪽갈비,키다리아저씨,"2014년~2017년 현재까지 ""블루리본 서베이""에 등록되어 있는 쪽갈비 맛집~ 일광!!접근성이 안좋은 위치임에도 손님들이 꾸준하다.이곳의 메뉴는 쪽갈비 1가지!!!1인분에 200G ( 1만원 )이니...양이 적은편이라 2인의 경우 3~4인분은 먹어야 먹은 기분이 든다ㅠㅠ 그러나 수많은 쪽갈비집의 경우 세계 각국의 등갈비를 사용하는 경우가 많다..(예: 프랑스, 호주, 노르웨이, 헝가리 등) 그리고 가격대도 1.2~1.5일광쪽갈비의 경우는 ""국내산"" 등갈비를 사용하고~구입한 라벨을 원산지 표시판에 부착하여 믿고 먹는 곳이다. 김치도 국내산~기본찬으로는 시원깔끔한 순두부김칫국~ 양배추샐러드~ 배추김치~ 그리고 양념장 2가지인데...하나는 고추장소스와 또하나는 청양고추와 양파를 넣은 간장소스이다.숯불에 굽는 쪽갈비가 아닌...맥반석에 굽는 쪽갈비이고~ 약간의 양념소스를 살짝 바르고 소금간이 되어있어서 짭쪼름하고 훈향나는 맛이다.먹기도 편하게 손질되어 있어서 뜯어먹기도 편하다^^(평상시 심심하게 드신다면 짜게 느껴질 수도 있음)누린내에 민감한편인데...고기상태가 좋아서인지 전혀 누린내없이 맛있게 먹었다.매콤한걸 좋아하는분들은 고추장소스를 먹거나 청양고추를 함께 먹어도 별미!!고기에 간이 잘 되어 있다보니 간장소스를 안찍어도 맛나지만 좀 자극적이고 짜게드시는분들은 간장소스와 먹어도 좋을듯하다. (술을 부르는 맛!!)다 먹을때쯤 되면 약간의 삼겹살을 서비스로 주시는데 노릇노릇 잘구워져서 맛있게 먹었다.사장님과 일하시는분도 상당히 친절하시고~ 맛난 쪽갈비지만 매번 느끼는건 양이 너~무 적다ㅠㅠ그리고 다른사이드 메뉴들이 없어서 아쉽다.주차는 도로변에 자리가 있을때 세워도 된다고 하셨다(상인들이 장사안된다고 구청에 민원을 많이 넣어서 단속 안한다고 말씀하심^^;)바로 옆에 성천막국수도 있으니 가볍게 먹고 입가심으로 막국수 먹는것도 한가지 방법인듯하다~",맛있다
596,일광쪽갈비,안재석,"짭짤한 쪽갈비 맛좋고 친절하다. 양이 의외로 적고, 접근성이 떨어지는거 빼면 감동",맛있다
597,장안설렁탕,이국군(쎌카),"*재방문의사80%(서비스가 약함)동대문구 장안동에 위치한 오래 된 설렁탕집~~장안평중고차매매시장 건너편에 위치하고 있는골목안에 있음에도 불구하고 항상 손님들이 바글바글한 곳.어느 블로그나 SNS에서 보면 맛있긴한데 서비스가 별로라고....평가. 서빙하시는 이모님들 말씀들 나누다 보면 괜찮은데 말투가 조금씩 톡톡 쏘는 말투들..그래서 그런 평이 나오는것 같은집..그래도 사람이 바글바글 엄청나게 많은집~~​개인적으로 이 집 설렁탕 비싸다고 생각하는 설렁탕이지만 평냉스타일의 그런 가격이라고 생각하고 먹으면편함~~장안동맛집 ,장안동노포 ,장안동설렁탕 정도의 느낌으로 표현하면 좋음.허여멀건하지만 잘익은 서울식 깍두기와 살짝 덜 익었지만 양념 맛깔나게 잘 밴 배추김치~설렁탕 국물에 밥 말기 전 소면과 고기와 돌돌말아맛있게 한 입....이 집에서 설렁탕을 먹으면 늘~낮 소주 생각이 그렇게 난다는...서빙 서비스가 중요하고 이모님들의 톡톡 쏘는 말투가싫으신 분들은 방문 안하는것이 좋습니다.​",맛있다
598,모두랑,미동이,뭐..네..,별로
599,모두랑,kkonoo,딱 즉떡에 기대할 수 있는 맛. 볶음밥이 진짜다,괜찮다
600,모두랑,따릉따릉,"• 치즈떡볶이 2인세트 (12,000) 떡, 오뎅, 야끼만두, 김말이, 쫄면, 라면, 볶음밥까지 다 포함되는 세트입니다. 맵기를 3가지 중에 선택 할 수 있어서 오리지널로 먹었는데 매운맛으로 먹어도 될 걸 그랬어요. 자극적이지 않고 내용물이 많고 양이 많아요! 그런데 먹다보면 좀 입이 텁텁해져요... 왜 그런지 모르겠음.볶음밥은 딱 맛만 볼 정도로 적당한 양 볶아주셔서 좋았어요. 볶음밥 맛있었어요!!요즘에는 떡볶이도 굉장히 비싼데.. 아주 저렴한 가격에 맛있게 잘 먹었어요!! 이걸 먹으러 갈 필요는 없지만 주변에 갈 일이 있다면 추천~",괜찮다
601,모두랑,JW,괜찮다   사실 주변에 별로없어서 그나마 젤 가까운곳으로 ㅋㅋ 가격대가 떡볶이치고 좀 있다,괜찮다
602,해물알탕전문,답답000,저얼대 가지마세요.....고추장을 뭘썼는지...핑크색 국물은 처음봅니다.....음식점에서 이런 기분 느낌건 처음이에요위생도 엉망이고 ....,별로
603,해물알탕전문,iam_gladiator,"알탕 맛있기로 소문난 집#전농동맛집 #해물알탕전문맵고 칼칼해'시원~하다' 라는 말이 절로 나오는 국물 맛풍성한 알과 고니, 콩나물의 조화가 일품이다알탕 자체도 훌륭하지만함께 나오는 밑반찬들도정갈하고 맛이 좋다맛집 추천으로 꼽히는 데엔 이유가 있다",맛있다
604,해물알탕전문,베리베리,가성비좋고 알탕 맛있고 밑반찬 푸짐.다만 오래된 가게 답게 뭐든 낡은 느낌이 좀 아쉽고일하시는 분들은 .. 흠.. 소리도 질렀다 짜증도 냈다 푸짐히 챙겨주기도 했다 좋게얘기하면 츤데레느낌...내가 기분이 좋은날 아니라면좀 불쾌할수도 있을듯..,괜찮다
605,해물알탕전문,Eat,입맛은 개인차라 여기가 맛있는지도 잘 모르겠지만 직원 아줌마들 태도는 정말 싸가지 없다 주방 아주머니는 친절하신 것 같은데 나머지 아줌마들 때문에 이미지 다 말아먹는 곳집에 손님이 오셔서 같이 먹으려고 집에서 5분 거리에 포장도 되길래 마침 점심시간이기도 하고 해서 바쁘시고 기다릴까봐 미리 전화드려서 포장하는 거 미리 주문해도 되냐고 했더니 갑자기 한숨을 쉬더니 오면 바로 줄 수 있다고 그래서 갔더니만 갑자기 오래 기다려야한다면서 딴소리;;당황스러워서 오면 바로 주신다고 하지 않았냐고 그랬더니 그건 전화 받았을 그 때 얘기라고 지금은 사람 많아졌다고 그래서 그럴거면 아까 주문 받지 그랬냐 했더니 주방 아주머니께서 기다리라고 얼른 해주신다해서 기다렸더니 직원 아줌마들이 다 들리게 그러게 누가 이 시간에 오랬나? 이러질 않나ㅋㅋ 기다리는 동안 다른 손님들이 계산하는데 계산하는 아줌마가 여기가 장안동 맛집이라고ㅋㅋㅋㅋㅋㅋㅋ 웃겨서ㅋㅋㅋㅋㅋㅋㅋㅋㅋ 계산하라고 하면서 자기는 전화받고 앉아있는 나한테 이리 오라며 한 손으로 손짓하면서 카드! 이러고ㅋㅋㅋ 그냥 손님을 사람이 아닌 돈으로 밖에 안 보는듯 서비스의 기본인 친절이란 걸 찾아볼 수가 없음 다시는 안 갈 곳이며 주변 사람들에게도 절대 추천하지 않을 곳,별로
606,군만두의달인,맛망,"“김치 군만두BAR - 10개 2000원이면 맛있다!”방문일자 : 2022.04.16테마: 김치 군만두 그리고 군만두 바 분위기: 생각지 못한 위치에 있는 노포 느낌의 군만두집 동네 주민분들이 끊임없이 와서 포장한다.음식 : 군만두 2000원. 10개 2000원이다! 식용유에 철판을 기울이시면서 구워주시는데, 철판 볶음밥을 앞에서 요리해주시는 것과 같이 만두를 바로 구워주신다.젓가락이 따로 없어서 집게로 먹어야 하는데 그것도 그것 나름의 재미가 있다. 아무래도 만두 속이 특별한 것이 있거나 특별한 맛이 있는 것은 아니나 김치만두는 맛있을 수 밖에 없고 (내기준) 오래된 것이 가끔은 정겨울 때가 있지 않는가. 술마시고 약간 아쉬울 때 만두바 가서 2000원 현금 들고 먹고 나오면 든든하게 한끼 식사 완료. 요즘 물가에 이런 곳이 어디 있나 그냥 건강하게 오래 오래 하셨으면 한다.",맛있다
607,군만두의달인,Mark&Jacob,"#군만두의달인 #달인군만두 #생활의달인맛집 생활의 달인에서 군만두의 달인으로 소개된 사장님이 운영하시는 #달인군만두. 이 집의 만두는 만두소가 거의 없음. 아주 소량의 고기와 당면이 전부. 그럼에도 이집의 군만두가 맛있는 건 극강의 탄력을 지닌 만두피덕분. 극강의 쫄깃함과 튀김으로 인한 바삭함이 어루러져 지금껏 경험해보지 못한 군만두의 맛을 느낄 수 있음. 게다가 어이없는 가성비 10개에 2,000원. 강력추천! 답십리 현대시장 입구에 위치",맛있다
608,군만두의달인,샤이,일광 쪽갈비에서꽤 멀리 주차한 곳으로..조금 걸어가다보니특이한 간판이 보였어요.군만두의 달인~!!응? 와 뭔가 멋있고노포의 느낌이 확 나더군요.당연히 아무리 일광에서둘이 7인분을 클리어 했어도만두는 먹어야죠.먹을라구 운동하는걸요.안내판을 따라 골목으로 살짝걸어 들어가니  매우 협소한 공간에할아버지 한분이 포스를뿜도 계시더라구요.일단 눈을 의심했어요.10개 2000원?포장 12개 2000원?--;;;;;중앙에 구이테이블을 기준으로딱 바처럼 돌려져 있는 일본식테이블 느낌인데~~완전 한국적이예요.일단 고기만두는 다 떨어져서김치만두만 주문했어요.음.. 매우 솔직히 말씀드림눈이 뜨일만큼확 맛있진 않아요.오히려 추억의 맛어릴때 장터 같은곳에서팔았을 법한 지짐만두 같은 느낌이예요그야말로 잊펴져가는 옛날맛전 좋았습니다.추억으로 충분히 기억할만한맛이도 이게 그리고 꽤 쭉쭉들어 가더라구요계속 먹게되는 납작한느낌의 쫀쫀한 식감이괜챦았어요.추억의 맛만으로도맛있다는 줄수 있겠어요.일광쪽갈비 올때 꼭들려서 올 코스가 생겼네요.,맛있다
609,군만두의달인,키다리아저씨,"맛과 질      : 31/40  가격/가성비: 18/20 위생/서비스: 15/20위치/분위기: 5/10개성          : 6/10총점       75/100 재방문 : YES주문메뉴 : 원조군만두, 김치군만두답십리 현대시장 초입에서 오랫동안(약35년?) 장사하신 군만두의 달인!! 생활의 달인에도 나왔었던 곳이예요.몇년전만해도 시장 초입 포장마차 같은 분위기의 가게였으나 인근지역에 아파트 들어서고 길이 넓어져야하는 상황에서 어쩔수 없이 근처 골목으로 이사를 하셨더라구요.식당으로 보기 힘든 수준의 작은 가게로, 뒷편에는 작업공간인듯 넓어 보이긴하지만, 최대 6명까지는 앉아서 먹을 수 있겠네요^^; 많이 좁습니다!!메뉴는 원조군만두, 김치군만두 딱 두가지로~ 포장도 가능하고, 10개 2천원!!! 굽기 전 만두포장은 12개에 2천원!!! 놀라운 가격 아닌가요?^^사실 만두가 그리 크진않고 ""납작만두""여서 한입에 하나씩 먹을 수 있고, 속재료도 참 단순합니다. 원조에는 양파 베이스의 야채들이 들어있고, 김치만두에는 당면과 김치가 들어있지요~ 만두피는 쫀득한편이고, 속재료가 짜지않아서 담백하게 먹을 수 있어요.  단순해 보이는 만두지만, 먹다보면 계속 손이가는~ 작지만 끌리는 만두예요. 테이블 위에는 덩그러니 철판하나 올려놓고, 그 위에서 만두를 계속 구우시는 사장님의 모습을 보는 재미도 있습니다.먹을때 젓가락이 아닌 집게를 이용해서 먹어야하며~ 단무지와 간장은 준비가 되어있어요.좁은 공간만큼 먹고 나오면 기름냄새가 온몸에 배어있는건 좀 아쉬운 부분이고, 깔끔한 위생을 생각하는 분들에겐 불편할 수 있어요.저는 가끔 포장을해서 냉동실에 뒀다가 떡볶이 먹을때 야끼만두 먹는거 처럼 같이 먹어도 좋더라구요.",괜찮다
610,골목식당,snoopy,맛집의 옆집에서는 먹는 법이 아니라는 걸 새삼 깨달았다. 광주식당이 휴일이라서 옆 집에 부모님 모시고 왔다가 큰 후회중. 안 먹고 집에서 라면 먹는게 나았을 뻔,별로
611,골목식당,Mark&Jacob,"청량리전통시장에서 청국장으로 유명한 광주식당 맞은 편에 위치한 백반집. 청국장,순두부,제육,오징어볶음 등 무난한 백만메뉴를 접할 수 있음. 이 집의 강점은 양은솥밥. 다른 솥밥집보다 밥맛이 좋고 양도 어마무시. 시장식장 치고는  청결하고 매장도 깔끔!",맛있다
612,골목식당,즌짱,"청량리 시장 골목에 있는 양은솥밥이 나오는 가정식백반집이에요 :) 순두부 찌개, 갈치조림, 제육볶음, 오징어볶음 시켰어요!선거 날 저녁에 방문했는데 시끄럽지 않고 깔끔해서 좋았어요. 제육이랑 오징어 시키면 된장 찌개가 함께 나와요! (미리 알았으면 순찌 말고 갈치 조림 추가했을거에요,,) 전체적으로 음식이 맛있는데, 기본으로 나오는 생선구이가 참 맛있어요. 순두부는 평범했고, 갈치 조림이 칼칼한 게 맛있었어요. 제육이랑 오징어는 양이 좀 적지만 ^_^ 맛있었고 안주하기에 좋았습니다. 저는 제육이 더 맛있었어요.이 때 입맛이 없어서 밥을 잘 못 먹고 있었는데 여기서 진짜 맛있게 먹은 기억이 나네요 :) 가격도 괜찮아서 종종 찾아갈 것 같아요! ٩(๑˃̵ᴗ˂̵)و",맛있다
613,경북손칼국수,홍삼캔디,역사와 맛은 비례한다 그건 확실하다자리를 옆자리에서 옮기신지 얼마 되지는 않았지만옮긴 매장이 확실히 훨씬 더 깔끔하고초대 사장님의 칼 솜씨를 눈앞에서 마치 연주하듯 쳐다 볼 수 있어 매력적ㄱ이다투박한 칼국수의 끝이라고 할까나?면을 끓인 육수를 그대로 쓰기에 걸죽한 육수의 매력은 약간의 호불호가 갈릴수있지만특이하게도 배추가 들어가는 비쥬얼은 군침을 돌게하는 건 확실하다아낌없이 챙겨주려는 직원분들의 친절도는 이 집의 또 다른 비결이다,맛있다
614,경북손칼국수,upscale,"최근에 인스타에서 칼국수의 평냉이다 마구 땡긴다 하시는 글 보고 지인과 방문했습니다.일단 메뉴는 칼국수가 주력 6000원 이에요제가 이상적으로 생각하는 칼국수 스타일은 양재역의 ""임병주산동칼국수""송파구 개롱역의 ""프라자칼국수"" 입니다.참고해주시고요(사장님 꼭 한번 가보시면 도움이 되실수도 있습니다!)육수부터 말씀드리면칼국수를 삶은 물을 주시는 듯한 맛입니다.흡사 소바유? 칼국수유? 면수?간이 거의 안되어 있고밀가루 냄새가 너무나도 많이 난다고 같이간 일행이 말하더군요이 날만 그랬을 수도 있습니다.면은 바로 밀고 썰어주시는데 탄력있는 면을 선호하는데 너무나도 부드러워서 젓가락질에 다 잘려버리드라구요면도 덧가루를 너무나도 많이 뿌리셔서 그런지? 밀가루 냄새가 많이난다고 하더라구요간장양념을 많이 넣으면 좀 나아졌지만같이간 지인은 아쉽다고 하더라구요제가 생각하는 칼국수는 밀가루 냄새가 나지 않고, 시판 칼국수보다 쫄깃함을 중시합니다.감사합니다!",괜찮다
615,순대국집,기미상궁,"""단골이 되지 않고는 못 배길 그런 집""전부터 마음속에 꼭 담아놨던 집이온데.. 간판이 없다는 점과 로컬 향 짙고 무엇보다 맛이 있는 집이라 하니 날이 무척 더운 날이었지만 따릉이타고  순댓국 한 사발 하러 다녀왔사옵니다.무려 가게 이름이 없어서 '간판없는 순대국집'으로 불리고 있사옵니다. 밖에서는 장사를 하는 집인지조차 알 수 없는 정말 로컬틱한 곳이옵니다. 하지만 문을 열면 손님들이 가득 차있는 그런 곳메뉴는 순댓국과 머리고기가 전부인 집.. 순댓국은 특이 없나? 하시겠지만 저 기본 순댓국이 '특' 사이즈사장님께서 김치와 기본 찬을 내어주시면서 처음 왔냐며.. 손자 대하듯 대해주시고 다른 손님들께도 친 가족처럼 대해주심이 너무 따듯함이 느껴지는 집이더이다.순대국 - 자동으로 벌어지는 자태이옵니다. 딱 봐도 푸짐함이 느껴지고 저 들깨가루가 화룡점정밥은 토렴이 돼서 나오고 처음에 국밥을 젓는게 힘들 정도로 꽉 찬 양이옵니다. 이름은 순댓국이지만 순대는 없으니 정확히는 돼지국밥이옵니다.한입을 딱 뜨고 단전에서 아재의 호흡이 튀어나오니 그걸 본 이모님께서 맛있냐 물으시는데 너무나 맛있다고.. 너무나 깔끔하고 맛있는 국밥.. 이 집은 애초에 간판을 달 필요가 없었던 것이었사오니..​고기도 너무 많고 먹어도 줄지않는 너무나 푸짐한 국밥임에 다시 메뉴판을 보니 단돈6000원서비스로 수육도 내어주시니 바쁠때는 못내어주신다며. 다먹으면 더줄까하며 물어보시고 후식으로 야쿠르트까지 ..어찌 단골이 되지 않을수 있으랴..",맛있다
616,순대국집,KimVivien,"순대국 마니아 인데.. 이렇게 고기양 적은 집은 처음 봤고, 밥을 국에 말아서 주길래 놀랐어요. 처음봤어요. 전 순대국 안말이 먹는 쪽이어서 이거 알았다면 안갔을거에요. 고기 양이 적어도 밥 말아져서 나오니까 티가 안나겟더라구요. 역시나 한그릇 먹는 내내 고기는 열점 먹었나? 밥만 씹히는.. 내가 국물에 밥 말아 먹으려고 왔나..싶은 생각만 ㅋㅋㅋㅋ 맛은 고소한데 국물이 짜요. 새우젖은 먹을일이 없어요. 서비스로 나오는 고기 이제 없대요! 그래도 단골은 다른 손님 몰래 고기 조금씩 주시더라구요.  위생상태는.. 너무 큰 새파란 왕 똥파리가 계속 날아다녀서.. 식욕이 계속 떨어지는... ㅠ ㅠ 멀리서 신나는 마름으로 찾아갔어요. 순대국 없이 못사는 정도로 미친듯이 좋아하는데.. 제 맛집 리스트에서 여기는 삭제입니다. 추천도 못할 정도로 양이 적고 등등등",별로
617,순대국집,처먹파,간판 없는 동네 순댓국밥집. 찾아와서 먹을만큼 특별한 맛은 아니고 가성비 좋은 맛난 국밥이다. 동네 단골들이 많은 것 같다. 들깨가루가 듬뿍 들어간 고소한 스탈이고 따로 새우젓을 안넣어도 간이 딱 맞게 나온다. 빨간 장도 기본으로 들어가있다. 머릿고기를 서비스로 줬는데 이젠 안주신다. 척봐도 깨끗하고 깔끔한 집은 아니니 감안하고 가야함.,괜찮다
618,순대국집,BJH,"순대국 6000원.이름은 순대국인데 특이하게 순대가 없다.순대국을 시켜도 머리고기를 주시는데, 소주가 생각나는 맛.첫맛은 고소하고 맛있다. 다만 평소에 싱겁게 먹는 탓인지, 국물이 짜다는 생각은 다 먹을 때까지 떠나지 않았다.보통 아침 열한시에 나오셔서 머리고기를 소진할 때까지 영업하시니, 저녁시간에는 헛걸음질하기 쉽다. 점심에 오는게 좋을듯.",맛있다
619,순대국집,SongJaesoo,"신설동에 간판없는 순대국집.가성비 좋음. 첫 맛은 지나치게 고소하다.그러나, 먹을 수록 느껴지는 깔끔함.느끼해야 정상인데 신기하다.정성스런 토렴으로 밥알 하나하나 맛이 살아있다. 순대국을 다 먹고 나서도 입술에 끈적함이나 혀에 꿉꿉함이 남지 않는다.서비스 머릿고기가 약간 누린내 나지만, 가격 생각하면 감지덕지. 훌륭 또 훌륭하다.",맛있다
620,양지함박왕돈까스,ethanghymn,"오늘 강북투어의 마지막 집인 양지함박왕돈까스를 방문함.버스에서 내려 가게앞에 다가가면서 순간 멈칫함.지난번에 방문했던 다래함박스텍에서 기사식당의 느낌을 경험했지만 막상 더 기사식당 느낌 뿜뿜인 가게앞에 도착하니 순간 멈칫하고 위축됨.주먹을 불끈쥐고 가게안으로 들어감. 주인아주머니신것 같은 분께 모듬정식을 생선까스에는 타르타르소스를 얹어달라고 스페셜오더로 부탁드림. 리뷰등을 보니 돈까스, 함박스테이크, 생선까스가 다 나오는 정식에 데미그라스소스가 전체적으로 뿌려져나오는걸 봤던지라 생선까스를 데미그라스소스를 얹어 먹고 싶진 않았기 때문에 지난번에 미리 전화를 걸어 정식을 주문할때 생선까스에는 타르타르소스를 얹어주실수 있는지 물어봤었고 얘기하면 그렇게 해준다고 하셨었음.사진을 몇장 찍은 후 앉아있으니 도배 같은 거 할때 볼 수 있는 풀 같은 느낌의 약간 노란빛이 도는 크림소스가 나옴. 물을 마시려고 테이블을 보니 물이 없어 둘러보니 셀프였음. 물을 따라서 자리에 와서 후추를 좀 뿌리고 크림스프를 맛을 보니 풀 정도 까지는 아니지만 점도가 높은편이고 약간 달달해서 옥수수크림스프인가 함. 뭐뭐 이런데 스프에서 뭘 따져 혼자 얘기함.그 다음으로 오이냉국, 단무지, 빈 앞접시와 딱 봐도 윤기 하나없이 맛없어 보이는 미국산쌀로 지은 밥이 나옴. 오이냉국이 왜 나오는건진 모르겠지만 그냥 눈치로 이해함. 맛을 보니 살짝 시큼하고 살짝 짭짤한 조미료맛의 냉국임.곧 정식이 나왔는데, 방금 가격대비 퀄리티가 굉장히 높았던 이자카야78에서 78정식을 먹고 바로 와선지 갭이 너무 크게 느껴짐. 이자카야78이 고급스러운 분위기거나 한건 아니었지만 튀김의 퀼리티나 히레카츠나 새우튀김등의 재료가 굉장히 가격대비 뛰어났기 때문임. 여기가 양이 많긴하지만, 가격도 1,500원 차이뿐인데 이렇게나 느낌이 다를수가 있구나 함. 하긴, 9천원에 그 정도의 음식은 다른데 어디서도 보기 힘들듯..딱 봐도 바짝 튀겨져 목이 메어보이는 돈까스를 먼저 썰어 맛을 보니 고기는 잡내없이 얇은데 튀김옷에 밀가루가 두껍게 입혀졌는지 밀가루맛이 많이 나는편이고 보이는대로 바짝 튀겨지다못해 군데군데는 살짝 탄 맛도 남. 데미그라스소스는 지난번 다래함박스텍처럼 케첩맛이 많이 나는 단맛은 아니고 은은하게 단맛이 남. 모듬정식 보통이랑 특의 차이가 뭔진 안 여쭤봤지만 함박스테이크가 반조각만 나온걸 보면 특은 한덩어리가 나오지 않을까 상상함. 반조각도 두툼하고 큰데 한피스 다 나오면 진짜 배부를듯.. 두툼한 함박스테이크를 썰어 맛을 보니 밀가루가 거의 반정도 패티에 함유된 느낌으로 돼지고기와 밀가루가 반반정도로 섞인 맛임. 잡내가 나거나 하진 않음. 마지막으로 생선까스도 잘라 맛을 보니 역시나 바짝 튀겨지다 못해 군데군데 살짝 탄 맛도 나는데 타르타르소스는 은은하게 단맛이 나는 데미그라스소스와는 달리 살짝 시큼짭짤했음.양배추샐러드는 케첩과 마요네즈를 섞은 맛 그대로고, 마카로니샐러드는 샐러드드레싱맛은 거의 안 느껴졌던..계산하고 나오면서 뭔 망플땜에 하루에 연이어서 세군데나 들리는지 혼자 돌았네 함.가게에서 나와 버스를 타러 가는중에 코너를 도니 택시회사가 있고 진짜 기사식당분위기 제대로다 함.전체적으로 분식집같은 맛으로 밀가루가 많이 들어간 것도 그렇고 튀김의 퀄리티도 그렇고 지난번 다래함박스텍이 나은것 같은.. 재방문의사는 없음.",별로
621,양지함박왕돈까스,키다리아저씨,옛날 돈까스나 함박스테이크를 파는 기사식당으로~ 우리동네에는 이미 방송에도 나왔던 장안정이라는 곳이 있지만...양지함박왕돈까스도 이 동네에서는 꽤 오래된 곳이라 가끔씩 방문하는 곳이예요.장안정보다 규모도 작고...넓은 주차장도 없지만~ 저렴한 가격에 든든하게 돈까스를 먹을 수 있어서 괜찮아요.메뉴도 단출하게 돈까스/함박스텍/생선까스/모듬정식/그리고 장안정에는 없는 비후까스 5종류가 전부!!정체모를?! 수프는 이게 크림도 아니고 야채도 아니고...분유인가? 밀가루? 이게 무슨맛인지 도저히 모르겠더군요 ㅠㅠ 궁금해서 할머니에게 뭐냐고 물어봤는데...시크하게 아무말씀없이 그냥 지나가시네요^^;;;돈까스는 얇지만 크고 바삭하면서 많이 느끼하지않아서 좋았고~ 소스도 괜찮았어요^^함박스텍은 상당히 두툼하고...후추의 향과 맛이 좀 강한 편이였어요~ 개인적으로 함박스텍은 여기보단 장안정이 좀더 괜찮은듯해요.비후까스가 궁금해서 겁없이 특 주문했다가...양이 너무 많아서 다 못먹었어요 ㅠㅠ돈까스처럼 얇은 두께인데...돈까스보다는 덜 부드러웠고~ 중간중간 살짝 질긴 식감도 느껴져서 그냥 그랬어요^^; 호주산이라고는 하지만 가격을 본다면 그럴만하다는 생각도...혼자가서 먹어도 눈치보이지않고...저렴한가격에 돈까스를 배부르게 먹기에는 괜찮은듯합니다^^,괜찮다
622,락식락당,kkonoo,직화덮밥만 먹어봤는데 무난한 양. 무난한 맛.,괜찮다
623,락식락당,Ray,"새우튀김덮밥(6900) 먹었는데 이 가격에 새우가 4마리라니 했더니... 식감이 하나도 없는 새우라 탱글한 식감을 원하시는 분은 먹지 않는 걸로ㅠㅠ 게다가 매운맛 1단계로 시켰는데도 첫 몇 입만 살짝 매콤할뿐 먹다보면 느끼해요. 저처럼 매운 거 잘 못 드시는 분들도 튀김류는 매운맛 1단계 정도는 주문하는 게 좋지 않을까 싶어요. 가격과 맛, 양을 따졌을 때 컵밥과 덮밥 사이가 아닌가 싶어요. 싸면서도 컵밥보다는 더 든든하게 먹고 싶을 때 좋을 거 같은데 배달 주문 때문인지 생각보다 나오는 시간은 오래 걸리네요.",별로
624,락식락당,울나래,"광양식불고기덮밥 순한맛을 시켰는데 좀 짰어요. 근데 짠맛이 그 일식 덮밥의 간장 짠맛이라기보다 소금 짠맛같다고 해야 하나...부드럽지 않은 센 짠맛이었어요. 짠맛의 인상이 강해서 다른 인상이 별로 없는데 그냥 괜찮다와 별로 사이...굳이 표현하자면 쏘쏘. 메뉴는 덮밥류/라면이고 자리 밀도가 높아 서빙하시기 힘들어보일 정도라 식사시간에 복작복작해서, 거기다 지하여서 좀 숨막히는 느낌이 있었어요. 인테리어도 피규어라든지 곳곳에 붙은 메뉴가 좀 부산스러워서 분위기는 소란스러운 분식집에 가까워요.",괜찮다
625,락식락당,AlexTheFood,"170519.맛 ★★☆ 분위기 ★★★ 가성비 ★★★ 재방문 의사 없음 주문한 메뉴 (1명 방문) 치즈돈까스덮밥 - 6500원 총 6500원나름 괜찮다는 덮밥집으로 유명했던경희대 정문 쪽의 덮밥집,락식락당.평소에 잊고있다가공강시간에 배고파서 둘러보다눈에 띄어서 들어가게 되었다.다양한 라면과 덮밥류 등이 있고가격은 4천원에서 6천원대로무난무난한 가격대.치즈돈까스를 좋아하는 나는치즈 돈까스 덮밥을 주문했다.반찬은 단무지와 김치,그리고 장국이 함께 나오는데,처음 치즈 돈까스 덮밥의 비주얼은꽤 괜찮았다.나름 맛있어보이는 비주얼!위에 고추들을 올린 것부터소스를 뿌리고 양배추가 같이 들어간 것까지전체적인 밸런스도 괜찮아보였고,밥을 먼저 한 입 먹었는데,생각보다 조금 매운 맛이다.처음에 매운 맛과 순한 맛 중선택하라고 하는데순한 맛도 조금 매운 맛이 남아있더라.조금 많이 실망했던 점은치즈 돈까스의 치즈도 별로 없고그나마 있는 치즈도 뭔가 굳어있었다는 점.그렇다고 고기가 실하게 들어가 있지도 않아치즈 돈까스 식감이든 맛이든그냥 치즈 돈까스는 0점이었다.같이 토핑된 계란 후라이도반숙을 만들고 싶었지만반숙이 되지 못한 fake 반숙이었는데,덮밥을 먹는 내내전체적으로 너무 텁텁한 느낌이 들어목이 많이 메었다.실패는 성공의 어머니.길게 말할 것도 없이앞으로의 혼밥 식당 중하나가 제외되었을 뿐이다.다음에는 괜찮은 혼밥집을찾을 수 있기를 바라며.",별로
626,락식락당,Lee,사람입맛은 정말 닝바닝. 같이 같던 사람들은 정말 맛있고 제일 좋아하는곳이라고 하는데 내입맛엔 솔직히 정말 별로였음. 음식이 너무 달고 저렴한 맛이었음.,별로
627,락식락당,카시오14자리,그냥 한 끼 때울만하다평점이 4점까지는 아닌듯...,별로
628,락식락당,Ahram Park,가격대비 맛남,맛있다
629,용용이네식당,미동이,집밥 생각날 때,괜찮다
630,용용이네식당,최재완,가성비 ☆☆☆☆삼치구이 ☆☆☆☆ 뚝배기불고기 ☆☆☆재방문의사 ☆☆☆처음에 들어와서 음식기다리는데 옆테이블에서 밥에서 머리카락이 나왔다고 하더라구요 이건 참고하세요 주문메뉴는 뚝배기불고기 1 삼치구이 1 시켜서 먹었습니다..앞선 리뷰에서 된장찌개가 호박도 많고 되게 푸짐하게 나온다고 했는데 지금은 그렇진 않더라구요 그냥 두부 3~4조각이 다였어요 건져먹을건 삼치구이는 담백하고 맛있었습니다. 뚝배기 불고기는 고기는 별로 없었지만 제가 좋아하는 팽이버섯과 짭조름한 국물이 맛있더라구요 제육볶음 추천도 많아서 먹어보고싶었는데 다음엔 고등어랑 제육을 먹어보고 싶네요 밑반찬은 스팸(나왔을때 이유는 모르지만 차가웠어요) 무생채(개꿀맛) 김치(할머니맛 묵은지느낌) 나머진 손도 잘 안대서 기억이 안나네요 공기밥 무한리필인 점은 좋았습니다.,괜찮다
631,용용이네식당,옛오리,"제육볶음 7000원경희대에 제육정식 파는 곳은 거의 다 가본 것 같은데고기는 여기가 제일 좋은 거 같아요.(개취)다른 곳은 비계층 없이 뻑뻑한데 이 곳 제육 고기는 부드럽고 비계가 적당히 있어서 맛있었어요. 하지만 다른 곳보다 돼지냄새가 좀 남...나이 지긋하신 이모님들이 하시는 집이라, 깔끔하다던가 엄청나게 맛있다던가 하는 건 아니지만 집밥먹고 싶을 때 적당한 가격에 한 끼 든든하게 먹을 수 있는 집입니당",맛있다
632,용용이네식당,Ray,"제육볶음, 두부조림, 계란말이, 오징어볶음 먹었는데 다 평범한 맛. 밑반찬이 잘 나오고 인당 하나씩 조그만 뚝배기에 찌개도 나오기 때문에 가성비는 좋더라고요ㅋㅋ",괜찮다
633,용용이네식당,CDS,두부조림 시켰는데 옛날 맛 났음먹을만한 백반집 나머지 메뉴도 기본 이상 할듯,맛있다
634,용용이네식당,최수호,맛있어요 정말로,맛있다
635,용용이네식당,AlexTheFood,"170602.맛 ★★★☆ 분위기 ★★☆ 가성비 ★★★★☆ 재방문 의사 있음 주문한 메뉴 (2명 방문) 삼치구이- 8000원제육볶음- 6000원 총 14000원약 2달 전에도 리뷰했었던경희대 정문 쪽의 밥집,용용이네 식당!그때까지만 해도 그냥 학생들 사이에서입소문 나기 시작한 정도의 식당이었는데,이제는 웨이팅이 생겼다...ㅋㅋㅋㅋ2주 전에도 갔었을 때 웨이팅이 있어그냥 다른 곳에 갔는데,이번에는 그냥 10분 정도 기다렸다.들어가자마자 제육볶음과 오징어볶음,이렇게 두 가지를 주문하려고 했으나오징어가 다 떨어졌다고 하셔서삼치구이와 제육볶음을 주문했다!(지금 생각해보니 이게 최고의 조합이었다.)어떤 것을 주문해도 이 곳은김치와 김을 포함해서 기본 찬이6개가 꼭 나오는데,주문한 메뉴가 나오기도 전에밥에 김 싸먹고 간장에 찍어 먹다 보면꼭 밥을 한 공기씩 더 먹게되니 주의!기본 찬들이 특출나게 맛있지는 않지만그냥 집밥이라고 생각하고 먹으면딱 맞는 맛이다.하지만 용용이네 식당의 가성비가만점에 가까운 것은 기본 찬이 아닌바로 이 된장찌개 때문!찌개류가 아닌 메뉴를1인당 하나씩 주문하면,한 사람당 된장찌개를 하나씩 주신다!그냥 부실한 그런 된장찌개가 아니라조개에 두부에 호박 가득가득 들어간인심 좋은 된장찌개!!!그래서 그런지 제육볶음이 나와도뭔가 크게 바뀌지는 않는다.특별히 맛있지도 맛없지도 않기 때문.그냥 기본 반찬들과 된장국에밥을 먹고 있던 와중에반찬 하나를 더 받는 느낌이라고 해야 하나.삼치구이 역시 비슷하다.특별히 맛있지는 않지만솜씨 좋은 할머니가 해주신 반찬 느낌!기본 반찬들을 먹고 있으면엄마가 제육볶음을 주시고,뒤이어 할머니께서 삼치구이를 주시는,딱 집에서 먹는 그런 느낌의 밥집이다.다 먹고 부족하면 반찬도 더 주시고,밥도 더 주시고... 그냥 집밥!경희대생들이 인정하는정문 쪽 최강 혜자 식당.용용이네 식당이 생기기 전에는분명 솔낭구가 경희대 정문 쪽가성비 갑이었는데,용용이네 식당의 혜성 같은 등장 이후로그 타이틀은 용용이네가 가져가버렸다...(심지어 웨이팅이 생길 정도면...)제육볶음의 맛은 솔낭구가 더 좋지만반찬이 너무 다양하고 찌개까지 주니용용이네를 이길 수가 없다...혹시 경희대나 외대 근처에서자취하는 사람이 있다면 강력 추천하니꼭 가보도록 하자!어머니와 할머니의 손맛을식당에서 느낄 수 있는 마법이 일어날테니.(어머니 음식보다 맛있을 수도 있으니 주의!)",괜찮다
636,용용이네식당,AlexTheFood,"170320.맛 ★★★☆ 분위기 ★★☆ 가성비 ★★★★☆ 재방문 의사 있음  주문한 메뉴 (2명 방문) 제육볶음 - 6000원 계란말이 - 7000원 총 13000원친구와 점심에 뭘 먹을까 고민하다친구 추천으로 들어가게 된 맛집.곱창볶음, 뼈 없는 닭발을 제외하고모든 메뉴가 5000, 6000, 7000원이다.가게 분위기는 시골에서읍내로 나가면 있는,나름 세련된 시골 분위기.실제로 할머니가 음식을 하시고할아버지께서 서빙을 하신다.어쨌든, 우리는 제육볶음과계란말이를 주문했다.그런데 제육볶음을 주시면서반찬이 몇 가지가 더 나오는 건지...햄, 오뎅볶음, 김치, 김, 콩나물 무침,다른 곳 같이 성의없는 반찬이 아니라,기본인데도 하나하나 정말 맛있었다.얼마지나지 않아주문했던 계란말이도 나왔는데,같이 된장찌개도 한 사람당 하나씩 주셨다.메뉴판에 '된장찌개 5000원'이라고 적혀있길래'죄송한데 저희 된장찌개는...'이랬더니,'어으, 그거 하나씩 시키면 그냥 주는거여~'하시며 쿨하게 가시던 할아버지...한 사람당 메뉴 하나씩 시키면된장찌개도 한 사람당 하나씩 주신다고 한다.허술한 된장찌개가 아니라,두부랑 호박 가득 넣어주신인심 팍팍 된장찌개다.경희대 가성비 갑.한식은 무조건 여기다.근처에 도읍지라던가,솔낭구 같은 한식집들도 많지만,앞으로 여기가 이 지역을 제패할 것만 같은 느낌.단점이 있다면할머니 특유의 MSG 맛이 난다는 거지만,나에게는 그 마저도 장점이므로 너무 좋았다.된장찌개 빼고 꼭 1인 1메뉴 시켜서맛있는 식사하시길 바라며,이번 리뷰를 마친다.",괜찮다
637,막국수한,키다리아저씨,"5천원에 시원한 행복을 주는 막국수 전문 ""막국수한""요즘 어디를 가더라도 5천원으로 식사하기는 어려운게 현실이죠~ 카드로 계산시 부가세포함 5,500원!!! 현금으로는 5천원~  작년초에 처음 방문하고 지금까지 5번째 방문인듯한데...가격이 여전하네요~ 그로인해 손님들은 행복합니다ㅋㅋ사는곳에서도 가까운편이고 주변이 한적해서 조용하게 식사하기 좋은데...접근성은 좀 떨어지는 위치죠^^;그래도 요즘처럼 더운 여름에는 시원한 물막국수가 급땡길때가 있잖아요?많이 알려지진 않아서 동네 주민들이나 운전기사분들만 좀 오시는 느낌이예요.주문과 동시에 제면기에서 면뽑는 소리가 들립니다~ 날씨가 더워서 동치미물막국수를 주문했죠^^메밀의 함량은 여쭤보니 70%를 사용하신다하네요~ 그래서 면의 색감도 식욕을 자극합니다.예전엔 입구에 국산메밀을 사용한다는 문구를 붙여서 사용했었는데...올해들어서는 안보이는걸보니 메밀이 바뀌었을 수도 있겠네요.그래도 질감이나 탄력이 꽤 마음에 듭니다~ 너무 얇지도 않고 적당한 두께감으로 씹는맛이 있습니다.동치미 국물은 은은한 단맛이 느껴지고 시원한데....일반적 동치미 국물을 생각하시면 슴슴하다 생각하실 수도 있어요^^ 하지만 이곳만의 깔끔한 맛이 끝까지 거부감 없어서 드링킹을 해도 좋습니다. 김가루도 과하지 않아서 맛에 방해가 될 정도는 아니였구요~ 먹는내내 은은하게 느껴지는 참기름의 향과 맛도 한몫하는듯하네요.좀더 뚜렷함을 원하신다면 준비되어있는 식초와 겨자를 조금 넣으셔서 드시는것도 방법이겠네요.근처에 사는분이나 이주변에 방문할 일이 있다면 부담없이 한그릇 드시기엔 좋은곳이라 생각합니다^^(수육사진은 이번년도 초에 먹은건데 안올려서 같이 등록했어요 ㅋ) 수육은 약재향이 은은하게 느껴지며 부드러운편이고 누린내 없어서 잘먹었습니다. 가격도 착한데 양도 넉넉하네요:)",괜찮다
638,막국수한,지유,감자전(6.5) / 물막국수 (5.5)답십리 좀 깊숙한 곳에 위치한 막국수집! 외관은 매우 맛집처럼 생겼으나 막국수맛은 좀 특이하다.. 알던 막국수 맛이 아니다 ㅋㅋㅋㅋ ㅠㅠㅠ 감자전은 진짜 마시씀 완전 감자전 맛집임 ㅋㅋㅋㅋㅋ,괜찮다
639,막국수한,조나리,"시큼한 동치미 국물에 먹는 메밀 막국수입니다. 비빔 막국수에는 동치미국물을 주시고, 물막국수에는 양념장을 주셔서 원하는 정도의 간과 물의 양을 조절할 수 있어요. 동치미 육수는 이곳만의 달고 시큼한 맛이 있었어요. 물막국수는 다소 호불호가 갈릴 수 있다고 생각이 들어요. 양념을 섞으면 더욱 맛있어진답니다. 반찬으로 맛볼 수 있는 열무김치도 좋았어요. 수육은  약재를 넣어서 삶았는지 향이 굉장히 좋았습니다. 다만 다른 메뉴보다 먼저 나오기 때문에 건조하지 않게 드시려면 나중에 주문하시는걸 추천드려요. 무엇보다 가성비가 굉장히 좋고 장소가 넉넉해서  추천드립니다!",맛있다
640,막국수한,키다리아저씨,"국내산 메밀로 이가격이?! 실화인가요?!~사는곳에서 그리 멀지 않은 위치에 아담한 식당!!국내산 메밀로 바로 뽑는다는 문구에 이끌려 작년에 처음 방문하고 그 이후 2번 더 온듯하네요.주문과 동시에 면 뽑는 기계의 소리가 한쪽편에서 들리고~ 기본찬으로는 열무김치가 전부고 셀프방식입니다.현금 계산시 메밀막국수 한그릇에 5천원!!! 곱배기도 6천원이면 먹을 수 있는데... 보통을 드셔도 양이 괜찮습니다.물 막국수는 동치미 베이스의 막국수로 살얼음이 올려져서 더욱 시원함을 주고 동치미 국물이 아주 자극적이기 보단 은은한 감칠맛과 깔끔함이 좋아요.비빔 막국수도 많이 맵지않고 입맛 당기는 매콤달콤새콤의 조화!!사실 메밀이 국내산인지 직접 확인해 본 것도 아니고, 함량이 어떻게 되는지도 잘 모르겠지만...적당한 탄력과 메밀의 맛과 향이 나쁘지 않았어요^^수육은 어떻게 나오는지 궁금해서 주문해 봤는데...족발과 비슷하게 한약재로 삶아진듯 맛과 향이 은은하게 느껴지고 살코기도 부들부들하고 기름부분도 나름 쫀득하고 고소해서 괜찮네요.무엇보다 저렴한 가격으로 괜찮은 맛의 막국수를 먹을 수 있어서 좋았구요. 주차는 가게앞 대로변에 2대정도 세워도 괜찮다고 하네요^^",괜찮다
641,오소록,기미상궁,"""육지에서 맛보는 제주의 맛""제주를 좋아하는 소인이온데 답십리에 제주 고기국수를 잘하는 집이 있다하여 들렀사옵니다.메뉴들 모두 제주에서만 접할 수 있는 메뉴임에 꽤나 반갑더이다. 특히 고사리 육개장은 육지에서 정말 보기 힘든 메뉴이지요. 주류도 제주산 라인업을 갖추고 있사옵니다.고기국수 - 뽀얀 돼지국물과 돼지고기가 올라간 고기국수 외관으로는 전형적인 제주식 고기국수이옵니다. 국수의양과 고기도 푸짐하게 올라가 있지만 국물이 다소 미지근한 느낌이 듦이 다소 아쉬웠사옵니다.구수한 돼지 육수가 감칠맛 보다는 담백함이 매력적이었사옵니다.돔베고기 반도마 - 이름에 충실하게 도마에 올려져서 나온 돔베고기 고기 비율도 좋고 잘삶아진 수육고기이옵니다.제주의 유명한 고기국수 중에는 자매국수와 유사하게 느껴졌사옵니다. 구수하고 노멀한 돼지육수가 매력적인 스타일의 국수이옵니다.",괜찮다
642,오소록,또치,"회사점심으로 방문한 곳.다른 직원들은 엄청 맛있게 먹었다고 해서 맛이 궁금했는데 엄청까지는 아니더라도 괜찮은 정도.가까이 살면 가끔 방문해도 괜찮을 것 같다.고기는 생각보다 부드럽고, 면도 굵어서 씹는 식감이 좋긴 했는데 원래 고기국수 국물이 이렇게 짠게 맞는건가??국물에서 사골육수맛이 났는데 생각보다 짜서 국물을 많이 못 먹겠다.",괜찮다
643,오소록,AlexTheFood,"#AlexTheFood #3줄요약#오소록 #답십리맛집 #알더푸답십리⠀1. '아늑한, 포근한'이란 뜻을 가진 '오소록' 제주 음식점.2. 비빔국수는 달짝지근한 맛- 고기국수가 난 더 맛있더라.3. 국수에 올라간 돔베고기가 정말 맛있으니 꼭 드셔보시길!⠀___________________________________________________________* 고기국수 8,000* 비빔국수 8,000___________________________________________________________⠀[MangoPlate - /5.0  GoogleMap - /5.0]맛★★★★ 분위기★★★ 가성비★★★⠀* 영업시간  매일 11:30-22:00  L.O. 21:30⏳쉬는시간 없음❌월요일 휴무",맛있다
644,압구정닭꼬치,뇸뇸꿀,갓구운거 맛있는데 구워놓은거랑 맛편차가 심한건 아쉬워요. 갓구운거 JMT!,맛있다
645,압구정닭꼬치,Tejava,햅이랑,맛있다
646,압구정닭꼬치,E.T Jun ,저렴함. 한산함. 회기근처에서 술먹고 2차로 들렀는데 괜찮았음. 개인적으로 매운 양념보다는 소금구이가 더 좋은 것 같음. 오뎅탕도 괜찮고 모래집도 괜찮았음. 저렴하게 소주한잔하기 좋은곳임.,괜찮다
647,압구정닭꼬치,피글렛,전 사실 닭꼬치를 많이 좋아하진 않지만 가끔 맛있어서 여기서 사먹어요회기역 1번출구 바로 앞에있는 박효신 닭꼬치와 비교했을때 훨씬 맛있다는걸 알수있어요...!!!둘중 하나 고르라면 열번에 열번은 이곳을 고르겠어요박효신 닭꼬치는 항상 뭔가 덜익어있어요... 닭도 제대로 해동이 안되서 철판위에서 녹이시구..둘 중 고르신다면 오십보 더 걸으셔서 여기서 사드시길 강추합니다소금구이도 너무 맛있어요ㅜㅜ 구운파가 이렇게 맛있는줄 첨 알게해준곳,맛있다
648,압구정닭꼬치,아이링,우연히 지나가다 먹게 되었었는데 고기도 두툼하니맛있게 보여서 사가지고 가게 안으로 들어가서 먹으려고 했어요.근데 술 안시키면 밖에서 서서먹어야하는집. 갑자기 추워져서서서 먹기엔 무리여서 그냥 포장해가지고 가서 먹었는데. 특별한 메리트는 없어요. 그냥 무난한맛에 고기가 두툼한거 빼곤 없음.,별로
649,압구정닭꼬치,Crisp.,길거리 닭꼬치라서 특별한게 없다고 할수 있는데 일단 고기크기가 마음에 들고요 고기가 오래 되지않았다는 생각이 들어요. 순환이 많은 가게라서 그런거 같고요 사장님과 직원들 다 나름 친철해요. 지속적으로 먹고있으면 꼬치 먹기 쉽게 짤라줘요. 오뎅국물 매워서 마음에 들었습니다,맛있다
650,용,Jinny,친구랑 둘이서 세트시켜먹었는데 간식하기에는 양이 많아요!첫 방문이라 가장 기본인 국물떡볶이 시켰어요국물은 맛있는데 국수떡? 그건 좀 제 취향이 아녔어요 떡 특유의 쫄깃한 맛이 덜핬거든요! ㅜㅜ담엔 다른 떡으로 먹어보고 싶어요 ㅎㅎ 국물 맛은 맛있었으니까요! ㅋㅋㅋ근데 여기 튀김맛집이에여... 튀김 진짜 바삭 ㅜㅜㅜ 튀김 꼭 드셔보세요!!,괜찮다
651,크치치킨,HP7,무난하게 먹기좋다.소스도 그리 자극적이지 않고 닭도 맛남재방문의사 조금 있음,괜찮다
652,크치치킨,룰루랄라라,바로 튀긴 치킨이라 그런지 더 맛있었어요. 차를 갖고가서 맥주를 못마신게 아쉽긴한데 맥주랑도 꿀조합일듯 합니다 ㅎㅎ 분위기도 좋아서 단체로 가도 좋고 친구/연인이랑 가도 좋을듯 해요,맛있다
653,크치치킨,띵시,"가성비 ●●●○○맛 ●●●○○분위기 ●●●●○재방문의사 70공간이 조아서 다시 가고픈 곳! 큰 스크린이 있고 널찍 쾌적해 야구나 축구 경기 보러 오면 딱 좋을 듯하다.5시 30분경 방문했더니 한산하니 좋았음. 날씨 좋은 날에는 테라스에 앉아 낮맥하는 것도 좋을 듯함. 반반치킨을 깻잎 치킨으로 업그레이드 했더니 반죽에 깻잎을 넣어 튀겨 주심. 일반 치킨집들보다 튀김옷이 단단하고 오래 튀긴 느낌이 나서 옛날 통닭 맛이 남. 튀김옷을 얇게 입혀 좀 더 짧게 익히면 더욱 맛있을 듯함. 양은 꽤 많아 좋았고, 사이드가 실하게 나옴. 친구 말로는 어니언 크림이 맛있다고 하니 다음 번에는 그 메뉴를 먹어 보아야겠음.주류 종류가 다양해 정말 좋음! Lost Coast 병맥과 코젤, 산토리 하이볼 등 회기에서 보기 힘든 친구들이 이 곳에 모여 있었음... 치킨 말고도 안주 종류가 꽤 있고, 샘플러와 한라토닉 세트 등도 준비되어 있어 콸콸하러 다시 올 예정임.",괜찮다
654,크치치킨,즌짱,코젤 다크 생맥주를 마실 수 있는 곳. 치킨은 그냥 그냥 괜찮다. 전에 방문했을 때 다른 치킨도 먹어봤지만.. 확 인상적이지는 않았다. 기본으로 나오는 파스타 면 과자..? 튀김..? 이게 생각보다 맛있어서 계속 주어먹게 됨ㅎㅅㅎ,괜찮다
655,크치치킨,맛집사냥,"반반치킨에 깻잎추가(반죽에 깻잎이 들어감)해서 먹어봤고,어니언크림콤보도 먹어봤는데 둘다 맛있어요.튀김옷이 아주 바삭하고 고소해요.개인적으로 튀긴치킨보다 구운치킨을 좋아하는데 여기 치킨은 다 먹을때까지 느끼하지 않아요.",맛있다
656,정석김밥,키다리아저씨,"거주하는 동네에서 그나마 인기가 있는 김밥집인 정석김밥!!매장 내부는 좁은편이라 3팀정도 앉을 수 있구요~ 대부분 포장이나 배달손님이 많은거 같아요.정석김밥의 특징이라면...계란지단이 넉넉히 들어있구요~  다른곳에서 몇번 못본 ""꼬시래기 김밥""도 판매합니다.사실 비주얼이나 영양소는 좋겠지만, 개인적으로 살짝 아쉬운부분은 지단이 많다보니...살짝 수분감이 적어 건조함이 있어요~ 취향에 따라 담백하다는 분도 계실지 모르겠지만, 목메인다는 분도 계시더라구요.그나마 꼬시래기 김밥이 해초류라 좀 촉촉하기도하고, 바다향이 좀 나긴하지만 독특한 맛은 있어요~저는 주로 크래미+와사비를 넣은 크와김밥을 많이 먹는 편이고, 가끔 참치+마요인 참마 김밥도 먹는데...풍성한 맛은 아니지만, 속든든하게 채워주는 김밥집인거 같아요.다른 식사메뉴들도 무난하게 잘하셔서 그런지...근처에서 식사하러 오시는분도 많은 편입니다.김*천국 같은데 보단 좀 청결한 느낌이라 좋아요~꼬시래기 김밥 사진은 못찾겠네요 ㅠㅠ",괜찮다
657,정석김밥,ethanghymn,장안면옥에서 회냉면을 맛있게 먹고 나오니 여기까지 왔는데 근처에 가고싶다에 세이브해 둔 또 다른 가게는 없는지 망플을 꺼내 보니 예전에 내가 좋아하는 가게인 콘반과 엔토츠야가 있는 듀펠센터의 인스타에서 아마도 듀펠센터 인스타 계정을 관리하시는 젊으신 것 같은 분이 이 집 김밥이 맛있다고 했었어서 궁금해 가고싶다에 세이브해뒀던 여기 정석김밥이 보임.당장은 딱히 당기지 않았지만 여기까지 온 길에 들러서 포장을 해서 저녁 늦게나 아니면 다음날 아침에라도 먹으려고 전활해보니 원래는 좀 더 늦게까지 오픈하시는가 본데 오늘은 좀 일찍 닫으시려고 한다고 해서 대표메뉴인 정석김밥 두 줄을 부탁드리고 서둘러 향함.가게는 큰길가 바로 이면도로에 위치해 있었고 네이버지도에서 보니 콘반이 있는 블럭이었음.근처에 적당히 주차 후 가게 안으로 들어서니 다른 포장손님도 있고 사장님은 열심히 김밥을 말고 계심.드디어 내 순서가 됐고 사장님은 열심히 마신 김밥을 컷팅 기계에 올리시고 잘라진 김밥을 포장해서 건네주심.집에 가져와 어린가족인원에게 맛보였는데 한 개를 맛보더니 안 먹겠다고 해서 나도 맛을 보니 볼륨감이 좋은 김밥은 들어간 달걀지단이 다른데서도 그런 느낌이었긴 한데 역시나 드라이해서 즉시 물을 찾게 되는 타입이어서 은근 기댈했었는데 기대보단 못한 드라이함에 아쉬워 음함.속에 든 단무지는 라이트하게 달달하고 수분감이 많아 달걀지단의 드라이함을 약간은 커버해주지만 그래도 역부족임.물을 마시면서 약간은 힘겹게 남은 김밥을 먹음.전체적으로 좋은 김밥가겐가 싶어 들러봤는데 내가 좋아할 것 같은 게맛살이 들어간 크와김밥을 맛봤다면 촉촉해서 더 좋았을진 모르겠는데 와사비가 들어가서 매울까봐 대표김밥인 정석김밥만 맛봤는데 달걀지단이 드라이해서 뻑뻑해서 기대보단 별로였는데 그렇다고 재료가 엉터리거나 한 건 아니었어서 괜찮다로..,괜찮다
658,미락칼국수,이국군(쎌카),*재방문의사 90%답십리 고미술 상가 쪽  집에서 어머니가 끓여준 듯한 가정식 느낌이 강한 사골 칼국수 집. 메뉴는 칼국수 하나 .엄청 진한 사골육수도 아닌 그렇다고 엄청 연한 사골육수도 아닌 적당한 점성의 사골육수에 잘 반죽 된 칼국수 반죽을 손으로 밀어내어 썰어서 내어주는 손칼국수집. 그렇게 내어 준 칼국수에는 고명으로 양지고기가 올라가 있고 마늘향 가득한 칼국수와 잘 어울리는 맛있는 겉절이 김치가 유일한 반찬이지만 그 유일무이한 반찬과 잘 어울리는 칼국수 한입은 참 푸근한 행복감을 준다. 후루룩 칼국수를 먹은 후에 공기밥 추가해서 마무리까지 하면 참 든든한 한끼를 맛있게 해결할 수 있는 집. 보통 하는 칼국숫집들은 많지만 맛있게 하는 칼국수집은 찾기가 힘들다 .괜찮다와 맛있다의 사이에 있는 그런 집 .원래 주인이신 듯한 할머니가 앉아 계시고 며느리 아들 내외가 서빙과 주방을 맡고 있다.,맛있다
659,명성순대국,로우니,이동네 순댓국집 중에 가장 괜찮을 곳이에요 선지해장국도 먹어봤는데 역시 순대국 집에서는 순대국을 먹어야죠ㅎㅎ순대국에 내장도 고기도 많은 편이고 국물이 개운하니 좋아요! 같이 간 일행은 진하고 묵직한 국물을 좋아하고 저는 약간 가벼운 국물을 좋아하는데 중간 어드메의 맛을 잘 잡은 느낌이랄까요 둘 다 만족스럽게 먹고 나왔아요,괜찮다
660,명성순대국,미동이,소울푸드순대국밥집 특유의 냄새가 심한 편이라 괜찮다 줌감안하고 갈만함,괜찮다
661,명성순대국,Ray,"- 옛날 식당에서 먹는 깔끔무난 순댓국외관부터 옛날 느낌이긴 하지만 실내가 정말 옛날 식당이라 깜놀했어요ㅋㅋ 드럼통에 고기 구워먹는 집 같은데 순댓국 팔아서 신기하고요ㅋㅋㅋ 고기 잡내라고 할까요. 냄새가 꽤 나서 움찔했지만 우선 계획대로 순댓국(8000)을 주문했습니다. 하얀 국물로 나와서 본인 취향껏 들깨나 다대기 같은 거 넣어서 먹는 스타일이고요. 냄새가 나진 않을까 떨리는 마음으로 한입했는데 다행히 깔끔무난한 국물이었어요. 근데 진하지도 않아서 좀 아쉽더라고요. 순대는 수제찹쌀순대 같은 건 아니었는데 그래도 맛있었어요. 근데 한 3개 들어있었나 되게 적은데요. 대신 고기랑 내장이 진짜 많아서 아쉬움 없이 열심히 건져먹었습니다ㅋㅋㅋ같이 나온 배추김치랑 깍두기가 아주 맛있는 편은 아니었지만, 그래도 깍두기가 시원하니 순댓국이랑 잘 어울렸어요!",괜찮다
662,명성순대국,즌짱,여기 진짜 맛있어요 점심 때 기다려서 먹을 정도로 맛집인데 망플에는 왜 안 유명할까여... 들어갈 때 꼬릿한 냄새가 좀 나지만 국물은 깔끔한 편이에요. 여러 내장이 잔뜩 들어가있구 깍두기도 맛있고 진짜 맛집 ㅠ ㅠ 요 근처 중학교 선생님께서 소울 푸드 맛집이라며 아들분을 데리고 자주 다니셨던 곳이에요- 정말 로컬 찐 맛집입니다,맛있다
663,명성순대국,이재민,운동 빡시게 한 날에 자주오는 곳. 프렌차이즈 순대국과는 차원이 다르다. 순대 국물맛도 깊고 김치도 맛있다. 주인분들과 아들분까지 모두 친절하시다. 비개빼달라고 하시면 빼주셔서 더 좋다.,맛있다
664,명성순대국,이수아,"여기 진짜 맛있어요!! 가격은 7,000원 이라 좀 나가지만 5,000원짜리 프랜차이즈 순대국집이랑은 비교가 안되는 맛집입니다 최고!!",맛있다
665,청량리할머니냉면,Capriccio06,"청량리 시장에서 유명한 가게인데 지점이 있는지 몰랐었다. 한옥집 한 곳을 다 쓰는 꽤 넓은 가게고 자리는 이 곳이 더 편한 것 같다.칡냉면에 채썬 오이, 절인 무를 잔뜩 올리고 참기름을 한바퀴 둘러주셔서 참기름 향이 강하다. 아주 매운 다데기가 유명한데 요즘은 맵다고 하는 사람이 많은가... 디폴트로 올려주지 않고 따로 접시에 나왔다. 늘 너무 매워서 덜어내고 먹었어서 따로 나오니까 편하긴 했다. 다데기를 조금씩 넣으면서 먹으니까 전반적으로 기본 냉면이 밋밋한 느낌이 드는데 테이블마다 설탕, 식초가 있어서 기호에 맞게 첨가할 수 있다. 냉육수가 좀 싱거운 느낌이긴 한데 알아서 취향껏 먹으라는 느낌으로 따로 주시기 때문에 거의 스스로 새로 간 맞추는 느낌으로 먹었다. 냉면 맛집이라기보다 저렴하기도하고 어른들이 추억이 있으셔서 그런가 좋아하셔서 따라 다녔었던 가게인데 그 분위기 때문인지 본점이 더 좋은 것 같다. 5천원 할 때 부터 기억나는 것 같은데 가격도 많이 오른 듯...",괜찮다
666,청량리할머니냉면,ethanghymn,"여러모로 보광동,한남동에 있는 동아냉면과 비슷한 느낌. 냉면전문점의 맛이라기 보단, 분식집 같은 곳에서 나오는 파는 냉면국수를 삶아서 매콤한 다대기를 얹어주는 맛. 동아냉면보다 좀 더 매운데, 첨엔 별로 매운지 모르다 뒤에 매운맛이 올라옴. 양은 동아냉면보다 많아서 곱배기는 정말 양이 푸짐함. 가까운데 동아냉면이 있기도하고 약간 덜 매운걸 좋아해선지 여기까지 오진 않을듯. 동아냉면과 같은 묘한 중독성은 있을듯",괜찮다
667,청량리할머니냉면,예삐,냉면 색이 연하다고 비빔장 추가하시면 큰일납니다.그.냥.진.짜 매움 맛있는건 모르겠는데 웨이팅이있습니다ㅋㅋㅋㅋ,별로
668,청량리할머니냉면,Boram,야성적인 msg의 맛!!분식집 냉면의 정점에 달한 집이자부담없는 가격에 물/비빔 내맘대로 할 수 있는 곳맛으로만 따지자면 입구에 청량리함흥냉면이 더 나으나여긴 자극을 충전하러 가는 곳이기에 :),괜찮다
669,거복이식당,또갈곳만후기남기겜다,"맛잇다!기본 600g에 추가해야하고,냉면맛없으면 되게 짜중나는데 완벽한 함흥냉면 넘좋앗다콩나물도맛잇고,,볶음밥까지도전하려면3명필요할듯",맛있다
670,거복이식당,noname,"목살/삼겹살 600g 28000원명이나물 2000원고기가 수입이기는 한데 다 구워주시고, 두꺼운 고기인데도 안 태우고 겉면 바삭하고 육즙 가득하게 잘 구워줘서 정말 만족스럽게 먹었음. 서비스로 돼지찌개 비슷한 것도 주셨음. 재방문의사 매우 높음.",맛있다
671,남다른감자탕,snoopy,체인점에서 젊은 직원들 데려다 레시피대로 만든 티가 팍팍 나는 곳. 실수로 두번이나 갔네요. 에효  ㅡㅡ,별로
672,계림원,로우니,이곳 치즈콘닭이랑 누룽지통닭 먹어봤는데 쿠룽지통닭이 좀 거 취향에 잘 맞아요! 닭기름이 쫙 배인 누룽지를 마지막에 먹고 있으면 혈관에게 미안해지는 맛일까요ㅎㅎ치즈콘닭은 치즈에 맛이 가려지는데 치즈와 콘의 식감과 맛은 잘 어울렸어요! 다움에는 그냥 콘닭을 먹어보려구요,괜찮다
673,계림원,진꿀이,참숯치킨이 먹고싶었고..!비주얼이 쩔길래 콘치즈닭으로~쌩맥 필수자너느끼 고소 참숯맛 진짜 가득집왔는데도 머리에서 냄새 계속 나서 취할뻔ㅋㅋ느끼해질쯤에 생맥 한잔이랑 치즈랑 눌러있는 누룽지 먹으면… 넘 맛있지잉,맛있다
674,계림원,보리,"회기에 위치한 '계림원'- 매콤불닭 22,000원맥주 한잔 하기 좋은 분위기라 자주 방문했던 계림원! 치즈콘닭도 정말 맛있는데 매콤불닭도 맛있어요! (반반 나오길,,,ㅠㅠ)매운걸 잘 못먹는 편인데도 너무 맛있게 매워서 자꾸 먹게되요 ㅎㅎ 매워서 맥주도 술술 들어가는,, 달큰하게 매운편이고 안에 함께있는 치즈와 옥수수, 누룽지도 너무 맛있어요! 깨작깨작 계속 들어갑니다 ㅎㅎ",맛있다
675,계림원,김민재,그냥 치킨이 더 맛있는거 같은데...,별로
676,원골전통순대국,silvert,순대국치고 조금 비싼감이 있는데(8000원) 그만큼 더 맛있었습니다. 생각보다 꽤 괜찮아서 놀랄정도.,맛있다
677,원골전통순대국,키다리아저씨,"동네에서 나름 오랜세월 순대국을 전문으로 판매하는 ""원골 전통 순대국""꽤 넓은 주차장이 있다보니~ 식사시간대에 기사식당처럼 붐비는 곳이기도 하다.단골 손님들도 꽤 많은편인데....이곳 순대의 특징 때문이 아닐까?흔한 당면 순대가 아닌 야채순대 느낌인데...주재료가 배추를 익혀서 백김치로 속을 만든다고 한다. 그래서 여름에 익는 속도가 빨라서 약간 시큼할 수도 있다고 하는데 내가 갈때는 괜찮았다.그래서 그런지 순대가 담백하고 덜 느끼한 느낌?? 순대의 두깨는 그리 두꺼운편은 아니여서 한입에 넣어먹기 좋은 수준이였다.부속고기도 담백하고 부드러웠으나 개인적으로 약간의 누린내가 나는듯해서 많이 못먹었지만 다른사람은 잘먹는다~^^;;;함께 나오는 김치들도 맛있어서 순대국과 함께 먹기 좋았다.국물도 고기의 누린내 없이 깔끔하고 담백했다.주차도 편하고~ 가격대도 저렴하지만~ 일하시는 아주머니께서 친절해서 좋았다.",괜찮다
678,버드나무순대국,즌짱,"제 최애 순댓국 ㅠ ㅠ 꼬릿꼬릿한 냄새 좋아하시는 분들은 여기 꼭 가세요! 냄새를 싫어하시는 분들은 정말 극 불호를 외치실 수 있지만,,, 꼬릿한 냄새를 즐기신다면 이 집이 극호라고 외치게 되실 거에요 ㅠㅠ꼬릿한 국밥이 땡기는 날이면 달려가는 곳입니다. 가게에서 자리 잡고 먹으면 시간 가는 줄 모르고 술을 마실 것 같으므로 포장해와서 먹었는데, 여기서 먹으나 저기서 먹으나 술을 부르는 건 똑같네요 ^ ^,,,,아무튼 ⭐️중요한 것⭐️은 꼬릿한 냄새 싫어하시면 추천하지 않아요! 꼬릿한 국밥 좋아하시면 꼭 가세요!!!!",맛있다
679,버드나무순대국,E.T Jun ,학부 초반에 군대가기전에 맛있게 먹었었던 기억이 있었는데 몇년만에 다시 들르게 되었습니다. 확실히 맛있습니다. 건더기가 푸짐하게 들어있고 순대보다는 머릿고기가 많은 스타일입니다. 6천원이라는 가격에 맛도 양도 괜찮은 순대국을 먹을 수 있습니다. 몇년동안 변하지 않은 내부는 조촐하지만 많은 외대생들이 추억할 만한 정겨움이 느껴져 좋았습니다. 그리고 친절하신 주인 아주머니의 배려에 기분좋게 순대국 한그릇 하고 나올수 있는집입니다.,맛있다
680,버드나무순대국,AlexTheFood,"170417.맛 ★★★☆ 분위기 ★★가성비 ★★★☆ 재방문 의사 있음 주문한 메뉴 (1명 방문) 순대국 - 6000원 총 6000원외대 앞의 골목 깊숙히 숨어있는순대국 전문 식당,버드나무.'버드나무'라는 상호를 가진 식당이외대 앞 골목에 2군데가 있는데,(심지어 같은 골목 쪽이다.)하나는 그냥저냥 무난한 고깃집이고,나머지 하나가 바로 여기.들어가기 전부터 누릿한 돼지냄새가당신의 코를 자극하기 시작한다면바로 그 곳이다.식당 안으로 들어가면꼭 혼자 먹고 있는 복학생이 있다.(나일 수도 있다.)그리고 할머니가 반겨주시는데,'은밀하게 위대하게'에 나올 법한달동네의 식당 분위기이다.아니면 '신세계' 맨 마지막에 나온이정재와 황정민의 옛날 시절에 나오는그런 식당 분위기.나는 항상 먹던 순대국을 주문했다.순대국밥은 5000원, 순대국은 6000원인데,순대국밥은 밥을 안에 말아서 주시고,순대국은 밥이 따로 나오며머릿고기와 순대를 조금 더 넣어주신다.사람마다 입맛이 다 다르겠지만,나는 이 곳을 무척이나 좋아한다.나는 일본 라멘도육수가 정말정말 진한 돈코츠를 좋아하고,그래서 초기의 하카타분코를 굉장히 좋아했다.(지금은 옛날만큼 육수가 진하지 않아서...)그런 의미에서 이 곳 버드나무의 순대국은내가 제일 좋아하는 맛을 가진 순대국이다.우려내고 우려내고 우려내서 만들어가게 안에 깊숙히 배인 돼지 누린내와 달리순대국 자체는 꽤 깔끔하다.물론 누군가는 순대국에서누린내가 난다고 말하기도 하는데 사실 그건가게 안에서 나는 돼지 누린내인 듯 하다.순대국 자체는 정말 맛있다.할머니께서 머릿고기도 많이 넣어 주시고같이 나오는 깍두기도 궁합이 잘 맞다.난 보통 순대국을 먹을 때다대기를 꼭 넣는 편인데여기서는 다대기를 안 넣고 즐기는 편이다.한 가지 아쉬운 점이 있다면바로 순대이다.이 맛있는 순대국에 당면 순대라니순대국에 대한 모욕이다.순대국인데 순대가 점수 다 깎아 먹는다 ㅜㅠ그래도 다 먹고나면할머니께서 요구르트?야쿠르트! 를 주신다!정말 든든하게 먹고야쿠르트까지 받아서 마시면그 날은 하루종일 배가 안 고프다.경희대와 외대복학생들의 성지.20대 후반 남자 복학생들은아마 거의 다 이 곳을 알 것이다.그런데 20대 초반의 학생들은생각보다 이 곳을 잘 모르는 것 같더라.그래서 내가 갈 때마다 이 곳에는나와 같은 복학생 혼밥족들만테이블 하나씩 꿰차고 앉아있다.예쁘고 세련된 음식들과 식당들이외대 주변에도 많이 생겼지만,그래도 난 이 곳을 계속 찾게 된다.순대국을 좋아하는 사람이라면비 오는 날 친한 친구와 함께 와서각자 순대국 하나와 소주 한 병씩 해보시길.아재가 된 느낌과 함께조용하고 진지한 얘기를 나누기 좋다.조금 더 많이 알려졌으면 좋겠다.",괜찮다
681,버드나무순대국,AlexTheFood,"지금은 모르겠지만, 전에는 경희대와 외대생들 중 선배따라 술을 마셔 본 학생이라면 '버드나무'를 알 수밖에 없었다. 위치가 굉장히 구석진 골목에 있고, 식당은 허름하며, 들어가자마자 누린내가 나는데도 선배들 따라 한 번 오고 나면 계속 찾아서 오기 때문. 솔직히 처음 들어갔을 땐 여기가 왜 그렇게 유명한지 알 수 없었다.그러다가 순대국(6000원- 순대국밥은 5000원인데 순대국이 머릿고기와 순대양이 더 많다고 해서...)을 시켜서 한 술 뜨는 순간, 와......난 개인적으로 순대국을 먹을 때 다대기를 무조건 넣어야하는 사람이다. 왠지 싱겁거나 누린내가 나니까. 근데 여기 순대국은 정말 한 술 뜨는 순간 다대기가 필요 없어졌다. 정말 순대국 자체가 이렇게 맛있다는 느낌은 처음이었다. 다 먹고나서 계산하면 할머니가 요구르트도 하나씩 주신다.정말 아는 사람만 가는 집이다. 보통 고학번 학생들끼리 술 마시거나 혼자 먹으러 오더라. 순대국은 앞으로 무조건 여기다. 순대가 그냥 당면순대인 게 정말 아쉬웠지만 그걸 커버하고도 남을만큼 내가 여태 먹어본 순대국 중에는 최고다. 앞으로 자주 찾아가야겠다.",맛있다
682,엉터리갈비,키다리아저씨,"청량리에서 예전에도 엉터리갈비로 노포느낌이 났던 작은 고기집이였는데....확장하고 내부 공사를 해서 넓어지고 깔끔해졌네요.미국산 소고기( 생갈비/ 양념갈비), 국내산 돼지갈비를 판매하구요. 가격대도 괜찮고 맛도 괜찮은 곳이예요^^저는 생갈비와 양념갈비를 각각 주문해서 먹었구요~ 참숯에 구워 먹을 수 있어서 좋습니다.기본찬은 별거 없지만... 가자미 구이가 나와요...담백하게 먹어도 맛이 괜찮을텐데~ 양념치킨 소스?같은걸 뿌려주시더라구요^^;; 고기집에서 만난 가자미구이지만 맛은 좋더군요 ㅎㅎ 거기다가 우거지된장찌개도 시원하고 깔끔해서 굿~!!생갈비는 갈빗대가 붙어져 나오구요^^ 고기의 상태도 좋아서 그런지...맛도 좋았습니다.생갈비라 적당히 구워서 핏기만 제거하고 먹으니 부드럽고 육즙도 적당해서 좋네요.담백하게 생갈비를 먹고, 양념갈비도 먹었는데... 단짠한 맛이 입에 착 감기네요^^;; 아주 과한 편은 아니지만...담백하게 먹다가 양념을 먹으니 약간의 자극은 되더라구요 ㅎㅎ양념갈비를 먹으니 물냉이 땡겨서 물냉도 주문해봤어요^^ 고기와 함께 먹기엔 괜찮지만...냉면 자체의 퀄리티는 그냥 평범한 곳이였습니다.사장님포스의 아주머님이 뭔가 열정적이셨고, 고기도 맛있게 잘 구워주셔서 좋았습니다.",괜찮다
683,불타는닭갈비,로우니,예전에는 닭갈비집들이 꽤 성행했는데 요즘은 예전보다 보기가 어려운 것 같아요 대학가 특성상 싸고 양 많고 무난한 맛을 자랑하는 곳이에요 약간 칼칼한 맛이 있어서 물리지 않고 술 먹기에도 좋아요 소맥에 최적화랄까 저는 굳이 치즈 두르지 않고 그냥 면사리 같은 거 추가하시는 걸 추천합니다,괜찮다
684,불타는닭갈비,미동이,삼삼하이 ㄱㅊ,괜찮다
685,불타는닭갈비,kkonoo,회기에서 오래된 닭갈비집. 여기가 제일 맛있어요!,맛있다
686,불타는닭갈비,Ray,맛은 그냥 매우 평범하고 서비스는 좀 아쉬웠어요 :(,괜찮다
687,싸움의고수,패터슨,"""가성비 좋은 1인 보쌈이 생각난다면""1인 보쌈으로 최근 몇 년새 많이 늘어난 프렌차이즈이다. 1인 가구가 많아져서 그런지, 가성비가 꽤 그래도 괜찮다:) 한 끼 배달 혹은 점심 저녁으로 먹기 부족함이 없다!",괜찮다
688,싸움의고수,미동이,배 차게 먹으려면 XL로!,괜찮다
689,싸움의고수,즌짱,"마늘 보쌈 도시락, 간장 삼겹살 도시락 배달시켜서 먹었어요. 기본적으로 깔끔하고, 맛이 없는 프랜차이즈가 아니어서 믿고 시킬 수 있었어요. 고기 양이 생각보다 적은데? 싶었지만 다 먹고 나니 알맞은 양... 물론 성인 남성분들은 조금 모자를 수도 있을 것 같아요. 마늘 보쌈은 달달한 맛이 강해서 밥 반찬으로는 좀 안 맞는 느낌..? 간장 삼겹살은 맛있었어요. 음 근데 간장 삼겹살에도 보쌈 김치 선택하게 해주시면 안될가요... ㅎ... 가끔 저녁 뭐 먹지의 굴레를 못 벗어날 때 괜찮은 대안이 될 것 같아요.",괜찮다
690,싸움의고수,Ray,첫 번째 방문 때 먹었던 1인족발은 꽤 괜찮았던 것 같은데 이번에 먹은 1인보쌈은 많이 아쉬웠어요. 고기가 너무 얇게 썰려있어 씹는 맛이 너무 없고 고기에서 약간 냄새도 나더라고요ㅠㅠ고기 양은 충분하니 많아 보이려고 하지 말고 먹기 좋은 두께로 썰어주면 더 좋을 거 같아요.,괜찮다
691,비사벌전주콩나물국밥,키다리아저씨,"서울숲쪽 매장을 갔을때의 기분까지는 아니지만, 사는곳에서 가까워서 몇번 방문한거 같아요~^^주변 술집이 좀 있어서 그런지 해장하러 오시는분들이 꾸준하고, 방문하는 연령층도 좀 높은편이네요.최근 방문했을땐 이유가 뭔지 몰라도 제 입맛에는 좀 간간했어요~예전처럼 뭔가 깔끔한 맛이 줄어든 느낌이랄까?? 약간 변한거 같기도 ㅠㅠ그래도 가볍게 먹기 괜찮고 기본찬도 무난합니다.모주 좋아하시면 한잔씩 하시며 해장국 즐기시면 좋겠네요 ㅋㅋㅋ달달 쌉쌀하며 걸죽하니 입에 착 붙는 기분~ (전 알쓰 입니다 ㅎ)",괜찮다
692,비사벌전주콩나물국밥,ustar,전주 콩나물 국밥으로 유명한 집을 생각하고 갔다가 실망했다 콩나물국도 좋아하고 콩나물 국밥도 좋아하는데 이집 국밥은 아무런 감흥을 느끼지 못했다 현ㅇ옥 콩나물국밥 생각하고 방문한다면 크게 실망할 수 있으니 주의가 필요하다. 손님은 좀 있는 편인데 나와 입맛이 다른듯 하다,별로
693,휘경곱창,즌짱,"근처에 유명한 곱창집이 많은 탓인지 다른 곳들에 비해 덜 알려진 곳. 1인분 포장했는데 양이 어마무시하게 많다. 1인분으로 둘이 먹고도 남았음. 원래는 할머니께서 하시다 뒤를 이어서 하시는 듯. 주인분 바뀌고 평이 좀 갈리는 거 같은데 전에 먹어본 적이 없어서 비교는 불가하지만, 개인적으로는 맛있게 먹었습니다. 냄새도 많이 안 나고 곱창은 큼직큼직하고 확 자극적이지 않은데 맛남. 재방문 의사는 있는데, 가게가 좀 협소한 편이라 가서 먹는 건 불편할 듯....!",맛있다
694,휘경곱창,투명한반창고,"한국 문화에서 과거 빈자의 식사였지만 지금은 추억의 음식으로 대대로 내려오는 음식이 많은 것 같다. 그 중 하나를 꼽자면 야채곱창이 한 영역을 담당하는데 마침 같이 방문하며 소개해준 분도 부모님을 따라서 먹었던 곳이다. ㅡsince 1983. 노포처럼 오랜역사를 가졌다는 느낌은 안들다가도 올해가 벌허 2020년이 되니 거의 40년이다. 이야기를 들어보니 이 집은 포장마차에서 출발했고 어느순간 실내에 자리잡혔다고 한다.ㅡ메뉴는 많지 않으며 곱창과 순대 두가지가 기본이다. 주문하면 커다란 철판에 야채와 곱창, 물에 불려놓은 당면이 들어가 볶아지기 시작한다. 2대 단골하고 와서 그런지 양이 좀 많아졌다.미나리와 양배추의 아삭함, 곱창의 쫄깃함, 당면의 탱탱한 각기 다른 식감에 적절한 양념이(특히 적절하게 양념을 빨아들인 당면 쪽이 마음에 든다+당면덕후)들어간다. 그리고 그 양념을 가지고 너무 그을리지도 않고 적당하게 구워 불맛 보다는 식재료와 양념 맛을 온전하게 맛 볼 수있다는 점이 특징. 각각의 식재료는 서로의 맛을 뽐내지 않는다. ㅡ곱창은 빨간 양념이지만 매콤하지 않으며 별도의 소스도 그러하다. 별도 소스의 맛을 추천해줬지만 곱창을 찍어먹기에는 좀 짠편이며(간장이 들어간다) 그냥 담백한 순대에 찍어 먹으면 좋을거 같다는 생각이 들었다. 떡꼬치와도 잘 어울릴 법한 소스라 소스만 따로 챙겨가고 싶긴하다.(포장하면 가능은 하겠지..)ㅡ상추는 물기가 가득한걸 빼면 많이 챙겨주는지라 한가득 먹는다는 생각을 들게한다. 개인 취향상 양념이 들어간 음식하고 상추는 좋은조합(특히 김치볶음밥이지만...)이라 생각히다보니 마음속에 가산점을 더 주게 된다.",괜찮다
695,휘경곱창,뎜(dyeom),2019.09.18가격이 올랐다고 하셨당. 2인분에 16000원이었어고 1.5인분으로도 파는데 14000원이라 그냥 돈 더 내고 2인분 먹는게 나을 듯 합니다... (할머니께서 정말 소녀소녀하시고 귀여우셨어요 ㅋㅋ)곱창 크기가 엄청 크고 양념소스 찍어먹는데 그 소스가 정말 맛있습니다ㅠ♡,괜찮다
696,장안벌함흥냉면,로한,"어릴땐 물냉을 좋아했는데, 요즘엔 입맛이 바뀌었는지 회냉이 참 좋다!! 여름에 애정하는 메뉴가 냉면이기도 하고, 오늘 일이 좀 힘들었는지 퇴근 후 매콤달달이가 심히 땡겨 가게되었다. 동네 맛집 검색 중 냉면 전문점이라해 갔는데 갈비찜이 더 유명한 집인가...?냉면만 먹는 손님도 있었으나 '메인 갈비찜 + 서브 냉면'< - 요 조합으로도 많이 먹는듯 했다. 하지만 난 혼밥러~ 회냉 한그릇(₩9,000)을 시켰다. 내가 좋아하는 온육수가 먼저 나왔다.  애기 때나 성인이 된 지금이나  온육수 넘 좋아♡ㅋㅋㅋ회냉은 생각보다? 평범했다. 면은 처음엔 괜찮았으나 뒤로 갈 수록 살짝 퍼지는 듯했다. 양념이 조금 많았는지 조금? 텁텁한 듯 했으나 매콤달달이 땡겼던 나에게 살짝 달달한 맛은 나쁘지 않았다.최근에 먹은 설눈 비냉이 고소한 기름 향과 깔끔한 맛이 좋았다면 여기는 대중적인 맛!! + 푸짐한? 양!!오복함흥냉면 회냉도 맛은 괜찮았으나 양이 조금 아쉬웠는데, 여긴 '요즘 내 위가 줄어들었나(실제 줄긴했음)'  생각이 들 정도로 양이 괜찮았다.(오복회냉-₩8,000)집 근처 냉면 전문점이 없기에? 냉면이 땡기는데 멀리가긴 싫을때 한 두번 더 방문할 것 같다. 갈비찜에 볶음밥 마무리하는 테이블을 보며 나왔는데 볶음밥이 맛있어 보였다!! 기회가 된다면 갈비찜도 도전~",괜찮다
697,장안벌함흥냉면,키다리아저씨,"집으로 가던 중 새로 오픈한 ""장안벌""함흥냉면이란 간판이 눈에 들어와서 식사도 할겸 방문해봤어요. (매장앞 주차5대 정도 가능)장안벌이 뭐지? 궁금증이 생겨서 매장안을 둘러보니 설명이 있더군요^^성동구 송정동과 동대문구 답십리동 사이의 벌판으로 조선시대 군마를 키우던 방목장이나 기마훈련장이였다고 하네요^^ 그래서 마장안벌 이라고 불렸는데...그게 현재로는 변화되어 장안평.장한평이라고 불린다네요^^;; (홀릭 권오찬님을 따라 작성해 봄 ㅋ)갈비찜/불고기전골/홍어회무침/수육/냉면/만두 등...메뉴가 생각보다 다양해서 음식집중이 분산되는게 아닌지 걱정은 되었어요.이곳에서의 한가지 장점이라면...갈비찜을 주문시 냉면의 가격이 반값!!!냉면만 먹는거 보단...갈비찜과 함께 저렴하고 든든하게 먹기 좋다는거지요^^둘이가서 갈비찜(소)하나에 물냉 비냉 하나씩 주문했더니 냉면 한그릇가격으로 두개를!!갈비찜의 경우는 갈빗대가 꽤 큽니다. (뉴질랜드산) 뼈가 워낙 크다보니 갈비살이 적어보이는데...그렇지 않아요!! 배불러서 남김;;양념맛은 살짝 안동찜닭같이 달큰하면서 짭쪼름해서 먹다보면 살짝 느끼할 수 있는 부분을...매콤한 고추가 양념에 배어 잡아주네요. 고기도 생각보다 부드럽고 괜찮았어요.기대했던 함흥식 물냉과 비냉이 나왔는데...반값이여도 양은 일반과 같다고 하더군요!!냉면은 생각보다 평범한 편이였고 둘다 무난한데 배와 오이 덕분에 그나마 맛을 살렸네요^^ 물냉보다는 비냉이 조금더 맛이 좋았던 느낌이 드네요(양념장이 괜춘) 달큰합니다.면발은 초반에 괜찮은듯하나...날이 더워서 그런지 시간이 지남에 따라 좀 퍼지는감이 있더라구요ㅠㅠ냉면 전문점으로 보기엔 살짝 아쉬움이 남아요.아직 오픈 초기라 앞으로 어떻게 관리/유지가 될지는 모르겠지만... 갈비찜과 함께 냉면을 먹기엔 괜찮은듯합니다.",괜찮다
698,소허파전골,우이리,"소허파전골. 좀 많이 질겨요. 대파와 마늘이 엄청 들어가서 달달 시원합니다. 국물이 좋아요. 근데, 소 허파 좀 많이 질겨요. 고무 씹는 느낌이랄까? 밥 볶아 먹으니 쌍 따봉이네요.",괜찮다
699,소허파전골,즌짱,"괜찮다를 줘야할지 별로를 줘야할지 아직도 고민이 되네요. 놀라운 토요일이라는 예능에 요 소허파전골이 나와서 몇 달 간 벼르고 벼르다 다녀왔는데, 기대가 컸던 탓인지 실망이 큽니다. ㅠ ㅠ처음에 전골이 나올 때 3분간 더 끓이면 비린 맛이 안 난다고 하셨는데 여전히 비린 맛이 강했고... 전골에 정말 파, 양파, 허파 말고 들어있는 게 없었어요. 반찬도 차가운 콩나물 국과 밍밍한 배추김치가 끝... ㅠ 그래도 맛있게 먹어보려 했으나... 마무리 볶음밥에서 오래된 김에서 나는 눅눅한 맛과 향이 나서 ㅠㅠ 끝까지 실망을 느끼고 나왔어요.내부는 리모델링을 했는지 협소하다는 느낌은 없었지만, 음식이 .. ㅠ 저는 아마 다시 가지는 않을 것 같아요.",괜찮다
700,소허파전골,박슬슬,와진짜여기는 전골의 종점이다 진짜로 종점이다 소주가 술이술술 들어간다진짜다 이건 진짜 리얼이다 웨이팅이고뭐고 당신이 건강하고 전골을 좋아한다면 무적권 와야해요 ㅠㅠㅠㅠㅠㅠ엉엉엉엉ㅇㅇ 날가져요,맛있다
701,소허파전골,쏘,생전 처음먹어보는 허파전골~~~파에다 전골하나 돌돌말아먹으면 정말맛있다,맛있다
702,소허파전골,진리지안,3대천왕에 나왔다는 허파전골집!!! 초딩때부터 허파를 사랑한 나는 친구들을 모아 가보았다.. ㅎㅡㅎ 허파+파가 주된 구성이고 국물에 다진마늘이 엄청 많이 들어가있다 처음엔 조금 밍밍한듯 하지만 이것은 국물이 쫄고 파로 육수가 진하게 우러나오는 것을 대비해 밍밍한듯 했다 쫄으니까 국물이 진짜 맛있었음..!!!! 허파는 돼지허파랑 비슷한데 살짝 더 질깃하다 대자 2만원인데 여자5이서 대자 하나+볶음밥3개해서 배불리 먹음! 볶음밥 진짜 맛있다ㅠㅠ 단점: 노인분들이 많이 계시는 주택가라 엄청 조용하게 말해야함! 실제로 다들 술 마시고 있는데 이미 아시는건지 엄청 조용하셨다... 그리고 또 다음날 친구 5명 중 3명이 배탈남 ㅠㅠ,맛있다
703,불란서삼겹살,즌짱,무한리필 삼겹살. 무한 리필이라 고기 퀄 떨어질 거 같았는데 생각보다 고기 퀄이 괜찮은 곳. 라면 끓여먹을 수 있음.,괜찮다
704,불란서삼겹살,꼬숑,가격대비 괜찮은 무한리필집. 인당 만원에 고기 무한리필이랑 라면이랑 공기밥 그리고 탄산까지 먹을 수 있다.,괜찮다
705,불란서삼겹살,silvert,괜찮아요,맛있다
706,삼대나주곰탕,코랄,뭐 먹을지 못 정하고 이리저리 회기를 헤매다 저녁 시간이 지나버려 그냥 보이는 열려 있는 곳으로 들어가게 됐다.곰탕은 특출나게 맛있게 하는 곳도 찾기 어렵지만 맛없기도 힘든 메뉴니까.이곳 곰탕은 아주 평범한 곰탕이었다. 근데!! 의외의 수확이 있었는데 그건 바로 ‘헛개열매차’.나는 이런 음료가 있는 줄도 몰랐다. 헛개수가 요즘 숙취해소 음료가 시중에 많이 나와 있긴 하지만 헛개열매차라는 건 처음 들어봤다.원래 차 맛을 잘 몰라서 차는 대부분 다 비슷비슷하게 느껴지는데 이건 뭔가 특별히 더 맛있었다.계속 생각나서 그 이후로 몇 달 동안 마트가 눈에 띌 때마다 들어가서 물어봤지만 못 찾았다ㅠ 직원분들도 처음 들어본다는 눈치였다. 헛개열매차의 정체가 뭘까. 그냥 헛개나무차랑 이름만 다른 걸까?(아 근데 지금 생각해보니 그냥 인터넷에서 시키면 되잖아)암튼 여기 완전 물 맛집이네.,괜찮다
707,기와옥,키다리아저씨,옛날 불고기와 코다리 냉면이 추천 메뉴~오픈한지 그리 오래된 곳은 아니지만 이 주변 사람들에겐 이미 입소문이 났는지 손님들이 꾸준히 들어온다.불고기는 2인 부터 주문이 가능하고 밥은 별도였다.양념이 짜면 어떻하나 걱정했지만~ 간이 딱 좋다!!고기도 부드럽고 파 와 팽이버섯이 씹는 식감도 더해줘서 좋다^^ 불고기를 다 먹을때면 계란찜을 판 테두리에 만들어 주셔서 담백함을 더 준다^^냉면과 함께 먹는 불고기는 그야말로 굿굿~!!기대없이 먹으러 온 곳이지만 만족할 만한 음식점 이였다^^ 코다리냉면은 면이 가늘고 양이 적은듯 하지만 맛은 좋은편!!  황태를 우린 국물도 속을 따뜻하게 해줘서 좋았다~부모님 데리고 다시 한번 가봐야겠다^^,괜찮다
708,이가네바지락칼국수,AlexTheFood,"#AlexTheFood #3줄요약#이가네바지락칼국수 #답십리맛집 #알더푸답십리⠀1. 수도권 내 약 10개 정도의 분점이 있는 바지락칼국수 본점.2. 거의 좌식이긴 하지만, 그래도 바지락칼국수는 맛있다!3. 위생도 괜찮고 아삭달달한 항아리 김치까지 좋았던- 강추‼️⠀___________________________________________________________* 바지락칼국수 7,000___________________________________________________________⠀[MangoPlate - /5.0 | GoogleMap - /5.0]맛★★★★ 분위기★★★ 가성비★★★☆⠀* 영업시간 | 매일 11:30-21:30* 쉬는시간 없음* 월요일 휴무",맛있다
709,도읍지,뇸뇸꿀,청국장 된찌 계란찜 맛있구요. 제육볶음 오히려 무난합니다 (어떤날은 잡내 약간ㅠ) 청국장은 엄청 쿰쿰한 스타일은 아닌데 그래도 맛있어요,맛있다
710,도읍지,잉길동,경희대학교 서울캠퍼스 맛집 ✨도읍지✨를 소개합니다.도읍지는 경희대 학생들의 집밥을 책임지는 음식점입니다. 도읍지에 가면 반드시 폭탄 계란찜과 제육볶음을 함께 주문하여 먹어야 합니다.(국룰!!) 경희대학교 가시는 분들께 추천합니다 :),맛있다
711,도읍지,미동이,이상하게 맛있지 않은데도 자꾸 가게 된다,괜찮다
712,도읍지,SDM,두루치기랑 계란찜 먹음계란찜은 6000원 추가하고 먹었다. 맛있지만 4000원 정도 추가하면 적당할 것 같다. 두루치기는 무난. 밑반찬은 적은편. 굳이 다시 찾아가지는 않을듯. 백반집치고 가격이 착하진 않다.,괜찮다
713,도읍지,동티모르,"어지간해서 이 가격에 이 메뉴면 좋은 평을 하고 싶지만, 주력인 제육이 살짝 맛이 간 느낌이 있다. 간간하게 먹기에 나쁘지 않다. 이 말은 맛있게 먹긴 힘들다는거죠~",괜찮다
714,행운돈까스,안델델리,그냥 여기가 좋아요 돈가스 안좋아했는데 ㅎ행돈 소스에 푹찍어서x 절여서o 깍두기랑 먹으면 환상제육이랑 김치볶음밥도 맛있음 항상 런치지나서 가니까 점심할인은 못받아봤다.. 식전 스프도 줌#먹어서응원,맛있다
715,행운돈까스,snoopy,"애들 먹기는 딱 좋은데, 가게 딱 오니 통조림이 콩이며, 옥수수며. 소스며 잔뜩 있어서 좀 질리게 만드는 부분이 있음",맛있다
716,행운돈까스,강누리,핵존맛! 불제육덮밥+돈까스 세트 강추!!!!!!!!고기 완전 야들쫄깃하고 불맛 팍팍나요!!!! 꼭 드셔보세요!,맛있다
717,행운돈까스,키다리아저씨,그냥 가볍게 돈까스가 땡길때 먹기~!!수준 높은 음식맛은 아니지만 어릴적 먹던 그런맛?가격대비 그냥 보통 수준이라 추천할 정도는 아님,괜찮다
718,땡스컵밥,kkonoo,간단하게 한 끼 하고 싶을 때 딱이에요. 가격도 저렴하고 토핑도 푸짐. 치즈불닭만 먹습니다,맛있다
719,땡스컵밥,미동이,저렴합니다..,괜찮다
720,땡스컵밥,Ray,"직화제육(3700) 먹었는데 지극히도 평범한 맛이었어요. 어떻게 이렇게 평범 그 자체일 수 있을까 궁금할 정도ㅋㅋㅋ 가성비는 좋고, 너무 시간이 촉박할 때에 먹기 좋을 것 같아요. 하지만 개인적으로는 재방문 의사는 없어요.",괜찮다
721,땡스컵밥,AlexTheFood,"#190102바나#땡스컵밥 #백종원의골목식당⠀백종원의 골목식당이 학교 앞으로 왔다기에친구와 서둘러 방문하게 된 땡스컵밥!촬영 중인 식당들 전부 촬영이 안 된다하여 힘들었다...⠀다행인지(?) 현재 하루종일 계절학기 수강 중이라Take-out해서 학교 빈 강의실에서 먹었는데,원래도 어느 정도 인기가 많았던 컵밥이라 뭐☺⠀치킨마요는 우리가 아는 그 치킨마요였고,제육은 양배추와 양파 덕에 달달한 제육!당면이 들어가있는데, 상태가 괜찮아서 좋았다.학교 앞에 하나씩 있을 법한 컵밥집인데,퀄리티가 생각보다 괜찮은 곳이다.특별하진 않고 Take-out 전문이니 참고할 것★-#치킨마요 더블사이즈 3900 ★★★☆#직화제육 더블사이즈 3900 ★★★☆#토핑추가 계란후라이/스팸구이 각 600 ★★★",괜찮다
722,팔당동동육개장,YNZ,남양주 팔당 드라이브 맛집으로 유명한 동동국수집의 분점. 본점에서 맛있게 먹었던 기억이 있어서 고민도 없이 육칼과 육전 두 가지를 주문했는데 음.. 분점 버프인가 맛이 조금 달랐다.. 육개장은 여전히 국물맛도 진하고 얼큰했지만 어딘가 좀 더 기름진 느낌이고 육전은 얇고 좀 뻣뻣하다. 다음에 오면 육전은 아마 안시킬듯.. 그래도 육개장은 맛있었다.,괜찮다
723,외대철판마을,띵시,"가성비 ⚫️⚫️⚫️⚫️⚪️맛 ⚫️⚫️⚫️⚪️⚪️분위기 ⚫️⚫️⚫️⚪️⚪️재방문의사 50친구들과 왁자지껄하게 몰려가 배불리 식사하기 좋은 외대철판. 지하에 있을 땐 괜히 음산하고 어두침침한 느낌에 방문이 꺼려졌는데, 지상 매장으로 이점한 후에는 널찍하고 편안해 자주 가곤 했음.여럿이서 식사할 땐 철판 세트가 가성비 좋지만, 혼자 주문하기엔 어려운 시스템이라 혼밥 메뉴로 우삼겹 마라 볶음우동 주문. 채소와 우삼겹 튼실하게 들어 있고, 국물도 촉촉하게 깔려 있어 끝까지 맛있게 먹을 수 있었으나 화자오가 너무...많이...씹힘...ㅠㅠ 슈팅스타인 줄 알았어요ㅠㅠ 맛은 있지만 너무 혈관 막힐듯한 조합이라 한 번 먹고 그 후 다시 주문하진 않음.여튼 마라 좋아하고 자극적인 음식 먹고 싶은 분은 한 번쯤 마라볶음우동도 주문해 보길 바람. 재방문할 시 철판볶음 주문할 예정임.",괜찮다
724,외대철판마을,Hiunique,9가격대비 재료가 풍성해요 유가네 닭갈비같은 곳가면 닭얼마 업고 양배츠가 대브분 이자나요밥 볶으면 여긴 양 더 만쵸 ㅋ 여긴 재료많이 넣었고 기본반찬 마요네즈 마카로니 친구랑 4번은 먹은듯 ㅋㅋ 순살 닭고기가 먹고 프다 하면 갈만 해요 다른건 안먹어서 모르겠음 친절 하고 깔끔 베스트는 아니지만 나쁘지 않음 특별히.맵지 않게 먹을 수 있어 외국 친구들 데려가도 댈듯,괜찮다
725,외대철판마을,22je2,"한줄 평 대학교 앞 그 가격하는 딱 그정도의 맛..가게에 들어서자 다양한 인종의 학생들이 모여 식사를 하고 있었는데 역시 외대라 그런가 외국학생이 많네ㅎㅎ 시끌벅쩍 딱 대학생들이 많이 오가는 식당, 미식을 따지지 않는 학생들이 가성비 좋다고 이따금 허기를 채우려 올것같은 식당. 가격은 저렴한 편 6.5이지만 그만큼 질은 안좋다는 것 닭과 삼겹을 섞어 시켰는데 냄새랑 질긴게 아쉬웠다. 양념으로도 다 커버 못한 철판볶음들 ㅠㅠ 그냥저냥 한끼 때우게 된 식사였다. 나도 학생때는 이렇게 입맛이 오르진 않았는데 맛있게 먹어었겠지?..",별로
726,외대철판마을,E.T Jun ,철판에 양념한 삼겹살 닭 제육 오징어 등을 볶아 먹는 식당입니다. 저렴한 가격에 배불리 먹을 수 있어서 식사시간에는 항상 학생들로 붐비는것 같습니다. 철판에 볶아먹기 때문에 닭을 먹으면 약간 닭갈비같은 느낌도 납니다. 치즈를 추가하고 다 넣지말고 반은 남겨놨다가 나중에 볶음밥을 먹을때 넣으면 더욱 맛있게 먹을 수 있습니다.,맛있다
727,외대철판마을,*,"#철판삼겹살볶음2인11,000 #모짜렐라치즈2,000가성비캡짱!!! 심지어 맛있다!!! 처음엔 밥공기 나오는데 볶음의 절반은 밥이랑 먹고 나중에 남은 밥이랑 삼겹을 볶아달라고 하면 볶음밥을 해주심. 갠적으로 매콤한게 더 맛있어서 치즈성애자임에도 불구하고 치즈 안넣은 볶음밥이 더 맛있었음! 담엔 다른거도 먹어보고픔ㅋㅋㅋ",맛있다
728,목화왕순대국,웡키,순대국과 콩국수 조합 처음에 내키지 않았지만 먹어보니 나름 맛있음. 두 명이서 가면 저 두 메뉴 시켜서 나눠먹으세요 ㅋㅋ,맛있다
729,목화왕순대국,키다리아저씨,"전농 로타리시장 골목의 작은 순대국집으로 이근처에서 나름 유명한 은하곱창 옆집에 위치하고 있어요.순대국 집이지만...개인적으로는 콩국수 때문에 방문하였지요^^;그렇다고 순대국이 별로는 아닙니다~ 순대보단 부속고기가 대부분으로 약주와 함께 먹기엔 꽤 괜찮은 국물과 고기들이죠.그래서 낮부터 약주하시는 어르신들도 종종 보입니다.제가 먹으려던 콩국수는 영주 서리태를 사용한다고 하네요.순대국집이라 주문을하면 그때부터 콩도 갈고 면도 삶으셔서 약간의 시간은 걸립니다.껍질 그대로의 서리태를 갈아서 어두우면서도 콩속의 푸른빛이 진하게 감도는 국물!! 남김없이 드링킹 했네요^^;면발은 그리 특별함은 없지만...꽤 쫀득한 탄력의 식감이라 괜찮은듯합니다.멀리서부터 일부러 찾아 올 정도의 곳은 아니지만...인근에 계신다면 한번쯤 먹어볼만한 곳이라고 생각합니다.참, 콩국수는 계절메뉴라 추워지면 ㅠㅠ",괜찮다
730,양평순대국,장희,청량리 시장 안 순대국집. 찾아갈 정돈 아닌것 같지만 저렴하고 맛있다. 다대기가 많이 들어있어서 좀 매운편. 사장님 친절하심,맛있다
731,마장동2c,YNZ,"저렴한 가격으로 특수부위를 판매하는 고기집. 가족 외식으로 다녀왔는데 아쉬움이 가득하다. 가격이 가격이라 그런가 고기 퀄리티도 만족스럽지 않고 밑반찬이나 장류, 찌개, 돼지 갈비의 양념마저 너무 달다. 시판 양념소스보다도 어째 더 단맛이 난다.",별로
732,예향칼국수,미콩,"보통 때 같았으면 쳐다도 안 봤을 칼국수집이지만, 이날 날씨가 너무나도 추웠기 때문에 더 이상 움직이지 못하고 들렀어요칼국수를 잘 못먹기 때문에 이를 조금이라도 무마하기 위해 주문한 칼만굿국. 여기 육수가 감칠맛나면서 담백하기 때문에 자꾸 들어가기는 하는데 칼국수 면발이나 만두는 매우 평이한 수준이에요 칼국수하는 곳은 김치가 맛있어야 하잖아요, 여기 김치 나쁘지 않습니다사장님 친절!",괜찮다
733,예향칼국수,E.T Jun ,육개장칼국수,별로
734,예향칼국수,지슈,"할머니가 만들어주는 칼국수바지락 칼국수 - 바지락이 꽤 많이 들어있다. 국물이 맑고 개운함. 칼국수 면이 쫄깃했다. 면에 간이 잘 배어있어서 면만 먹어도 맛있었음기본 반찬 겉절이랑 무채도 곁들여 먹기 정말 좋을 정도의 간이었다.할아버지와 할머니 두분이서 운영셔서 회전율이 높지는 않았지만, 할머니의 손맛과 정을 느낄 수 있는 곳인 것 같다!",맛있다
735,예향칼국수,shinebrightl,시험기간에 학식먹기 싫어서 먹었는데..제 스타일은 아니였어요예향 칼국수(5000원) 이거 먹었는데 반찬은 김치랑 무채 절임이 나왔는데 둘 다 간이 너무 쎘어요 ㅠㅠ특히 김치가 너무 짰습니다.. 칼국수에는 청양고추를 갈아서 넣었나봐요..매운걸 안좋아하는 저로서는 좀 당황스러웠습니다.고추가 들어간다는 설명이 있었으면 좋겠어요.양은 적지도 많지도 않았습니다. 여자분들은 적당할텐데 남자분들는 조금 아쉬우실듯!아저씨 혼자 홀이랑 요리랑 다 하시는데 친절하시긴 해요! 나중에 팥칼국수나 한 번 도번해 보고싶습니다.......,별로
736,예향칼국수,띵시,가성비 ●●●●○맛 ●●●○○분위기 ●●●○○재방문의사 50무난무난 평범평범~ 하지만 외대앞의 오색칼국수보다는 맛있어요! 사장님 친절하구 비오는 날 혼밥하기 갠츈한 장소!,괜찮다
737,함경면옥,키다리아저씨,오래 된 함경면옥은 넓은 주차공간과 매장만큼이나 손님도 많고 좀 정신없는 음식점이다.고기집으로 오해하기 쉬운 분위기 이지만~ 주메뉴는 갈비탕과 냉면~~^^회냉면과 섞기미냉면을 주문~~ 둘의 차이점을 모를 정도로 매우 비슷한 비주얼이다~음식맛은 괜찮은데~ 안에 들은 생선이 가자미인지 뭔지 잘 모르겠다^^;;육수도 괜찮고 맛도 괜찮은 편이지만 조용히 식사 할 분위기는 아니니 참고하시길~~!!,괜찮다
738,엄마손돼지불백,이지혜,"오랜만에 백반이 당겨서 장한평역 근처에 있는 기사식당인 엄마손돼지불백에 다녀왔어요메뉴 가격대도 저렴하고 좋아하는 메뉴들로 가득해서 어떤 메뉴를 고를까 고민하다가돼지불백, 여수 돌게장백반, 된장찌개를 시켰답니다.여수 돌게장은 간장이 짜지 않아서 부담스럽지 않게 밥과 어우러져 먹을 수 있고, 크기도 한입에 딱 베어 물기 좋고, 수율도 높아서 맛있게 먹었답니다.돼지불백은 고기에 양념이 잘 배어 있어서 간이 딱 맞았고, 비계가 많지 않은 고기 부분으로 만들어 기름진 걸 싫어하는 제 취향을 저격했어요.된장찌개는 두부, 꽃게 등 다양한 재료를 넣어 만들어 구수하고, 진한 국물맛을 느낄 수 있었답니다.그 외 셀프바를 이용해서 열 가지의 반찬들과 밥, 숭늉, 콩나물국, 블루베리 주스까지 먹을 수 있는데요. 모두 깔끔하고 정갈해서 속이 부담스럽지 않고, 집에서 건강하게 해 먹는 음식들의 맛이었답니다.근처 거주 중이신 분들 계신다면, 한 번 꼭 방문해보세요.이번 게시물은 서민금융진흥원 우리 동네 청년마케터 활동으로 다녀왔습니다.청년마케터의 다음 게시물도 기대해주세요.엄마손돼지불백 장안직영점전화번호 070-4007-5088운영 시간 11:00~22:00 일요일 휴무주소 서울 동대문구 장안동 186-8",맛있다
739,서병장대김이병,미동이,볶음밥에 치즈추가하세요!동치미는 먹지 마세요ㅜ,괜찮다
740,서병장대김이병,kkonoo,왜 한양대 지점이랑 가격이 다른가여.. 점점 올라서 지금은 부담스런 가격이 됨.. 맛은 괜찮은데,괜찮다
741,서병장대김이병,pink ice,부대볶음!!일반 부대찌개보다 간이 자극적이며 국물이 적다.아주 없지는 않다. 맵지만 자꾸 손이가 >ㅠ< 맛있다~ 옷에 냄새가 베기 때문에 데이트(?)를 앞두고 계시다면 담 기회에 방문하시길 권장합니당,맛있다
742,서병장대김이병,동티모르,뛰어난 맛의 부대볶음은 아니지만 평균치는 해내는 곳입니다. 서비스도 괜찮고요. 다만 가게가 협소해서 다소 답답하네요.,괜찮다
743,서병장대김이병,카시오14자리,두루치기 맛있다!목살이였나.. 여튼 깔끔하고 편하게 먹기좋다물김치는 너무 달다,괜찮다
744,서병장대김이병,송재훈,굿 저렴하고 맛있어요~~,맛있다
745,서병장대김이병,뀨엥,사실 맛없을 수가 없지 뭐,괜찮다
746,서병장대김이병,Ahram Park,부대볶음!,맛있다
747,따봉하우스,햄니,경희대 떡볶이하면 여기!!! 수업듣고 따봉하우스에서 떡볶이먹고 기분좋게 든든히 갔던 기억이있네요!!! 양도 많고 가성비 좋고 게다가 맛도있습니다! 경희대앞을 오래 지켜온 보장된 맛집!! 방문해보세요!!! 추천추천,맛있다
748,따봉하우스,조소,여긴 피자떡볶이가 굳 ㅎㅎ,맛있다
749,따봉하우스,kkonoo,회기에서 제일 맛있는 달달한 맛의 즉석 떡볶이. 양이 많아서 빙수는 한 번도 안 주문해봤는데 빙수도 양 엄청 많대요ㅋㅋ 현금만 받으십니다,맛있다
750,따봉하우스,김민주,피자떡볶이 넘 맛나요치즈가 듬뿍,맛있다
751,광주회관,Filbert.S,맛있다. 밑반찬 하나하나가 모두 맛있다. 가게내부도 깨끗하고 생각보다 큼직하다. 처음방문인데 재방문할의사 백프로,맛있다
752,광주회관,한음,"“주말에 부모님 모시고 가기 좋은 곳”정갈하고, 맛있다. 사실 이문동 근처에 이만한 집이 없다.꼬막비빔밥 맛집으로 유명하고, 찬도 엄청 많이 나온다.실제로 전라도 출신인 여사님들이 운영하시는 곳으로, 외대 근처에 없었다면 더욱 비쌀 것 같은 가격.한번씩 제대로 된 음식이 먹고 싶을 때 간다. 부모님도 좋아하시고, 교수님들도 좋아하셔서 가끔씩 우연히 교수님을 만날 수 있으니 주의하시길,,^^,,, 아 그리고 청국장을 좋아하는 나는 청국장을 정말 맛있게 먹었다!즐겨먹는 메뉴는 꼬막비빔밥, 제육볶음, 그리고 청국장",맛있다
753,광주회관,광이광이,"“지인에게 맛있는 것을 대접하고 싶을 때 가는 곳!” 학교에 지인이 시험을 보러 왔다. 워크숍이 끝나고 상기되어 있는 지인의 모습. 멀리서 와서 고생인데, 학교에서의 경험이 좋다고 하니 기분이 더더욱 좋다. 그런데 들어보니 어제 이 앞에서 방을 잡고 잠을 잤다고 한다. 맛있는 것을 대접하고 싶어졌다. ‘속 편하게 따뜻한 밥을 먹고 싶다.’ 지인의 진실한 한 마디, 날씨는 매우 추웠으나 그 따뜻함에 대한 갈망은 뜨거웠다. 그러면 국물 있는 것을 먹어야 하나. 생각해보니 지인의 고향은 전라도. 지인에게 고향의 따뜻함을 선물하고 싶었다. 광주회관에 앉아서 주변을 둘러본다. 이곳은 올 때마다 주변 건설현장에서 일하시는 분들이 참 많이 오신다. 그분들의 뜨거운 땀방울에 존경을 표하면서, 그분들의 존재가 나에게 이 식당의 선택의 당위성을 제공해준다. 마치 택시기사님들이 자주 가는 식당이 참 맛있듯. 그리고 지인분도 식당에서 풍기는 냄새가 꽤나 만족스럽다고 했다. 메뉴판을 보니 삼겹살부터 오징어볶음 제육볶음 생선구이 갈치구이가 주로 들어온다. 나는 이곳에서 늘 오징어볶음 제육볶음 생선구이 중에 하나를 선택한다. 오징어볶음과 제육볶음은 11,000원이고 생선구이는 10,000원이다. 오늘은 생선을 싫어하는 지인이어서 오징어볶음과 제육볶음을 시켰다. 그리곤 곧 오징어볶음과 제육볶음을 같이 시키면 섞어줘도 되냐는 물음이 들어온다. 난 항상 그렇게 부탁드린다.  지인과 오늘의 시험의 경험을 나눈다. 앞으로 남은 시험에 대해서 어떻게 준비할지에 대한 이야기가 꽃피던 중에 음식들이 나온다. 음식 반찬들의 수준이 가격의 이유를 설명해준다. 그렇지만 맛은 광주고 가격은 서울같다는 느낌을 지울 수 없다. 반찬들은 시기에 따라서 늘 변한다. 요즘에는 꼬막이 자주 나와서 좋다. 음식의 퀄리티는 매우 훌륭하다. 서울에서 먹을 수 있는 잘 준비된 전라도 백반집의 느낌이다. 가격은 서울집이지만. 지인과 식사를 잘 마무리했다. 날은 추웠지만 음식은 맛있었고 나눴던 이야기는 뜨거웠다. 나도 저럴 때가 있었지 하면서 자리에서 일어난다. 식사 자리는 만족스러웠다.  광주회관은 누군가에게 대접해도 좋을 만큼 괜찮은 수준을 가지고 있고 맛있는 한상을 먹고 싶을 때 가면 참 좋을 것 같다.(정보의 풍성함을 공유하기 위해, 사진은 이전에 갔을 때 찍은 것도 함께 포함했습니다.)",맛있다
754,광주회관,응온,청국장 8000원제육 10000원가격은 안착한데맛은 보장합니다. 전라도라 좀 짜요그리고 밑반찬 오집니다파김치 숙주나물 진미채 굴젓 연근조림 두부부침 샐러드 무생채 배추김치오지고 지립니다흑미밥 줍니다밥 추가 학교앞인데 얄짤없구요단점은 카드결제 꺼리고 분할결제 싫어하는티 팍팍그럼에도 불구하고맛으로 가성비 보장합니다,맛있다
755,광주회관,JW,근처에서 저렴하고 조용하게 삼겹살 먹고싶을때 여기만한곳이 없다 )))) 수정해야겠다....저렴하지않아요. 14000원임 1인분에. 가격 안착함ㅜㅜ,맛있다
756,진한순대국,로한,# 순대국 동네에 있는 순대국 맛집순대국이 먹고 싶으면 여기서 포장해와 먹는데 맞은편 CU앞에 주차공간이 있어 잠깐 이용했음 포장은 특으로 하는데특으로 시키면 양이 넉넉해 가족수보다 적게 시켜도 충분함포장해와 여러번 나눠먹어도 맛있음새우젓만 넣어 깔끔하게 먹어도 맛있고다대기 넣게 칼칼하게 먹어도 맛있음고기 부드럽고 순대도 맛있음,맛있다
757,진한순대국,ustar,가끔 순댓국에 소주한잔 걸치러 가는집입니다. 이집에서 쓰는 육수는 보약이라고 써있어서 그런지 순댓국먹으면서 왠지 건강에도 좋을것 같은 느낌이에요 ㅋㅋ 새우젓으로 간을 더 할 필요없이 적당히 간이 되어서 나오는게 특징이라면 특징,맛있다
758,진한순대국,로한,"#. 동네 순대국 맛집, 포장으로 이용'저희 육수는 보약입니다. 직접만든 순대맛을 느껴보세요'동네 순댓국 맛집4인 가족 기준 3인분 포장해오면 적당한듯순댓국 담아올 용기를 따로 챙겨가는 것도 있고고기도 많이 들어가고 국물이다보디 좀 무거워서차를 가지고 감가게 옆 골목에 잠깐 정차국물을 좋아하는데 진하고 맛있음다대기랑 새우젓까지 넣으면 간도 맞고맛도 올라와서 넘 맛있음ㅜㅜ밥 말아서 후루룩 먹으면 든든한 한끼식사 완성ㅋㅋㅋ순대는 부드럽고 촉촉한(?) 순대고기도 다양하게 들어가있는데 부드러움부추는 집에 있어서 집부추 사용요집은 포장으로 이용 예정",맛있다
759,진한순대국,로한,"#. '저희 육수는 보약입니다. 직접만든 순대맛을 느껴보세요'재택근무 중이라 집에서 점심을 먹는데, 포장해와서 여러번 나눠먹어도 계속 맛있다>_<- 맛 : 가게 이름대로 국물이 진하긴 진한지 포장해서 냉장고에 넣어두면 묵처럼 변함. 데워먹어도 맛있음.순대가 맛있어서 많이 많이 주셨으면 좋겠지만 그러지 못해! 조금 아쉬움ㅜㅜ 직접 만든 순대맛이라고 되어있는데 순대 맛있음!!- 위치 : 장안평역 근처. 동대문 소방서 맞은 편 골목 입구쪽 위치- 앞으로도 순대국이 땡기면 꾸준히! 먹을 예정",맛있다
760,다손김밥,준영,고려대역 근처 분식집! 혼밥하는 사람들이 항상 많은 것 같아요. 참치김밥이랑 라면 주문했는데 김밥은 밥이 좀 많은 편인 것 같고 라면은 좀 밍밍한 편이라 아쉬웠어요ㅎㅎ 그래도 친절하셔서 좋았습니다.,맛있다
761,다손김밥,h,퀄리티는 편차가 있으나 꽤 괜찮은 편입니다,맛있다
762,다손김밥,무밍요,"없는 추억까지 떠오르는, 분식집이라고 부르긴 아까운 식당.뜨끈한 국물음식과 푸짐한 김밥을 맛볼 수 있다.칼칼한 황태국물에 끓인 수제비가 참 시원하다.고추와 후추 등으로 칼칼함을 낸 맑은 국물이라 입에서 계속 당기는 맛이다. 해물치즈라면도 참 맛깔스럽다. 꽃게와 오징어 등이 들어간, 그 자체로도 맛있는 국물에모짜렐라와 체다치즈 두가지가 더해진다.시원하면서도 고소한 향과 각기 다른 종류의 짠맛 조합이 좋다. 두 요리 다 국물 자체가 맛있어서먹다 보면 김밥이 생각난다. 3500원이라는 가격이 아깝지 않게 정갈하고 푸짐한 소고기 김밥이다. 오랜 식당인 데다가 손님이 계속 들어오는데도 가게가 평화롭고 깔끔하다.가게 직원분들도 마스크를 쓰고계시고,안내도 친절하게 해주셔서 기분좋게 식사 할 수있다가게에 애정을 가진 사장님에게 밥을 얻어먹는다는 건 참 행복한 일이다.",맛있다
763,곰이네국밥집,심아호,콩나물 국밥 먹었습니다!!진짜 너무 맛있어요~ 그리고 김치랑 깍두기가 진짜 최고 존엄...,맛있다
764,곰이네국밥집,h,고대 주변 최고의 국밥집,맛있다
765,곰이네국밥집,코랄,고대 근처에서 제일 맛있는 김치라고 평가받는다.깍두기는 새콤하고 김치는 갓 한 달콤한 김치다.소고기국밥이 메인인 것 같다. 불고기국밥은 이름이 특이해서 시켜봤는데 뚝불이라고 보면 될 것 같다.낙지부추돌솥밥은 누룽누룽 엄청 맛있었다.가격도 너무 괜찮다. 콩나물국만 4500원이고 나머지는 모두 6천원.모두들 매우 만족스러워 한 식사였다.아직 만두국밥과 콩나물국밥은 못 먹어봤지만 아마 다 맛있을거다.학교 정문에서 조금 더 가까웠다면 완벽했을 것 같다. 가게가 굉장히 작은데 확장이전하면 인기가 더 많아질 것 같다.,맛있다
766,고향집,파랑앤홍,"18-115아주 평범한 회사원들 식당같은 식당이네요낚지볶음 (7천원)을 주문하면,낙지해물탕 정식같은 점심 한정 특선을 주시는데,메뉴판에는 없음, 아주 맛있지도 그렇다고 못먹을 정도는 아니나 다시 찾아서 오지는 않을것 같습니다점심때 근처 사무실에서 많이들 오시네요방문추천 50%서비스 60%청결 60%주차불가",별로
767,행복한식탁,밍밍이,"동대문구 장안동에 새로생긴 식당!이 주변이 먹을게 많이없어서 장안동 직장인들이라면 한번쯤 가보고 싶은 곳일 것 같다.인테리어도 깔끔하니 예쁘고 메뉴도 정말 많다.바비큐치킨카츠,치킨마요동을 먹었는데 치킨이 너무 바삭하고 닭다리살이라 엄청 부드럽고 맛있었다!!밑반찬도 짜지도 싱겁지도 않게 딱 입맛에 맞았다.정말 음식 잘하시네요!모든 메뉴를 다 먹어보고 싶게 만드는 식당ㅠㅠㅠ자주 가겠습니다~~",맛있다
768,이면,평냉쟁이,경동시장 청년몰 3층에 평양냉면 마포 어느 ㅇㄴㅁㅇ에서 배웠다는군요 육수가 마포에서 먹어본 것 보다 더 깔끔 해지고 슴슴하고 감찰맛이 있네요 착한가격,괜찮다
769,바른치킨,추억의도나쓰,장안동에 바른치킨이 새로 오픈했더라구요~ 살짝 매콤한 맛의 대세레드 치킨에는 새우도 같이 들어가는데 요 새우가 생각보다 치킨이랑 잘 어울리더라구요! 새우가 더 맛있다는 사람들도 있었어요ㅎㅎ 양도 꽤 많아서 셋이 먹기 좋은 것 같아요. 매장은 2층도 있어서 공간 분리도 잘 돼있더라구요. 몇번째로 튀긴 치킨인지도 적어서 서빙/배달 되기 때문에 신선도 또한 믿고 먹기도 좋아요.  맥주를 부르는 사이드 메뉴도 많더라구요. 황태튀각은 살짝 짭쪼르하면서도 바삭바삭해서 맥주랑 먹기에 좋을 것 같은데 치킨을 다 먹고 나서 디저트처럼 가볍게 먹기 좋았어요.  또 꼭 먹어봐야할 메뉴 중 하나는 고구마 치즈볼이에요. 한입 베어물고 보니 치즈가 쫘악~~ 늘어나는데 비주얼도 반하지 않을 수가 없더라구요 ㅎㅎ 사장님도 친절하시고 인테리어도 갬성적이라 좋았어요.지하주차장 공간도 꽤 많아서 퇴근 후 잠깐 들렀다 가기도 좋을 것 같네요.  배민에서 배달도 가능해요~,맛있다
770,일구구삼,헬시또또,"학교 근처라 그런지 학생들이 많아 보이는 거리에 위치한 일구구삼 : 고기! 회기역에선 약 10분 정도? 걸리더라고요. 7pm에 갔더니 저희 팀만 대기를 하긴 했는데, 기다리는 동안은 추웠지만 너무 맛있게 잘 먹었씁니다 :)일단 600g, 27000원에 구워주기까지 하는 가성비 맛집이에요. 두툼한 두께에 큼직하게 썰어주기까지 하니 정말 한점 한점 먹는데 고기를 먹는다는 느낌이 들더라고요. (원래 두툼하고 큰 고기를 선호하는 편) 계속 신경써서 고기 구워주시고, 다 먹기 전까지 불을 빼지 않아서 끝까지 따뜻하게 먹을 수 있었어요!새콤 달콤 비빔면은 메뉴에 적혀있는 상세설명과 같이 팔도도 아니고 진비빔도 아닌 듯 했지만 새콤달콤하긴 했어요. 고기에 올려 먹으니 진짜 짱맛..ㅎ 친절하고 가성비 좋아서 사람들이 많을만 하네요!",맛있다
771,강창구찹쌀진순대,Ray,순대국(8000)에 순대는 네다섯개 정도 들어있는데 하얀 건 좀 별로고 나머지 순대들은 일반 순대보다 더 맛있는 거 같아요! 아팠을 때 간 적이 있는데 속이 안 좋아서인지 냄새가 심해서 잘 못 먹었는데 며칠 전에 갔을 땐 괜찮았어요.,괜찮다
772,강창구찹쌀진순대,맛있는게제일좋아,"순대국집인데 뼈해장국이 맛있어요. 뼈에 붙어 있는 고기가 실하고, 국물이 얼큰하고 짭쪼롬해서 해장용으로 와따입니다. 우거지도 큼직해서 씹는 맛이 좋아요. 24시간 영업에 포장도 되서 자주 들르게 됩니다.",맛있다
773,강창구찹쌀진순대,E.T Jun ,외대와 회기역 사이 나름 명성있는 순대국집입니다. 순대가 흔히먹는 싸구려 순대가 아닌 3가지 종류의 수제순대가 나옵니다. 진하고 눅진한 맛에 양도 꽤  많아서 푸짐합니다. 순대국 국물도 서비스로 주셔서 좋았습니다. 프랜차이즈인것 같지만 음식 질이 괜찮은것 같아서 인상깊었던 집입니다. 하지만 위치가 애매해서 선뜻 가고싶어지지는 않는것 같습니다. 회기에서 한잔하고 마무리 하고싶을때 가도 좋을듯 합니다.,괜찮다
774,신전떡볶이,Ray,오늘 치즈김밥이 덜 매워서 좋았어요. 근데 제가 쌀떡파라 그런지 신전떡볶이는 떡 자체가 너무 별로...만두 모양인데 안에는 당면만 들어있는 튀김만두도 노맛... 잡채말이튀김이 제일 맛있어요!,괜찮다
775,신전떡볶이,Ray,치즈떡볶이에 치즈김밥으로 먹으니까 확실히 덜 맵네요. 그래도 김밥은 떡볶이보다 맵긴 했고요. 아무것도 없이 그저 매운 양념에 비벼서 김밥을 만든다는 건 개인적으로는 여전히 받아들이기 어렵습니다ㅋㅋㅋㅋㅋ잡채말이 튀김이 김말이 튀김보다 더 맛있는 것 같아요!,괜찮다
776,신전떡볶이,Ray,보통 맛도 맵네요ㅠㅠ 게다가 매운김밥은 뭐죠? 아무것도 없이 매운 소스에 비빈 밥을 매운 떡볶이랑 같이 먹는다니ㅋㅋㅋ 맵찔이는 울고 갑니다ㅋㅋ,괜찮다
777,춘천막국수,지융,*회기 숨은 맛집. 건강식인데 맛까지 완벽시립대 후문과 회기역 사이에 위치. 매번 사람이 많아 동네 숨은 맛집인게 확실. 특히 막국수는 너무 맛있음. 그외에도 채식 위주의 만두도 맛있지만 만두피가 현미라서 고소하면서도 소화도 잘되는 느낌. 가격도 착해서 추천.,맛있다
778,아마자께,kkonoo,가격 저렴하고 아주 자극적인 순두부찌개ㅎㅎ 쫄순이만 먹어용,맛있다
779,아마자께,ere,최애 한식집임 해물순두부 꿀맛에 가격도 착함 5500원이뮤ㅠㅠ 한식집이 상대적으로 적은 경희대외대 주변에서 깔끔한 한식이나 찌개류가 땡긴다면 가볼곳!! 계란도 딱 맛있는 반숙으로 해주심 반숙사랑인으로써 행복했고..혼밥하기에도 편하고 메뉴도 다양함 맛있당,맛있다
780,아마자께,미콩,"◇분식?, 지하, 가격은 착해요, 메뉴..미스초이스?, 푸드코트느낌만두순두부였나 주문했는데 뭐 당연히 만두는 레디메이드지만 순두부가 엄청 맛있다는 생각도 안 들고지하라서 좀 축축하고 답답한 기분근처에서 자취한다면 정말 귀찮을 때 한끼 때울만한 곳이지만글쎄요 한 끼 식사로 전 별로였어요",별로
781,은화수식당,미동이,몸에 무리가는 음식이 땡길 때 갔는데 좋았음다른 때에는 부담스러울지도..,괜찮다
782,은화수식당,즌짱,"하와이 돈가스는 달달한 소스 덕에 군것질하는 느낌이 살짝 있었지만 맛있었어요 :) 매콤이 돈가스의 매운 소스는 진짜 엄청 매워 보여서 손도 대지 않았슴니당 ㅎ.. 카레도 약간 톡 쏘는 매콤한 맛이 있었어요. 심지어 토핑 세트? 였던 세트 메뉴에 있던 소세지도... 톡 쏘는 매운맛을 즐기는 식당인 것 같아요 ㅎ,, 가격에 비해 와 엄청 맛있다는 아니지만 그럭저럭 괜찮았어요.",괜찮다
783,은화수식당,Ray,함박스테이크(8000) 주문했는데 스프도 주더라고요. 근데 스프가 좀 더 맛이 진하면 좋을 거 같아요. 돈까스집에서 주는 스프 좋아해서 반가웠는데 막상 맛보니 아쉬웠어요. 함박스테이크는 맛있었는데 양이 많지는 않아서 많이 드시는 분들에게는 많이 부족할 거 같아요. 일행들은 반반돈까스 먹었는데 별로라고 했어요. 처음 왔을 때 먹은 경양식돈까스나 치즈돈까스가 더 맛있다고 하네요.,괜찮다
784,나주곰탕나주전,준영,회사 점심으로 배달시켜 먹었던 나주곰탕 나주전! 나주곰탕을 좋아해서 기대가 좀 있었는데 너무 자극적이고 고기가 좀 뻣뻣한 편이라 아쉬웠어요. 그럼에도 불구하고 고기가 정말 많았는데 알고보니 친구가 고기 추가를 했던것ㅋㅋ 굳이 추가할 필요 없을 것 같습니다..!,괜찮다
785,나주곰탕나주전,AlexTheFood,"제기동역에 핸드폰을 수리하러 갔다가 나에게 최적화된 맛집을 찾았다!맑은 나주곰탕(7000원)이 정말 맛있었는데 옆에 물과 함께 곰탕에 넣어먹으라고 물통에 깍두기 국물도 주신다ㅋㅋㅋ 기본 찬으로는 옆에 배추김치, 깍두기, 그리고 꼴뚜기 젓까지 놓여있구 게다가 점심시간(11:30-14:00)엔 동동주를 마음껏 마실 수 있다 무료로! 심지어 다 맛있다ㅜㅠ 그래서 그런지 동네 어르신들은 다 모인 것 같다... 난 1시 다 되어서 들어갔는데 들어가자마자 가게가 꽉 찼다.꼴뚜기 젓도 나주곰탕도 동동주도 너무 맛있게 먹고 나왔다. 가격도 너무 착하다... 앞으로 근처 지나갈 때마다 생각날 것 같다. 나중에는 점심시간에 친구들이랑 와서 고기전에 낮술 하고 싶다. 완전 추천!",맛있다
786,나주곰탕나주전,bart,"This restaurant has received the ""Good Restaurant"" seal of approval from the city of Seoul.",맛있다
787,전농골목냉면,맛집교수,"전농골목냉면 - 답십리맛평점: B+총평: 에피타이저로 스프 있음. 스프 맛있음. 따끈한 육수도 있음.   가성비 돈까스냉면집. 개인적으로 돈냉 조합 선호.1. 명태회냉면: 비빔냉면 위에 명태와 배를 얹음. 명태회는 보통. 보통 맛의 호불호 안가리는 푸짐한 냉면2. 반반이: 등심 돈까스와 치즈 돈까스 둘다 맛볼 수 있는 메뉴. 계란 올려주는 착한집. 치즈돈까스는 속에는 모짜, 위에는 파마산 치즈가루를 올려줌. 소스도 달달하고 맛있음. 감튀는 덤인스타 tasty_professor 에 리뷰 더 많아요 스폰 없는 리뷰입니다.",괜찮다
788,전농골목냉면,조나리,명태회냉면과 반반돈까스를 먹었습니다. 냉면은 매콤하고 명태회 씹히는 식감이 아주 좋습니다. 냉면온육수를 맛볼 수 있는데 꼭 드셔보시기 바랍니다. 냉면 전문점이라 기대하지 않았던 돈까스가 생각외로 맛있어서 놀랐습니다. 괜찮은 조합이네요!,맛있다
789,낙지수제비,Capriccio06,청량리역 근처에 깔끔하게 식사할 곳이 많지 않은데 매콤한 낙지찜이 괜찮은 곳. 낙지양이 아주 눈에 띄게 풍성하거나 한건 아니지만 재료가 신선하고 해물이랑 잘 어울리게 양념도 적당히 매콤하고 맛있었다. 가게 내부도 자리가 깔끔하고 친절하다. 마지막에 해물찜 국물에 볶음밥 해먹으면 딱 좋은..!,괜찮다
790,굴다리전주콩나물국밥,키다리아저씨,"저렴한 가격에 든든하게 식사하기 괜찮은 곳으로~ 주차도 가능하고, 내부도 깨끗한 편이네요.해장하러 오시는분들도 꽤 많으시지만~ 가볍게 술한잔 하러 오시는 분도 꽤 많더군요.기본 콩나물국밥도 있지만....황태나 굴을 넣은 다양한 콩나물국밥도 있고, 정식으로 수육을 몇점 주는 것도 있으니 식사하기에 괜찮더군요.매일 산지직송이라는 통영굴이 궁금해서 굴국밥하고 황태국밥을 주문했는데...굴이 꽤 크고 신선해서 국물도 시원하니 좋았구요.황태는 살짝 가시들이 꽤 씹혀서 불편했지만...먹을만했어요. 둘다 건더기가 꽤 넉넉히 들어서 좋더군요.정식에 함께 나오는 수육은 소박하지만...냄새없이 괜찮았네요.지역마다 분점이 꽤 있는듯한데...매장관리가 생각보다 잘되는듯~ 맛도 괜찮은편이네요.",괜찮다
791,일심해장국,키다리아저씨,"일심해장국 본점이라는 동네 근처 장안동의 24시 운영하는 식당으로 기사님들의 맛집?!^^;코로나로 요즘 집콕만 하다가 답답함에 동네 한바퀴 뛰었더니 살짝 출출한듯해서 가벼운마음에 지나가다 방문을 했어요.하루는 해장국을...하루는 돌솥비빔밥을~~먹었고, 식사시간대를 살짝 지나 방문했는데...매장 앞에는 택시들이 주차가 되어있고, 매장안을 들어가보니...제가 가장 젊더라구요^^;그만큼 연령이 높으신 분들이 대부분이였어요~메뉴는 두가지!!! 돌솥비빔밥이랑 해장국!!무엇보다 해장국 4,500원 // 돌솥비빔밥 5,500원이라는 요즘엔 보기 힘든 가격대의 착한집!!해장국엔 푹 익힌 우거지와 선지가 깔끔하고 시원하면서 구수해서 밥말아 먹기에도 좋더라구요~ 뭔가 단출하지만 과하지않고 담백합니다.돌솥비빔밥은 돌솥에 밥과 계란후라이만 넣어주시고, 셀프로 원하는 채소를 넣어서 먹도록 되어있어요~ 차려진 재료들이 다양한건 아니라서...그냥 단순한 맛으로 배채우기엔 나쁘지않을듯합니다.돌솥비빔밥을 주문하니 콩나물국을 같이 주셔서 좋았어요.반찬은 깍두기와 김치뿐이지만, 개인적으로 깍두기가 시원하고 적당한 단맛이 있어서 좋네요.1998년부터 20여년 운영한 곳이라 건물이나 매장 분위기는 좀 낡고, 기사식당이란 이미지가 좀 지저분한 생각이 들기도 하지만, 여기는 그래도 내부청소를 신경쓰는지 깨끗해 보이는편이고, 가격이 착해서 동네 주민뿐 아니라 기사님들에게 인기가 많을듯하네요.",괜찮다
792,왕순대국,snoopy,"기본간이 돼있는건 좋았는데, 들어가자마자 사장님께서 순댓국하나요 하고 메뉴까지 골라주셨어요. 티브이 채널 바꾸고 싶은데 리모컨 달라고 할때도 혼날까봐 걱정하면서 달라고 했어요 ㅋㅋ 제 기본세팅인 순대국에 소주 맥주로 시작해서 실컷 먹고 나왔습니다",맛있다
793,오뚜기왕돈까스,천경민,경양식 돈가스 별로 안 좋아하는데 오뚜기 돈가스는 좋아해요 ㅠㅡㅠ 소스도 맛있고 빵도 맛있고 고기랑 튀김 옷이 적당한 비율,맛있다
794,오뚜기왕돈까스,이주현,"시립대 정문 근처에 있는 돈까스집. 투박한 수제 경양식 돈까스고, 크지만 얇다. 맛은 평범하다.",괜찮다
795,오뚜기왕돈까스,J,돈까스가 창렬함. 보통 돈까스 고기 얇고 두껍고를 떠나 고기질을 보는데 ㅎㅎ 분식집 발바닥용 고기인줄,괜찮다
796,오뚜기왕돈까스,Pinguguguu,"개인적으로 경험한 바에 따르면 시립대 남학생들중에 좋아하는 사람들이 많다고 생각된다. 튀긴 빵이 나오고 어묵국물, 돈까스, 케찹 양배추 샐러드, 깍두기가 나온다. 특별하다고 할 수는 없지만 저렴한 가격에 옛날 돈까스의 맛과 구성을 느껴볼 수 있는 곳이다. 돈까스 소스가 너무 자극적이지 않아서 좋다. 소스맛이 너무 강하면 돈까스가 얇아서 소스맛 밖에 느껴지지않는데 적당히 튀김맛도 느껴지고 잘 조화되는 것 같다.  가끔 지나가면서 보면 주인아저씨께서 묵묵히 돈까스를 튀기시는 모습이 뭔가 진지하고 굉장히 집중하시는 듯해보여서 좋은 인상을 받았다.  양은 엄청 많지는 않지만 적진않은듯. 그냥 적당한 양이다.",맛있다
797,오뚜기왕돈까스,silvert,가격은 싸지만 돈까쓰가 별로.,별로
798,버무리떡볶이,kkonoo,떡볶이 맛있는데 매운맛이랑 안 매운맛 떡이 다르고.. 매운 거 못 먹는 친구들도 반반 시키면 매운 맛만 먹을 정도로 맛 차이가 큽니다ㅋㅋ 매운맛ㄱㄱ,맛있다
799,버무리떡볶이,백반남자 ,항상 경희대에서 떡볶이가 생각나면 항상 오는곳가격도 저렴하고 오댕국물도 괜찮고,맛있다
800,부부바지락손칼국수,구르르,"여자가 시킨거 뭐냐고 확인하더니, 더 묻지도 않고 여자 것만 양 후려쳐서 줌. 칼국수 한줌 들어있고, 국물로 한강마냥 나머지 채워줌. 네 젓가락 뜨니까 다먹음. 바지락은 해감도 안되어있고 반절정도가 닫혀있어서 전부 버림. 다 먹었는데 배가 고파서 빵 사먹었습니다. 남기는게 걱정이면 최소한 물어보기라도 하던가, 양 적게 주면 돈 적게받는것도 아니고 끔찍한 식사였음.",별로
801,부부바지락손칼국수,코랄,따뜻한 한끼.6천원 밖에 안하지만 양도 많고 맛있다.명절 때 집에 못가고 남아있는 학생들에게 무료로 밥을 대접하는 등 사장님 부부의 인심도 좋아서 학생들 사이에서 평이 좋다.,괜찮다
802,부부바지락손칼국수,* Y _,3/5양이 엄청나게 많은 부부칼국수근처에서 칼국수 먹으면 여기가 그나마 제일 깔끔했던듯양을 선호하는 건 아니라서 찾아가진 않았지만 남자들에게 인기좋았음점심시간즈음 가면 항상 꽉차있다,괜찮다
803,부부바지락손칼국수,BJH,"바지락칼국수(수제비) 6천원들깨칼국수 7천원얼마 전 천원이 올랐음에도 충분히 그 값어치를 하는 집. 부부칼국수라는 이름과 같이 부부분이 운영하시는데, 두 명이서 1인분을 먹어도 충분할 양을 자랑한다. 들깨칼국수는 고소한 맛을 자랑하고, 바지락칼국수도 국물에서 바다내음이 난다.고려대학교에서 길만 건너도 되지만 잘 알려지지 않아 대학원생과 주변 거주민들로 바글대는 곳.30분 전에 전화 주문해야 먹을 수 있다는 닭도리탕은 전설로만 전해져 내려온다.",맛있다
804,다해식당,E.T Jun ,외대앞에서 가성비 좋은 밥집을 찾는다면 가장 먼저생각나는곳이다. 김치볶음밥에 프라이를두개올려주는 인심을 느낄수있는곳. 제육덮밥 같은경우는 흔한 체인점들 처럼 단맛이 안느껴져서 좋았다. 모든메뉴를 5000원 안으로 해결할수 있다. 혼자갔을때는 카드는 안받으시니 참고하시길.,맛있다
805,다해식당,*,"#김치볶음밥5,000 #제육볶음5,000다해식당이라 쓰고 혜자식당이라 부릅니다... 와 진짜 아무리 학교앞이라지만 오천원에 밥한끼를 배불리 먹을수있다니... 김치볶음밥은 조금 밍밍하고 제육볶음은 조금 짰지만 가성비와 집밥느낌 가득한 반찬들 거기에 서비스로 나오는 된장찌개를 고려하면 진짜 엄청난 5천원의 혜택을 보는거같네요. 집밥 먹고싶은사람들 추천해요ㅜㅜ",괜찮다
806,충주집,준영,"무미, 비린내, 위생의 완벽한 조화개인적으로 인생 닭갈비입니다",별로
807,충주집,루카스,사장님 정다우시고 주먹밥 맛있음! 위생은 좀 별로인거같아 보였지만.... 이 가격에 멀 바라겠남 굳굳,맛있다
808,충주집,쿙쿙,"학교 졸업하고 가장 그리웠던 곳들 중 하나. 이 골목에서는 다른 곳에선 쉽게 맛볼 수 없는 닭곱창을 맛볼 수 있다. 소유 닭발로 유명한 현고대닭발 본점도 있고, 일종의 닭요리 골목이라 볼 수 있다. 닭똥집도 물론 맛있다. 학교다니면서 형제집과 함께 이곳을 많이 갔는데, 닭똥집 먹으러는 형제집을, 닭곱창을 먹을땐 이곳을 오곤 했다.항상 주문하는 메뉴는 닭오닭. 닭곱창, 오돌뼈, 닭갈비를 같이 맛볼 수 있는 메뉴다. 양념이 맵지 않으면서 감칠맛있고 깻잎 향이 어우러져 손이 계속 간다. 잡내도 안나고, 닭곱창이 먹기 전엔 생소할 수 있지만 누가 먹어도 맛있게 먹을 수 있는 맛이다. 물론 먹고 나서 밥 비벼 먹는 것도 양념 자체가 맛있어서 꼭 먹어야한다.메뉴를 주문하면 동치미국수를 주시는데, 소면을 어떻게 그렇게 탱글하게 삶아내셨는지 추가 주문을 하지 않을 수가 없다. 기본 반찬인 볶음김치 등도 맛있어서 사장님 손맛 자체가 엄청 좋으신 것 같다.한창 정준하님이 진행하시던, 식신 로드가 핫할 때에 유자유와 함께 고대 맛집으로 소개된 곳이기도 하다.",맛있다
809,조선감저,맛집교수,"조선감저위치: 서울 동대문구 전농로 124 1층맛평점: B+총평: 고기 인심 넉넉한 감자탕&뼈해장국 식당.장사가 잘 되는 곳은 이유가 있다. 뼈해장국 맛은 기본이고 김치, 깍두기, 오이도 싱싱허니 맛있다.1. 뼈해장국: 살코기 붙은 뼈가 4~5개 정도 들어있다. 뚝배기 크기도 일반 뼈해장국집에서 특 시켜 먹을 때 사이즈. 맛은 뛰어나다 라곤 생각 못했지만 기본 이상의 맛과 넉넉한 양, 인심은 인졍 스폰없는 리뷰입니다.",맛있다
810,조선감저,wonder_Alice,신기하게도 오픈때보다 맛이 좋아지고있는 집 앞 조선감자탕첨엔 자극적일뿐이었는데 이젠 우거지랑 고기가 너무 맛있다. 오래끓인 들큰함 내 소주메이트로 확정,괜찮다
811,조선감저,chochokong,"감자탕에 우거지가 정말 연하고 예술인데, 점심시간에 우거지를 일일이 찢어서 겉잎만 다듬어버리는걸 보게되었다 ㄷㄷ 그 정성을 보고 믿고 먹기로함ㅋㅋ묵은지감자탕 역시 쪽쪽 찢어지는 맛이 예술.포장하면 양이 더 많아지고, 라면사리로 마무리하면 행복.국물맛이 유독 진하다했는데 특이하게 콩통조림?이 포인트로들어가는듯 하다. 부대찌개같은 원리인듯!",맛있다
812,조선감저,wonder_Alice,낮이리 뼈해장국 주문했어요. 고추기름 가득인 맛이 칼칼해 다른 곳 해장국과는 다소 다르게 맛나네요 ㅎ 특히 김치가 직접 담그셔서그런지 신선하고 달지 않아 좋아요 !집앞이라 종종 나올듯해요 ㅎㅎ,맛있다
813,정화네동태국,HP7,괜찮은 동태국집이 자리를 이전해서 오픈했다.국물이 상당히 시원하고 동태 살도 통통하다.재방문의사 있음,괜찮다
814,정화네동태국,미식을 탐닉하다,낮부터 소주 한 병 까고 싶은 생각이 절실하게 들었습니다. 내장국에도 동태가 들어가니 동태국보다 내장국을 추천합니다.,맛있다
815,정화네동태국,chanwook_ie,"동태국은 식사류와 끓여먹는 안주류로 나뉘는데 곤이위주로 들어간 내장국을 주문했다. 내용물은 이리를 포함한 내장이 넉넉하고 큼직한 무와 동태 두 토막이 들어있다.반찬은 단출하게 김치, 멸치볶음, 오징어젓갈이 나오는데 특히 젓갈 맛이 훌륭하다. 국물은 무가 흐물흐물해질 때까지 우려서 시원한 맛이 강했고 꽤 얼큰한 편이다.간장에 와사비를 풀어 내장을 찍어 먹으면 더욱 맛있고 내장에서 비린내가 심하지 않다. 8천 원에 푸짐하고 동태와 내장 모두 신선해서 가까우면 정말 자주 들리고 싶다.",맛있다
816,정화네동태국,반말했다존댓말했다,동태+곤이 소짜로 둘이 배부르게 먹었어요특히 곤이양이 정말 많습니당국물은 마늘이 엄청 들어가있어요둥둥 떠다녀서 눈에 막보입니다엄청 시원하다거나 묵찍한 맛은 아닌데충분히 맛잇게 먹었어영여기 불로그보다 안 곳인데 망플은 후기가없네요약간 분위기는 아재들 산악아재들 술취한 아재들그런곳이구요 이런곳은 수저나 테이블이 깨끗하면법에 걸리나요?ㅠ 맛있는데 너무 아쉽네요,괜찮다
817,주연이네집,먹기위해산다,기본찬도 괜찮고 메인찬도 괜찮았어요~ 식사 든든히 하고 싶을때 여기루 가면 아주 딱입니다요! 든든한 집밥 스타일이라 좋았어요~ 그리구 마지막에 먹는 누룽지는 구수~~~하고 속을 뜨뜻하게 데워줘서 넘 좋아요,괜찮다
818,이모네왕김밥,미동이,돈 없을 때 무난히 밥 먹기 좋다,괜찮다
819,이모네왕김밥,치새미,오늘은 유부김밥!!!! 이모 저 입 찢어져요..... 새로운 메뉴 개발중이라는 정보를 입수했다!!! 흐흐 요리를 사랑하시는 분  메뉴정보가 없어서 오늘은 메뉴도 찍어왔다!!!!!,맛있다
820,이모네왕김밥,치새미,"여기 이모님이 재료를 한주먹씩 아끼지 않고 팍팍 넣어주신다. 김천하고 비슷한 가격에 김천 1.5배크기 김밥먹는기분. 오픈 키친이라서 늘 깨끗하게 행주 관리하시고, 손도 계속 씻으신다.재료가 다 아삭아삭 신선해서 김밥 한 줄만 먹어도 기분좋고 든든한 기분 !!! GS편의점 건너편, 고우 옆에 있다. 아는 사람만 가는 것 같은데 장사 잘됐으면 ㅠ^ㅠ",맛있다
821,삼삼데이,촘촘,돼지기름에 절어있는 익은 척 하는 생김치,괜찮다
822,삼삼데이,E.T Jun ,후문에 DNA커피집 옆에 새로 생김. 밥이랑 고기를 먹고싶은데 고기집 가기는 부담스럽고 집에서 구워먹자니 귀찮은 자취생들에게 최적화된 곳. 삼겹살 정식을 시키면 삼겹살이 푸짐하게 구워져서 나와서 밥과 각종 반찬들과 함께 먹을 수 있음. 다만 음식이 고기는 물론이고 반찬들까지 전반적으로 간이 센 편임. 그것만 아니면 점심먹으러 자주 갈 것 같음.,괜찮다
823,인생설렁탕,Jinny,엄청 맛있지도 나쁘지도 않은 딱 무난 그 자체!설렁탕에 만두 두 개 해서 세트가 9800원인데 가격대비 구성은 괜찮은 것 같습니다다만 진짜진짜 아쉬웠던 점은 김치...ㅜㅜ 보통 설렁탕집의 겉절이 그 짭쪼름하고 달달한 그 김치가 아니라 살짝 익은 김치였어요 그리고 깍두기도 없다는 점이 좀 아쉬웠습니다!설렁탕집에서 김치평을 쓰는 것도 살짝 핀트가 나간 것 같지만 다들 설렁탕집 김치 중요하게 생각하잖아요! ㅋㅋㅋㅋㅋ,괜찮다
824,인생설렁탕,골목여행,"싸지도 비싸지도 않은 가격에 호불호 없는 상업적인 맛.특히 시래기는 시골이나 집에서 먹는 느낌이 아니라 무슨 공장에서 나온 제품 느낌이 난다. 살짝 부추같은 파릇한 느낌.딱히 특색은 없다.인생설렁탕 6,500원.시래기설렁탕 7,000원.",괜찮다
825,인생설렁탕,Chany♥,백종원의 인생설렁탕이라기에 맛이궁금해서갔다. 들어가기전엔 설렁탕이 6500원이면 싸다고생각했는데..나오면서 6500원도 비싸다는생각이 듬.일단 맛은일반 가마솥설렁탕맛이고 얇은 고기몇점 떠있고 국수사리가 들어있다. 밥을말았는데...죽이됐다. 국물이 정량일텐데..밥말았을때 죽이될정도로 적었다. 갑자기 홈쇼핑에서 300g을 2인분이라고 했던게 생각났음.,별로
826,국수사랑,으하하,배고프다... 또 먹고싶은맛양 짱많았당깔끔했다간이 삼삼했다,맛있다
827,태경김밥마을,키다리아저씨,"어느 지역을 가더라도 학교 주변에는 떡볶이나 김밥 등을 파는 인기 좋은 분식집이 항상 자릴잡고 있는듯합니다^^제기동에서 김밥이 유명한 곳이고 고대에선 거리가 좀 있지만...근처 홍파초등학교나 정화여상도 있으니 학생들에게도 좋을듯합니다.아담한 매장이고 50대후반에서 60대초? 정도로 보이시는 부부가 운영하십니다.**** 야채, 우엉김밥 말고~ 3천원짜리 깁밥을 주문하세요^^야채나 우엉김밥도 괜찮지만~ 3천원으로 좀더 맛나고 큰 김밥 먹는게 더 좋은듯합니다~ 가격차도 별로 없구요~개인적으로 소고기김밥, 매운참치김밥이 좋았어요~ 둘다 우엉이 기본적으로 들어가구요~ (그래서 그냥 우엉김밥 보단 3천원짜리를^^) 일본식 후토마끼 처럼 사이즈가 큰편입니다.오이와 당근이 좀 많이 들어간 편이라 좀더 깔끔한 맛이 있는듯해요. 밥도 참기름 향이나 맛이 강한게 아니고~ 약간의 초를 사용하신게 아닌지...비주얼 때문인지 그렇게 느껴지더군요^^ 고슬고슬하고 밥도 괜찮았어요. 전체적으로 소스나 양념이 과하지 않고 담백했습니다. 매운참치김밥엔 빨간 고추참치가 아닌...마요참치(마요가 과하지않음)에 청량고추를 얇게 썰어 넣어주셔서 더 깔끔하고 매운맛도 약하게 느껴집니다. 소고기도 양념이 과하지않고 은은한 단맛이 있고 부드럽구요^^먹다보니 외대의 물고기 김밥집이 생각났는데...물고기의 경우는 계란지단이 좀 큰편이라 은은한 단맛과 고소함이 더 강하다면...여기 태경김밥은 상큼깔끔?~ 사실 김밥속 재료가 흔하고 익숙한 맛이지만~ 요즘때에 3천원으로 다양한 영양소를 골고루 배부르게 먹을 수 있는게 있다면 이런 김밥이 아닐까요?사이즈가 좀 있다보니 김밥마는 시간이 조금은 걸리시는듯하지만~ 친절하시고~ 김밥재료도 미리 많이 만들어 두시는게 아닌듯~ 몇가지는 바로 조리하거나 채칼로 야채를 써시는걸 보니 좀더 괜찮게 느껴졌어요.미리 전화주문을하고 찾아가는 손님도 있으시더라구요~ 포장의 경우 그게 더 빠를듯하네요^^",괜찮다
828,소문난의정부부대찌개,진리지안,"취준시절 정말 사랑하던 이 곳 ..⭐️나에겐 눈물이 깃들여있는 학교앞 부대찌개집 .. 회사원이 된 후에는 매일매일 평생 같은 삶을 살아야한다며 졸업하기 전까지 하고 싶은 걸 다 하겠다 다짐해놓고 하도 휴학하고 외국 나가고 하다보니 주변 동기들보다 시기가 늦어져 쉽지 않았던 + 친구들이 이미 다 졸업해 정말 외로웠던 취준 .. ㅋㅋㅋㅋㅋㅋ 그 시절 하루종일 열람실에 있던 나에게 큰 행복함을 선사해주었던 1인 혼밥 가능한 부대찌개집이다.. 부찌를 워낙 좋아해 학교 부근 부찌집들은 다 최소 5회 이상 먹어봤으나 여기가 젤 맛있음. 밑반찬도 맛있고 (김이 정말 맛있다) 혼밥 눈치도 없고..면접 시즌에는 면접비를 타서 취준생한테는 부담되던 9천원짜리 베이컨부대찌개를 스스로 포상했던 것도 생각난다…. 지금의 내가 가서 그 때의 취준생 나에게 실컷 베이컨부찌 사주고싶은 맘 ㅠㅡㅠ ㅋㅋㅋㅋㅋ  기본 부찌도 정말 맛있으나 베이컨 부찌는 베이컨이 미국산인지 통통하니 어나더 클라스 너낌이었다,,무튼 아직도 다른 부찌집 가봐도 이만한 맛집이 없다. 깔끔하고 칼칼하고, 다른 부찌집은 정말 성에 안참.무엇보다 나의 가장 외로운 시기를 달래주었던 집이기에 오래오래 장사해주셨으면..!",맛있다
829,소문난의정부부대찌개,코랄,스탠다드한 부대찌개 맛. 고대생들은 학교 근처에서 여기 부대찌개를 제일 맛있다고 하는 것 같다.사리도 꽤 푸짐하게 들어있는데 라면사리를 원하는 만큼 가져다 먹을 수 있어서 많이 먹는 사람들도 배 땅땅 두드리며 나올 수 있는 곳이다.,괜찮다
830,리얼 수타돈까스,이주현,"시립대 후문 골목 깊숙히 있어 눈에 잘 안 띄는데도 학생들에게 많은 사랑을 받는 수제 돈까스집. 훌륭한 가성비와 푸짐한 양을 자랑한다. 바삭하고 맛도 괜찮다. 요즘은 배고픈데 학식 메뉴가 마음에 안 드는 날이면 여기부터 생각난다. 단점을 꼽자면.. 날마다 다른 것 같지만 소스가 부어져나오는 메뉴들의 간이 좀 많이 센 게 흠이다.추천메뉴는 기본 돈까스, 샐러드 돈까스, 돼지불백이다.",맛있다
831,숯불꼼닭발,E.T Jun ,"외대앞에서 처음으로 먹어본 닭발집인데 왜 이제야 알았는지 후회되는 상당히 내공있는 집이다. 위치는 도네누건물 2층. 내부는 허름하지만 안주들이 다 맛있다. 무뼈닭발이랑 껍데기, 닭모래집 볶음 다 하나같이 불맛이 잘 입혀져 있고, 10000원을 넘지않는 술안주로 최고인 음식들만 있다. 매운거 잘못먹는 사람도 중간맛이면 딱 적당히 맛있게 매운 맛이었다.  즉석에서 주인아주머니가 무쳐주시는 부추무침도 별거 아니지만 참 맛있다. 외대앞에서 대체불가한 닭발집인것 같다.",맛있다
832,Jb국수공장,플렉서,다른건 모르겠는데 콩국수를 직접 갈아서 주시는게 인상적이다 아시다시피 콩국수국물은 대부분 식당에서 받아다 쓴다새벽까지 운영한다,맛있다
833,동대문엽기떡볶이,kkonoo,엽떡도 지점차가 심한데 여기는 맛있는 곳,맛있다
834,연희김밥,월곡동20년이상거주,햄이 없는데 존맛임. 오징어 못먹어서 치즈 참치 장조림김밥 먹어봤는데 치즈김밥이 진짜 맛있었음,맛있다
835,연희김밥,Ray,대표메뉴인 오참김밥을 매장에서 먹었어요! 테이크아웃이 메인이라 자리가 좋지는 않지만 테이블 2개가 마련되어 있긴 합니다. 오참김밥은 맵기 표시가 2개답게 먹다보면 꽤 매워서 맵찔이인 저는 다 먹고 일어설 땐 황급히 카페로 가게 되더라고요ㅋㅋㅋ맛은 좀 매운 참치김밥인가 싶다가도 중간중간 마른오징어의 고소한 맛이나 약간 질긴 식감이 느껴져 다르긴 다르구나 싶었어요. 턱관절 안 좋으면 조금 조심해야 할 거 같아요ㅋㅋ새로운 참치김밥이긴 하지만 굳이 또 먹어야 하나 싶긴 한데 이 근처에서 먹어본 김밥 중에선 제일 낫긴 하네요.,괜찮다
836,연희김밥,띵시,"가성비 ●●●●○맛 ●●●○○분위기 ●●○○○재방문의사 70회기 쪽에서 살며 주말에 자주 방문했던 연희김밥. 자리는 협소하지만 따뜻한 햇살을 만끽하며 점심 때우기 좋은 식당임. 장조림 김밥 등 몇 가지 메뉴를 맛보았음. 대체로 간이 꽤 센 편이며, 옆구리가 터져 나올 때도 있었음ㅠㅠ 김밥과 음료 외에는 판매하지 않으나, 바로 옆의 편의점에서 라면 등을 구입해 매장 내에서 먹을 수 있음. 타 김밥집에서 보기 힘든 김밥 종류가 많다는 점은 좋지만, 방문항 때마다 디테일이나 맛이 조금씩 아쉬움. 하지만 이문회기지역에 일요일 영업을 안 하는 곳이 원체 많으니 근처 자취생들에게는 추천하는 곳임.",괜찮다
837,연희김밥,찹쌀떡,"매운오징어김밥이 궁금했었는데,마침 지나가는 길에 있길래 한 줄 먹어봤어요!나름 매운거 못먹는 편이 아닌데, 와 진짜 매워요두피에서 땀 남;;매운거 못드시는 분들은 피하셔야할 것 같아요.너무 맵긴했는데 스트레스는 확 풀려소 좋았어요:)",맛있다
838,명가식당,JJ,불친절의 끝판왕.,별로
839,명가식당,E.T Jun ,외대 대학원 건물쪽으로 나가서 중국관 골목으로 들어가시면 나옵니다. 많이 알려져 있지는 않은곳 같은데 학생들 보다는 지역주민 어르신들이나 교직원들이 주로 식사하러 들르는 곳 같습니다. 굴철이라 굴콩나물밥을 시켰습니다. 뚝배기 안에 밥이 말아져 나오고 굴과 콩나물 계란이 같이 들어가 있습니다. 시원하면서도 든든한 느낌이라 쌀쌀한 날씨에 한끼 챙겨먹기에 좋습니다. 이 집이 좋은점은 가격대도 착하면서 직접 만드시는 것 같은 질좋은 반찬이 같이 나온다는 점입니다. 다른 메뉴로는 굴순두부나 제육을 많이 드시는것 같습니다.,괜찮다
840,할매순대국,미동이,혼자 소주 까고 순대국밥 먹으면 행복함,괜찮다
841,할매순대국,이현,적당한 가격에 맛있어용,맛있다
842,아욱꽃,E.T Jun ,돈까스. 김치볶음밥,맛있다
843,아욱꽃,Ansohwee,요즘같은때에 잘 볼수없는 대혜자 식당이에요 김치볶음밥+돈까스 세트가 6500원인데 양이 어마어마해서 반이나 남겼어요 또 푸근하신 사장님께서 한접시 한접시 정성스레 해주신다는 느낌도 들어요 식사를 마치면 주시는 음료수 후식까지! 맛은 딱 상상하시는 그런 기본적인 돈까스 기본적인 김치볶음밥 맛인데 그 기본적인 맛이 오히려 매력적이면서도 무조건 이집에 와야만 하는 이유는 되지 않는것 같아요 그리고 살짝 오래걸리는 시간과 분위기가 좋은편은 아니라 괜찮다! 저에게는 학교다닐때 추억으로 먹는 곳이에요 요약하자면 딱 편하게 갈 수 있는 동네 밥집입니다,괜찮다
844,본수제돈까스,하이,장. 돈가스잘함 비냉 소스도 맵지만 맛있음 두 궁합이 생각이상으로 잘어울림 메뉴가 다양한데 단골들은 돈가스만 먹기도하는 그만큼 돈냉면이 유명하지만서도 돈가스자체가 맛있단거겠지단. 매장위생 좋은편아님 이문동 평범수준 음식좀 시간걸림 팁. 처음가본사람 물돈냉드셔보셈,괜찮다
845,본수제돈까스,Ansu,돈까스냉면이라는걸 한번 먹어보고 싶었는데 그냥 동네에 있길래 방문해봤다 그런데 !! 거의 중독될 정도로 아주 맛있었다... 돈까스 비빔냉면인데 돈까스가 물기때문에 눅눅해진다거나 그런게 전혀 없다. 돈까스를 막 좋아하는 편은 아닌데도 너무 맛있어서 자주 찾게된다 6천원에 양도 많이주셔서 가성비 갑!! 외대에서 냉면이 생각난다면 회기쪽으로 걸어와서 돈까스냉면을 꼭 추천하고싶다. 너무 맛있어서 알리고싶어서 식당도 내가 등록했다..^.^ 내기준 이문동 삼대장은 돈까스냉면 식닷컴 통부이다,맛있다
846,내가찜한닭,urbanmouse,닭고기에서 이상한 냄새나고 양도 완전 적음. 그리고 서빙하시는 분 그릇같은 거 뭘 그리 탕탕 놓으시는지? 기분나쁜일 있으세요? 대놓고 현금결제 유도하시던데(천원 할인?) 별로 보기 안좋았습니다.,별로
847,내가찜한닭,AlexTheFood,"170627.맛 ★★☆ 분위기 ★★★ 가성비 ★★☆ 재방문 의사 있음 주문한 메뉴 (2명 방문) 순살 고추장 찜닭 小 - 17000원 치즈토핑+만두+당면 추가 - 3000+2000+2000 = 7000원 공기밥 2개 - 1000*2 = 2000원 총 26000원친구와 급하게 점심 먹을 곳을 찾다눈 앞에 보여 들어가게 된내가 찜한 닭.사실 고수찜닭이나 봉추찜닭 같은찜닭 체인들은 몇 번 가봤는데,내찜닭(내가 찜한 닭)은 처음이라 조금 기대했다.페이스북이나 인스타그램에서친구들이 해쉬태그해서 올리는 것도몇 번 본 적이 있어 궁금하기도 했고.어쨌든 들어가보니,내부는 고수찜닭이나 봉추찜닭에 비해조금 더 어린... light한 느낌...?어쨌든 우리는순살 고추장 찜닭 小자 하나에치즈, 만두, 당면 토핑을 추가했다.시간은 모든 찜닭집들이 그렇듯조금 오래걸렸지만,치즈도 낭낭하니 비주얼은 꽤 좋았다.그런데 맛이...찜닭의 분식화(?)라고 해야하나?경희대점만 그런지는 모르겠으나소스도 뭔가 어중간했고닭도 생각보다 너무 적은...그리고 만두가...이거 군대에서 샤X롱 만두...PX에서 먹던 그 냉동 만두인데...떡도 그렇고 닭도 그렇고전체적으로 맛이 나쁘지는 않았지만,내가 여태 먹어 본 찜닭들에 비해뭔가 한 단계 다운그레이드 된 것 같아조금 아쉬웠다.기존의 건강한 찜닭보다조금 불량스러운 찜닭이 궁금하다면,그리고 특히 편의점에서냉동식품이나 레토르트 음식들막 섞어먹는 거 좋아하신다면,꽤 좋아하실 수 있을 것 같다.위에 치즈토핑이나 냉동만두나떡 같은 것들이 다 그런 느낌이라서...사람의 입맛은 전부 다른 것이니다른 사람들의 리뷰들도 참고해서방문해보도록 하자★",별로
848,고봉민김밥인,키다리아저씨,체인점 이지만 믿고 먹을만한 수준의 김밥!!속이 알차고 밥의양은 적당하지만 김밥의 두께가 두툼한 편이다~^^역시 간단히 먹기에는 김밥이 최고!!테이크아웃이 가능하니 놀러갈때 사가면 편할듯~,괜찮다
849,해장국감자탕,루카스,"7천원의 행복입니다. 뼈해장국, 순대국, 감자탕 모두 7천원인데 뼈해장국이 가장 인기 많은 것 같아요.밑반찬으로는 김치, 깍두기, 마늘쫑(?), 고추가 나옵니다. 해장국이 맛있어요! 고기도 생각보다 많이 들어있고 콩나물도 맛있습니다. 좀 짜게 느껴질 수도 있지만 국물이 진짜 깔끔해요. 해장 제대로...7천원에 이런 퀄리티를 즐길수있다니 대학가는 역시 최고에요",맛있다
850,해장국감자탕,E.T Jun ,"24시이기도 하고 맛도 무난무난해서 외대앞에서 술자리 하고 마무리로 갑니다. 주변에 마땅한 뼈해장국, 감자탕 집이 없어서 많이 찾게되는것 같습니다.",괜찮다
851,해장국감자탕,*,짜요. 그래도 대학가라 넘 싸서 좋아여ㅋㅋㅋㅋㅋ,별로
852,김스토리,Jay,가게가 깔끔하고 직원분들이 친절했던 가게 맛도 괜찮은 편이지만 아주 특별하게 맛있는 곳은 아님,괜찮다
853,세도락,E,"요 동네 옛날 경양식스타일 돈까스로는 여기를 나름 최고로 꼽을 수 있을 것 같다..이 근방에서 유명한 장안정(지금은 이전하여 작아져버린...)보다도 바삭하고 소스가 특색있다..한돈 돼지고기로 적당한 두께로 바로 튀겨주는 돈까스는 정말 바삭하고 고소한데, 특히 기본 소스도 맛있지만 매운돈까스 소스는 다른데에서 못만나본 맛이다. 아주 매운것은 아니고 기본 돈까스 소스에서 느끼함을 살짝 잡아주는 정도인데, 술술 들어간다.이 소스는 매니아가 좀 있는지 다른 돈까스 메뉴에서 500원을 추가하면 매운맛으로 바꿔주는 것이 생겼으니, 나는 정식으로 매운 소스로 바꿔서 즐겨 먹는다..곁들임로는 오뚜기 스프랑 오이고추와 쌈장 그리고 통단무지가 나오는 정통 기사식당 스타일로 경양식 돈까스 특유의 느끼할 틈이 없다. 밥은 풍년 압력밥솥으로 한 살짝 질은 흰쌀밥인데, 진짜...집에서 엄마가 튀겨준 돈까스 먹는 느낌에 어울린다..가격은 단품은 8월 중순부터 오를 가격 기준으로 7,000원~ 9,000원대, 기본에 생선까스랑 새우까스 등 2가지 이상의 돈까스가 같이 나오는 정식은 9,000원 이상이다. 원래는 기본 돈까스는 6,500원 이었다..치즈돈까스, 피자돈까스, 크림돈까스도 있는데 동네 단골들 마다 각자의 최애 돈까스를 주문하여 행복을 맛보는 곳.자리가 많지 않고 주차도 안되고 주인할머니와 아드님? 두분이서 주방으로 보셔서 조리 시간엔 좀 시간이 걸리지만, 종종 그 매운 돈까스 소스가 생각나서 들르게 된다..여긴 아직 배달은 안하고 포장을 하는데 피크시간대에도 연신 포장 주문과 식사후에도 추가로 포장해가는 손님이 대다수다. 아직 동네 작은 가게라 소문난 곳은 아니지만, 오랜 시간 같은 자리를 지켜온 이곳이 계속 잘 되었으면 한다.",맛있다
854,세도락,존맛탱구리,답십리 사거리 쪽에 위치한 돈까스 최애 맛집  그중 매운돈까스는  어디에서도 먹어보지 못한 최고존엄,맛있다
855,세도락,쩡이,답십리 사거리 20년된 존맛탱구리 돈까스집이에오- 가격대는 7-8000원입니다 동네분들 한번씩 가보시길! 주인아주머니 한분이 요리하셔서 메뉴가 나오는것은 천천히 기다려야 하지만 동네의 온정이 느껴지는 맛집입니당!!,맛있다
856,장안우동집,ustar,우동 국수집인데 김밥이 너무너무너무 맛있는집입니다. 싱겁게 먹는 제 입맛에는 국수는 자극적인 느낌이었습니다. 다음에 방문하게 되면 잔치국수에 다대기를 따로 받아서 입맛에 맞게 간을 해야될 것 같습니다 ㅎㅎ 위생적인 부분은 살짝 아쉽지만 이런 가격엔 감수해야 할 부분,괜찮다
857,봄봄기사식당,식당학살자,깔끔하고 맛있어요. 제육밖에 안 먹어봤지만 돈가스도 맛있어 보여요 밑반찬도 다 맛있고 30분전에 먹고 나왔는데 후식으로 주시는 보리강정 맛이 생각나서 한봉지 사러 다시 갈거에요 존맛,맛있다
858,봄봄기사식당,이주현,"서울시립대 정문 근처의 깔끔하고 정갈한 기사식당. 메인메뉴의 맛은 평범한 정도지만 양이 꽤 많고, 밑반찬들이 맛있어서 제대로 된 백반을 먹는 기분이다. 몇 메뉴를 제외하곤 솥밥이 제공돼서 마지막에 물 부어 숭늉으로 기분좋게 마무리 할 수 있다. 보리강정도 먹을만큼 퍼갈 수 있는데 이거 먹으러 간다고 하는 사람이 있을 정도다. 특이한 점은 메뉴중에 '돈카츠'가 있다는 거다. 그냥 돈까스라면 놀랄 게 없겠지만 여긴 경양식이 아니라 일본식이다. 비쥬얼도 그럴듯하고 맛도 괜찮다. 기사식당에서 이런 돈까스를 팔줄은 ㅋㅋ",맛있다
859,엉클정부대찌개생고기,정민,"밑반찬으로 콩나물, 김치, 어묵볶음을 준비해주시는데 콩나물 빛깔만 봐도 얼마나 고소할지 느껴졌다.가끔 밑반찬만 봐도 주문한 음식이 얼마나 맛있고 깨끗할지 느낌이 오는 집이 있다. 여기가 그런 곳이었다.부대찌개가 나오기 전에 이미 콩나물 반찬이 비어진 것을 보고 사장님이 오셔서 말하시길“미안해요, 콩나물을 더 드리고 싶은데 마지막 남은 양이었어요”. 그 마음이 참 예쁘셔서 좋았다. 나는 놓치지 않고 또 말씀드렸다. “밑반찬이 너무 맛있어요”.영업이 밤10시까지인데 9시에 찾아갔으니 그럴만도 했는데 먼저 미안해하시니 마음이 훈훈해졌다.부대찌개는 역시 깔끔했다. 눈에 띄게 맛있는 곳은 아니지만 그래도 배고플 때 찾으면 배도 마음도 든든히 채우고 나올 수 있는 동네 밥집.밥은 무한리필이다. #아무리뷰",괜찮다
860,다사리아꼬치,wonder_Alice,"시립대 앞, 그러니까 청량리역과 가까운 떡전교사거리에서 롱런하는 닭꼬치 집이다. 간혹 다른 동네를 지날때 같은 상호가 간간히 보이긴 하는데, 들어가 본 적은 없어서 같은 집인지는 모르겠다.닭다리살과 파가 차례로 꽂혀있는 숯불닭꼬치를 파는 집인데 양념도 다양하고 가격도 합리적이라고 생각된다. 한 가지 단점은 실내 공간이 협소한 탓에, 외부에 비닐로 싸여진 포장마차느낌 공간이나 매우 가파르고 위험한 계단을 올라가야하는 2층 낮은 천장에서 먹어야 한다는 것인데, 술에 만취해있는 상태만 아니면 난 상관 없다고 생각한다. 메뉴를 시키자마자 오뎅탕이 서비스로 나오기 때문에 소주를 마시기 이보다 좋은 곳도 없다. 2층 창가에 앉으면 나름 뷰가 좋아 또 술이 들어간다.매우 질높은 음식을 기대한다면 아쉽겠지만, 대학교 앞에서 이정도 가격대에 술을 편하게 마실 수 있는 곳으로는 손색이 없다.원래 닭꼬치라는게 닭다리살과 양념 그리고 숯불에 잘 구워진 파만 있으면 또 그만큼 맛있는 조합을 찾기 힘든지라..",맛있다
861,따봉왕돈까스,키다리아저씨,"사촌동생 덕분에 알게되었던 옛날 돈까스 식당이예요~ 근처에서 중고등학교를 다녔던 사촌동생이 학창시절 자주 친구들과 먹었던 추억의 장소?? 적어도 30년이상 운영하신거 같아요:)식당내부는 좀 어둡고, 테이블도 몇개 없어서 내부 식사가 안되나 싶었는데… 아주머님께서 친절하게 자릴 마련해주셨어요.메뉴 주문후 기다리는 동안 꾸준히 배달전화가 오네요?? 요즘 대부분 배달앱 사용하실텐데….번거로우신지 못하신다고;; 전화주문 받으시네요^^기사식당처럼 가격대가 착했어요~ 장안동 주변에 장안정, 양지함박 등 옛날 돈까스집이 꾸준히 영업을 하고 있는데...대로변도 아닌 골목길 안쪽에 지금까지도 영업이 된다는걸 보면...여기도 오랜 단골이 있거나 이곳만의 매력이 있으니 유지되는거겠죠??장안정은 스타일이 좀 많이 바뀐 돈까스지만, 여긴 진짜 옛날 느낌이 팍팍!! 드는 그런 돈까스더라구요^^어릴적 먹던 그런 기분도 들고, 소스도 평범한듯하지만, 뭔가 신경쓴듯 묘한맛이 좋게 느껴지니 부담없이 먹게 되네요.바삭바삭하며 튀김옷이 그리 두껍지 않아서 좋았고, 기름냄새 느껴지는것도 거북함 없는걸 보니...깨끗하게 튀겨진 느낌 덕분에 깔끔하게 식사한거 같아요.정식 주문하니까 생선까스, 돈까스, 함박이 한덩이씩 나오는데...생선엔 타르타르소스가 조금 올려져 있으며 돈까스와 함박은 같은 소스가 나와서 다양한 맛을 보기엔 좋은구성이였어요^^개인취향으론 생선,돈까스가 좀 좋았고, 함박은 쏘쏘~ 요즘 돈까스도 고급지게 만드는 곳들이 있다보니....맛이나 수준면에서는 좀 밀릴 수 있겠지만, 학창시절에 먹던 추억의 돈까스를 먹고 싶을땐 좋은거 같아요~근처에 사시는 분이라면 매장이 협소하니….전화로 배달시켜 드시는것도 괜찮겠네요.",괜찮다
862,더샵라이스,Ray,"최근에 오픈한 곳인데 덮밥 3종류와 떡볶이, 튀김을 파는 작은 식당이에요. 8명쯤 앉을 수 있고요. 단무지, 김치 같은 반찬이나 물은 셀프! 식사 후 그릇도 퇴식구에 갖다놓는 방식이에요. 전 치킨가라아게덮밥(5000)과 새우튀김(1000)을 먹었는데요. 치킨가라아게덮밥은 그냥 딱 치킨마요! 간장에 볶은 양파가 들어가 있어 더 맛있는데 자꾸만 나도 이거 만들 줄 아는데 이거 되게 쉽고 맛있는데 이런 생각이 들더라고요ㅋㅋ 이 정도면 그냥 해먹는 게 낫지 싶은 느낌. 게다가 양도 컵밥이랑 큰 차이 없는 것 같아서 깔끔하게 나오긴 하지만 가격경쟁력이 있을까 좀 걱정되더라고요ㅋㅋㅋ새우튀김은 마트에서 파는 냉동새우튀김 같은데 크기가 살짝 아쉽긴 하지만 가격에 맞는 맛인 거 같아요.맛과 양, 가격을 생각해보면 컵밥과 덮밥의 애매한 사이에 있어서 과연 다시 가게 될지 좀 고민되네요. 튀김이 특별한 맛은 아니어도 바삭바삭 잘 튀겨주시기 때문에 간단하게 밥이랑 튀김이 같이 먹고 싶을 때 한 번 더 갈 지도 모르겠어요ㅎㅎ",괜찮다
863,국가대표바지락손칼국수,YNZ,동네 칼국수 맛집! 바지락을 아낌없이 듬뿍넣어 시원한 국물이 매력적인 곳이다. 바지락 사이즈가 좀 자잘하고 작긴하지만 해감을 정말 잘해서 깨끗하다. 그리고 어찌나 잘 삶았는지 식감도 탱글탱글! 앞으로 자주 올 것 같은 곳! 칼국수 시키면 식전에 보리 비빔밥도 소량 제공되는데 이건 좀 맛이 없었음.,맛있다
864,삼형제김밥,키다리아저씨,"동대문구 답십리에 삼형제김밥의 본점이 있다는 정보를 듣고 궁금해서 방문해봤어요.삼형제 김밥은 기본이 유부김밥인데....알고보니 방배동에서 유부김밥으로 유명한 ""해남원조김밥""과 관련이 있는곳인가 봅니다. 해남원조김밥이 오래되었고, 그 레서피를 이어 받은건지...가족분들이 운영하는건지...40년 전통 유부김밥 전문이라고 적혀있더라구요.본점에 가보니 건물을 전체 사용하는듯 보였고, 내부에서 식사는 불가능한 장소였어요. 배달/포장주문만 가능.키오스크를 통해 주문/카드결제하거나 현금의 경우 셀프로 거슬러 가도록 잔돈이 준비되어있어요.여러종류의 김밥 메뉴를 미리 포장해놔서 바쁘신분들은 바로 갖고가고, 준비가 안된 메뉴는 자리에서 바로 만들어주시네요.김밥모두 기본적으로 볶아진 유부와 우엉이 같이 들어있어서 속재료가 풍성한 느낌이였고, 밥의 상태가 좋아서 밥맛도 좋고, 윤기가 좔좔하네요.와사비참치김밥에도 기본 유부김밥의 재료가 그대로 듣어있으니 기본보단 좋아하는맛을 골라서 먹는게 더 좋은거 같아요.예전 해남원조김밥 보다는 좀더 청결하고 깔끔한 느낌으로 먹을 수 있어서 좋아요.",괜찮다
865,청량리경양식,준영,"뭔가 정겨운 청량리역 근처의 돈까스집! 메뉴가 다양한데 항정살? 근방 부위로 만든 꼬들까스가 유명한거같아 주문했어요. 특이하게 다 썰려서 나오더라구요ㅎㅎ 확실히 쫀쫀하고 맛있는데 양이 너무 적어요 흑흑 곱배기 만들어주세요,,,",맛있다
866,떡순튀,달리자크롱,"신설동역 근처 깔끔한 분식집. 1층에서 주문한뒤 2층에서 먹으면 된다. •떡볶이 3500원떡이 엄청 말랑말랑하다. 내 생각엔 쌀떡을 쓰는듯하는데 쌀떡이 말랑말랑해지면 이런 느낌이군. 양념은 후추맛이 좀 강하고 매콤하다. 계속 오뎅국물을 떠먹게 됨. •모둠튀김 3500원오징어튀김, 군만두, 새우, 김말이, 고구마튀김 이렇게 다양하게 나온다. 다 노릇노릇 따뜻하고 바삭바삭했다. 원래 떡볶이 국물에 찍어먹으려고 주문한건데 간장에만 찍어먹어도 굿굿! •일본간사이오뎅 6000원어제 술을 많이 마셔서 떠먹을겸 + 옆에 손님이 맛있다고 추천해줘서 주문했다. 간사이오뎅은 육수낼 때 묽은 간장을 사용하고 다시마와 가쓰오부시를 사용한다. 깔끔한 오뎅국물이 내 위를 충분히 잘 달래줬다. 집앞에 있으면 가끔씩 생각나서 포장해갈듯",괜찮다
867,맹자네떡볶이,로우니,예전에는 서서 먹고 갈 수 있었는데 여즘은 포장이랑 배달만 하세요 예전 문반구 떡볶이 맛인데 진짜 추억을 자극하는 맛있는 떡볶이에요ㅎㅎㅎㅎ 게다가 튀김을 직접하시는데 튀김이 또 일품입니다 튀김하고 떡볶이 진짜 강추에요 물론 순대도 맛있고 다 맛있지만 저의 원픽은 튀김과 떡볶이 콜라보입니다ㅎㅎㅎ,맛있다
868,싸다김밥,0,"기본김밥이랑 해물짬뽕라면 둘다 맛있어요!저는 식당에서 먹었는데,먹다보니포장 배달도 많은 분식집이더라구요~ 또 갈거예요!",맛있다
869,싸다김밥,Junghwa,식용마스크안끼고 김밥쌈..불친절...가격도 맛도 비추염,별로
870,외대불난곱창,뎜(dyeom),"2020.02.18100번째 리뷰당ㅋㅅㅋ외대는 가성비 곱창이 많아서 좋은 듯ㅎㅎ. 2명이서야채곱창2인분, 주먹밥 세트(14000원)+ 볶음밥1개(2000원) = 16000원!가격은 확실히 저렴한 편이다. 맛도 가격 대비 괜찮! 입맛이 까다로우면 별로일수도있는데 친구랑 나는 입맛이 둔하고 냄새 잘 못느끼는 편이라 맛있게 먹었다. 곱창 최고❣",괜찮다
871,외대불난곱창,*,아래 리뷰 핵공감ㅋㅋㅋ 저렴하지만 다신 안갈집 너무 맛없고 모든게 맛없어요 양념이 어쩜 그리 맛없을까.. 치즈추가했는데도 맛이없어요!!ㅋㅋㅋㅋㅋ 차라리 그옆 도란도란이 나음요 태어나서 첨으로 순대곱창 남겨봄,별로
872,외대불난곱창,AlexTheFood,친구가 곱창 먹고 싶다고 해서 돼지곱창 2인분에 밥 1인분 볶고 소주 한 병 시켰는데 16000원! 엄청 싸요...하지만 곱창이 너무 맛이 없어요 같이 있는 당면도 맛없고 순대도 맛없어요 싼 맛에 중고딩들 엄청 많던데 시끄러워 죽는 줄 알았어요 정말 싸지만 다시는 안 갈 곱창집이네요...,별로
873,옥천옥,우이리,70년 노포. 예전보다 더 깔끔하고 맛있어진거 같아요. 왕십리에서  이사 오신지 얼마 안되서였던거 같아요.식당에 들어가면 꼬릿한 냄새가 나는데 꼬리곰탕에는 잡내가 없네요.모듬 수육(소)이 기가 막히네요. 우설이 섞여있는 머릿고기. 짱이예요.도가니가 품절이라 못 먹은게 아쉽네요.,맛있다
874,옥천옥,최성현,물에 고기10개 타고 8천원 창렬이도 이렇겐 안판다,별로
875,옥천옥,양재흥,정직하게 맛있는 맛이랄까?,맛있다
876,행복한한끼,프리리뷰어,"평점맛 ★★★☆☆가성비 ★★★★☆종합 ★★★★☆맛은 평범해요. 근데 가격이 싸고 반찬이 셀프인데 반찬이 맛있어요. 특히 반찬 중에 떡볶이가 있는데 떡볶이가 정말 맛있어요! 고등어는 살짝 덜 바삭하지만 먹을만합니다. 여기 오시면 고등어, 순두부, 콩국수 한번 먹어보세요.한줄평: 맛은 평범하지만 가성비 좋은 음식점! 떡볶이 추천",괜찮다
877,행복한한끼,ㅇㅅㅇ,"메뉴가 다양한데 다 괜찮은 편이고 저렴, 키오스크 주문이라 편함전체적으로 깔끔하고 깨끗한데 제일 좋은 점은 셀프반찬 중에 떡볶이가 맛있다",맛있다
878,불난철판,kkonoo,예전에는 깔끔하고 괜찮았는데.. 지금도 가격 저렴하고 쿨피스도 무료고 양도 푸짐하지만.. 위생이 별로라서 안 가게 됨..,괜찮다
879,불난철판,이리저리,"가격도 2인분짜리로 시키면 한명당 6000원이고 거기다가 볶음밥은 무료, 쥬시쿨은 먹고싶은만큼 리필가능, 밥도 먹고싶은만큼 맘대로라서 가성비가 정말 좋았어요! 그리고 맛까지 있어서 정말 잘 먹었습니다",맛있다
880,불난철판,Ray,닭불고기 먹었는데 가격은 싸고 양은 많고 쿨피스도 무료지만 너무 짰어요ㅠㅠ매운 거 잘 못 먹는데 매운맛 골랐더니 처음엔 괜찮았는데 점점 맵게 느껴져서 나중엔 최대한 양념은 덜어내면서 고기만 건져먹었어요.,별로
881,김밥애국시,AlexTheFood,"170308.맛 ★★☆  분위기 ★ 가성비 ★★★★  재방문 의사 있음  주문한 메뉴 (2명 방문)   라볶이 - 3500원  돈까스 - 3500원 총 7000원제기동에 사는 친구를 만나러 왔다가배가 너무 고파서근처 김밥천국 같은 곳을 들어갔다.'김밥愛국시'.생긴 것은 딱 김밥천국인데,가격은 훨씬 더 저렴했다.일단 제기동역바로 앞에 있었어서친구도 기다릴겸 메뉴를 시켰다.제일 비싼 메뉴가 5000원이라니!3500원짜리 라볶이 하나와3500원짜리 돈까스를 주문했다.거의 바로 라볶이가 나왔는데,정말 가성비 최강이었다.양파나 양배추 같은 야채들도 많았고,라면 사리도 하나를 다 넣어주셨다.양도 꽤 많아서 맛있게 먹었다.조금 뒤에 나온 돈까스는솔직히 그렇게 맛있지는 않았다.김밥천국의 돈까스 맛이다.딱 그 정도.하지만 김밥천국의 돈까스는7000원인가 그렇다.치즈돈까스는 8500원.하지만 이 곳은치즈돈까스도 5000원이다.가성비 최강의 옛날 김밥천국을 보는 느낌.요새는 김밥천국도 비싸져서가기가 조금 꺼려졌는데,정말 옛날 김밥천국에돌아온 느낌이었다.'어떻게 이렇게 싸지?'라는생각이 들면서도맛도 김밥천국과 똑같아서나중에 제기동역에 오면잠깐 끼니 떼우러 또 올 것 같다.제기동역 지하철 출구로 나오면정말 바로 앞에 있으니,친구 기다릴 때 좀 배고프면따뜻하게 먹으면서 기다리도록 하자.5000원짜리 한 장이면여기 메뉴들 골라먹을 수 있으니.※네이버 지도나 망고플레이트의 지도와미세하게 다른 곳에 위치해있다.제기동역 5번 출구와6번 출구 사이에 바로 있으니 헷갈리지 말 것.",괜찮다
882,먹보소고기수육국밥,이주현,국밥 전문가라고 해도 과언이 아닐 법한 청량리 어르신들의 입맛을 사로잡은 맛집. 소고기국밥으로 유명한 해운대의 국밥이 시원한 맛을 강조했다면 여기는 진하고 얼큰한 맛이 일품.,맛있다
883,먹보소고기수육국밥,장희,숨은 맛집. 호로록 마시기 좋은 국밥,맛있다
884,자매랑아찌랑,E.T Jun ,원래 베트남 식당이 있던 자리였는데 소리소문없이 사라져 버리고 생긴 식당입니다. 회기에서 장사하시다가 온거라고 들었습니다. 남자사장님 혼자서 요리를 다 하시는데 메뉴가격들도 저렴하고 전형적인 분식집 느낌이었습니다. 김치찌개를 먹었는데 둘이 먹기에는 좀 많은 양이었고 주먹밥도 주셔서 배부르게 먹었던 것 같습니다. 김치찌개는 고기도 많이들어있고 두부도 많이 들어있어서 좋긴 한데 킬링포인트가 없는 느낌..그래도 무난하게 밥이랑 한끼먹기는 나쁘지 않았습니다.,괜찮다
885,치즈밥있슈,미동이,가격이 착해서 괜찮다..,괜찮다
886,치즈밥있슈,Ray,"갈비베이컨치즈밥(8700) 배달시켜서 먹었는데 조그만 음료까지 포함돼 있어서 좋았어요. 맛은 컵밥인데 양은 일반 식사 못지 않아서 자이언트컵밥 같은 느낌ㅋㅋㅋㅋ갈비, 베이컨, 소스까지 딱 컵밥 같은데 무난하게 먹을 만했어요. 치즈가 많은 게 좋았고요. 같이 오는 김가루는 다 뿌리면 조금 짤 수도 있으니 주의하세요.",괜찮다
887,정대감감자탕,ustar,집 바로 앞이라서 자주 방문하게 되는 감자탕집 ㅎㅎ 추운날 따뜻하고 개운한 국물에 야들야들한 살코기와 호로로록 넘어가는 시래기까지.. 갈때마다 항상 잘 먹고 만족스럽게 나오는집 ㅎㅎ 후식아이스크림을 얼른 다시 주면 더 좋겠다,맛있다
888,정대감감자탕,ustar,장안동에서 유명한 감자탕집 ㅎㅎ 중국에다 체인점까지 진출했다지만 특색이랄건 없고 무난하고 감자탕의 정석같은 맛이다. 고기는 살코기가 푸짐하게 붙어있고 잡내없이 부드럽고 뼈에서 잘 발라진다. 가끔 감자탕 먹고싶을때 가면 맛없다는 얘기는 안나오는집입니다,맛있다
889,24시우동,Ray,"- 빠르고 저렴하게 먹을 수 있는 비빔면(5000) 맛집오랜만에 방문했더니 아주머니가 바뀌셨네요. 서비스는 예전만큼 빠릿빠릿 착착 진행되는 느낌은 아니더라도 특별히 불편한 점은 없었고요. 김치와 채소가 가득 들어간 비빔면은 여전히 싸고, 시원하게 맛있어서 만족스러웠어요! 이날 처음 봤는데 면은 반죽 덩어리를 주문 즉시 바로 기계에 넣어서 뽑는 시스템이었어요. 아, 같이 나오는 국물은 너무 짜서 못 먹었는데, 굳이 국물이 필요한 것도 아니라 상관없었어요ㅋㅋ",맛있다
890,24시우동,Ray,여기는 진짜 가성비 맛집이에요! 첫 방문 때 먹은 5000원짜리 비빔면이 너무 맛있어서 올 때마다 비빔면만 먹고 있는데요. 너무 짜거나 너무 맵지도 않으면서 김치가 들어가 시원하고 여러모로 딱 적당한 맛이에요. 심지어 5000원이면 여기서는 비싼 메뉴ㅋㅋㅋ오랜만에 갔더니 면이 아주 살짝 퍼진 느낌은 있었지만 그래도 맛있었어요!,맛있다
891,꽃밭정이추어탕,Wchelin,"무난한 점심식사를 하기 좋은 곳.신설동에 위치한 추어탕집. 골목에 위치해 있는데, 생각보다 점심시간에 직장인들이 많다. 추어탕 전문점인 것 같은데, 닭볶음탕 등의 다른 메뉴도 조금 있다.닭볶음탕을 먹었다. 고추장 베이스의 육수인데, 고추장이 진하지 않아 무난했다. 닭에 육수도 적당히 베어 괜찮았다. 닭 크기는 중간정도인듯.신설동에서 무난하게 한 끼 할만한 곳.",괜찮다
892,옛맛수제피순대,키다리아저씨,"맛과 질      : 30/40  가격/가성비: 16/20 위생/서비스: 17/20위치/분위기: 6/10개성          : 7/10총점       76/100 재방문 : 고민주문메뉴 : 3색 순대, 순대국거주하는 동네 근처라 가까운곳에서 순대 먹고 싶을때 가기 좋은곳~순대국 외에 곱창전골이나 볶음류도 판매하고~ 순대도 3가지를 직접 만드신다고해요. 그래서 근처 사시는분들이 가볍게 술한잔하러 오는 분위기네요^^마장동이 가까운편이라 그곳에서 주재료를 구입해서 만드신데요.3색순대는 기본적인 피순대와 야채순대 그리고 청양고추를 넣은 매운순대이고, 피순대는 부드러웠으며 선지의 비린맛 같은건 거의 느껴지지 않고 깔끔했어요.야채순대와 매운순대는 비슷한 비주얼인데 고추가 들은 매운순대가 살짝 녹빛이 돌아요매운순대라고해서 아주 매운것도 아니고, 은근하게 올라오는 매운맛이라 매운걸 못드시는 분도 먹을 수 있을거 같아요. 매운맛 덕분에 살짝 느끼함도 잡아주네요.소창을 사용해서 순대의 크기가 두껍거나 크진 않은데 한입에 넣어 먹기에 좋았습니다.찍어먹을 소금도 좋지만 새우장과 함께 먹으면 풍미가 더 좋지요~순대국도 깔끔하며 구수한 국물이 괜찮았고, 다행히 누린내 없이 부속고기도 담백 고소해서 좋네요. 부추를 주셔서 듬뿍 넣어 먹을 수 있는점도 좋은거 같아요.일하시던 사장님도 친절하셨고, 좌식으로 앉아서 먹기 살짝 불편하긴 했지만, 가까운곳에서 순대음식을 먹을 수 있는 식당이라 가끔 이용하기 편할거 같네요.가게앞 주차 몇대 가능해보여요~",괜찮다
893,동네식당,Wchelin,"여러가지를 먹어보고 싶은 곳.신설동에 위치한 식당. 식사류도 여러가지가 있고, 떡볶이 등 분식류도 판매한다. 기차역 앞에 여러가지를 판매하는 식당들은 무엇을 먹든 맛이 없는 경우가 많은데, 여기는 그런 식당은 아니다. 식사를 하는 손님들의 표정이 밝다.짜장떡볶이를 먹었다. 너무 진하거나 달지 않아 괜찮게 먹었다. 야끼만두 같은 사리도 추가해서 먹으니 적당한듯. 한 냄비로 둘이 어느정도 배가 차게 먹은 것 같다.다른 음식들도 먹으러 방문해야겠다.",괜찮다
894,다와야식,Ray,오징어볶음(6500)에 계란후라이도 얹어주고 밑반찬도 잘 나오는 편이에요. 가까이 있다면 갈만한 가성비와 맛!근데 일행들에 의하면 볶음류는 괜찮지만 찌개류는 퓨전같이 뭔가 특이한 맛이 영 아니라고 하네요ㅋㅋ,괜찮다
895,명가옛날통닭,아구구,치킨받기전에 가게사진을 찍었다. 배가불러 죽겠는데 할아버지께서 내일 아침에 먹으라고 밤에 3마리나 사주셨다. 사람이 진짜많았고 공장처럼 치킨을 튀기고있었다. 집에가서 스트레칭을하고 다시 먹을수있을것같아서 야식의 유혹을 이기지못하고 치킨을 엄마와 먹었다. 너무맛있어서 둘이서 한마리 다먹었다. 살짝 매콤하고 껍질은 바삭하다. 이게 한마리에 6500 원이라니 ..ㅠ,맛있다
896,북촌손만두,고바마,"홈플러스스페셜 동대문점 1층 푸드코트에 있는  만두 전문점입니다. 인사동에서만 먹어봤던 북촌손만두를 이곳에서도 먹어보네요. 피냉면세트를 시켰는데 튀김만두 2개와 피냉면이 세트로 나옵니다. 겨자와 식초를 적당히 넣어주면 더 맛있습니다. 피냉면은 먹을 때는 잘 몰랐는데, 역시나 먹고 나니 속이 살짝 아립니다.",괜찮다
897,우미설렁탕,우이리,"물비빔냉면 9000 & 갈비탕 10000.새롭고 놀라워요.물비빔냉면이라는 생소한 냉면을 팔아요. 물냉면에 비빔 양념 넣은 느낌이네요. ㅡㅡ 육수는 사골같아요, 허연게. 함흥냉면촉인거 같습니다.심지어 여기 반반(물반 비빔반)냉면도 팔아요.갈비탕 나쁘지않아요. 아이들 데리고 많이들 오시네요.",괜찮다
898,꿀꿀,돼지런한하루,"회기 이문동 11년차의 개인적으로 1위인 김치찌개집.역사가 가늠이 안될정도로 오래된, 사장님 부부께서 운영하시는 가게에요. 정말 맛있는 음식은 술은 부른다죠! 아주 진한 묵은지 느낌? 김치찌개에 계란말이와 김 뚝딱입니다. 식사도 식사지만 김치찌개 하나놓고 술이 쭉쭉 들어갑니다 아주. 다른메뉴도 다 맛있으니안먹어본 사람 없게 알려졌음 좋겠어요. 사장님 부부도 엄청 친절하세요.",맛있다
899,꿀꿀이닭갈비,촘촘,난 여기 좋은데 동기들이 별로래서 가자고 말 못한다ㅠ,맛있다
900,꿀꿀이닭갈비,E.T Jun ,후문쪽에 있는 한끼 해결하기 좋은 식당입니다. 두루치기 정식 6000원이면 배부르게 밥과 고기를 먹을 수 있습니다. 닭갈비정식도 있는데 돼지고기랑 동시에 주문은 안되고 메뉴를 통일해야합니다. 다먹고나면 남은 양념에 밥을 볶아 먹을 수도 있습니다. 밑반찬도 계속 리필할수 있고 밥도 원하면 밥솥에서 더 퍼먹을 수 있습니다. 여러모로 돼지고기를 원없이 먹고픈 배고픈 학생들에게는 인심좋은 집이라 할 수 있습니다.,괜찮다
901,꿀꿀이닭갈비,이상영,외대 후문에 위치한 맛집!고기가 약간짜지만 밥이랑 먹으면 밥도둑이 따로없다ㅋㅋ 반찬도 밥도 무한리필인게 장점!맛 8.5/10,맛있다
902,육쌈냉면,주영,온육수 없인 못살아요,맛있다
903,육쌈냉면,미동이,정직한 프랜차이즈맛,괜찮다
904,육쌈냉면,Ray,물냉면세트(6500) 먹었는데 고기는 너무 얇아 식감도 별로고 맛도 적어서 많이 아쉬웠고 냉면은 꽤 괜찮았어요. 저녁 때 갔는데 사람이 많아서 여럿이 같이 오면 조금 기다려야 될 수도 있을 거 같아요.,괜찮다
905,육쌈냉면,소금,무난해요.,괜찮다
906,돈수백,최준혁,국물은 먹을만한데 양이 진짜 너무한다 싶을 정도로 창렬합니다. 특 시켜야 보통 국밥집에서 일반 시켰을때 나오는 양보다 조금 적은 정도고 일반 시키면 고기 한 20그램 나옵니다. 누가 먹다 남긴거같은 양. 원가 한 천원 나올거같네요. 밑반찬이 원가 더나올듯,별로
907,돈수백,E.T Jun ,"원래 외대앞역 근처에 있던 할매순대국집 자리에 새로 생긴 돼지국밥집입니다. 인테리어는 더 깔끔해졌고 주방은 요즘유행하는 오픈형식이라 믿음이 조금 더 갔습니다. 돈수백이라는 메뉴를 시켰는데 한마디로 수육정식이라고 보시면 됩니다. 돼지국밥과 수육, 보쌈속과 쌈채소등이 제공됩니다. 만원이 안되는 가격으로 꽤 많은 양의 수육과 국밥을 함께 먹을 수 있습니다. 수육은 계속 따뜻하게 먹을 수 있게 되어있고 고기자체는 뻑뻑하지 않고 부드럽고 좋았습니다. 돼지국밥 자체는 무겁기 보다는 가볍고 깔끔한 국물이라 부담스럽지 않았습니다. 왕만두도 직접 빚어서 판매하시는지 확실하진 않지만 공장에서 찍어낸 만두같지 않고 맛이 괜찮았습니다. 다만 오픈초기라 그런지 분위기가 좀 어수선하고 홀이랑 주방이랑 소통이 잘 안되는 느낌.. 이점은 차차 나아질거라 생각됩니다. 외대앞에 없던 돼지국밥이라는 메뉴라는 점에서 좀더 들를만할 메리트가 있는 식당인것 같습니다.",괜찮다
908,짱구네식당,박민구,맛집폐허 시립대에 거의 유일한 맛집.,맛있다
909,짱구네식당,LeeWonhee,혼자갔더니 문앞에서 입장 거절당했네요..배고파서 2인분시키려고 했는데...혼밥은 불가한 식당입니다.혼밥러분들은 기분 상하지 않으시려면 가지 마세요,별로
910,토속순대국,Lydia,"지나칠 때 마다 가게 앞에 나와있는 할아버지하고 강아지가 인상적이었다.순대국밥 7천원돼지국밥같이 고기가 듬뿍 들었고 당면순대가 적게들었다.당면순대를 안 좋아해서 맘에 들었던 부분.양파를 푸짐하게 주시는 인심이 좋았고 국물은 간간~하다.싱겁게 먹는 입맛이라 기본 순대국, 곰탕 등에 소금간 잘 안 하는데 기본적으로 소금간이 되어있다.음식은 맛있으나 카드결제가 안돼는 부분...소주 맥주는 병인데 무려 5천원이다. 베짱장사그리고 위생상의 이유로 괜찮다로 평가.ㅂㅋㅂㄹ 넘 오랜만에 봤다. 테이블, 벽면 등 보호색이라 많았던 걸까 허허...",괜찮다
911,토속순대국,집사,"고기 엄청 많고, 특유의 향도 굉장히 좋고 맛있음. 김치가 엄청 달달한데 순댓국과 매우 어울림. 맛있는데 단점은 좌식 + 꼰대할아버지. 왼손으로 먹으면 뭐라하고 폰보면서 밥먹으면 뭐라하고 남자가 여자 물 따라주고 등등해도 뭐라하고 현금 안 내면 뭐라 함. 맛는 최고, 서비스는 꼰대.",맛있다
912,북창동순두부,HP7,그냥 무난한 순두부특이사항 없음재방문의사 거의 없음,괜찮다
913,주다냉면,임맛잘봄,냉면의 기본이되는 맛.. 먹고 뒤탈없이 깔끔한 맛.. 신비하고 맛있는 소스.. 짱맛 (물냉 비냉 다 만족),맛있다
914,주다냉면,라미,냉면전문집오천원밖에 안하는 가격에 엄청난 퀄리티의 냉면.같이 딸려오는 양념소스에 면을 비비면 비빔냉면이 된다. 점심만되면 사람이 넘쳐나지만 아직 알려지지않은 곳.,맛있다
915,옹골진치킨,플렉서,다른 안주는 모르겠으나 치킨은 아니라고 봄다른 안주는 못먹어봄 퍽퍽하고 그냥 편의점 치킨이하로 보임 동네 육칠팔천원 닭전문점 치킨맛과 유사식어도 최소한의 부드러움과 맛은 살아있어야하는데 더이상 못먹을 지경였다 고대생들을 위한 회식장소로는 넓고 좋겠다,별로
916,명동찌개마을,ustar,동태탕에 내장추가해서 소주랑 먹었습니다동태탕이야 뭐 말해 뭐합니까 시원한 국물이 일품이죠전문점에는 못미치는 수준이긴 하지만 가깝고 무난하게 이용할 수 있어서 국물에 소주가 먹고싶을때 찾습니다. 양이 부족하면 계란말이나 오징어데침을 사이드메뉴처럼 추가해 먹을 수 있는것도 좋은것 같아요. 비오는날 찌개가 먹고싶으신분들 추천드립니다 ㅎㅎ,괜찮다
917,마늘떡볶이,YNZ,"동네 떡볶이 맛집 발견하고 기쁜 마음으로 호다닥쓰는 리뷰. 포장으로 먹는 바람에 사진이 너무 못생겼지만, 여기 진짜 떡볶이 맛집!! 다진 마늘이 들어가 국물이 찌개처럼 시원하고 칼칼하다. 마늘 떡볶이로 유명한 다른 곳들과 비교해봐도 이곳이 제일 좋다. 나중에 선선해지면 가게에 방문해서 먹어야지!! 순대나 튀김은 막 맛있는 거까진 아니고 무난한 편.",맛있다
918,마늘떡볶이,그러나,개인적으로 홍대마떡보다 장안동마떡을 선호합니다! 홍대마떡처럼 통마늘이 들어가있지는 않고 다져서 들어가있어요. 떡볶이 국물이 너무 시원해서 순대 김밥튀김어묵5천개 정도 찍어먹을수 있습니다... 튀김도 괜찮은 편이고 나머지 메뉴들 (어묵 순대 꼬마김밥 등)은 평범해요.먹어보진 않았지만 마늘떡볶이 말고 일반 떡볶이도 있습니당,괜찮다
919,컵짱이야,미동이,어렸을 때 사먹던 닭강정맛,괜찮다
920,컵짱이야,E.T Jun ,닭강정. 컵밥,괜찮다
921,범표어묵,배써,시간알바아줌마 싸가지없고 말을 함부로하고 가격에 비해 맛도별로고 참고로 근처사는 동네사람입니다,별로
922,범표어묵,아녜스,ktx 기다리면서 들어간 청량리 범표어묵. 식당이라고 하기엔 협소해 역사 내 코너 정도다. 좌석도 없고 모두 서서 먹어야하는.. 꼬치어묵1개와 어묵참치김밥을 시켰는데 어묵은 언제나 그렇듯 맛이있고 ㅋㅋ 의외로 김밥이 정말 맛있었다. 어묵이랑 참치의 조화가 이렇게 맛있었다니 ㅜㅠ집에서 해먹어보고싶다. 김밥치고 살짝 가격이 있긴하지만 내용물이 실해서 배가 든든했다. 기차 타시는 분들은 테이크아웃해가시면 좋지 않을까 싶다. 나중에 청량리에 가면 또 먹고싶다.,맛있다
923,서울김밥,추억의도나쓰,아파트 주민들이 가볍게 들를 수 있는 분식점이에요. 새우볶음밥과 콩국수 모두 양은 많은 편이고 맛도 가격대비 괜찮아요. 밑반찬은 셀프인데 반찬이 정성껏 만들어졌다는 느낌은 없네요.,괜찮다
924,소문난보배곱창,이영은,5.0/5.0솔직히 1인분 8000원에 이정도 맛과 서비스 성실함 제공해줄 수 있는 곱창집이 근처에 있는지 모르겠다!!늘 친절하신 남여 사장님들 그리고 손맛 좋으신 할머님 갈때마다 늘 기분이 좋다♡넘 맛있어서 여러분 재방문함.고려대 근처 사신다면 꼭가세여~~아. 볶음밥은 필수!!!!!,맛있다
925,소문난보배곱창,주배,"3.8 / 5.0고대 근처 곱창맛집 찾다가 가게된 곳. 정문 기준으로 10분정도 걸으면 나온다. 동네주민분들이 자주 찾는 곳인지 사람이 많다.곱창 양이 진짜 많다. 개인적으로 양념도 잘 되있었고, 맛있었던 곳. 딱하나 정말 아쉬웠던 점은 비린내가 좀 난다. 비린내에 민감하신 분들은 주의하시는게 좋을듯",맛있다
926,동서비빔국수,최고,비빔국수를 먹었는데 고기와 같이 나와서 국수만 먹기 아쉬운 사람들에게 딱입니다 양념장도 사장님이 직접 과일과 꿀을 넣어서 만드신다해요 그래서 그런지 자극적이지 않고 먹고 난후에 속도 편안하구요 점심시간에 가면 항상 자리가 없을정도로 꽉차서 저는 12시전이나 1시이후에 가요 우리동네 맛집~~오래오래 장사하셨으면 좋겠어요#먹어서응원 #답십리맛집 #맛있다,맛있다
927,동서비빔국수,최고,동서비빔국수는 직접 과일과 꿀을 넣어서 양념을 만든다고 하셨어요 그래서 그런지 자극적이도 않고 다먹고 나서도 속이 편안했어요 그리고 야채도 듬뿍주시고 맛도 너무 맛있어요사장님도 엄청 친절하시네요 사진은 못찍었지만 비빔밥이요 고추장맛이 아닌 진짜 맛있는맛 이예요 완전 강추입니다#먹어서응원 #맛있다,맛있다
928,사랑채,E.T Jun ,외대 도서관 뒷길로 나가서 좀만 올라가면 나오는 보석같은 한식당입니다. 가격대는 전형적인 외대앞 밥집들처럼 저렴한테 반찬이나 나오는 음식들이나 전부 괜찮았습니다. 순두부찌개는 너무 자극적이지 않고 시원한 맛이좋았습니다. 돌솥비빔밥도 들어가는 재료들도 좋았고 평균이상이었습니다. 무엇보다도 나오늘 반찬들이 직접 만드신듯 했는데 어느 하나 빠질것 없이 괜찮았습니다. 집에서 엄마가 해주는 반찬처럼 자극적이지 않고 식사할때 무난히 식욕을 더 돋구어주는 그런 맛입니다. 감자전은 가격대비 크기도 크고 두툼하게 나오고 맛도 정말 좋았습니다. 막걸리를 부르는 맛..전반적으로 상당히 만족스러운 식당이었습니다. 주력메뉴는 동태찌개 같으니 다음번에는 동태찌개를 먹어볼 예정입니다.,맛있다
929,전주분식,AlexTheFood,"경희대 정문 쪽의 정말 싸고 맛있는 집!기본으로 계란말이, 김, 떡볶이, 김치, 콩나물무침이 나오고 흑미밥이랑 이 기본찬들은 다 리필이 된다.우리는 셋이 가서 제육볶음(5000원), 돈까스(5000원), 김치찌개(5000원)를 시켰는데 돈까스는 그저 그렇고 나머지는 정말정말정말 맛있었다! 남자끼리 가서 사진 찍으려니 타박 받느라 잘 못찍었지만... 정말 맛있다ㅜㅜ 가격도 정말 싸기 때문에 현금을 내는 게 예의... 현금을 준비해 가시길 추천드린다.단점은 정말 좁고 허름하다. 할머니 한 분이서 다 하시는데 정말 시골 할머니 집 가서 정말 맛있는 밥 얻어먹는다고 생각하면 된다(msg 가득 들어간).바로 옆의 '깨비'가 원래 같은 컨셉으로 유명한데, 나도 친구들도 이 곳이 더 낫다고 생각한다. 가격은 똑같은데 더 맛있구 여기는 밥도 더 먹을 수 있으니!시험공부 하는 경희대생이라면 친구들끼리 빠르고 싸고 맛있게 먹을 곳으로 여기가 짱이라고 생각한다. 추천!!!",맛있다
930,천호낙지,기르,"두부,소면 등이 있는 셀프코너가 좋았다동네맛집 인정 매운낙지 굿",맛있다
931,김씨네돌솥밥순두부,즌짱,"3-4년 전에 가족들과 자주 가던 식당. 본인이 뜨거운 음식을 잘 못 먹어서 잘 안 먹으려 해서 발길이 뜸했던 곳인데- 웹툰 보다가 순두부 찌개가 너무 먹고 싶어져서 오랜만에 방문.원래는 장안동에서 먹었지만 이 날은 휘경동에서. 가게는 똑같은데 (내부 인테리어 구조까지)- 장안동은 전에 1000원 올려서 9000원~인데 여기는 예전 가격대로 8000원~이다.찌개를 시키면 돌솥밥이 나오는데, 주문과 동시에 조리해서 16분 정도 걸린다. 여기는 반찬도 맛있고 찌개도 맛있어서 좀 오버해서 먹게 되는 곳. 밥+생김+간장 조합도 좋고, 무 생채가 새콤하니 맛있고, 겉절이도 간이 딱 좋고. 간이 셀 때는 시금치. 아우,,, 밑반찬 한 입 먹어보면 밥이 절로 들어간다.포장 및 배달도 되던데, 여기는 꼭 가서 먹어야 아쉽지 않다. 밑반찬이 정!말! 맛있어서 여러번 리필해서 먹어야 함.해물 순두부를 먹었는데, 조개, 굴, 새우가 아쉽지 않게 들어간다. 매운맛 조절이 가능한데, 맵찐은 조금 맵게 주문해서 먹으니 칼칼하고 좋았다. 정말 맛있어서 공기밥 추가해서 엄마 아들이랑 나눠서 배가 터질 정도로 먹었다. 찌개며 반찬이며 밥이며 누룽지며 싹싹 긁어먹을 정도로 맛집. 순두부 찌개 종류가 무척 많은데, 메뉴별 편차는 크지 않다. 약간 그게 그거 느낌이긴 한데, 재료에 따라 맛이 확연히 다르게 느껴질 때도 있다. (ex. 곱창 순두부)곱창 좋아한다면 곱창 순두부를 추천. 먹어도 먹어도 곱창이 계속 나온다. 기본이라 생각되는 해물 혹은 섞어도 맛있다.",맛있다
932,용두감자탕,영영,16000원에 감자탕 사리를 먹을 수 있는 가성비 맛집입니당저렴한 편인데도 고기양도 많고 시레기도 충분! 국물도 깔끔한 곳입니당그냥 저렴한 가격에 들어가본 곳인데 만족스러웠습니당음식도 빨리 나와용하지만 가게가 작아 회식하는 사람들을 만난다면 너무 시끄러울 수 있습니당..,맛있다
933,육전식당,꒰◍ˊꈊˋ◍꒱,매번 갈때마다 만족하는 곳!,맛있다
934,육전식당,김준형,진짜 너무 맛있었습니다. 고기도 직접 구워주시고 다만 1인분 150g이 좀 아쉽긴 했지만 맛있어서 용서됩니다...! 된장밥 꼭 드세요!,맛있다
935,육전식당,몬다남,삼겹굳,맛있다
936,육전식당,UDOEE,요즘은 돼지고기 맛있게 하는 집이 많아져서 상향평준화 된 상황 인데.. 몇년 전 육전 식당 처음 먹어보고 많이 놀랐었다. 명이나물도 맛있고 고기에는 와사비 필수라 생각 하는 1인 한테 취향저격 생와사비 까지 이것저것 많이 시켜 먹어도 삼겹살이 제일 맛있고볶음밥 추천 해주셨는데 정말 별로다..! 공기밥 먹는 걸 추천 웨이팅 기다릴 가치가 있는 곳,맛있다
937,육전식당,으히히,"✦ 맛 3/5  분위기 3/5  재방문의사 △정말 긴 대기시간을 기다려서야 먹을 수 있었던 육전식당.직원들이 다 구워줘서 편하게 먹을 수 있으나, 많은 양을 주문해도 한번에 다 구워주셔서 식은 고기를 먹어야하는 아쉬움.사람이 많아서 그런건지 약간 빨리 빨리 먹고 나가야 할것같은 분위기. 먹는 동안 좀 마음이 불편했다.고기는 솔직히 말하면 요즘 워낙 맛있는 고기집이 많아서 그렇게 뛰어나게 맛있다. 고기의 질이 좋다. 이런건 못느꼈다. 이렇게 긴 대기를 하고 먹을 정도는 아닌듯하다. 워낙 유명하기에 한번쯤은 맛볼만하지만, 힘들게 먼곳에서 방문해서 오래 기다려서 먹을 정도는 아닌듯하다.",괜찮다
938,육전식당,HP7,지점별로 맛은 무차별하게 맛있음숯불 명이나물 와사비 상추까지삼겹살집의 끝판왕이 아닌가 싶다,맛있다
939,육전식당,미동이,고기가 좋은듯 맛있음,맛있다
940,육전식당,한나연,4.3정도의 맛은 정말 아님.실망이 컸다. 삼겹살 목살 둘 다 먹기도 되게 퍽퍽하다.  친절하지만 고기가 별루....,괜찮다
941,육전식당,다영,"망고플레이트에서 1시간이상 웨이팅 했다는 게시물을 몇개봐서 웨이팅 오래 할줄알았는데 대기번호 1번을 받고 15분 정도 기다린후 입장! 오예!몰랐는데 수요미식회에 방영되어  맛집으로 알려진 장소라고 한다.우리는 구석으로 안내받았고 자리는 이미 세팅이 되어있었다.우리는 삼겹살 2인분과,된장,곤드레솥밥을 주문했다.고기가 나오기전 숙주나물을 먹었는데 벌써 심상치않았다 존맛ㅋ주문한 삼겹살엔 소금이 살짝 뿌려져있었구칼집이 나져있었으며 두—툼한게 보기좋았다.여기 직원분들이 구워주시는데 우리테이블을 잊지 않으시고 잘케어해주셨다. 세워서 익히고~~눕혀서도 익히고~고기가 익고나서 직원분이 소금에 찍어서 먹길 권하셨다.도톰하고 뜨뜻하고 고소한 육즙이 촤르르르 살코기가 입안가득...하ㅁㅊ......이 집 삼겹살 대하여 더이상 할말이없다 그냥 존맛이다바로 입에 소주 탈탈...입안에선 이미 페스티벌 진행중;진짜 맛있었다...다 구워진 고기는 더 익거나 타지않게 옆에 작은 접시에 담아주셨다.개인적으로 소금 찍어먹는게 맛있었다.양이 부족해보일수도있지만 된장이랑 곤드레밥이 있어서 전혀 부족하진않았다.곤드레밥은 기호에맞게 간장,기름등을 첨가해서 먹는데 오빠가 주는대로 비벼먹었당곤드레밥이랑 된장이랑 같이 먹으니 조화로웠다.고기 가격은 좀 비싸다고 느껴지는데 한입먹고나면 가격이고 나발이고 그런생각은 싹 사라진다..**그리고 소주 시킨다고 직원들 불렀는데 우리테이블을 진짜 쪼금 늦게 확인하셨는데 늦게확인해서 죄송하다고 말씀해주셨다.....고기의맛도 맛인데 서비스마인드가...Goood...별거 아닌데 왜 감동인지...진짜 훌륭한 서울 삼겹살 맛집이라고 생각이 된다.육전식당 진짜진짜 강력하게 추천!!!(아쉬웠던 점을 찾을려고 노력했지만 없었다....최고...!!!)",맛있다
942,육전식당,mazzoni,"유명세를 얻기 전과 비교해서서비스, 맛, 가격, 찬구성까지 너무 차이남고기먹을때 곁들이던 명이나물 김치 등 다 빠지고귀찮다고 돌솥밥도 없애버림 ㅠㅠ대신 서비스 된장 내주기 싫어 된장에 밥말아서 7천원적외선 온도계로 불판체크하며 이쁘게 큐브모양으로 썰어주던걸 퍼포먼스 사라지고대표 네임드에서 그냥 동네 평범한 고깃집으로 전락슬프다.",별로
943,육전식당,fallinautumn,육전식당은 다른 말 필요 없이 그냥 맛있습니다.,맛있다
944,육전식당,Yongman,퍽퍽한 고기보다는 부드러운 고기를 좋아하는 편인데 거기에 딱 맞는 고깃집. 고기를 와사비 소금과 같이 먹는 걸 처음 알게 해준 집,맛있다
945,육전식당,김태훈,통삼겹은 대게 여기서 먹어요. 가격에 비해 양이 좀 적은게 흠,맛있다
946,육전식당,Yenny,"듣던대로 목살 맛집.브레이크타임 이후 4시에 맞춰가서 사람 없이 편하게 먹었다.코로나의 여파인지 그 후에도 사람이 많지 않았어서 서비스도 좋았다.목살, 삼겹살, 항정살 다 먹어 봤는데목살>>>항정살>>>>>삼겹살 순으로 맛있었다.목살은 특유의 퍽퍽함이 거의 없이 부드러웠고, 육즙이 팡팡 터졌다. 소금만 찍어도 충분히 맛있고 풍부한 맛을 느낄 수 있었다.항정살도 기름기름하지만 원래 그맛으로 먹는것이니 맛있었다. 항정살은 역시 와사비에!삼겹살은 그리 기억에 남지 않는다. 여긴 무조건 목살..볶음밥 대신 먹은 된장밥도 간간하니 맛있었다!사람이 별로 없어서였는지 고기냄새도 별로 안 배었고, 직원분이 처음부터 끝까지 맛있게 구워주셔서 좋았다. (약간 부담스럽긴 했다...)요즘은 워낙 돼지고기 맛집이 많아서 대체불가까지는 아니지만, 추천!",맛있다
947,육전식당,계절한입,"봄, 삼겹살을 감싸는 명이나물 ""이것은 삼겹살인가 소고기스테이크인가""⠀#육전식당#신설동맛집 #삼겹살 업계에 충격을 던져준 식당..장인들이 직접 두꺼운 삼겹살을 구워주는 현재의 고깃집들이 대중화되기 전, 그 시초를 알린 가게 중 하나였다. 지금도 여전히 삼겹살계 TOP.장인 직원.. (직장인?) 분이 구워주신걸 바로 무는 순간 육즙이 터지고, #명이나물 에 싸먹으면 황홀경이 터진다. 내가 지금 소고기 등심 스테이크를 씹고 있나..?김치치즈볶음밥은 파마산치즈를 올려 달달하고 낯선 맛이다.분점이 꽤 생겼는데 #신설동 디오리지널이 짱 ..ㅡㅡㅡㅡㅡㅡㅡㅡㅡㅡㅡㅡㅡㅡㅡㅡㅡㅡㅡㅡㅡㅡㅡㅡㅡ⠀✔️서울 신설동, 동대문구✔️11:00-23:00 (BT 15:00-16:00) 추천 : 통삼겹살/통목살 (15,000)기타메뉴 : 볶음밥 (4,000)➕좌식 테이블, 웨이팅 있음, 분점 2호점이 근처",맛있다
948,육전식당,남지형,고기구워주는 식당은 많이 있으나 개인적으로 이곳이 제일 맛있었다,맛있다
949,육전식당,왕앵무,돼지고기 맛집 추천해줘~ 하면 늘 추천 받던 곳이었는데 왜 그렇게들 칭찬하는지 알 것 같던 곳. 고기 질도 좋은데 직원 분들의 굽는 스킬까지 더해지니 정말 돼지고기가 이런 맛이?! 하고 충격을 받게 된다. 콜키지 프리인 것도 마음에 든다.,맛있다
950,육전식당,chanwook_ie,요즘 맛있는 돼지고기 전문점들이 워낙 많아서 그런지 큰 감흥은 없었다. 삼겹살은 트랜드에 맞게 두껍게 잘라 주는데 비계가 너무 많고 가격 대비 양이 너무 적다.식사로는 공깃밥을 시켰으나 찌개가 나오지 않아서 된장밥으로 바꿨는데 이것 역시 무난하다. 멀리서 찾아올 곳은 아닌 거 같고 차라리 집 근처 고깃집에 갈 거 같다.,괜찮다
951,육전식당,훠훠훠,맛잇음 고기도 구워주고 딱 맛잇게해줌반찬도 깔끔하고가격대가 좀 있어서 가족끼리가면 더 좋을듯,맛있다
952,육전식당,회기동8년차,고기는 맛있지만 이가격에? 라는 아쉬움이 남는 집.,괜찮다
953,육전식당,학윤,육전식당속도도 엄청 빠르고 맛도 준수했다,맛있다
954,육전식당,부읍,맛있다! 삼겹 항정 목살 다~,맛있다
955,육전식당,파피푸푸,"주말 저녁이라 앞에 7팀 있었고 40분 정도 기다렸어요. 번호표를 먼저 받고 별도 대기실에서 앉아서 기다리다가, 방송으로 번호를 부르면 가게로 입장하는 시스템이어서 무척 편했습니다.사실 별 기대없이 먹었는데 진짜 맛있었어요. 한 입 먹어보고 맛집으로 유명한 이유를 바로 체감. 돼지고기를 먹는데 육즙이 정말 팡팡 터져요. 쥬시하다는 감상이 절로 들었습니다. 고기를 다 구워주셔서 먹는 것도 편했구요. 목살 삼겹살 시켰는데, 둘 다 맛있었지만 목살이 좀 더 쫄깃하고 맛나게 느껴졌습니다. 삼겹살은 비계부분도 안 비리고 쫄깃하고 탱글하더라구요. 기다린 보람이 충분히 있는 맛.",맛있다
956,육전식당,아르투아,"직원들도 모두 친절하고 맛도 괜찮았으나150g에 15000원 주고(10g에 천원이라니) 갈 곳은 아닌 듯 하다삼겹2목살1(한덩어리 반), 냉이나물2번, 냉면ㄴ5만3천원평소 양이 많은 편이 아닌데 그럼에도 적었다고기만 적은 게 아니고 냉면도 4천원인데 둘이서 젓가락 세네번 휘저으니 바닥났음다들 한번쯤은 가볼만하다는 이유를 알겠다 재방문의사 절대 없음",별로
957,육전식당,만종스,"소문만 듣다가 드디어 찾아간 육전식당! 밖에서 대충 보고 웨이팅없네? 하고 들어갔다가 역시나 없기는 개뿔 한시간정도 기다린 것 같다ㅋㅋㅋ 근데 대기실을 잘 해놔서 딱히 힘든 건 없었음 주문은 셋이서 삼겹2 목살1 항정살1에 명이나물이랑 냉면도 두개해서 배불리 먹고 왔다목살이 먼저 익어서 목살로 스타트를 끊어봤는데 워우 육즙 장난아니고염.. 목살이니 당연히 어느정도 퍽퍽할 것도 생각하고 먹었으나 너무 부드러웠다.. 확실히 삼겹살보단 퍽퍽함이 느껴졌으나 평소 먹는 목살에 비하면 거의 제로에 가까울지경; 목살 별로 안 좋아하는 사람들도 여기껀 맛있다고 할 듯삼겹살은 말해뭐해 목살보다 육즙이 더 뿜뿜하고 기름기도 약간 더 느껴진다 목살도 삼겹살도 맛있지만 굳이 하나만 꼽으라면 삼겹살! 두툼하니 씹는 맛도 있고 크기가 커서 하나 먹는게 거의 웬만한거 두개씩 먹는 느낌먹다가 약간 부족한 듯 해서 추가한 항정살은 식감이 확실히 달랐다 지방층이 두꺼워서인지 이로 썰 때 약간 꼬들한? 느낌이 듬 친구는 좀 느끼하다고 했지만 난 잘 모르겠고 그냥 맛있었다ㅠ 후식냉면으로 비냉,물냉을 하나씩 주문했는데 냉면은 그냥 쏘쏘다 비냉은 참기름을 많이 넣었는지 약간 과하게 고소했음 하지만 나쁘진않아서 고기랑 같이 얌얌챱챱 맛있게 잘 먹었다아 그리고 여기 콜키지가 한 병 무료다 우리가 와인 들고 앉으니 바로 잔 가져오시고 코르크 따주심 고기에 와인 한 잔 씩 하는 것도 꽤 좋더라 거기에 직원이 고기를 구워주는 것도 정말 좋았는데 굽는데에 신경 안쓰고 먹기에만 집중하니 더 맛있는 것 같음 진짜 간만에 인생고기 먹은 것 같았다 다만 약간 아쉬웠던 건 거의 다 먹어가니 아주머니께서 옆에 와서 더 주문할 건 없냐 물어보고 서서 보고있고 계속 눈치주는 게 좀 그랬다 안그래도 식사시간 두시간 제한 걸어놨고 애초에 우린 식사도 빠르게 하는 편이라 한시간도 안 된 상태였는데 이렇게 눈치를 주다니..! 회전률을 높이기 위함이겠지만 좋았던 식사의 끝이 별로라 아쉬웠다 하지만 맛있으니 또 가긴 할 듯ㅠ 벌써 또 먹고싶네 휴!.통삼겹살 (₩15,000)통목살 (₩15,000)항정살 (₩18,000)마무리 냉면 (₩4,000)명이나물 (₩2,000).맛 ★★★★★가성비 ★★★총점 ★★★★",맛있다
958,육전식당,영영,고기가 두꺼워서 씹는맛이 뛰어납니당웨이팅이 있긴했으나 장소가 마련되어 있어서 편하게 기다릴 수 있었습니다삼겹살 목살 항정살 냉면을 먹었어요삼겹은 통통하면서 돼지잡내가 안나서 좋앗어용목살은 퍽퍽함없이 스테이크 같은 느낌이었어요항정살은 부드러운데 느끼함이 있어서 몇점만 먹는게 좋을 것 같았어요냉면은 무난합니당 고기랑 같이 싸먹으면 느끼함을 잡아줘서 좋아요와인콜키지가 한병까지 무료이고 직원분들이 빠르고 친절하셔서 좋았습니당통통 돼지고기를 맛있게 먹을 수 있는 곳입니당,맛있다
959,육전식당,알렉산더아놀드,와사비랑 명이나물이랑 먹으면 맛있어요. 그리고 제가 고기를 잘 못 굽는데 잘 구워주셔서 좋았습니다!,맛있다
960,육전식당,브라더,육즙이 살아있고 고기질이 뛰어나다. 비싼만큼 값어치를 한다,맛있다
961,육전식당,해띠,"먹으면 상투스 울린다는 말에 너~무 기대가 컸으나 그 정도까지는 아님.물론 맛은 있다! 대학시절  자주 감.삼겹살, 목살, 볶음밥도 괜찮다.고기맛 좋고 서비스 훌륭하니 맛집 아임미까~!",맛있다
962,육전식당,서박,역시나 맛있다몇년 전 2호점에서 처음으로 육전식당을 맛 본 후 집이랑 너무 멀어서 가끔씩 강남점을 이용했었는데 이번에 기회가 되서 1호점 방문-저녁영업은 4시 시작인데 10분 전 도착4시에 들어갔을 땐 한 자리 빼고 모두 찼다다들 어쩜 그렇게 맞춰서 오셨는지~예전에 삼겹이 다 맛났던 기억에삼겹2인 주문하고 목살 1인 두번 추가맛있데 구워 주시고 친절함과 신속함에 만족만족파채 맛있고 상추 계속 리필 부탁드려도 바로바로 주셔서 내내 즐겁게 있었다초2 조카랑 갔는데 조카 먹으라고 달걀찜 서비스까지~~ 이렇게 서비스까지 주시면 감동하죠,맛있다
963,육전식당,somg,아빠가 대박 삼겹살 맛집을 찾았다해서 갔었는데 너무 그저그래서 깜놀. 인터넷에도 되게 많은 사람들이 예찬하던데; 왜지.. 그 날이 그저 그랬던 것인지 해서 몇달뒤에 친구와 아빠를 끌고 다시 갔는데 역시나 평범 그자체 다들 대실망,괜찮다
964,육전식당,깽민,맛있다! 맛있는데 비슷한 컨셉의 식당이 많아진 지금 시점에서 이 집만이 가진 메리트는 좀 떨어지는 것 같기도 하다. 삼겹살 항정살 목살 세종류를 먹었는데 확실히 삼겹살이 가장 맛있다. 항정살의 기름짐과 목살의 부드러움과 담백함이 혼재하는 맛이다. 각각 별개로 먹어도 맛있는 항정살과 목살의 장점만 뽑은 셈이니 가장 맛있는게 당연하긴 하다. 육즙을 가득 머금고 있는 삼겹살은 많이 먹어도 느끼하거나 물리지 않는다. 이게 가장 큰 포인트인 것 같다. 직원분들도 친절하시고 고기 좀 먹었다고 서비스도 주셔서 좋았다. 된장찌개랑 볶음밥도 먹었는데 고기 종류에 비해서는 좀 떨어지는 느낌. 고기에만 집중해서 먹는 것도 좋을 것 같다.,맛있다
965,육전식당,맛집찾아삼만리,드디어 본점에 방문!강남점에서 경험은 해 봤지만 꼭 본점에도 와 보고 싶었다.근데 뭐랄까.... 기대가 컸던 것인지 차라리 강남점이 더 나은 거 같은 느낌!,맛있다
966,육전식당,민주,맛있고 직원분들이 대체로 친절하십니당,맛있다
967,육전식당,내일은먹방중,소문듣고 가봤는데 정말정말 맛있다ㅠㅠㅠ150그램에 15000이고목살과 삼겹살이 유명하다삼겹살은 비계부분마저 통통하고 고소해서 맛있었고 목살은 입에서 살살 녹을 정도였다ㅠㅠ같이 나오는 와사비 얹어먹으면 진짜 천국의 맛일요일 6시에 갔는데도 날이 더워서 그런지 웨이팅이 1-2팀 뿐이었다,맛있다
968,육전식당,Kevin Seungho Jeong,5고소하고 촉촉한 고기입니다^^ 매우 맛있게 잘 막었습니다,맛있다
969,육전식당,정은,통삼겹 / 항정살 / 마무리 된장찌개 / 마무리 볶음밥,맛있다
970,육전식당,작뾰,구워주는 사람에 따라 맛이 너무 차이난다. 가격대비는 별로,괜찮다
971,육전식당,lidocaine,본점이 제일 맛있을거야 생각하면서 찾아간 곳~  오픈 시간대에 가서  대기는 안했어요 우선 삼겹살은 생각보다 육즙이 그다지... 그냥 기대보다는 못했어요. 근데 항정살이 정말 괜찮았어요 고소함과 적당한 담백함이!! 전 삼겹살보다 항정살이 맛있었어요. 볶음밥은 그닥.....,괜찮다
972,육전식당,* Y _,5/5점고기맛 정말 모르는데요기 삼겹살 먹고는 와 정말 너무 맛잇다 라고 감탄함한시간 웨이팅할만한 곳 진짜,맛있다
973,육전식당,김덕현,삼겹살의 화룡정점! 여기 먹고 다른 고기못먹습니다. 맛있는 만큼 대기는 감당하셔야 합니다.,맛있다
974,육전식당,먹고듀금,오픈시간에 맞춰가야하는집! 돼지고기를 이렇게 많이 맛있게 먹을수 있다능걸 알게해준곳 ㅋㅋㅋㅋㅋㅋ,맛있다
975,육전식당,구본홍,세번째 방문이다맛있는 삼겹살을 먹고 싶을 때 가장 먼저 생각나는 곳!수요일 5시에 도착했는데 대기도 없고 자리도 다 안찼었다앞선 두 번의 방문에서는 삼겹살만 먹어서 오늘은 항정살과 목살도 하나씩 먹어봤다삼겹살-항정살-목살 순으로 맛있었다와사비+명이나물과 같이 먹다보니 목살보다 기름기가 많은 삼겹살과 항정살이 더 잘 어울렸다항정살은 소금 찍어 먹는 게 더 맛있었다!세번째 방문이라 그런지 사진 찍기도 귀찮고 처음 왔을 때의 그 충격적인 맛이 아닌 것 같았다. 그땐 진짜 정신놓고 먹었었는데ㅋㅋㅋ 맛이 달라진 건지 익숙해진 탓인지 (후자같지만) 살짝 아쉬웠다. 그럼에도 대체가 없기에 맛있는 삼겹살 먹고싶으면 분명 또 올 듯. 세 메뉴 다 먹어봤으니 다음부터는 목살 없이 삼겹살 8 : 항정살 2 정도로 시켜먹을 듯 + 마무리 비냉도 괜찮았다.,맛있다
976,육전식당,더치커피워터,4시에 칼같이 왔는데 바로 80%쯤 차더라고요… 여튼 최고였습니다.,맛있다
977,육전식당,silvert,맛있습니다 삼겹살에서 이끌어 낼 수 있는 최대한의 맛을 이끌어낸 것 같습니다. 그런데 요즘엔 삼겹살집이 다들 상향평준화된 느낌이 없지않아 있습니다. 다른 일반집들보다야 훨 맛있디만 가격을 생각하면 아쉬운 느낌이 듭니다. 한 번쯤은 꼭 가볼만한 삼겹살집인 것 같습니다,맛있다
978,육전식당,amber,[⭐️⭐⭐⭐️️️] 4.0/ 재방문 의사 80%아 말해모해~~;; 지겹지듀 않니육전식당 때문에 삼겹살 안 먹던 내가 삼겹살 러버됐다. 그치만 난 목살이 더 맛있어 히- 2018.12.02,맛있다
979,육전식당,호빵과맛동산,"드디어 가본 육전식당! 수요일 점심 이른 시간에 갔지만 웨이팅이 꽤나 있어서 당황했다. 번호표를 뽑고 2층에서 기다리라길래 일단 터덜터덜 올라갔는데, 추억의 오락실 콘솔이 떡하니 놓여 있길래 열정적으로 게임을 하기 시작했다. 메탈슬러그 두 번째 스테이지쯤을 하고 있으니 내려오라길래 약간 아쉬웠다... 웨이팅이 좀 더 길었으면 좋았을텐데(?)잡설이 길었지만 이 곳의 삼겹살은 정말 최고다. 삼겹살에 이렇게 육즙이 많은 줄 몰랐다. 사실 얘 돼지가 아닐지도 모른다...! 추천해주시는 조합인 명이나물+와사비도 정말 맛있지만, 그냥 고기만 먹어도 너무 맛있다. 삼겹살을 금방 물려하는 편이어서 끝까지 맛있게 먹어본 적이 없는데, 오랜만에 마지막 한 점까지 맛있게 먹었다.목살도 하나 시켜봤지만 목살은 생각보다 좀 별로였다. 부드럽기는 진짜 부드러운데, 씹힐 때 나는 맛이 조금 이상했다. 약간 덜 익은 것 같기도 하고(여기까진 괜찮다), 묘하게 잡내...?가 약간 있었다. 고기를 다 먹고 시킨 냉면과 볶음밥은 그냥 마무리하기 딱 좋은 고깃집 냉면과 볶음밥이었다.삼겹살 하나만큼은 정말 박수를 치고 싶어지는 집. 목살은 (내가 먹어본 것만 생각했을 때) 그냥 그랬다! 웨이팅하는 손님을 위한 세심한 서비스도 좋았다. 근데 웨이팅이 더 많은 시간대에 가면 오락실 콘솔조차도 웨이팅을 하게 되지 않을까...?",맛있다
980,육전식당,Tmi,워낙 유명한 육전식당. 경사된 곳에 위치해서 주차하기는 너무 힘들지만 맛있어서 용서 가능.특이하게 명이나물과 와사비에 고기 먹으라고한다.요즘 트렌디한 삼겹살집들은 다 명이나물과 와사비 준다. 하지만 원조는 여기.삼겹살보다 오겹살이 더 통통하니 맛있었다.된장찌개는 평범했다.하지만 웨이팅 시간이 길 수 있으니 평일 오후 일찍 아니면 아예 늦게 가자.,맛있다
981,육전식당,KimJunki,맛은 좋은데 웨이팅이랑 서빙때문에 안땡ㄱㅁ,맛있다
982,육전식당,holic,너무 기대가 컸었나ㅠㅠㅠ제주도 흑돼지가 더 존맛탱 ㅠㅠ알바분들이 화이팅넘치구 정말 친절하셨습니당 굿굿목살2+삼겹1+볶밥+하이트양 적어보였는데 또 둘이 저렇게 먹으니 배불배불웨이팅은 토욜저녁 6시에 가서 약 한시간 반 기다림,괜찮다
983,육전식당,미소,먹은 메뉴 - 삼겹살/목살/항정살/된장찌개/냉면/볶음밥추천 메뉴 - 명이나물과 함께 모든 고기 (삼겹살 최고) 볶음밥은 그냥 김치볶음밥이라 걍 그렇다. 냉면에 싸먹는게 더 맛남!재방문의사 - 이미 끝없이 재방문 중 특이사항 - 웨이팅 오짐.. 2호점 3호점 있으니 눈치게임 잘하기! 2호점은 주차장소 없고 3호점은 4대정도? 자리 있음,맛있다
984,육전식당,윤민섭,항정살 먹으면 다른고기가 안들어감...항정살 꼭드세요ㅠ,맛있다
985,육전식당,김지나,둘이 먹는데 술없이 육만원쯤 나옴...너무 비싸당,괜찮다
986,육전식당,HJ,"맛있는데 돼지고기 치고 비쌈ㅠ13,000원 할 때 5번 정도 가봤는데 지금은 15,000원...앞으로 못갈듯",맛있다
987,육전식당,리니,야채쌈은 안중에도 없게 되는 고기집양이 조금 적지만 그래도 육즙 팡팡터지는 삼겹살을 맛볼 수 있다❤️둘이서 삼겹살 3인분 목살 1인분 된장찌개 공기밥 하나 그리고 마무리 볶음밥 하나 먹으니까 배터질 정도는 아니고 알맞게? 먹은듯명이나물 따로 돈받는건 너무 슬프다 (왜냐면 왕십리 땅코는 공짜로 준단 말이에요!) 근데 명이나물 포기할 수 없어! 와사비에 명이나물 싸먹으면 진쨔 최고라구요!구워주시는 분께서 워낙에 다들 맛있게 구워주시니까 좋은데 가끄으음 아닐때도 있는 함정이....그래도 내 맘속 삼겹살 집 탑쓰리 안에 든다,맛있다
988,육전식당,맹고,20180804웨이팅이 길다길래 12시전에 갓어요다행히 들어가서 저까지 웨이팅안하고 다음부터 1시간 웨이팅ㅋㅋㅋㅋㅋㅋㅋㅋ야호 올레무튼 운좋게 앉아서 삼겹2목살1항정1 두 명이서 4인분 격파ㅋㅋㅋㅋㅋㅋㅋㅋㅋㅋ고기 질은 좋은데 가격 너무 사악해요ㅠ 양도 적고 흑흑 제 배가 큰건 아니겟죠...삼겹살 살이랑 기름이랑 완전 잘 분배되서 느끼하지않고 딱 적당히 다 구워주시고 완전 맛있었어요 구워주시는데 손을 덜덜 떠시는ㄷㅔ 너무 죄송했네요..항정살은 제일 마지막에 먹어서 그런지 좀 느끼한면이 없지않아 있었는데 부드러웟어요!바쁘지만 반찬 없으면 미리 챙겨주시고 맛있게 먹고 갑니다!참고로 명이나물 추가금이 들지만 주문햇어요!,맛있다
989,육전식당,맛집,너무 기대를 많이해서 그런지 생각보다는 별로였다.목살보단 삼겹살이 더 맛있다.,맛있다
990,육전식당,KYS,"육전식당 리뷰 올렸던 것 같은데 아닌가ㅜㅠ 진짜 가고 싶어서 벼르고 벼르다 가본.. 주위에서 추천을 많이 받기도 했고, 진짜 삼겹살 하면 여기지 했는데 인정.애매하게 딱 브레이크타임 끝나자마자 4시 맞춰서 가니까 대기 없었다. 직원 분께 여쭤보니 케바케라고. 역시 1호점이라 친절하고, 고기 굽는 솜씨도 보통이 아니셨다. 물론 그동안 먹었단 삼겹살집은 고기가 아니었나 싶을 정도로 센세이션이긴 했다.명이나물은 필수로 사먹었는데 다들 이제 많이 아시다시피 명이나물과 와사비의 조화가ㅜㅠ 가격대비 양이 아쉽긴 했지만 볶음밥도 맛있었다...",맛있다
991,육전식당,먹날두,한국에서 제일 맛있는 삼겹살 집이다다른 삼겹살 집 맛의 기준이 됨근데 1인당 2인분은 먹어야 양이 찬다,맛있다
992,육전식당,준영,육전식당 명성에 교통이 불편한 신설동 본점까지 찾아갔지만... 저는 다른 곳들이 더 나았어요ㅠㅠ 목살과 항정살 주문했는데 육즙도 식감도 뭔가 딱히 만족스럽지 않던 걸요?! 그리고 볶음밥에서 파마산 치즈 가루도 좀 충격ㅋㅋㅋ 요즘 비슷한 고기집들이 너무 많아 굳이 육전식당을 찾지 않아도 될 것 같아요.,괜찮다
993,육전식당,이동창,갓전식당동슐랭 2스타,맛있다
994,육전식당,소희,유명한덴 이유가 있다,맛있다
995,육전식당,쭈꿈쭈꿈먹는쭈꾸미,많이 기다렸지만 고기 너무 맛있었어요ㅎㅎ직접 구워주시고 좋더라구요 와사비에 명이나물로 싸먹는게 상큼하면서도 고기고기하면서 좋았어요ㅠㅠ,맛있다
996,육전식당,FoodnAndy,"고기도 맛있고, 반찬도 맛있다. 그러나 냉면과 볶음밥은 비추한다. 특히 냉면은 절대 시키지마시라..",괜찮다
997,육전식당,amber,"[⭐️⭐️⭐️⭐️] 4.5/ 재방문 의사 80%드디어 가본 육전식당. 7시 정도에 갔는데 약 1시간 가량의 웨이팅 있었음. 첫 주문 시, 동일 메뉴로 2인 시켜야 된다고 해서 목살로 주문- (명이 나물은 추가 주문 해야 됨.)여러 밑반찬들이 나온 후, 불 온도 체크해서 구워주심, 난 고기를 잘 못 구우니까 누가 구워주는 게 맘 편한 것 같다. 목살 살 대박 오동통! 원래 비계 부분은 다 떼어내고 먹는데 이번엔 안 떼어내고 다 먹었음. 맛이따...근데 양이 조금 적은 듯 했다.며칠 전 적었던 이태원 단풍나무집보다 여기가 최고존엄이다. 멀리서도 찾아올 만한 맛이다! 또 먹고 싶다. 통목살: 14,000된장찌개: 3,000- 2018.01.28",맛있다
998,육전식당,차노차노,갓전식당!삼겹살 강추!,맛있다
999,육전식당,박수진,인생 삼겹살집♡♡♡ 명이나물+삼겹살 조합 굿굿임. 갠적으론 1호점은 어수선해서 별로였고 2호점이 더 나았음,맛있다
1000,육전식당,김미니,"내가먹어본삼겹살중 가장 맛있습니다. 서비스도좋고 웨이팅은 한시간정도하지만 웨이팅대기실도 잘 마련되어있고, 고기의육즙이..장난아니며 은은한 훈제향?..같은게나서 더좋고, 돼지냄세안나고 쫄깃..육질좋고 명이나물에 고기올려서 와사비넣어서 먹음 진짜 꿀맛입니다..동물애호가라서 천천히 육고기(소,돼지,양등)만안먹고 닭,해산물,생선,달걀,유제품은 먹는 채식하려고 노력하려했는데..육전식당때문에 망했어요.ㅠ",맛있다
1001,육전식당,래리,고기를 구워주는 집!! 두께 보고 스테이크인줄 알았다.엄청 촉촉하고 맛있었는데 둘이서 2인분은 좀 부족하더라ㅠㅠ 그래서 항정살 1인분 더 시키고 밥까지 시켜먹었다. 엄청 맛있긴 한데 가격이 좀 있는 편..? 돈은 있는데 우울한 날 맛있는 고기먹으러 가기 좋을 것 같다.,맛있다
1002,육전식당,happy85,집에서 가까운 편이라 가끔 맛있는 고기 먹고 싶을때 방문합니다. 고기 질 좋고 맛있어요. 직원분들도 친절하고 좋았습니다.,맛있다
1003,육전식당,YooYoungSik,삼겹살원탑4.6/5.0,맛있다
1004,육전식당,YongtaePark,두꺼운 고기를 우리가 구울 필요 없이 직접 구워주는게 좋았음. 목살은 좀 오버쿡된 느낌이지만 그래도 명이에 와사비를 얹어먹으니 괜찮았음. 개인적으론 삼겹살이 목살보다 낫다고 생각. 볶음밥도 맛있긴 했지만 특별한맛까진 아니고... 가격대는 좀 있는듯.,괜찮다
1005,육전식당,윤지,17년 7월 쯤 방문 굉장히 기대가 컸던 집!보통 먹을때 사진을 많이 찍는 편인데 이 날은 웨이팅을 세시간.... 이나 해서 (저녁 6시에 갔다가 ..저녁 9시에 주륵 ) 많이 예민해 있던 상태로 입장그래서 사진을 많이 안찍었다 ..근데 왠걸 한입 딱 넣자마자 입이 떡..헉.. 뭐지? 하는 느낌?삼겹살은 평상시 워낙 좋아하고 나름 유명한 집도 많이 다녔는데 정말 .. 별거 없는데 너무 맛있었다 ㅠ 한입에 인생 삼겹살 등극 사진은 명이나물 싸서 먹은 거지만 사실 와사비와 소금만 얹어 먹었을때가 난 최고!7월 방문 뒤로 몇번을 더 갔었는데 첫 느낌의 그 충격만큼은 아니었지만 ... 그래도 아직 내 마음속 넘버원 삼겹살집!!웨이팅이 짧아도 늘 한시간이상은 했어서 겁이나서 잘 못가겠다는 ㅠㅠ그리고 구워주시는 분에 따라서도 맛의 차이가 큰듯!,맛있다
1006,육전식당,hoon.ne,여친 고기 뺏어먹음 말 다함존나 맛있다. 싸구려 삼겹살이랑은 비교도 하지마라가성비 따위는 따지지 않는다 근냥 돈나 맛잇으니까,맛있다
1007,육전식당,unes,여태 먹어본 목살 중 젤 맛있었다.목살이 이렇게 부드러울 수 있다니 ?!?!?!?!삼겹살은 평범했다.근데 최근에 다시갔는데 브레이크타임에 기다리는데 직원들이 단체로 앞치마 매고 담배를 피더라구요.... 그것도 한 지점만 그런게 아니라 여러 군데 그랬음 ㅠㅠ 먹으려고 기다리는데 보기가 좀 안좋았네요,괜찮다
1008,육전식당,크로와상 홀릭,왜 사람들이 인생 삼겹살이라고 하는지 알겠다. 삼겹살 먹고 목살도 시켰는데 살살 녹아서 깜놀! 직원분들도 너무 친절해서 음식맛에 서비스에 기분좋아져서 나오게 된다,맛있다
1009,육전식당,Lin,두툼한 고기 그리고 친절하게 구워주시는 서비스!마지막 볶음밥에 치즈까지!!솔직히 웨이팅이 힘들어서 그렇지생각나는 고깃집이다.,맛있다
1010,육전식당,|||||||||||||,맛있다. 확실히 두껍고 질 좋다. 조잡하게 밥을 볶아 먹는건 좀 이상하다. 많이 이상하다.,괜찮다
1011,육전식당,파랑앤홍,2시간을 웨이팅 하다가 9시가 넘어서야 들어갔습니다2층 대기실은 에어콘에 시원해서 기다릴만 했지만 인간적으로 너무 오래 기다렸네요목살은 등심같고 삼겹살은 티본 스테이크같습니다고기 다 구워주고 서비스도 명성 비하면 좋습니다고기맛도 훌륭합니다명이나물과 와사비와 맛있게 구워진 삼겹살의 조합은 입안에서 신세계가 열린듯 합니다화룡점정으로 볶음밥은 최근 먹은 것중에 단연 으뜸입니다다만 아쉬운건 밋밋한 맛의 된장찌게..주차는 평일은 좀 힘들듯하며 주말은 근처 매장들이 문을 닫아서 근처에 주치하시면 될듯 합니다밤문추천 95%,맛있다
1012,육전식당,핑키뚱,육전식당이 유명해지기 전부터 근처 공단에서 일하는 친구가 극찬했었던 식당!!!가봐야지 가봐야지 하다가 드디어 가보았어요일단 평가먼저 하자면 제가 먹었던 삼겹살중 가장 최고였습니다!!!!!!!! ^.^b불판의 온도부터 체크하고 초ㅑㄱ 초ㅑㄱ 고기를 구워주신 친절한 알바분.. 처음엔 그냥 소금에 찍어 고기본연의 맛을 느껴보라고 하셔서 첫 입으로 삼겹살을 소금에 찍어먹어보았는데 육즙이 장난이 아니었어요.. 삼겹살엔 기름이 많아서 먹다보면 느끼해져서 삼겹살을 별로 좋아하지 않았던 저도 정말 감탄하며 먹었답니다!추가로 시킨 명이나물에 와사비를 조금 넣고 고기와 함께 싸먹으면 더욱더 맛있게 먹을 수 잇어요추가로시킨 김치찌개는 찌개가아니라 김치찜같았지만.. 김치를 잘 못먹는 저도 먹다보니 은근 중독성이 생겨 엄청 먹어댔답니다?육전식당.. 진짜 고기 최고.. 그리고 알바생들 모두가 너무너무 친절하셔서 기분좋게 고기 먹고 나왔어요여기는 삼겹살은 정말 제 인생 삼겹살임!,맛있다
1013,육전식당,KimNayeong,"감동... 고지방저탄수 다이어트(?)를 하는 친구와 찾아간 맛집. 인생삼겹살을 만났습니다 ㅠ_ㅠ 고기 구워주시는 분도  (MC그리 닮으심) 넘넘 친절하셨다! 먹기 전에는 비싸다고 생각했는데, (아 물론 먹고나서도 비싸다고 생각하고 있긴 함 ^^;) 비싼만큼 너~~~무 맛있당 꼭 다시 갈테얌 !!!",맛있다
1014,육전식당,눈누난나,세젤맛... 고기 먹을 땐 굳이 육전식당까지 가게 됐습니다,맛있다
1015,육전식당,helloloe,인생 삼겹살집. 목살 삼겹살 다 맛있어요. 볶음밥이랑 된장찌개도 맛있고 고기는 어쩜 육즙이 가득하고 쫄깃한지.. 여기 삼겹살 먹으면 다른 삼겹살 못먹겠더라구요. 여기간다음 제주도에서 유명한 흑돼지집 많이 갔는데 다 여기만 못했습니다. 3호점이 본점보다 크고 좋아요.,맛있다
1016,육전식당,권동현,말이 필요없다 삼겹살에서 스테이크맛이 남 2시간 기다려서 화나있었는데도 맛있다 진짜 후회 안듬 살면서 먹은 삼겹살중에 젤 맛있음 와 진짜 아직도 생각나네,맛있다
1017,육전식당,sapiroth,"평일 늦은시간에 방문하였는데 웨이팅을 해야 한다고하여 놀람.삼겹살이 맛있어봐야 얼마나 더 맛있을가하며 기다림.테이블수가 많지 많아 더 오래기듯~착석하여 삼겹살 , 목살 주문.정말 맛있게 먹음.. 삼겹살과 목살 둘다 강추.지방이 있어서 삼겹살이 목살보다 맛있지만 목살도 고기질이 너무좋아 담백한맛. 명이나물과 싸먹으면 별미. 밑반찬들도 하나하나 다 맛있어서 사장님의 섬세함이 느껴짐.단, 고기에 비해 된장찌개, 비빔냉면, 볶음밥은 맛이 떨어짐. 비빔냉면은 면이 너무가늘고 오래삶은듯볶음밥은 치즈를 뿌려줌늦은시간에 재방문할만한 식당",맛있다
1018,육전식당,잰잰,"아련아련하네요,,,아무생각도 안떠오르고 계속 먹기만 했어요첫 한점의 그 맛이 잊혀지지가 않네요정말 정말 정말 감동적인 맛이에요여럿이서 20인분 해치우고 왔습니당,,",맛있다
1019,육전식당,얼리먹댑터,숙성을 시켜서 그런지 고기육즙이 살아있고 고기가 부드러워여~ 그냥 너무 너무 맛있어요.고기에 소금을 찍어 먹어도 맛있고 명이나물에 싸서 먹어도 맛있고 젓갈에 찍어 먹어도 맛있고 그냥 먹어도 맛있어요~ 그냥 이러나 저러나 다 맛있어요~~~하트가 뿅뿅 나오는 맛~!!볶음밥은 어쩔땐 맛있고~ 어쩔땐 맛없어요 ㅎㅎ2명이 먹으면 4인분 정도먹어야 하는 가격에 비해 적은 양이지만 감수할 수 있어요~저는 4번 이상 방문한 이후 조금 질려서 오랫동안 안 가고있지만 너무 맛있는건 사실이에요~~~,맛있다
1020,육전식당,ChoHonggi,여긴 걍 베리굿! 서울 목살 1등! 삼겹살 목살 항정살 갈메기살 중에서 목살이 단연 1등! 웨이팅만 없으면 완벽한 곳!!!,맛있다
1021,육전식당,린LYN,가보고 싶었던 곳 드디어 다녀왔어요월요일 저녁 6시 30분에 도착했는데웨이팅 있었구요 대략 1시간쯤 기다렸어요대기실에서 기다려도 되긴 하지만 좀 오래 기다리게 될것같아 근처 카페가서 기다리며 주신 명함반호로 20분정도 간격으로 전화하면 대기팀 몇팀있는지 알려주시더라구요~ 그래서 두팀정도 남았을때 가니까 바로 들어갔어요^^삼겹살 시켰는데 너무 맛있었어요 고기가 두꺼운데 부드럽고 기름기가 많은데 느끼하지 않고 고소 하더라구요 먹자마자 왜 줄서서 먹는 집인지 알겠더라구요^^ 양이 많지 않아 저희는 여자 둘이서 3인분 시켜먹었구요~ 각 2인분도 먹을 수있을 것 같아요 저희는 공기밥이랑 된장찌개도 먹었거든요^^그리고 직원분들이 다 친절해서 더 좋았네요^^ 삼겹살 좋아하시는 분들 가시면 좋을 것 같아요 웨이팅은 평일 주말 할거 없이 있는 것 같네요~,맛있다
1022,육전식당,뾰이,고기를 입에 넣는 순간.... 헛웃음이너무 맛있어서 헛웃음이 납니다인생목살 인생삼겹살집,맛있다
1023,육전식당,Jㅐ,"신설동역에 위치한 ""육전식당"". 수요미식회에서 삼겹살 맛집으로 소개되었던 집이에요!! 4시 반이라는 어정쩡한 시간에 갔는데도 한 시간 웨이팅했을 만큼 인기가 많아요.삼겹살, 목살, 항정살을 먹었는데 셋 다 너어무너무 맛있었어요!! : P 힘들게 찾아가서 웨이팅 까지 한 수고가 아깝지 않을 정도. 일단 고기를 다 구워주시는데, 덜 익지도 않고 타지도 않은, 겉은 살짝 바삭한데 속은 육즙으로 가득 차있는, 최고의 정도로 구워주세요. 최고!! b d '삼겹살'이 제일 맛있어요!! 쫄깃하면서도 입에서 살살 녹아요. 맛있는 고기를 맛있게 익혀서 먹으니 맛있을 수밖에 없는 느낌이에요. 소금이나 젓갈소스 찍어 먹어도 맛있지만 와사비와 함께 먹는 게 가장 맛있었어요!!'목살'은 부드러운 맛이 일품. 대학 MT에서 숯불에 태워먹던 목살과는 비교 불가입니다.(단호) 목살이 이렇게 부드럽고 맛있을 수 있나 놀랐어요. '항정살'은 통 항정살을 자리에서 바로 잘라주시는데, 특유의 항정항정한 식감이 좋았어요.직원분들 모두 활기차시고 친절하셔서 좋았어요!! 밑반찬도 맛있네요. 인기 많은 집은 인기 많은 이유가 다 있는 것 같아요. 강추!!",맛있다
1024,육전식당,찹쌀떡,"웨이팅은 역시나 길어요. 1시간~1시간 반정도.고기를 신경써서 잘 구워주세요.그리고 친절하심!! 치마 입고 갔는데 요청도 안했는데 무릎담요를 주셨어요ㅋㅋ고기는 맛있고 명이나물이 시큼상큼해서 느끼함을 덜어줘요.물냉과 비냉을 시켰는데, 예상보다 맛있었어요!!일반 고기집 냉면을 생각했는데 그보다 맛있어서 만족했습니다.볶음밥은 전에 와본 친구가 평이했다고 해서 안시켰어요.근처에 오게되면 들릴만 한 것 같아요.",맛있다
1025,육전식당,만뚱이,굳,맛있다
1026,육전식당,조혜조,삼겹살 목살집 중에서는 제일 맛있는 것 같다. 동묘앞에도 비슷한 고기집이 있는데 여기는 직접 구워주셔서 더 좋다. 고기맛은 고기의 질도 중요하지만 굽는 노하우도 중요한데 직원이 구워주니 실패할 걱정이 없다. 특히 명이나물이랑 먹으면 몇배로 맛있어진다. 다만 인기가 너무 많다는게 단점이다. 저번에 갔을 때 사람이 너무 많아서 그냥 돌아온 후로는 잘 안가게 됐다.,맛있다
1027,육전식당,양홍식,"망고플레이트 평점이 4.7점이라 믿고 간 육전식당 1호점 금요일 1시쯤 갔더니 번호표 뽑고 웨이팅 그래도 점심 피크타임을 지나서 그런지 금방 빠져서 10분정도밖에 안기다림 주문하기전 고기를 먹을건지 식사를 할건지 물어본다 숯불을 넣을건지 묻는것 같다 삼겹2인분 주문! 종업원분들이 많으셔서 사람은 많지만 빠르게 준비해주신다 고기도 직접 다 구워주시는게 포인트★ 2인분 치고는 삼겹이 한줄밖에 나오지 않아서 아... 좀 실망ㅠ 했는데 맛보고는 오~~~! 함박웃음ㅋㅋ 바삭한 식감 좋아하는 분들에게는 딱 부족해서 항정살을 시켰는데 지금까지 본 항정살과는 전혀 다르게 덩어리 째로 나오는 비주얼에 놀라고 맛에 한번 놀람 보통 먹어본 항정살과는 식감이 다르다 갠적으로 삼겹2인분먹고 추가로 항정살 추천 구워주시는 분이 어떤손님 말씀이 ""이집 항정살먹고 다른집 항정살은 항정쓰레기""었다며ㅜㅜ ㅋㅋㅋ  고기를 클리어하고 마무리 냉면(4천원)을 시켰는데 깨를 많이 뿌려줘서 그런지 따로 간을 안해도 맛있었다 면 상태도 풀어지지 않고 탄성이 있어서 맛있다 배불러서 볶음밥을 못 먹은게 아쉽ㅠ 팁!저녁에 방문예정이라면 2호점이 좋다고 하심 오픈이 5시부터 대신 월화수목만 여신다고 신설동역 근처을 방문한다면 좀 기다리더라도 꼭 방문하시길 걸어서 15분 내 거리에 1~3호점이 다 있음",맛있다
1028,육전식당,서울푸디,서울에서 삼겹살을 먹어야한다면 여기,맛있다
1029,육전식당,맛있으면우는고양이,와 진짜 대박이다 인생 삼겹살 대기 시간이 안까움 육즙 터지는게 스테이크인줄,맛있다
1030,육전식당,령,명불허전,맛있다
1031,육전식당,ㅊㅊㅊ,돼지고기 끝판왕누구랑 가도 만족스러웠다평소에도 매번 기다렸는데 사람이 더 많아져서 슬프다ㅠㅠ,맛있다
1032,육전식당,엄지척bb,한번도 안가본 사람은 있어도 한번만 가본사람은 없을것 같다 ㅎㅎ 서울에서 맛본 최고의 삼겹살 집 (제주는 칠돈가) 1시간 웨이팅이 아깝지 않을정도의 육즙과 식감 ! 정말 엄지 척!!,맛있다
1033,육전식당,wish,한시간 반 줄섰지만 맛있다를 줄 수 밖에 없는 엄청난 맛! 삼겹살 목살 둘다 육즙이 가득하고 돈내고 추가주문 가능한 명이나물에 싸먹으면 더 맛남! 볶음밥도 종이호일 위에 볶아서 고기의 향은 안 배어나지만 적당히 누룽지도 잘 생기고 완전 맛남! 줄만 적게 선다면 재방문 의사 99%,맛있다
1034,육전식당,우이리,맛은 있어요. 고기 크기가 부담스럽게 큰데 육즙이 많아 좋네요. 점심때라 30분 기다렸네요. 항정살 식감이 인상적이였어요.,맛있다
1035,육전식당,가식없는 리뷰어,고기가 두툼해서 씹는 맛이 있음. 그 안에 육즙도 가득해서 목살과 삼겹살 둘 다 맛있었음. 기다린 보람이 있는 집. 소금 or 와사비+채소반찬과 고기 조화도 매우 좋다.,맛있다
1036,육전식당,노가리구운김,먹어본 돼지고기 중에 젤 맛있다. 진짜 맛있다.... 배고파.....,맛있다
1037,육전식당,YoungdaeSon,고기는 여기에요 그냥 그걸로 끝,맛있다
1038,육전식당,jeonghwanchoi,"삼겹살은 여기가 제일 맛있어요- 직접 한분이 맡아서 구워 주시는데, 어떤 분이 구워주시는지에 따라 맛이 달라져요! 고기 먹는동안 시간이 멈추는 느낌! 먹느라 정신없음! 그리고 명이나물하고 꼭 같이 드세요-",맛있다
1039,육전식당,LeeWonhee,"제주도 목포고을에 버금가는 돼지고기. 딱 제주 현지 흙돼지 레벨이라고 생각하면 된다. 서울에 이런 고기집이 있다는데에 감사할뿐 ㅠㅠ 밑반찬, 서비스 모두 좋다. 두껍게 썰은 돼지고기 덕후라면 무조건 가봐야할 집. 참고로 돌솥밥은 1호점이랑 3호점에서만 먹을 수 있는듯.",맛있다
1040,육전식당,Kate,"입 안 가득 두툼한 고기의 육즙과 질감이 가득.때마다 바뀌는 반찬들도 신선해서 좋고,고기 자체도 맛나다.생각보다 냉면은 별로....냉면과 고기를 함께 먹는 걸 좋아하는 데 아쉽다.어떤 취한 아저씨가 다 먹고 계산까지 한 뒤일행을 불러 그대로 2차를 하겠다고 하셨는데뒤에 순서를 기다리시는 손님들이 있으니2차를 원하시면 다시 대기하라는 사장님 짱멋!만족스럽고 흡족스런 고깃집.",맛있다
1041,육전식당,에옹,이곳의 돼지는 소고기를 먹여 키운맛이다돼지고기에 육즙이 있다는 사실을처음알게됬다 그러나 맛이 스테이크 급이니돈도 스테이크 값,맛있다
1042,육전식당,꼭행복해야돼,목살이랑 삼겹살 먹었어요!! 쌈장 안하고 소금 조금에 찍어먹으면 육즙이 쫙.목살인데 안 뻑뻑하고 너무 부드러웠어요마지막에 볶음밥도 먹었는데 무슨 양념을 넣었는지 정말 맛있더라구요. 직원도 친절하고 기분좋게 먹고 왔어요~!,맛있다
1043,육전식당,SongJaesoo,"개인적으로 엄청 애정하는 단골집.목살이 끝내준다. 육즙이 터져나오는 걸 경험할 수 있다. 고기가 진짜 맛있다. 직원이 책임지고 끝까지 구워주는데 굽는 스킬이 정말 좋음.대신 양이 조금 적어서 아쉽고, 볶음밥이 지나치게 깔끔 담백하다.",맛있다
1044,육전식당,망코,"삼겹살, 목살 진짜 먹어 본 곳 중 최고 1시간 반을 기다려서 먹었지만 후회 없는 맛!! 젓갈에 콕 찍어 먹으면 정말!!!!! 아!!! 또 먹고 싶다아!! 손수 다 구워주시는 정성!! 그리고 굉장한 친절함 대만족!!!",맛있다
1045,육전식당,YoungdaeSon,최고의고기,맛있다
1046,육전식당,Sevil,서비스 좋음밑반찬도 맛있다,맛있다
1047,육전식당,Hee,"고기가 정말정말 맛있는 집!근래 먹어 본 돼지고기 중에 가장 맛있었다목살도 퍽퍽하지 않고 정말 부드러움반찬들도 정성스럽고 맛있어서 또 가고 싶은 집직원분들도 재미있고 친절하시다목살 12,000삼겹살 12,000볶음밥 3,000냉면 4,000",맛있다
1048,육전식당,권오찬,"신설동역 근처 1, 2호점이 있습니다.젊은분들 드시기엔 2호점이 분위기가 낫습니다.고기의 질이나 서비스는 좋은 편인데..고기 외 사이드 메뉴가 약간 약합니다.그래도 가격은 합리적인 편..",맛있다
1049,육전식당,MosesHolly,"Let me start by saying we have visited both this branch and the second branch. We visited this one first and went to come back to find it closed as it was after 11pm and the shop staff kindly directed us to their second branch which is open till much later!Firstly, both are as great as each, great food, great service and a great kbbq experience. This place was well recommended and if you visit you will see why! Each time staff were amazing giving advice on how to eat and info on the various meat you could order. They cooked the meat for us perfectly! Brilliant service. The meat was high quality and delicious and so were the sides. A bit fatty so could upset your stomach if your not used to eating a lot of pork belly like a foreigner like me. Would definitely visit again! 10/10",맛있다
1050,나정순할매쭈꾸미,정쉐린가이드,맵찔이에게 아주 위험한 곳이에요. 쿨피스로도 매운맛을 삭힐 수가 없는 그런 쭈꾸미볶음이니까요 ㅋㅋ 쭈꾸미 탱글탱글하니 입에 쩍쩍 달라붙고 좋았네요. 뭐 그렇게 특별한 건 아니지만 맵부심 좀 있으신 분들은 한번 들러보세요.,맛있다
1051,나정순할매쭈꾸미,고독한애식가,할매 중 최고는 나정순 할매 아닐까요즘 들어 유독 웨이팅이 긴 듯. 테이블링 도급이 시급함,맛있다
1052,나정순할매쭈꾸미,내일도먹음,"용두동 쭈꾸미 골목 대장은 당연 여기. 쭈꾸미 하나만으로 승부 보는 곳이기 때문에 입장과 동시에 인원수 만큼 쭈꾸미가 나온다. 다른 집보다 쭈꾸미도 크고 양이 어마어마한데 먹다 보면 맛있어서 다 먹는다. (양이 너무 많아서 4인분은 거의 한판에 주문하기도 힘들었던 기억..)이 집은 정말 매콤하면서도 감칠맛 나는 양념이 중독적. 나도 몇 년째 끊지 못하고 있다. 주기적으로 먹어줘야 하는 맛.매콤한 양념과 맛, 그리고 든든한 양 덕분에 이 집은 언제나 문전성시. 평일 6시면 무조건 웨이팅이다. 근처 회사분들이 죄다 여기로 회식 오시는 듯(=맛집 보증)처음 먹는 사람들은 매울 수 있는데 그럼 이렇게 무한리필 되는 깻잎에 천사채를 싸먹어주면 된다! 오도독하면서 크리미한 천사채가 이 집만의 매력 포인트이기 때문에 포장도 좋지만, 방문해서 먹는 것이 더 좋다. 맛있게 매운거 땡기는 날 방문 추천!✨ 인스타 food.tomorrow: 쭈꾸미 15,000원: 주먹밥 2,000원",맛있다
1053,나정순할매쭈꾸미,우챠우챠우챠챠,참 맛있는데 이제는 1인분에 15000원이라는 무시하지 못할 가격으로 올라버렸습니다 ( ᵕ̩̩ㅅᵕ̩̩ ) 그래도 이 집 만한 데가 없는거 같긴 해요… 마늘 왕창 넣고 천사채랑 깻잎에 싸서 먹는 깔끔한 맛.. 가끔 생각나는 곳이에요,맛있다
1054,나정순할매쭈꾸미,소미,스무살때 처음 방문하고 쭈꾸미 생각날때 꾸준히 가는곳맛도 변함없이 맛있네요. 쭈꾸미 천사채 조합 최고최근에 쯔양 유튜브에도 나왔더라고요. 평일 퇴근시간은 항상 대기있더라고요. 일요일은 휴무고 브레이크 타임도 있어요.,맛있다
1055,나정순할매쭈꾸미,김재형,근 십 년 만에 방문한 나정순할매쭈꾸미 입니다베트남 친구 떠나기 전 마지막 식사인데 주변에 한국적인 음식이 뭐가 있을까 하다가 방문했습니다 마침 친구가 매운 것을 잘 먹고 셋이서 다 주꾸미를 좋아해서 여기로 결정했습니다다섯시 조금 넘어서 방문했는데 2-30분 정도 대기한 것 같습니다 정말 추워서 귀가 떨어져 나가는 줄 알았습니다자리에 앉으면 인원수대로 양념 주꾸미를 내어주십니다불판에 한 번에 올라갈 수 있는 양이 2인분이라 잘 볶아서 먹고 가생이로 밀어놓고 가운데 다시 남은 1인분을 넣어서 먹으면 됩니다예전에는 훨씬 매웠던 것 같은데 나이가 먹으면서 제 혀가 둔해진 건지 할매 손이 덜 매워진 건지 모르겠습니다그래도 맵찔이한테는 여전히 쉽지 않은 맵기라서 천사매요랑 쿨피스는 필수입니다주꾸미 볶을 때 통마늘을 듬뿍 넣어서 조리하면 주꾸미가 다 익을 즘에 마늘도 부드럽게 익어서 같이 먹기에 좋습니다깻잎에 주꾸미 두어 점씩 홀리고 잘 익은 매늘도 홀리고 천사매요 담뿍 홀리고 싸 먹으면 아주 맛있습니다쿨피스는 캔에 들어있는게 뭔가 종이팩에 보다 덜 맛있는 것 같습니다볶음밥까지 야무디게 먹으면 알차게 식사가 가능합니다 같이 나오는 된장찌개는 별 맛은 없습니다여기는 소주랑 같이 먹어야 찐으로 맛있는데 친구 집에도 데려다 줘야하고 내일 운동도 있어서 아쉽지만 쉬었습니다다 먹고 나올 때 보니 저희 기다릴 때보다 줄이 훨씬 길었습니다 아마 적어도 4-50분 대기는 해야할 것 같았는데 추운 날씨가 더욱 야속했습니다간만에 맛있게 잘 먹었습니다재방문 의사 : △,맛있다
1056,나정순할매쭈꾸미,준영,하루종일 배는 아팠지만 먹을 때는 좋았어요ㅠㅠ 제가 앉기 전에 쭈꾸미가 먼저 철판에 올라가는 것도 웃겼고 뭔가ㅋㅋ 가게 손녀 분께서 계속 할머니 간식 금지령 내리는 것도 너무 웃겼어요..ㅋㅋㅋ 쭈꾸미는 사이즈가 큰거랑 작은거랑 섞어있는데 확실히 큰게 맛있네요! 그리고 천사채는 초딩때 이후로 거의 처음인거같은데 이거라도 있어서 잘 먹을 수 있었습니다ㅋㅋ 볶음밥도 맛있으니 꼭 드시길!,맛있다
1057,나정순할매쭈꾸미,잘먹는병아리,진짜 사랑하는 맛,맛있다
1058,나정순할매쭈꾸미,왕앵무,"신전떡볶이를 처음 먹었을 때 세상에 이렇게 자극적이면서 맛있는 게 있다니 하고 충격 받았던 게 생각난다. 여기 쭈꾸미도 그런 충격을 주는 맛이다. 양념 색깔부터가 시뻘건데 색깔만큼이나 자극적인 매콤함이다. 딱 한국인들이 좋아할 만한 맛을 어떻게 이렇게 잘 구현했나 싶다. 양념이 맛있는데 쭈꾸미까지 통통하고 촉촉하니 맛이 없을 수가 없다. 계속 졸여도 쭈꾸미가 수분을 잃지 않는 게 신기했다. 반찬은 단출하다. 깻잎이랑 마요네즈 천사채가 나오는데 쭈꾸미와 함께 싸먹으면 된다.볶음밥도 밥+김가루+참기름+쭈꾸미 양념이 전부이다. 그렇지만 맛은 어떤 집보다도 뛰어나다. 평일에 갔는데도 사람이 바글바글했고, 먹어보니 사람이 많은 이유를 납득하게 된 곳이다.",맛있다
1059,나정순할매쭈꾸미,JHR,매콤한 맛을 원한다면 무조건 추천. 술을 부르는 맛이에요.주말에 가면 무조건 대기타니까 4시40분쯤부터 눈치보다가 가면 무난히 들어갈수있어요. 중독되는 쭈꾸미맛 깻잎 쌈싸먹으면 맛있어요3,맛있다
1060,나정순할매쭈꾸미,왕십리탈출러,"킹시국인 만큼 포장해서 먹었습니다.포장주문을 하니 미리 소분해놓은 쭈꾸미볶음을 주시더군요. 2인분 포장을 했는데 묵-직했습니다.솔직히 제가 매운걸 잘 먹는 편은 아니다 보니 괜히 맵기만 하고 속이 아프면 어쩌지 걱정을 했습니다만, 맛있게 맵고 그렇게 자극적이지는 않은 맛이었습니다. 쭈꾸미도 참 연하고 부드러웠고, 양념도 너무 자극적이진 않아서 참 맛있다는 생각이 많이 들었습니다.나중에 먹어도 먹어도 양이 줄지 않고, 또 국물도 많이 나오던데, 볶음밥이나 당면사리를 넣어서 먹어도 괜찮을 것 같더라고요.나중에 코로나가 나아진다면 매장에서 먹어봐야겠어요. 매장에서 먹는 맛도 나름의 맛이 있을 것 같아요.",맛있다
1061,나정순할매쭈꾸미,단율,"나정순할매쭈꾸미_쭈꾸미부문 Best최초방문_'13년 5월최근방문_'21년 7월1. 클래스는 영원하다. 사실 나정순할매쭈꾸미는 딱히 걱정이 없다. 2013년 첫방문이지만 실제 먹어본건 2010년 해수욕장 놀러가는데 지인이 사온 나정순할매 쭈꾸미였고, 한여름 해변에서 먹었음에도 대단한 맛이었다. 2010년에 느꼈던 그 맛이 2021년이 되도록 유지된다는건 앞으로 주인이 바뀌지않는다면 맛은 유지될거라 본다.2. 모든것을 내려두고 맛 하나로만 승부해도 베스트가 아닐까 한다. 게다가 자극적인 맛은 1등 술안주인데, 소주와 함께 곁들이는 쭈꾸미는 기가막힌다. 조금만 매워도 먹지 못하는 저주받은 혀를 가지고 있는 덕에 매운음식을 싫어함에도 불구하고 유일하게 끝까지 맛있게 먹을수 있는 매운음식이다. 아무리 고민해봐도 이유는 모르겠다. 3. 그리고 내 혀가 조금씩 성장하고 있는건지, 매운맛이 덜해진건지, 이번 방문에서 헥헥거리지않고 볶음밥까지 클리어했다. 천사채의 도움을 받긴 했지만 엄청난 성과다. 같이간 일행은 매운맛이 바뀌지않았다곤 했으나 워낙 매운맛 내성이 강한친구라 실제는 어떤지 모르겠다. 내 혀가 성장한거였음 좋겠다.4. 항상 문전성시인 장사가 잘되는 곳이니, 대대손손 이어져 이맛을 평생 유지했으면 좋겠다. ※ 결론주인어른 건강이 최우선입니다.",맛있다
1062,나정순할매쭈꾸미,해띠,깻잎에 천사채+쭈꾸미 싸먹는 거 국룰 아닌가요 ㅠ-ㅠ,맛있다
1063,나정순할매쭈꾸미,반말했다존댓말했다,"달짝지근한거 안좋아해서 개인적으론 맛은 별로지만이건 호불호 나뉘는 문제고..테이블여유 있어도 자리앉자마자 쭈꾸미 불판 올려버린다고 바로 먹을거 아니면 밖에 서있으라 하심 (일행안온상황)이건 이해함물병보다 쭈꾸미 먼저 세팅해주심 빨리 먹고싶은 사람들한텐 좋을듯물수건을 깻잎위로 날리심아주머니 몰래 깻잎 젤 윗장 물컵에 쑤셔버림테이블 간격 너무 좁아서 옆테이블 지나가실때마다계속 의자 당겨줘야함깻잎 천사채 알아서 리필 잘 해주는 편하지만 말안하고 휙 가져가서 읭?하게됨뭘 놓을때마다 던지고 싶어서 안달난것 같음화장실 어딧냐 묻는데 카운터에 물어보라고 내 등을확 밀어버림기분나쁜티 내니까 미안해요.하심옆테이블 소주 시켰는데(우리도들음) 맥주 뚜껑따서 갖다줘서 소주시켯다니깐 어머 어떡해요 미안해요 라고만하셔서 결국 그 맥주 우리가 먹게됨(옆테이블이 계산, 그냥 드시라함 그럼 우리가 소주계산하겟다니 아저씨가 됐다함ㅠ) 계산할때 요구르트 주시는데 불만의 의미로 쳐다보지도않고 나옴",별로
1064,나정순할매쭈꾸미,chanwook_ie,양념이 너무 매워 혀가 마비돼서 볶음밥이 괜찮았던 것 말고는 기억이 잘 나지 않는다. 손님이 너무 많다 보니 신경을 소홀히 써주시던데 이 점은 개선해야 할 듯싶다.,괜찮다
1065,나정순할매쭈꾸미,솔직하게 써보지,진짜... 전 매운 걸 못 먹지만 이 근처 가서 이걸 안 먹을 순 없었어요. 어린 시절엔 그렇게 매운 걸 좋아하고 잘 먹었었는데 그 시절엔 이곳에 와서 이열치열이라며 깻잎에 고추와 쭈꾸미를 싸먹는 걸 그렇게 좋아했었는데 ...지금은 천사채와 야무지게 쌈을 싸먹네요. ㅎㅎㅎ진짜 세상 맛있게 잘 먹고 양손에 포장까지 해서 나왔어요. 포장할 때 제발 천사채는 싸주셨으면 좋겠는데 정말 칼 같이 거절하시더라고요 ㅜㅠ 아쉽아쉽 당연히(?) 배가 쓰렸지만후회하지 않는 식사였습니다.,맛있다
1066,나정순할매쭈꾸미,조선의장희빈,"제일 좋아하는 1순위 쭈꾸미 맛집!회사 회식으로 방문하게 되었는데 제 인생맛집이 되었습니다. 엽기떡볶이를 좋아한다면 더 좋아할 수도 있어요.왜냐면 엄청 맵거든요 ✔️1인 /12,인당으로 주문해야하는데 엄청 양이 많아요.그래도 남기지 않고 다 먹게 되는 집이예요.처음에 끊일땐 물이 많이 생겨서 이게 맞나 ? 잘 끓여지는가 싶은데 중간까지 끓으면 매운 쭈꾸미향이 확 올라오고 첫입은 기침 하고 두번째부터는 천사채와 같이 싸먹는 자신을 볼 수 있어요. 제 팁을 드리자면 근처 편의점에서 날계란을 사서 방문하는데 쭈꾸미를 적당히 먹다가 날계란을 깨서 밥이랑 볶아 먹으면 부드럽고 맛있는 볶음밥을 먹을 수 있지요 하하..나정순 할머니가 이 모습을 보시고 엄청 크게 웃으셨던게 기억이 납니다 ㅜㅜ 후 ..창피했지만 진짜 맛있어요.포장도 되어서 가끔은 퇴근길에 들려서 포장해서 오는데 집에서 즐길 수 있어요.작은 바람이 있다면 인터넷 주문도 되었으면 하는 ...#나정순할매쭈꾸미 서울 동대문구 무학로 144제기역6번출구 400m11:00 ~ 22:00",맛있다
1067,나정순할매쭈꾸미,맛있으면리뷰,최고입니다 쭈꾸미가 이렇게 맛있을 수 있나 이건 쭈꾸미 인가 낙지인가 싶은 맛개인적으로 천호동 쭈꾸미 골목 쭈꾸미가 최애 맛집이였는데 나정순을 간뒤로 못가고있습니다 ㅋㅋ마약인가 싶은 중독 먹으면 먹을수록 생각나고포장안해오면 100프로 후회하는 최애 맛집.,맛있다
1068,나정순할매쭈꾸미,단율,"나정순 할매쭈꾸미_ 쭈꾸미부문 Best최초방문 '13년 5월 쯤 방문최근방문 '20년 11월 쯤 포장여기는 옛날부터 단 한번도 실패한적이 없었던곳.적어도 1년에 한번이상은 가는곳. 서울에서 맛집을 알려달라고 할때 맛취향 고려없이 누구에게든 1순위로 추천해줄수 있는 가게.1. 항상 맛있었고 처음방문때부터 지금까지 맛도 변하지 않는 어마어마한맛집. 메뉴는 단일메뉴에 인원수만큼 쭈꾸미볶음 시켜서 헥헥거리며 천사채로 혀 목숨 연명하며 먹다가 볶음밥으로 마지막 불태우고 요구르트 하나 받아나와서 응급처치하면 끝. 소스에 대체 무슨짓을 한건지.. 여태 이 가게 쭈꾸미 생각이나 집 주변 쭈꾸미집 많은곳을 가봐도, 맵기만하지 이 맛은 한번도 본적이 없어요. 넘사벽입니다.. (레시피, 맛내는방법 아시는분은 좀 알려쥬셍ㅎ ㅠ)2. 서비스도. 이 놈의 가게는 장사가 이렇게 잘되서 바쁜대도 한번도 나쁜적이 없어요. 바쁠때 내 말 못들어서 '어라.' 하면 금방 와서 친절하게 대응 해주네요. (손님은 왕까진 아니지만 대우해주는곳)※결론 못참을만큼 매운맛을 극도로 싫어함에도 불구하고 끝내 못참고 먹으러가는 가게. (엽떡, 신떡, 매운맛갈비찜등 아무것도 못먹는데 유일하게 헥헥거리면서도 맛나게먹는 매운맛은 나정순할매쭈꾸미, 불닭볶음면 단 듀개) 사실 매운맛에대한 조예가 깊지않아 어떻게 다른지는 잘 모르겠지만 맛하나만큼은.. 이유도 모르겟고 맛있는곳!! 강추..이 가게 하나 바라보고 이 동네 방문해도 후회없을 곳",맛있다
1069,나정순할매쭈꾸미,쀼쀼,진짜 왜 유명한가 했는데 너무 맛있어요 아직도 맛이 아른아른 거리고 ... 집 근처였으면 진짜 단골집 됐을 것 같아요은근 맵긴 했는데 너무 매운건 아니고..! 한국인이 좋아할 매운맛이에요 ㅋㅋㅋ 볶음밥음 진짜 밥과 김만 들어가는데 양념이 맛있어서 그냥 맛있습니다.. 짱,맛있다
1070,나정순할매쭈꾸미,박범진,인원수에 맞게 알아서 주꾸미 올려주신다거기에 마늘 듬뿍 넣어서 같이 먹으면 꿀맛!무난한 맛이지만깻잎에 천사채랑 주꾸미랑 같이 올려먹으면 얼마나 맛있게요~~그리고 K-디저트 볶음밥까지 먹어야하는 거 다들 아시죠?,맛있다
1071,나정순할매쭈꾸미,추리,겁나 맛있네요 양도 엄청 많음 이 근처 10년을 살아 미루고 미루다 갔는데이 맛있는걸 10년이나 모르고 살았다니 ㅠㅠ,맛있다
1072,나정순할매쭈꾸미,푸딘싸,주꾸미 골목의 골목대장님을 만나고 왔다. 주꾸미 동상까지 있는 주꾸미 골목의 시발점이다. 본관 별관이 나란히 붙어 있다. 본관만 신발을 봉투에 담아 들어간다. 여섯시 넘어서부터 대기줄이 생긴다. 메뉴는 주꾸미뿐이다. 몇 명인지만 말하면 인원수대로 주꾸미 세팅이 완료된다.1981년 백반집으로 시작한 가게다. 주꾸미볶음이 인기가 많아지며 88년부터 주메뉴로 팔게 됐다. 90년대부터 10여 개의 주꾸미 가게가 생겨 주꾸미 골목으로 불리게 됐다. 현재는 잘나가는 가게만 남았다.철판에 시뻘건 양념된 주꾸미가 올라간다. 국물의 첫맛은 달다. 뒤이어 후추와 고춧가루의 매운맛이 마구 올라온다. 더 무서운 건 국물을 떠먹고 싶은 욕구가 계속 생긴다. 천사채와 쌈을 싸먹으면 매운맛이 중화된다. 괜히 천사가 아니다.주꾸미로만 승부한다. 표고버섯만 조금 있고 오직 주꾸미만 있다. 주꾸미는 신선하고 쫄깃하다. 생주꾸미라고 해 몇 명 속일 수 있다. 베트남산이라 제철 상관 말고 찾으면 된다. 밥을 볶는 건 필수다. 힘들겠지만 밥을 볶기 전 주꾸미는 열 조각 정도 남겨두자. #쭈꾸미 12000원 #장수막걸리 3000원 #볶음밥 2000원 #인스타그램 푸딘싸 @foodinssa,맛있다
1073,나정순할매쭈꾸미,ㅎㅎ,진짜 세상에서 제일 맛있어여,맛있다
1074,나정순할매쭈꾸미,이재진,매운쭈꾸미볶음 시조새격인 용두동 나정순할매쭈꾸미지역 특성상 주차는 많이 어려우며 최근 확정으로 인해 이전 대비 웨이팅 적게 맛볼 수 있다매콤하지만 중독성있는맛으로 포장해서 집에서 즐겨도 최고다,맛있다
1075,나정순할매쭈꾸미,시골맨,인생 쭈꾸미집! 여기 데려간 친구들은 다들 여기 중독됩니당 다먹고 계산할때 나정순할매가 하나씩 쥐어주시는 요구르트가 키포인트임(?)ㅋㅋㅋㅋ,맛있다
1076,나정순할매쭈꾸미,신디츄,"친구가 쭈꾸미 먹으러 가자고 했을때 내 반응 "" 아 뭔 쭈꾸미야 ;; "" 먹고나서 "" 와c 여기미쳤는데? ""온리 쭈꾸미만 주는 이집은 정말 최고다. 채소가 하나도 들어있지않음에도 기가막힌 맛이난다. 심지어 반찬도 천사채, 깻잎 뿐이지만 맛이 기가막히다. 천사채에 마요네즈를 버무렸는데 매콤한 쭈꾸미와 그렇게 잘어올릴 수가 없다. 어제 먹었는데 오늘 또 먹고싶은 맛이랄까. 실제로 일주일에 두번 간적 있다... 진짜 맛있다. 아 쓰면서도 또 먹고싶네. 진짜 맛있다 진짜다 진짜",맛있다
1077,나정순할매쭈꾸미,요닝,매운데 가끔씩 생각나는 쭈꾸미ㅜㅜ 또 가고싶습니다 존맛탱,맛있다
1078,나정순할매쭈꾸미,김태훈,맛은 있습니다. 근데 그렇게 특별한 맛도 아니고 서비스가 친절하진 않아서 굳이 찾아가진 않을듯,괜찮다
1079,나정순할매쭈꾸미,딸기포도사과배,엄청엄청엄청 맵다엽떡 매운맛 보다 맵다맛있는가 싶다가도 너무 매워서 맛에 집중이 안된다..한 번 먹어보기 좋은 정도,괜찮다
1080,나정순할매쭈꾸미,김툥,"미친 쭈꾸미. 안암, 제기동에서 자취하길 잘했다 생각하는 이유는, 단연 나정순할매쭈꾸미를 알게되었기 때문이다. 용인수지에서 겁나 멀지만, 너무 먹고싶어 너무너무 생각나서 종종 찾아가는 곳.달걀찜을 비롯한 여느 밑반찬 혹은 별다른 토핑이 없어 실망했던 첫 방문 날. 이제는 이 곳이 쭈꾸미만 집중한다는 그 사실이 날 감동시킨다. 크.익히고 익혀도 질겨지지 않고 쫄깃한 이 곳의 쭈꾸미. 맵지만, 또 먹고싶은 그런 맛. 푸짐한 양까지 쌍따봉이다.진짜 나정순할매쭈꾸미는 제기동의 두 곳 뿐이라니, 절대절대 네버! 다른 곳 가서 실망하지 않으시기를.",맛있다
1081,나정순할매쭈꾸미,슈지로그,"누구나 인정할 쭈꾸미집나정순할매쭈꾸미 본점 ★슈슐랭 4.2/5●쭈꾸미볶음깻잎+쭈꾸미+천사채! 야무지게 쌈싸드세요오♥크 이곳은 천국인가....진짜 맛있어요 여기 ㅋㅋㅋㅋㅋ쭈꾸미 진짜 통통하고 쫄깃하고 하나도 안 질기구용!양념이 미쳐써용,, 마약 양념 ㅠ_ㅠ맛있게 매운!! 그 맛!!! 근데 처음엔 안매운데 ㅋㅋㅋ 먹다보면 짱 매워요..맵찔이 분들은 꼭 천사채를 듬~~~뿍 넣고 드세요!●볶음밥이모님이 김가루, 참기름, 밥한공기 넣고쭈꾸미랑 슥슥 볶아주세용ㅋㅋ 이게 또 JMT양념이 맛있으니 볶음밥도 당연히 맛있쥬 ㅠ_ㅠ 볶음밥 시키면 된장찌개도 같이 나오긴 하는데된장은 솔직히 그냥 그래욬ㅋㅋㅋㅋ주시니까 머금..ㅋㅋㅋ●총평언제나 먹어도 맛있는 나정순할매쭈꾸미♥쭈꾸미가 정말 쫄깃하고, 양념도 감칠나게 매워서 맛있고,양도 정말정말 많은,, 갈때마다 쭈꾸미로 배터지는 곳ㅋ너무 사람이 많아서 정신이 없고..이모님들도 친절한 편은 아니지만^^...그래도 맛있으니까,, 계속 가게 됩니다 헤헤여기만큼 쭈꾸미 하는데가 없어용 진짜ㅋㅋㅋㅋ●운영시간: 월-토 11:00 - 22:00 (Break time 15:00-16:30) /일요일 휴무●가격: 쭈꾸미 1인분(350g) 12,000원, 볶음밥 2,000원",맛있다
1082,나정순할매쭈꾸미,식샤를합시다,방송을 보고 벼루고 벼루다가 겨우 시간잡고 가본 쭈꾸미맛집~~!!대부분 이렇게 가면 실망 하기 나름이나~ 생각 보다도 훨씬 맛있었다!매콤하면서 달짝찌근하며 단백한 맛!나중에 볶음밥은 정말 .. 그리고 무엇보다도 정감 넘치시고 친절하셔서 좋았다!대부분 유명한 집을 가면 사무적이거나 엄청 불친절한 경우가 많은데 오히려 이것저것 신경써 주시고 그래서 즐겁게 식사할수 있었다!재방문의사 1000% 추천 10000%,맛있다
1083,나정순할매쭈꾸미,인슐랭가이드,잘만든 쭈꾸미볶음하나 오징어볶음보다 났다!제기동역 근처 하나은행옆에 있다.요 근래 쭈꾸미를 많이먹긴했는데 이집처럼 연륜이 느껴지는 레시피는 너무 반가웠다.맵콤달콤하고 끊임없는 천사채와 깻잎리필은 시금을 울린다.가격은 1인 12000원 + 볶음밥2000원으로 맛있는 저녁값이랑 비교하면 싼편이라고 생각한다.용두동에서 식사를 해야된다면 이곳을 제일처음 생각할것같다.뒷광고 아님인슐랭가이드 볶음요리부문 2.8/3,맛있다
1084,나정순할매쭈꾸미,욤뇸,"먹어본 쭈꾸미로는 단연1등입니다쭈삼이라 불리며 양도 적고, 부실한 다른 음식점들과는 비교도 안되게 알찬 쭈꾸미와 2인분같은 1인분을 주는 이곳은 최고의 맛집이 분명해요테이블마다 추가로 반찬을 먹을수 있게 옆에 준비되어있는데 더 맛있게 먹고싶다면 마늘을 잔뜩 넣어서 쫄이면 되구요다들 너무 맵다고 하지만 매운걸 좋아하는 저에게는 기분좋은 매운맛이였어요볶음밥을 시키면 된장찌개가 같이나오는데 시골에서 먹는 된장찌개처럼 엄청 구수하고 맛있었어요!양념이 맛있는데 뭔들!양념돌이에게는 최고의 쭈꾸미 맛집이 분명합니다!!",맛있다
1085,나정순할매쭈꾸미,이진쓰,"주꾸미가 주꾸미지 뭐 별 거 있겠냐 하는데 마약같애...★인원수만큼 양념생주꾸미를 준비해주시고 테이블의 솥뚜껑을 뒤집어 주세요.불을 켜고 주꾸미를 올려 익혀줍니다. 생주꾸미에 사리같은건 없습니다. 떡/우동/콩나물 고런거 없구..그냥 쭈꾸미로만 승부봅니다. 양념은 달큰하면서 매콤해요. 양념 그닥 제 스타일 아닌데 정신차려보면 아주 코박고 먹고 있는, 젓가락으로 주꾸미 사냥하는 제 모습을 발견하게 됩니다;;이런 연체동물은 익힐수록 질기게 되는데 얜 왜 안그런거죠? 질기지 않고 쫄깃하면서 부드러운 맛 계속 유지되어요...이상해요. 무슨일이죠?  포장해가서 집에서 먹으면 이 맛, 이 식감 아니래여ㅋㅋㅋㅋ(역시 무쇠불판이 짱인건가) 처음엔 주꾸미에서 국물 많이 생기는데 졸이다보면 주꾸미도 작아지고, 양념도 자글자글 주꾸미에 뱁니다. 이걸 깻잎에 천사채 올려 먹으면 개꿀맛?천사채마요네즈무침은 느끼하면서 고소해서 매콤달달한 양념이랑 잘 어울려요. 식감 또한 조화롭구여. 전 사리충...떡사리 치즈사리 야채사리 추가해야 하는 사람인데...다른 사리따위 생각나지 않아여.마지막에 볶음밥 시켜서 먹었는데 싱겁거나 푹 퍼져있지 않아 좋았어요. 김가루랑 참기름만 들어가는 볶음밥이구여, 깻잎은 저희가 찢어 올렸어요. 이것도 천사채샐러드랑 남긴 주꾸미랑 먹으면 꿀~ ㅋㅋ아 볶음밥 시키면 된장찌개도 주는데 되게 집된장인가????시판된장과 다른....뭔가. . . 향이 나는 된장찌개였습니다.철판에 올린 사진: 2인분 쭈꾸미, 그릇에 있는 주꾸미 사진: 1인분양",맛있다
1086,나정순할매쭈꾸미,토끼풀,"불현듯 생각난 이 주꾸미..! (가게 이름은 쭈꾸미지만 원래는 주꾸미가 맞는 말이랍니다 한글러버)단일메뉴라 들어가는 순간 거의 바로 세팅되는ㅋㅋㅋ k서비스의 식당 중 하나입니다. 매운걸 잘먹는 축은 아니지만 의지와 애정이 가득한 사람들은 땡길때 추천해요!! 매운거 꽤 먹는다 하는 친구도 후하후하 하며 먹더라고요 ㅋㅋㅋ 그치만 말그대로 맛있게 매워서 멈추지 않는 젓가락•• 정말 유일한 단점은 부츠를 신은 날이었는데 좌식이었다는것,,심지어 양말 짝짝이였는데,,, 신발을 굉장히 좁은 입구에서 벗어서 비닐봉투에 알아서 담고 그걸 테이블에 가져가야해요. 그것만 극복하면 됩니다! 향긋한 깻잎에..매콤달짝 주꾸미..디저트는 볶음밥.. 한번 갔지만 그리워..",맛있다
1087,나정순할매쭈꾸미,Grandma_taste,말모..유명한 곳은 다 이유가 있는듯 합니당..ㅎㅎ주말이나 저녁시간만 되면 웨이팅 엄청나지는 용두동 쭈꾸미 원조집!!쭈꾸미 단일메뉴인데쭈꾸미양이 우선 정말 많고 다른 집과 달리 쭈꾸미외의 재료보다는 쭈꾸미에 집중한 느낌이 강해요!!처음 드시면 매우실수 있는데같이 주시는 천사채랑 락교랑 싸먹으면 그냥꿀맛입니다..그리고 볶음밥도 진짜.. 맛있어요 배가 남으신다면 추천추천 드려요,맛있다
1088,나정순할매쭈꾸미,띠용용,매운데 .. 깻잎+천사채+마늘 넣고 먹으면 계속 들어가요!!! 늦은 시간에 갔더니 천사채가 ㅠㅠ 만들어놓으신게 다 소진되어서 .. 아쉬웠어요,맛있다
1089,나정순할매쭈꾸미,회기동8년차,기본에 충실한 집.묻지도 따지지도 않고 머릿수대로 불판에 쭈꾸미를 올리고 보는 이유는 이 집의 자신감 덕분이다.,맛있다
1090,나정순할매쭈꾸미,브라더,맛있게 맵고 깻잎에 샐러드랑 마늘이랑 같이 싸먹으면 정말 맛있다.,맛있다
1091,나정순할매쭈꾸미,Yeonhwa,"들어가면 주문할것도 없이 인원수대로 쭈꾸미가 나온다!옆통에 있는 마늘을 넣고 볶아드세요!!나정순할머니쭈꾸미를 먹은뒤로 다른집 쭈꾸미를 못먹어요너무너무 맛있고 집가면 생각나는맛 ㅋㅋ!볶음밥을 시키면 슴슴한 된장찌개도 나와요 !*다양한 사이드를 원하시는분들이라면 비추입니다 천사채,락교,당근,깻잎 정도의 사이드만 구비되어있어요!",맛있다
1092,나정순할매쭈꾸미,섭지,매워요!근데 맛있게 매워서 산소보다 더 많이 먹을 수 있어요.주문은 필요없어요 입장이 주문이에요그리고 천사채랑 깻잎이랑 싸먹으면 천국에 다녀올수 있어요둘다 계속 채워주시니까 언제든 든든하게 드시고마늘은 쭈꾸미에 아기캥거루마냥 꼭 넣어드세요나중에 같이먹으면 정말 맛나요다음에 기회되면 또 가려구요,맛있다
1093,나정순할매쭈꾸미,뺄래기,여섯명이 가서 30분 대기하고 먹었는데 제 입맛에는 매워서 결국 다 못먹었어요..ㅠㅠ그래도 쭈꾸미가 진짜 탱글탱글 부드럽고 맛있었네요.,맛있다
1094,나정순할매쭈꾸미,작은우체국,"2018년 6월 방문했었습니다. 가게를 잘못 찍고 올려서 삭제 후 다시 올립니다 ㅠㅜ제가 살면서 먹었던 그 어떤 음식 보다도 매웠던 기억이 납니다.맵다 못해 아파서, 사실 맛을 잘 느끼지 못했습니다. 이렇게까지 매운 걸 사람들이 이렇게 몰려와서 먹는다고? 대체 왜? 하는 생각만 가득했어요.맵찔이인 탓에 더 그렇게 느꼈을지도 모르겠습니다. 다만 그 와중에 양도 많고 쭈꾸미도 싱싱하다, 라는 건 어느정도 느껴지긴 했습니다. 그리고 동행하셨던 분들은 다 맛있게 잘 드셨기 때문에 제 불호에도 불구하고 괜찮다 를 드립니다.매운거 못 드시면 아예 발을 들이지 않으시는 걸 추천합니다.. 겔포스를 먹고 들어갔는데도 며칠동안 엄청 고생했어요.",괜찮다
1095,나정순할매쭈꾸미,쥬다쥬아,쭈꾸미 안좋아하는데 급 땡겨서 유명하다길래 갔어요!일하시는 이모님들 너무 친절하고 맛있었어요식당가면 볶음밥 꼭 먹는데 볶음밥도 굿굿 양도 딱 적당한것 같았어요 ㅎㅎ,맛있다
1096,나정순할매쭈꾸미,영영,맛있어용!!단짠 한식을 좋아한다고 햇더니 아는 언니가 추천해준 곳입니당쭈꾸미집이 이렇게 크고 바로 옆에 이호점이 붙어있는 게 신기했어용 장사가 정말 잘되는 것 같아요들어가자마자 인원을 보고 자동으로 주문해주십니당음식이 엄청 빨리 나옵니다한 이분만에 음식을 받은 것 같아요치즈같은게 없어서 쭈꾸미 본연의 맛을 느낄 수 있습니당 정말 단짠인데 너무 맛있어요 천사채랑 같이 싸먹으면 꼬돌하면서도 매콤느끼가 함께 있어서 맛나요!!마지막에는 살짝 짯지만 볶음밥을 해서 먹으니 딱 맞았어요좀 미리 밥을 볶아서 같이 먹는 것을 추천합니다식사시간과 겹치면 대기가 많은 것 같더라구요애매할때 가서 드신다면 조용하게 맛있게 드실 수 있습니당,맛있다
1097,나정순할매쭈꾸미,빵이주식인파이리,"1인분12,000원! 아주 특별한건 없지만 양념이 다한 주꾸미볶음!아주 매콤하고 감칠맛 작렬이다사실 주꾸미거리에 있는 맛집이라고해서 뭔가 다른 특별한 맛!! 정도까진 아니고 동네에 하나씩 있을것 같은 남에게 알려주고 싶은 맛있는 집이다 근처 오게 된다면 추천!",맛있다
1098,나정순할매쭈꾸미,베리베리,확실히 다른 쭈꾸미맛집보다 뭔지모를 연륜이 느껴지는 맛.하지만 오래된 맛집이라 그런지  깨끗하고 위생적인 느낌을 받긴 힘들었다..,괜찮다
1099,나정순할매쭈꾸미,정다운,그냥 특별할것 없는 할매집밥맛,맛있다
1100,나정순할매쭈꾸미,으니,여기는 제 인생쭈꾸미입니당.. 쭈꾸미좋아하시면 여기는 꼭꼭 가세용 ㅠㅠ 그리고 볶음밥 진짜 너무 맛있어용!!!! 국물 조금 적셔서 드시면 더 맛있습니다 ㅎㅎ 한가지 팁은 여기 된장찌개 맛있는데 밥 또는 볶음밥 먹으면 줘용! 된장찌개 빨리 많이 드시고 싶으시다면 밥 한공기 시키고 나중에 볶음밥먹을때 리필 부탁하면 또 가져다 주세용 ㅎㅎ추천추천!!!,맛있다
1101,나정순할매쭈꾸미,silvert,매콤하고 맛있었습니다. 특히 볶음밥이 너무 맛있었습니다. 다음에 또 가고싶네요,맛있다
1102,나정순할매쭈꾸미,Jessica,맛있는 쭈꾸미집!이 부근은 다 쭈꾸미 집이라 잘 찾아야함!!인원수에맞게 자동으로 차려주는데양이 많은편이다깻잎과 마늘 같이먹으면 굿굿양념이 달다- 매콤매콤!볶음밥도 같은 양념이라 달았음!근데 맛있다 :)포장도 가능,맛있다
1103,나정순할매쭈꾸미,띵시,"가성비 ⚫️⚫️⚫️⚫️⚪️맛 ⚫️⚫️⚫️⚫️⚪️분위기 ⚫️⚫️⚫️⚪️⚪️재방문의사 90지금까지 맛본 쭈꾸미 중 가장 기억에 남는 맛... 아 정말 맛있었음. 좌식이라 불편했지만 이를 감내할 만큼 맛있는 쭈꾸미.반찬은 정말 단순하게 찌개 천사채 깻잎 끝! 가게에 발을 디디자마자 양념에 버무린 생 쭈꾸미가 나온다. 이 때 비린내가 너무 역해 뛰쳐나오고 싶었으나 이 냄새는 익으면서 점차 사라짐. 정말 통통하고 부드러움... 개인적으로는 하나도 안 맵고 달달하니 너무 좋았는데, 매찔이 친구는 너무 맵다며 울며 먹었다. 천사채와 함께 깻잎에 올려 먹으면 헤븐.반쯤 먹었을 때 볶음밥을 주문하면 저렇게 귀여운 모양새로 볶아 주심. 밥 역시 참기름 향 고소하게 올라오고 매콤 달큰해 싹싹 긁어먹음. 아니 그런데 여러분은 저게 매우셨나요...? 난 본래 매찔이임에도 정말 미뢰에 미동도 안 왔는데 친구들은 내 혓바닥이 드디어 맛이 가버렸다고 하니 누가 맞는 것인지...단점은 생 쭈꾸미의 역겨운 비린내가 옷에 깊이 밴다는 점. 뒤에 약속이 없을 때만 방문할 것!",맛있다
1104,나정순할매쭈꾸미,햄이,"진짜 최고!!!!!!♥️쭈꾸미 해산물 은근 불호자인 나라서 쭈끄미나 오징어볶음 요런애들 안좋아하는데 일단 질긴 식감과 양념이 잘 안배이는 해산물을 안좋아한당 ㅠㅠ 그런데 여기진짜.. 너무 맛있다!!! 통통한 쭈꾸미 가득, 양 진짜 많구, 양념은 매콤달짝화끈, 마늘 좋아해서 마늘 그냥 들이붓고 진짜 깻잎에 천사채조금 마늘두개, 쭈꾸미 오동통한거 큰거 뙇 넣구 입에 딱 넣으면 오물오물.. 으음.. 환상의 맛이다 ㅠㅠㅠㅠ (방금 먹고와서 리얼함) 볶음밥은 하나에 2000원인데 된장찌개 (도 맛있음 칼칼한 고추와 바지락 넣어서 시원칼칼한데 찐한 된장맛) 주시고 이모님들의 엄청난 센스로 쭈꾸미 1차가 끝나기 직전에 2차 쭈꾸미 볶아주시고 쭈꾸미 끝나려고 할때쯤에 볶음밥 볶아주신다..♥️ 이렇게 유명하고 맛집이면 불친절할만 한데 어? 천사채 떨어져가..네? 라고 생각하려하면 바로 천사채 채워져있고.. 센스 진짜 대박 ㅠㅠ 양도 너무많고 너무 맛있고 행복했다 끝나고 주시는 요구르트는 딱 입가심에 최고~!우리테이블 말고 다 술마시더라.. 담에 술마시러간다 ^-^ 조만간 ㅎㅎ",맛있다
1105,나정순할매쭈꾸미,어젠,이제껏 제대로된 쭈꾸미볶음을 먹어보지 못했다는 생각이 들 정도로 맛있었다맵기와 달짝지근한 맛이 적당하고 쭈꾸미의 씹는맛도 좋아서 더 없이 술을 계속 마실 수 밖에 없었던!엄청 과식한 느낌...웨이팅은 생각보다 적었고 별관을 갔는데 테이블석이라 편했다직원분들이 너무 바빠서 부르기 힘들긴 하지만 맛집이라면 감수해야할 부분깻잎+쭈꾸미+천사채+락교이 조합이 가장 좋았다볶음밥도 완전 사랑!!쭈꾸미볶음밥 간도 잘 돼있고 감칠맛도 좋았다,맛있다
1106,나정순할매쭈꾸미,즌짱,"우유 없이 먹을 수 있게 된 것으로 보아 예전보다는 확실히 덜 매워진 듯. 입장과 동시에 사람 수에 맞춰 쭈꾸미 세팅해주심. 마늘 넣어서 같이 익혀드시면 맛나요 ㅎㅅㅎ 깻잎에 천사채랑 같이 싸먹으면 존맛. 둘이 가서 3인분 먹었으면 말 다 한 거 아닌가요,,, ㅎ,,, 볶음밥도 맛있는데 오늘은 양념을 적게 넣으셔서 미스였음.",맛있다
1107,나정순할매쭈꾸미,처먹파,쭈꾸미 먹으러 일산으로만 가다가 우연히 가게 된 곳. 기대이상으로 맛있었다. 조미료 맛이 많이 느껴지긴 하지만 달큰하게 매운맛이 역시 중독성 있다. 흰밥에 비벼먹어도 맛있고 볶음밥도 맛있다. 일하시는 분들 엄청 프로페셔널 하셔서 친절함과는 별개로 밥먹는 내내 편했다(?)ㅋㅋ 다만 가게 전체적인 위생에 신경 좀 썼으면 하는..매운거 먹고 싶을때 생각나는곳.,맛있다
1108,나정순할매쭈꾸미,qwerty,사리추가안되는게 아쉽지만 맛있어요,괜찮다
1109,나정순할매쭈꾸미,옥수슈,"이번해에 먹은 음식중에  베스트 오브 베스트!근래 스트레스받는 일이 너무 많았어서 소주 안주삼아 먹을 생각으로 방문했어요.진짜 기대한 것 이상으로 소스도 맛있고 야들야들하니 질기지도 않고 정말 맛있었어요!익힐 때 마늘도 넣어서 익혀먹으니 더 맛있었고, 천사채와 깻잎에 야무지게 싸먹으면 꿀떡꿀떡 넘어가요. 볶음밥은 두말할 것 없이 넘나 맛있는 것ㅜㅜ먹느라 정신이없어서 사진이라곤 쭈꾸미거리 앞을 지키는 대형 쭈꾸미 동상밖에 못찍었어요.남자친구는 2인분 따로 포장해갔고, 포장하러온 손님도 많았어요. 집에서 너무나도 멀지만 다음에 또 올 것 같아요!",맛있다
1110,나정순할매쭈꾸미,승현,삶이 힘들면 찾아가는 나정순할매쭈꾸미밑반찬은 천사채 빼고 일체 없지만 쭈꾸미 자체로도 넘 완벽하자나...깻잎에 천사채 왕창넣고 쭈꾸미 얹어서 싸먹으면 천국이 따로없다 흑흑그 후엔 꼭 소맥 들이붓기!!ㅠㅠ,맛있다
1111,나정순할매쭈꾸미,유상호,"용두동 본점에 갔으나 웨이팅이 너무 길어서 제기동에 있다는 분점에 갔어요. 분점도 사람이 많더라구요.나정순할매쭈꾸미는 우선 쭈꾸미 자체는 괜찮았어요.특징이라면 돌판에 쭈꾸미를 올려서 익힌다는 거고, 소스는 찐뜩찐뜩한 고추장물엿 베이스양념이 아니라 옛날식 고추가루 위주 깔끔한 양념이라 아주 맘에 들었습니다. 특히 요새 트렌드에 맞게 단맛으로 범벅하지 않아서 그런 점들은 높게 평가하고 싶네요.또 사이드로 나오는 마요네즈 천사채가 아주 맛있어요. 매운맛을 중화시키는 역할도 하지만 쭈꾸미의 미끈미끈한 식감을 꼬들꼬들한 천사채가 보완해주고 여기에 바삭한 김까지 싸먹으면 식감조화가 아주 좋아요. 꿀팁입니다.다만 단점이 있다면 쭈꾸미 국물입니다. 말씀드렸다시피 끈끈한 양념이 아니라 깔끔한 양념이라 쭈꾸미에서 물이 나오기 시작하면 팬이 흥건해지는데 이 양념이 졸아들어서 쭈꾸미에 붙어나오기 할때쯤이면 쭈꾸미는 이미 오버쿡되서 질기거든요. 좀 크리티컬한 단점이라고 느꼈어요. 양념이 맛있으려면 양념맛도 중요하지만 음식을 집었을 때 양념이 딸려 나와야되거든요. 그러러면 농도가 중요한데 너무 묽어요!!!! 전 이부분 맘에 안들었습니다",괜찮다
1112,나정순할매쭈꾸미,dally116,학생때는 자주 갔는데 일요일에 영업 안 하니까 한 오년만에 다시 가본 추억맛집. 좀 덜 매워지고 양도 줄은 거 같은 느낌은 느낌일까 사실일까 ㅋㅋㅋ뒷골목의 다른 집들 몇군데 가봤지만 나에겐 역시나 나정순할매집이 용두동쭈꾸미의 맛집!,맛있다
1113,나정순할매쭈꾸미,솔직함과 가성비 빼곤 시체,(수정) 가성비 좋고 맛도 좋습니다! 쭈꾸미만 먹으면 매우나 천사채를 같이 넣어서 깻잎에 싸먹으면 맵지 않고 꿀맛!! 천사채와 깻잎 많이 리필해도 눈치주시지 않고 먼저 아낌없이 주시려는 따뜻한 마음씨에 감동~ 쭈꾸미 다먹고 먹는 볶음밥도 최고~그러나 여기서 쭈꾸미 먹을때마다 설사하네요 ㅠㅠ 입안은 맵지 않으나 뱃속으로 들어갈때부터 자극이 느껴지네요..,괜찮다
1114,나정순할매쭈꾸미,현아,여긴 진짜 인생쭈꾸미...볶음밥에 인생배팅 하고싶어요..,맛있다
1115,나정순할매쭈꾸미,돼지뺑뜨르,맛있게 매워요 ㅠㅠ 매ㅝ요..,맛있다
1116,나정순할매쭈꾸미,박인석,우리 동네에 있는 대박맛집 ㅠㅠ쭈꾸미 하면 요기!!,맛있다
1117,나정순할매쭈꾸미,Sevil,맛만으로는 최고가 아닐까쭈꾸미가 크고 신선함,맛있다
1118,나정순할매쭈꾸미,가쥬,맛있게 매운맛!! 실제로 뵌 나정순할매는 호탕하심! 깻잎+쭈꾸미조합은 짱! 밥볶아먹으면 너무 맛난당!! 매운 정도는 엽떡보단 덜 매운 정도로 맛잇음,맛있다
1119,나정순할매쭈꾸미,맛집맛집먹을래갈래,정말 맛있다!!인생맛집!! 며칠째 쭈꾸미 양념과 오동통한 쭈꾸미가 잊혀지지않는다. 지금 리뷰를 쓰는 이유도 너무 먹고싶어서이다. 용두동에 이 쭈꾸미를 먹으러온다고해도 교통비가 절대 아깝지않다.,맛있다
1120,나정순할매쭈꾸미,jy,대박맛있음주1회는포장해서집에서 먹는데 진짜맛있음강추!,맛있다
1121,나정순할매쭈꾸미,가마니멍하니,진짜 짱 매워요! 웬만한 쭈꾸미집들보다 매운듯. 하지만 맛있어요. 밥을 꼭 비벼 먹어야 마무리가 됩니다.,맛있다
1122,나정순할매쭈꾸미,먹는곰,정~말 맛있었다. 쭈꾸미 철이라고해서 찾아보다가 갔는데 역시 망고플레이트 5점 식당 다운 맛이었다! 먹으면서 더 중독되는 맛에 마지막 볶음밥까지 정말 완벽했다.조용한데서 얘기하면서 가실 분들은 절대 가지마시고 맛만 집중하실 분들에게는 완전 강추합니다!,맛있다
1123,나정순할매쭈꾸미,Jㅐ,깻잎 + 천사채 + 주꾸미 = ♡,맛있다
1124,나정순할매쭈꾸미,ParkHyeran,줄 서서 먹을 가치가 있어요.,맛있다
1125,나정순할매쭈꾸미,Shinhee,오랜만에 찾았어요. 늦은 오후에 가서 기다리지 않고 바로 착석.쭈꾸미 인당 만원씩이거 깻잎이랑 천사채에 싸서 먹으면 맛있어요!볶음밥은 진짜 최고.two thumbs up!!!!,맛있다
1126,나정순할매쭈꾸미,Shinhee,진짜 맛있는 쭈꾸미집. 매운 거 땡길때 고고!,맛있다
1127,와가리피순대,Capriccio06,"피순대가 맛있기로 유명한 집. 돼지 막창 속에 선지와 채소가 들어간 피순대와 애기보, 오소리 등 부속고기가 함께 나오는 모듬 순대가 유명하고 매콤한 맛의 순대국도 맛있다.모듬 순대 먹고 싶은데 혼자 가면 좀 부담스러워서 순대국으로... 많이 좋아하는 음식은 아니라 다양한 곳에서 먹어보진 못했는데 잡내가 거의 없고 씹는 식감도 좋고 맛있는 피순대였다. 순대국 일반으로 하면 순대 4개 + 오소리감투 같이 끓여서 나오는데 얼큰하고 적당히 간이 잘되어 있고 맛있었다. 너무 내장 중심이라 그런 쪽이 별로면 취향이 아닐 수 있음. 머리고기 좋아하면 주문할 때 요청하면 넣어주신다. 머리고기 추가해서 먹었을 때는 내용물이 아주 많아져서 더  배부르게 먹었다. 김치는 좀 달고 젓갈 맛이 강한 자극적인? 느낌도 있는데 순대국 맛이 강해서 같이 먹으면 무난하다.",맛있다
1128,와가리피순대,매미미,간간하고 부드럽고 깔끔한 피순대 가득 모듬 순대와오소리감투+피순대 가득 양념된 순대국. 순대국과 잘 어울리는 달달한 깍두기순대와 잘 어울리는 적당한 배추김치. 국내산 재료로 깔끔하고 맛있다. 흠잡을데 없네. 주차는 눈치껏 가게 앞이나 골목에.,맛있다
1129,와가리피순대,snoopy,봄날에 다시 왔어요. 국밥에 막걸리를 곁들여서 그런지 짜지 않고 적절했네요. 맞은편 커피집에서 커피한잔 내려서 성북천 산책하는데 날씨가 좋아서 아주 좋았습니다. :-),맛있다
1130,와가리피순대,snoopy,"순대만 포장해서 먹어보고 긴가민가해서 순대국 먹어봤더니 확실해졌다...이렇게 짠데, 맛없기도 힘들겠다.",괜찮다
1131,와가리피순대,봉식이,술에 넘 취해있었어서 기억이 잘 안난다... 엄청 맛있었다는건 기억남ㅎㅎ1차 대성집 2차 피순대 하면 완벽쓰,맛있다
1132,와가리피순대,숩삐,살면서 먹어본 피순대 중에 제일 맛있었다! 피순대를 시키면 국물과 김치 3종 피순대 오소리감투 요렇게 나온다. 오소리감투?? 저것도 처음 먹어보는데 너무 고소하고 순대도 잡내 하나도 안나고 너무 맛있었다!! 일찍 안 가본게 후회될 정도로 순대가 너무 퀄이 좋았다! 같이 간 친구는 당면때문에 순대를 싫어하는 친구였는데 이 순대는 너무 맘에 든다고 극찬을 하였다...!,맛있다
1133,와가리피순대,한식킬러,살면서 먹어본 순대 중 제일 최고에요,맛있다
1134,와가리피순대,장희,들깨랑 깻잎이 들어간 국물때문에 감자탕 느낌도 좀 나는데 간이 아주 잘됐다. 따로 간 안해도 좋았다. 건더기중엔 살코기는 없고 전부 내장뿐이라 호불호는 갈릴듯. 부드럽고 냄새가 나는것 같기도 안나는것 같기도..나더라도 거슬리는 역한 향은 아니었는지 맛있게 먹었다. 피순대는 두말할것도 없이 맛있었다. 김치중 하나는 젓갈때문이 독특한 맛. 일반김치랑 깍두기는 딱히 맛있진 않아서 맛만 봤다.가게에서 순대때문인지 묘한 향이 남,맛있다
1135,와가리피순대,dally116,"볼 일이 있어 거의 매주 신설동을 가는 요즘이예요. 혼밥이 익숙치 않아 주위 맛집들을 못 가보고 있었는데, 밥친구가 생겨 1순위로 가 본 와가리피순대.라멘집이냐 만두집이냐 순대집이냐 어딜 먼저 가볼까 엄청 진지하게 고민했더니, 밥친구가 신기해 하더라구요. 나한텐 로또번호만큼이나 중요한 문제인데...ㅋ 저희는 점심이라 순대국을 시켰어요. 근데 왜 다들 저녁에 방문해 모듬순대를 먹는지 첫 술 뜨자마자 알았어요. 잡내하나 없는 국물과 실한 부속물도 맛있지만, 피순대가 진짜 예술이네요. 그냥 먹자마자 와아~ 찐이다 찐!!! 극찬!!단가때문인지 순대국에 피순대가 딱 4개 들어가는게 살짝 아쉽긴 했어요. 사실 김치는 제 취향이 아니었지만 순대가 맛있으니 모든걸 이해~ 다음번엔 모듬순대에 술국을 먹으러 재방문해야겠어요. 총평: 순대 싫어하는 사람도 순대를 먹게할 것 같은 맛.",맛있다
1136,와가리피순대,라물장,"홀릭 분들이 극찬했던 와가리피순대를 드디어 가 봤다. 순대모듬을 시키니까 순대+국물이 나왔다.확실히 깔끔하다. 내장과 선지가 이렇게 많이 들어가는데도 비린내가 나지 않는 게 신기하다. 근데 의외로 좀 밋밋하다는 느낌이 들었다. 담백하다 보니 오히려 특색이 적은 기분? 내가 피순대 취향이 아닌가 보다. 그래도 잘 만든 순대라는 건 확실하다.반찬은 김치, 깍두기, 깻잎, 마늘이 있는데 깻잎이랑 같이 먹는 걸 추천. 깍두기는 너무 달아서 별로였고 김치도 그렇게 맛있진 않았다.일단 피순대를 먹어봤다는 거에 만족하는 걸로.",괜찮다
1137,와가리피순대,키다리아저씨,"서울 도심에서 이만한 피순대를 어디서 만날 수 있을까?!!!! (위의 맛 평가는 피순대 위주의 선택)순대를 좋아하시거나 국밥류와 함께 약주한잔 즐기시는 분들에겐 유명한 곳이죠^^이곳의 대표메뉴인 피순대는 손질 잘된 막창에 선지와 야채를 사용하여 누린내 없이 깔끔하고 담백 고소한 피순대가 핵심이죠! 얇은 막창부터~ 두툼한 부위의 쫄깃한 막창까지 식감과 맛, 특유의 향까지 매력이 있습니다. 선지와 야채의 조합이라 그런지 먹으면서 은은한 단맛도 느껴지네요.물론 평소 비위가 약하시거나, 선지나 막창 같은 음식을 선호하지 않는다면 호불호는 갈리겠지요;하지만~ 서울내에서 이정도 피순대를 먹을 수 있다는 부분에선 한번쯤 경험해 보시는것도 좋다고 생각합니다.순대모듬엔 피순대 뿐만아니라, 오소리감투와 애기보까지 함께 나옵니다. 이것역시 싫어하시는분은 꺼려하시지만... 찾아 드시는분들에겐 더욱 좋은 장소겠죠^^ 손질이 잘못되거나 상태가 좋지않으면 누린내가 심할 수 있는데...여기는 은은하게 특유의 향은 느껴지지만 심하진 않았구요. 쫄깃한 식감과 씹을 수록 고소함이 느껴져서 나름 괜찮았습니다.소고기국밥과 순대국도 주문해봤는데... 담백하고 깔끔한 피순대를 먹어서 그런지...약간 매콤하고 시원한 순대국이 더 맛있게 느껴지더라구요. 소고기국밥도 맑고 시원해서 나쁜건 아니였지만, 개인적으론 좀 평범한 느낌이였어요. 부속고기는 꽤 많이 들어서 어르신들이 좋아하실듯합니다.지방에서나 먹을 수 있을법한 수준있는 피순대를 서울에서 먹을 수 있어서 좋았습니다.",맛있다
1138,와가리피순대,으니,엄청엄청 기대하구 먹었는데 ㅠㅠ 너무 기대해서그런지 기대치에 못미쳣어용!! 피순대를 엄청 좋아하실분들은 좋아하실것같아용ㅎㅎ 마니아층분들은 정말 좋아하실맛일것같습니다~^^ 김치는 젓갈냄새가 조금 심해용! 다른 식당들보다 김치가 독특독특! 나중에 간다면 전골을 먹어보고싶네용 ㅎㅎ 다른테이블에서 볶음밥먹는데 볶는소리가 예술이었습니당!,괜찮다
1139,와가리피순대,치키,처음 가서는 꼭 순대모듬을 먹어봐야 한다!순대가 아주 진또배기 그자체다 ㅠ너무 과하지도 부족하지도 않은 피순대의 정석이다소머리국밥도 국물이 깔끔하고 진하다순대랑 같이 먹으면 찰떡궁합이다 ㅠㅠ,맛있다
1140,와가리피순대,silvert,다들 순대가 맛있고 순대국은 별로라고 하는데 저는 오히려 순대국이 더 맛있었네요. 막 엄청 특별하게 맛있는 느낌은 없지만 그래도 전체적으로 맛있게 먹었습니다.,맛있다
1141,와가리피순대,베이맥스K,피순대 찾아보다 근처에 있어 친구들 모아 방문...술자리 겸 식사라 모듬하고 술국을 시켰다. 국물은 순대국 치고는 맑은 편이고 피순대는 에스토니아에서 먹었단 블랙 푸딩 맛이 생각났는데 엄청나게 취향이 맞았다. 대창하고 기본 두 종류로 나온 것도 꽤 괜찮았다. 같이 갔던 애들도 충분히 만족했단 느낌,맛있다
1142,와가리피순대,EJ,"궁극의 부드러움을 가진 순대! 먹어본 순대중에 속과 겉이 모두 이렇게 부드럽게 꿀떡꿀떡 넘어가는 순대는 없었음! 고로 순대를 마신듯한 느낌피순대는 사실 가끔 먹긴하지만 피순대 특유의 비린내가 나는 곳이 있기때문에 웬만한 곳에서는 주문해먹지 않는 편. 근데 여기는 비주얼은 완전 피듬뿍순대인데 어찌 냄새가 1도 없는지 정말 의문. 누가 순대 물어보면 바로 말하는 곳 중 하나가 될듯.전골은 또 왜이렇게 시원한지.  술을 마시는데 해장하는 기분, 건더기도 상당함. 집에서 멀고 역에서도 걸어야하고 밤에 깜깜해서 무서운데 이 동네 자꾸 오고싶어짐 ㅠ",맛있다
1143,와가리피순대,우이리,"전주에서 못먹어본 피순대를 서울서 영접하네요.고소합니다.예전에 어딘가에서 먹어본거 같은데, 이름이 피순대는 아니였는데...소머리술국도 깔끔하니 좋네요.",맛있다
1144,와가리피순대,이진쓰,"리뷰쓰기 싫다,,, 맛 별로라고 뻥칠까...와가리는 피순대를 파는 곳이고, 우리는 암뽕이 나오는 순대모둠과 순대전골을 시켰다.둘다 맛있다. 선지를 많이 사용하기에 잡내가 날 수도 있지만, 소름끼치게 잡내가 1도 안난다. (1도 없어~돼지의 잡내~) 암뽕도 너무 깔끔하고...당황당황....순대 너무 깔끔하고 고소하다. 막창순대도 맛있긴 했지만 몇 주 전 너무 이를 악물고 자서 턱관절이 손상된 터라 약간 질기게 느꼈다.(과거의 나, 반성해....) 하지만 속..너무 보드라운 속....너무 맛있었다.순대전골도 맛있다. 아시나요~  들깨 가득 칼칼 구수~~~~~~한 국물이 스며든 피순대를....끓이면서 국물이 되게 짜질 줄 알았는데 별로 생각보다 안짜서 신기했다....국물도 깔끔하니 너무 맛있고, 건더기도 적당히 들어가 있어서 아쉬움이 하나도 안남았다. 아, 맛있다고 밥 시키지는 마세요. 지금 밥 먹을 때가 아닙니다....쌀로 배 채울 때가 아님!주말마다 종종 가는 동네 순대집보다 울트라캡숑킹왕짱 더 맛있다. 그 집이랑 이 집 바꿔치기 안되나요. 아니면 우리동네로 이사와주소서....★ 누군가 세상 살기 힘들다고 하고, 삶의 이유나 목적을 잃었다며 상실감에 빠져 힘들어한다면  데리고 와서 위로해주고 싶다.아,  김치는 비추천하니 조금만 덜어드세여..(제 입맛에 너무 젓갈맛 심하고 너무..좀 그래여)",맛있다
1145,와가리피순대,Wchelin,"내포의 깊은 맛을 느낄 수 있는 곳.용두동에 위치한 피순대 전문점. 중구와 더불어 동대문구에도 노포 내지는 나름의 세월을 갖고 있는 식당들이 많은 것 같다. 용두동 인근이 재개발되면서 빈 건물이 많고 휑한 느낌인데, 이런 식당은 재개발이 되어도 명맥을 이어갔으면 하는 바람이다.순대국밥을 먹었다. 국에 들어가는 순대는 좋아하지 않아 빼달라고 하고, 내포만 달라고 하였다. 별 기대없이, 점심 한 끼 먹으러 들어갔는데 만족스러웠다. 진하고 깊이 있는 국물과 양질의 내포. 쌀쌀한 날씨에 따뜻해지는 한 그릇. 조금 아쉬웠던 점은 오소리감투가 많아 내포의 다양성이 조금 부족했던 것과 깻잎이 들어가 맛의 균형 약간 흐트러진 것. 그럼에도 맛있게 먹었다.모둠순대를 먹으러 한 번 들르고 싶다.",맛있다
1146,와가리피순대,주혜,술먹고 자주 방문하는 순댓국집. 피순대가 진짜진짜 맛있음. 순댓국은 보통이지만 안에든 피순대가 맛있어서 계속 가는 곳. 배가 여유만있다면 무조건 모듬순대를 추천!!,맛있다
1147,대흥설농탕,맛망,"“김치를 먹으면 내공을 알 수 있지”방문일자 : 2022.06.01테마: 한우 전문 설농탕 분위기: 푸근한 인심이 느껴지는 시골집 느낌 일 끝나고 나홀로 소주와 설농탕 한 그릇이면 오늘 하루도 잘 마무리.음식 : 메인 메뉴는 설농탕. 안에 들어가는 고기를 단골 분들은 요청하시는 것 같았는데, 처음 가보아서 우선은 그냥 시켜보았다. 착석하면 깍두기와 김치를 가져다 주시는데, 뜨끈한 국물류에 김치가 중요하듯 김치와 깍두기를 한입 먹으면 역시는 역시다. 이전에 다녀왔던 온수반 처럼 이곳도 설농탕 안에 밥을 말아서 주시는 것이 특징인데, 아무래도 탕 안에 밥이 있다보니 밥에 간이 적절하게 베어있다. 고기와 함께 설농탕을 한입 먹으면 오늘 하루 고생한 나에게 적절한 보상이 주어지는 듯한 느낌",맛있다
1148,대흥설농탕,김상열,옛날 설렁탕 맛이에요! 맛있습니다,맛있다
1149,대흥설농탕,우이리,가게 인테리어는 마치 80대에 머물러 있는듯 힙하네요.설농탕 10000.국물이 뽀얗고 시원합니다. 슴슴한 고기 국물이 좋네요. 소면도 탱글탱글한게 맛있습니다. 토렴이 좀 덜되었지만 밥알도 잘 살아있고 든든하네요.,맛있다
1150,대흥설농탕,평냉쟁이,since1977 노포 양지 안쪽 특수부위를 수육으로 참으로 구수하다 사르르 녹는식감 김치 깍뚜기는 작은단지로 나온것을 다 먹어치움 엄청 맛있고 간이 딱 맞아요 토렴 해서 나온 국밥 밥과 국수와 국물과 파의 절묘한 조화 이또한 술도둑 주인이나 종업원들이 모두 연세가 지긋하시다 이분들의 손맛이다,맛있다
1151,대흥설농탕,AlexTheFood,"#AlexTheFood #3줄요약#대흥설농탕 #장안동맛집 #답십리맛집 #알더푸장안⠀1. 1977년부터 40년 넘게 자리를 지키고 있는 한우설렁탕 집.2. 깔끔구수한 국물, 토렴된 밥, 소면, 대파, 신김치까지 완벽.3. 안의 고기 중 몇 개가 질겼던 것만 빼면 흠 잡을 데 없던 곳!⠀___________________________________________________________* 설농탕 10,000⠀❗️'해장국' 메뉴는 오전 10시까지만 주문 가능❗️☑️설농탕 '특'(15,000원)을 주문하면 만하(지라)를 넣어주신다. (사장님 피셜) 만하는 '비장'이라는 소의 내장 부위 중 하나이니 주문하실 때 참고할 것‼️___________________________________________________________⠀[MangoPlate - /5.0 | GoogleMap - /5.0]맛★★★★ 분위기★★★ 가성비★★★⠀* 영업시간 | 매일 06:00-21:30* 쉬는시간 없음* 휴무 없음",맛있다
1152,대흥설농탕,end feel,"날씨는 더욱 겨울다워지고 사람들의 거리는 멀어져만 가는 요즘, 설렁탕 한그릇으로 간격을 조금 채우고 갑니다. 잘먹었습니다.",맛있다
1153,대흥설농탕,이국군(쎌카),*재방문의사 80%꼬릿한 향이 풍겨오는 한우뼈와 고기만을 사용하는 40년이 넘어가는 오랜 시간 운영해온 설렁탕집. 요즘 설렁탕집은 우유색처럼 뽀얀 국물이 주를 이루지만 이집의 설렁탕은 어릴 적 할머니가 한우 잡뼈와 한우고기만 이용해 푸욱 여러번 고아서 섞은 느낌은 맑은 설렁탕. 그런 느낌을 아는 분이라면 이 집 추천.요즘식의 뽀얀 국물이 좋으시다면 과감하게 다른집으로 가시길.옛방식대로 밥이 말아져서 나오는 토렴과시원하게 담궈진 김치와 깍두기가 설렁탕 궁합을 더 좋게해줌.그리고 한우집 답게 단가가 비싼것은 단점.,맛있다
1154,대흥설농탕,Luscious.K,"#장안동 #대흥설농탕""40년 노포의 깔끔한 한우 설렁탕""#설렁탕노포서울에는 설렁탕 노포가 참 많다.100년이 넘은 <이문설농탕>이 최초라 하고 30년 정도는 젊은 축에 속한다.강남에서 유명하다는 영동설렁탕도 30년이 넘었고 오픈한지 얼마 안된 것 같은 논현동 더큰집도 큰집으로 영업 개시한지 20년이 다 됐다.이렇듯 설렁탕은 제대로만 만들면 한국인에게는 없어서는 안되는 혈관에 흐르는 소울푸드다.#대흥설렁탕우연히 만난 대흥설농탕은 장안동 지역에서는 유명한 설렁탕이다.1977년에 오픈해서 지금까지 42년의 업력을 가지고 있는 설렁탕의 노포다.가게의 간판에서부터 노포의 아우라가 뿜어져 나오고 실내에는 멋드러진 동양화가 걸려있어 옛날 설렁탕집의 느낌이 충만하다.거기에 노포스러운 테이블과 엽차잔도 이집 분위기에 한몫 한다.#설렁탕<한우>만을 사용하는 이집의 설렁탕은 이문설농탕과 닮았다.첫 입에 진한 감칠맛 보다는 조금 맹한 듯한 깨끗함이 느껴진다.중림장의 꼬릿한 향도 거의 없다.이런 깔끔한 국물은 먹을 수록 입에 착 붙는 맛으로 변하고 편안하게 후루륵 마실 수 있는 맛있는 설렁탕으로 변모한다.이런 느낌의 변화는 이문설농탕을 처음 먹을 때 느꼈던 그 느낌과 유사했다.이집 메뉴 중에 지라(만하) 메뉴가 따로 있는데 지라를 따로 메뉴에 넣는 집은 이문설농탕 이후로 보지 못했다.보통을 시켜 설렁탕에는 지라가 들어가지 않아 좀 아쉽지만 다음에는 꼭 특으로 주문해 각종 부속들도 같이 먹어보고 싶다.#소면소면을 좋아하는 나로서는 이집의 소면 서빙이 너무나 좋다.설렁탕과는 별도로 꽤 많은 양의 소면이 나오는데, 설렁탕 국물에 삶아내 국물과 이질감이 없다.일단 주신 소면은 깍뚜기 국물과 비벼서 <동우설렁탕>처럼 깍뚜기소면으로 에피타이져를 즐기고 소면 한 그릇 더 청해서 설렁탕에 넣어 먹으면 일타이피의 소면을 즐길 수 있다.#아쉬운점이집은 고기가 좀 아쉽다.보통설렁탕에 들어가는 사태와 차돌 부분의 살은 굉장히 질기고 퍽퍽하다. 조금 더 맛있는 부분이 있을텐데 왜 이 부분만을 고집하시는 지는 모르겠다.홀릭인 키다리아저씨가 지적하셨던 맛없는 수육과 같은 부위로 판단이 되는데, 이 고기가 옥의 티다. #종합10000원의 한우설렁탕이다.가격은 한우라 이해가 가는 가격이다.노포답지 않게 아주 깔끔한 설렁탕이 시원하고 경쾌하다. 맛없는 고기만 개선이 된다면 90점 이상은 주고싶은 설렁탕이다.PS: <지라>는 간 옆에 있는 내장 기관이고 영어로는 spleen이다. 백혈구를 생성해서 간 독성 시 빠르게 면역반응을 일으키며 적혈구가 파괴되는 장소라 피맛이 강하다. <만하>는 지라의 다른 표현이고 (순 우리말인지는 모르겠어요) 이문설농탕에서는 <마나>라고 쓴다. 만약 설렁탕 집에서 지라 또는 마나를 발견했다면 그 집은 옛날식으로 제대로 설렁탕을 끓이는 집임에 거의 틀림없다. 현재 서울에서 지라는 취급하는 설렁탕집은 이문설농탕, 이곳 대흥설농탕, 이제는 사라진 대중옥, 문화옥 정도일 듯!또 있으면 알려주세요!!",맛있다
1155,대흥설농탕,키다리아저씨,"나보다 나이가 많은^^; 대흥설농탕은 1977년에 문을 열어 지금까지도 꾸준히 인기있는 곳이예요.다른곳에 비하면 설렁탕의 가격대가 있는데...그 이유는 이곳은 ""한우 설렁탕"" 집이기 때문입니다.해장국도 판매하지만...안먹어봐서 설명은 패스~해장국은 아침7-10시까지만 판매해요.여기서는 설농탕이라고 되어있지만...설렁탕이라고 얘기할게요^^;기본 설렁탕이나...특 설렁탕을 드세요~^^국물이 은은하게 뽀얗고~ 다른곳에 비하면 좀 맑은 느낌이 들지만~ 맛은 구수하며 조미료맛을 느끼기 어려운 깔끔한 맛입니다.파를 충분히 넣어주고 후추 약간 뿌려주면~ 다른간을 할 필요없이 슴슴하니 드링킹하게 되죠^^ 이곳에서는 소면을 별도의 그릇에 따로 주셔서 취향에 맞게 드시면 될듯합니다. 설렁탕에 들어있는 고기도 부드럽고 맛이 좋습니다. 김치나 깍두기도 설렁탕과 잘 어울리게 맛납니다.그러나...개인적으로 이곳의 수육은 제 스타일이 아니라 살짝 아쉬움이 있었습니다. 물론 제가 늦은시간대에 방문해서 그럴 수도 있겠지만... 고기의 식감이나 맛이...설렁탕에 들은 고기보다 못한 기분이 들었습니다ㅠㅠ오버쿡이 되었거나...기름이나 수분감이 좀 빠진 느낌이랄까요.차돌의 기름부분도 붙어있고~ 고기는 괜찮아 보였는데...입맛당기는 그런 느낌은 아니여서 뜨거운 국물을 리필해서 고기를 담가뒀다 먹었네요. 매장의 크기도 생각보다 크고~ 청결했으며... 주차도 가능하고~ 일하시는 아주머님께서 친절하여서 좋았습니다.가끔 설렁탕 먹으러 가야할듯하네요^^",괜찮다
1156,회기왕족발보쌈,Ki__,진짜 맛있지만 진짜 시끄러워요되게 자극적인 맛이 날 것 같지만 자극적이지 않아서 신기했어요!ㅋㅋㅋ 시원한 맛이랄까...!근데 거의 술이랑 같이 먹는 분위기라 정말 시끄러워서밥만 후딱 먹고 나왔어요바쁜 와중에 직원분들 너무 친절하고빠릿빠릿하셔서 좋았습니다!나중에 저녁시간대 피해서 가보고싶어요,맛있다
1157,회기왕족발보쌈,옝,너무 맛있음!!!자꾸 생각나는 맛 김치가 보쌈이랑 촬떡이에욤,맛있다
1158,회기왕족발보쌈,Ray,"배달로 시켜 먹었는데 보쌈은 맛있는 편이었어요. 김치는 보쌈에 비해 양이 너무 많아서 몇 번이나 두고두고 먹을 수 있을 것 같았고요ㅋㅋ 저는 김치보다 막국수 양념이 더 맛있었는데, 면이 너무 불어서 제대로 먹을 수 없는 게 아쉬웠어요ㅠㅠ",괜찮다
1159,회기왕족발보쌈,빙구,히야.... 여기 진짜 맛있짆아?? 처음에 외관이 무슨 공인중개사 같았는데 ㅋㅋㅋㅋㅋ김치양념이 크.... 고기는 왕두툼한데 완전 부드러워서 예술!,맛있다
1160,회기왕족발보쌈,최연웅,보쌈이 맛있는 곳,맛있다
1161,회기왕족발보쌈,헬시또또,"보쌈도 좋은데 보쌈김치가 더 아름다운 곳✔️원래 가려던 중식집의 웨이팅이 심해서 돌아다니다가 들어간 회기왕족발보쌈!문 열자마자 사람이 너무 많아서 사실 좀 조심스러웠는데다행히도 지하에 자리가 있어서 내려갔어요.당시에 저희만 있다가 점점 사람들이 내려오더라고요.(일요일 6시가 넘은 시간)보쌈과 막국수를 주문했는데 보쌈 반 보쌈김치 반의접시에 너무 놀랐어요! 처음엔 보쌈이랑 막국수가 같이나온 줄 알았는데 ㅋㅋㅋㅋㅋ보쌈 한 점, 김치 하나 같이 올려먹으니 정말 너무기가 막힌 맛! 보쌈 김치 비쥬얼로 맛 끝났어요.막국수는 아는 맛인데 보쌈김치에 살짝 물릴 때 쯤 막국수 먹고 또 기본찬으로 나오는 배춧국 먹어주면너무 좋더라고요. 빨간 음식을 배춧국이 눌러주는 느낌?계속 먹다보면 좀 물리는 감은 있거든요. 셋이 가서 중 시키고 막국수 시켜도 좋을 것 같아요~!",맛있다
1162,회기왕족발보쌈,아치,족발도 맛있었어요!,맛있다
1163,회기왕족발보쌈,깽민,김치도 고기도 준수하다. 김치에서 이 집만의 개성도 느껴진다. 양념장 맛이 굉장히 쨍하다. 양파 맛이 많이 느껴진다. 보쌈집 막국수 쏘스 맛과 비슷하다. 일반적인 보쌈 김치에서는 느껴 본 적 없었던 맛이다. 고기도 부들부들한게 맛있다. 지방의 비율이 높은데도 전혀 느끼하게 느껴지지 않는다. 입 안에서 녹는 듯한 식감도 일품이다. 사장님도 친절하시고 보쌈 치고 가격대도 괜찮다. 맛있는 보쌈과 함께 대학가의 정을 느낄 수 있었다.,맛있다
1164,회기왕족발보쌈,분당 정복,김치를 롤처럼 제공하는게 참 신박하고 편했으나 전체적으로 과일맛이 좀 진한편이어서 너무 튄다고 해야하나고기는 야들야들하니 맛있었습니다,괜찮다
1165,회기왕족발보쌈,이빈,"완전 별론데 도대체 왜 평점 높은지평점 보고 갔다가 입 버리고 옴;;;;;;;;원래 김치 위에 올라간 양념이 그런건지....아니면 오래돼서 그런건지,,,너무 시큼한 맛이 나서 무슨,,,, 하ㅏ,,,,,, 돈아까워ㅠㅠㅠㅠ나오는 국들은 되게 맛있어요 국 드실거면 가세요^^저처럼 돈 버리지 마시라고 후기 올려요~오랜만에 밥 먹고 화나네요 ㄹㅇ",별로
1166,회기왕족발보쌈,수즤니,와 여기 진짜 맛있었음...  특히 김치,맛있다
1167,회기왕족발보쌈,kkonoo,족발 말고 보쌈! 보쌈은 기름이 좔좔 흐르고 보쌈김치가 아주 굳굳,맛있다
1168,회기왕족발보쌈,미식을 탐닉하다,보쌈김치 양념이 라면 스프랑 비슷합니다. 이런 맛을 좋아하는 사람들이 분명 있을 거라고 생각되고 저는 그럭저럭 괜찮았습니다. 보쌈 사이즈가 커질수록 가성비가 좋은 것 같습니다.,괜찮다
1169,회기왕족발보쌈,댕댕이,제발 보쌈김치 드세요,맛있다
1170,회기왕족발보쌈,이종원,최고의 보쌈,맛있다
1171,회기왕족발보쌈,콩콩,진짜 별로....완전 별로 마트 족발 수준인데 여기가 맛있다니 너무나 의심스러움,별로
1172,회기왕족발보쌈,전재현,S와 함께 먹었다처음에는 맛있다고 먹었지만 먹다보니김치가  자극적이라구 말함그걸 고려하고도 정말 맛있게 먹음둘이서 보쌈 중 막국수 중 먹었지만남녀 둘이면 보쌈 소를 먹어도 될듯하다,맛있다
1173,회기왕족발보쌈,망고르,재방문 의사 : X망플 믿었는데 요즘 신뢰를 잃고있음너무 시큼한 김치...새콤이 아니라 시큼이다.고기는 퍽퍽하다는 후기에 걱정했지만못 먹을 정도는 아니었다(퍽퍽살 싫어하는 편)요리 솜씨가 전반적으로 부족하다고 느낀 게맛있는 반찬이 없다.콩나물국은 맥락없이 맵고 우거지국은 깊은 맛 없이 짜기만 하다.뭔가 맛들이 조금씩 핀트가 어긋난 느낌먹고 화 날 정도는 아니지만 상위권에 있을 집은 아니다,별로
1174,회기왕족발보쌈,준영,"만석은 아니고 나름 사람들이 뜨문뜨문 떨어져있어 좋았어요. 이모님은 친절하시지만 웃는 얼굴로 계속 주문 권유를 하셔서 불편하기도 했고 실제로 많이 남기기도 했어요ㅜㅜ 옆에 아가씨들도 둘이 중자 먹는데 모자라지 않겠냐.. 쟁반국수 없으면 허전하지 않겠냐.. 술이 필요한 맛이지 않냐.. 사실 듣고 흘리면 될텐데 팔랑귀소심이는 곧이곧대로 다 주문을 해버릡늬다,,  평소 김치를 잘 안먹는터라 이게 맛있는 김치인지는 모르겠지만 견과류 같은게 씹혀서 참 고소하긴 했어요. 보쌈은 매우 부드러운 삼겹과 매우 퍼석한 어느 부위가 반반 있었구요. 약간 꼬들하게 익은 막국수는 챔기름 맛만 가득하고 정말 맛이 없더라구요..ㅋㅋㅋ 한번 방문해본걸로 만족합니다!!",괜찮다
1175,회기왕족발보쌈,snoopy,"서울 시내만 해도 워낙 맛있는 것들이 많다보니 이 집은 그냥 그런 정도....라고 리뷰 썼었는데, 왜 자꾸 사다 먹게 되는 걸까요? 보쌈김치는 왜 자꾸 생각이 날까요? @.@",맛있다
1176,회기왕족발보쌈,슈지로그,"매콤새콤 보쌈김치와 부들부들 보쌈♥회기왕족발보쌈 ★슈슐랭 4.0/5●회기맛집하면 빼놓을 수 없는 곳이죠- 회기왕족발보쌈!특히 보쌈김치가 예술인 보쌈맛집 보쌈 생각날때면 가는 곳인데 리뷰는 처음이네요 +_+●메뉴족발, 보쌈, 보쌈김치, 막국수 이렇게 있어요!두명이라 보쌈(소) 주문했습니당막국수도 먹고싶었는데.. 3명 이상 올때 먹즈아ㅠㅠ●보쌈(소)-기본적으로 쌈채소와 야채, 새우젓, 쌈장, 고추, 마늘, 동치미가 나오고콩나물국과 시래기된장국도 주세요!국도 맛있어요! 특히 시래기된장국-보쌈 소자인데 양 엄청 많아요 ㅋㅋㅋㅋ고기는 엄청 부들부들해요❣️❣️입에 넣으면 씹을 게 없을 정도 ㅋㅋㅋ잡내도 하~나도 안나고 고소하고 맛있어영 ●보쌈김치이 집에선.. 보쌈김치가 주인공인듯 ㅠㅠ!!진짜 존맛탱입니다.. ㅋㅋㅋㅋㅋㅋㅋ보쌈이 보통 김치가 맛있어야 맛있지~ 하긴 하지만이 집 김치는 독특해요!!!처음보면 다대기가 잔-뜩 올라가서 헐,, 짜고 맵겠다..라고 생각하기 쉬운데! 노노!매콤한 과일소스 느낌? 약간 냉면 다대기 같은 맛?김치가 진짜 맛있어요 ㅋㅋㅋㅋ생고구마, 갓김치, 무 등이 들어있어서오독오독 씹히는 맛도 있고.. 맛있어용 고기 두점에 김치 하나씩 냠냠!! ㅋㅋㅋㅋㅋ 존맛..●총평크 역시 인정인정! 이맛이지!잡내없이 부들부들한 넉넉한 수육과매콤새콤한 보쌈김치의 환상의 조합 ♥회기의 소울푸드 수준.. ㅋㅋㅋㅋㅋㅋㅋ앞으로도 보쌈 생각날때마다 갈 예정 +_+○운영시간: 매일 11:30 - 1:00○가격: 보쌈(소) 31,000원, 테라 4,000원",맛있다
1177,회기왕족발보쌈,SB,와 진짜 맛있었어요~ 굿굿 가까우면 자주 갈텐데 아쉽네요.,맛있다
1178,회기왕족발보쌈,쑤워이,100만년만에 갔어요.  역시 김치 굿.  변함없이 흡입하고 왔어요.  다들 경희대 앞에 오시면 한번 들려 보세요. 고기도 부들뷰들 김치는 감칠맛이 굿굿굿,맛있다
1179,회기왕족발보쌈,여니,회기왕족발.. 쫀득쫀득하고 맛있어요! 돼지냄새 나지도 않고 넘 부드럽고 맛있어요 ㅎㅎ쟁반국수도 시켜서 먹었는데 사진은 못찍었네요... 회기에 족발 집 많던데 여기가 젤 맛있는 것 같아요!,맛있다
1180,회기왕족발보쌈,먹짱,회기 근방 망플 계속 1위였는데 사실 네이밍과 외관이 썩 취향이 아닐거 같은 느낌적인 느낌...(반성중) 이어서 안갔다가 한번 가봤는데 정말....!!! 너무너무 부드러운 고기와 맛있는 김치...!ㅠㅠㅠ 고기가 진짜 맛있어요 녹아요 입에서❤️❤️❤️ 또갈거에오,맛있다
1181,회기왕족발보쌈,면면,보쌈이 되게 야들야들하고 맛있다♡소를 시켰는데 고기가 되게 많이있어서 좋았다.국도 콩나물국 + 된장국 두가지 종류를 줘서 좋았다. 비빔막국수에는 야채가 많이 올라가있다. 푸짐해서 더 좋다,괜찮다
1182,회기왕족발보쌈,미동이,너무 기대했나보다,괜찮다
1183,회기왕족발보쌈,chanwook_ie,"보쌈김치에서 라면 수프 맛이 나는데 워낙 맛있기로 유명하다. 대학가에 있어서 그런지 점심시간에는 손님들이 별로 없고 저녁에 많아 보인다.보쌈은 소자와 중자의 가격이 비슷하니 중자가 좋다. 반찬은 콩나물국과 된장국, 쌈 야채, 새우젓, 동치미가 푸짐하게 나와서 부족함이 없다.보쌈은 넉넉한 양의 고기와 함께 양념이 수북하게 덮인 김치로 구성되어 있다. 보쌈김치는 배추가 시원하고 고구마 등 속 재료에 씹히는 게 많다.막국수는 고기의 느끼함을 잘 잡아줘서 잘 어울린다. 보쌈김치 양이 조금 적어서 아쉽지만 리필이 가능하니 부족하면 추가해도 좋을 것 같다.",맛있다
1184,회기왕족발보쌈,서현,경희대 근처를 오래지킨 족발. 보쌈 맛집!!!같이 나오는 된장국과 콩나물국이 족발이랑 찰떡고기-술-된장국 무한반복ㅋㅋㅋㅋㅋㅋㅋ다음 방문때는 존맛탱이라고 소문난 보쌈&김치를 노려야지!!,맛있다
1185,회기왕족발보쌈,임맛잘봄,10년 전부터 직원 소개로 다니던 족발 집이에요코로나 때문에 홀손님보다는 포장고객이 많은 듯하고요얼마전 갔던 사진이 있어서 올립니다. 같이 간 일행도 맛있다고 했어요속이 알차고 나오는 구성은 투박하니~~ 좋아요..,맛있다
1186,회기왕족발보쌈,mia,친구가 완전 맛있대서 갔는데 첨에 양념 보고 뜨악했어요 다대기인줄 알고 짤 것 같아서ㅋㅋ 근데 짜지 않고 과일 갈은 맛이 나는데 고기랑 먹으니 상큼하고 개운해서 정말 맛있게 먹었어요 또먹고싶다..,맛있다
1187,회기왕족발보쌈,최재완,"리뷰를 보고 되게 기대하면서 시켰는데 생각보단 별로였어요 일단 보쌈의 살코기 비계비율이 극악이었어요 맛있는 부위는 별로 없었고 살코기가 너무많아요ㅠㅠ 그리고 보쌈김치도 되게 호평이 많던데 그저 그랬습니다. 밑반찬으로 나온 콩나물국은 맛있었어요 재방문의사는 없고 오랜만에 보쌈 먹은 것에 의의를 둬야겠습니다.전체적인 맛평가는 보쌈, 김치 그저그랬다 정도 입니다막 엄청 맛있다도 아니고 엄청 맛없다도 아니었어요",별로
1188,회기왕족발보쌈,Hun.gry.gram,"보쌈 김치 맛있는 인생 보쌈집 .가게 상호는 회기 왕족발보쌈인데족발이 아니고 보쌈이 하드캐리 하네요아니요, 사실은 보쌈도 고기가 아닌 김치가 모든걸 이끌어 갑니다.고기는 솔직히 평타 이상인데 김치가 미쳤어요!!김치에 밤 배 등 소가 들어 있어서 고소하고 아삭한데,위에 소스는 엄청 상큼해요!보쌈이랑 술이 콸콸 들어갑니다.인생 보쌈김치 맛집입니다",괜찮다
1189,회기왕족발보쌈,꿀꿀도야징♡,"[회기동 회기왕족발.보쌈] 회기동 보쌈 맛집⠀1. 총평:맛있음.보쌈은 김치가 생명.보쌈에 김치빠지면 그냥 수육임.⠀김치해부결과 > 밤, 배, 쪽파, 미나리, 무말랭이를 김치 속으로 넣고, 절임배추로 김밥말듯이 돌돌 말아버림.(굴은 없음. 굴 러버들은 실망할 수 있음)⠀수육은삼겹 칠레산, 전지 국내산인데...전지에 fukfuk한 살을 많이 주셨다 ⠀삼겹은 보들보들한게 맛있었음.⠀2. 메뉴:* 보쌈 (소) 31.0 (고기는 약 350g 정도?)⠀3. 주차:매장 근처 길거리(밥먹다 차빼달라할수있음)또는청량초등학교 공용주차장 이용.⠀4. Kids Friendly‍‍‍:NO. 애들메뉴두 없고 여긴 그냥 소주집이다⠀#음식 #먹스타그램 #food #맛스타그램 #맛집 #맛집추천 #먹방 #데일리 #daily #음식스타그램 #좋아요 #먹스타맞팔 #맞팔댓글 #먹팔 #foodstagram #foodie #먹부림 #jmt #맛있다 #koreanfood #팻슐랭맛집 #캐논g7xmark3 #좋아요반사 #회기동맛집#경희대맛집 #회기왕족발보쌈 #보쌈김치 #보쌈 #보쌈맛집 #족발",맛있다
1190,회기왕족발보쌈,한식킬러,말이 필요 없어요 인생보쌈집이에요아삭아삭한 김치 사이에 생고구마가 박혀있고 고기랑 같이 먹으면 깜짝 놀랄 정도로 맛있어요밑반찬으로 나오는 콩나물국 동치미 시래기된장국까지 꿀맛입니다,맛있다
1191,회기왕족발보쌈,쑤J,"맛있게 먹었던 곳:) 누구를 데려가더라도 크게 호불호는 없을 듯하다.보쌈다른 리뷰들이 언급한 바와 같이 김치가 독특하다. 안에 무로 추측되는 속이 따로 있었는데 그 속이 아삭함과 상쾌한 식감을 주었다. 개인적으론 보쌈엔 김치보단 무말랭이를 더 좋아하는 사람인데, 이런 김치라면 무말랭이보다 더 좋다. 보쌈 고기도 두툼하고 냄새 없이 깔끔하였다. +근처 고등학교를 졸업한, 이곳을 자주 방문한 친구에 따르면 족발, 막국수도 맛있다고 한다.++ 학교 근처에 위치한 가게 치고는 어르신 손님, 외국인 손님 등 꽤나 다양한 손님들이 방문하였다. 이러한 점이 어떻게 보면 그만큼 많은 이들의 인정을 받는 곳이란 반증이라 생각한다.",맛있다
1192,회기왕족발보쌈,Grandma_taste,맛있을때는 정말 맛있습니다!!주말에 가시는거 추천드립니다..!평이 정말 높은 보쌈집 입니다. 족발/보쌈 둘다 있지만김치가 유명한거라 보쌈이 뭔가 주력인 느낌..?입니다주말 저녁 사람 많을때 갈때는 정말 막나온 보쌈의 맛을 제대로 느꼈습니다보들보들하고 냄새도 안나고..정말 맛있었습니다김치도 안에 아삭한 무가 들어가있어서 특이하고 많이 맵지 않고 맛있습니다근데 그전에 평일 점심이나 사람 별로 없을때는솔직히 좀 식은 채로 나와서 그런지 특별하게 맛있다는 느낌은 받지 못했던 것 같네요족발도 따듯하게 먹었던 기억은 없습니다사진은 맛있었을때 사진,괜찮다
1193,회기왕족발보쌈,코랄,"김치가 정말 특별한 보쌈집. 내가 먹어본 보쌈김치 중 최고!! 김치가 롤처럼 돌돌 말려 있고 그 가운데에는 생고구마, 생밤 등의 소가 들어간다. 김치 위에는 새콤달콤한 빨간 양념이 듬뿍 올라가 있다. 달달하고 아삭아삭하고 진짜 맛있다. 여기는 보쌈보다 이 김치가 더 메인인 느낌이다.참고로 김치는 보쌈에는 같이 나오지만 족발에는 기본으로 안나와서 만원 내고 추가해야 한다. 그래서 지금까지 여기선 항상 보쌈을 시켜먹었던 것 같다.보쌈은 잡내 안나고 야들야들하게 맛있다. 나는 뻑뻑한 게 싫어서 비계 부분이 적당히 많아서 좋다.사진에 나온 양은 소자인데 양도 꽤 많은 편인 것 같다.막국수가 두 종류인데 춘천막국수는 7천원, 쟁반막국수는 1.5만원이다. 이미 배불렀는데 막국수는 먹어야겠고 해서 더 양이 적은 것 같은 춘천막국수를 시키려 하니 그건 우리가 생각하는 비빔 막국수가 아니라 국물있는 거라고 하시며 메뉴에 안나와있는 쟁반막국수 하프 사이즈로 해주셨다.여기 너무 맛있어서 배달도 시켜먹어 봤는데 배달 상태는 좀 엉망이었다ㅠ 국물이 다 터져서 봉투 안이 홍수가 나 있었다. 포장이나 배달하면 사이드 중 우거지국이 막국수로 대체돼서 온다. 난 더 좋다ㅎㅎ",맛있다
1194,회기왕족발보쌈,망고,보쌈은 무조건 여기만 가요.. ㅜㅜ여기는 김치가 너무 맛있어요 배추에 생고구마랑 이것저것 들어있는데 아삭하고 양념도 너무 맛있어요! 보쌈 소(31000원)랑 막국수(10000원) 시켜서 먹었는데 배 터지는줄 알았습니다 담에 가면 막국수는 못시킬것 같아요ㅋㅋ 보쌈 고기도 부드럽고 고기 크기가 커서 가위로 반씩 잘라서 먹었어요! 보쌈은 여기가 최고인 것 같아요ㅎㅎ,맛있다
1195,회기왕족발보쌈,ㄹㅁㄱㅂ,"보쌈 중(34000)맛있다기본으로 나오는 우거지국도 맛있고 고기 김치 다맛있었다이곳의 보쌈김치가 항상 궁금했는데  강렬한 비주얼만큼 강력한 맛이었다ㅋㅋㅋㅋ보쌈은 한약재향 은은, 비계부분의 비율이 높으면서 부드럽고 살살 녹는 편, 겉이 살짝 캬라멜라이즈드되있는? 그런 느낌이라 전혀 퍽퍽하지 않은 대신 좀 느끼함김치는 아삭거리면서 속이 꽉 차있어서 씹는맛도 있고 다채로운 느낌이었다보쌈이 좀 기름져서 그런지 (약간 노맛이엇던) 기본 콩나물국과 우거지국이 다 칼칼한 편이었다. 기본찬 중 부추와의 조합은 굿굿이었고, 상추쌈은 그닥.김치위에 양념이 소복이 얹어져서 나오는데, 보쌈의 기름짐을 잘 잡아주었다. 다만 고춧가루의 비율이 높아서그런지 보쌈에 김치에 양념얹어서 한 입 크게 먹고나면 온 입안이 얼얼했다. 잇몸이 살짝 따가웠음ㅋㅋㅋㅋㅋㅋ 처음 경험해본 일이라 조금 당황스러웠습미다처음에 반 정도 먹을때까지는 '와 진짜 너무 맛잇다' 하면서 먹었는데, 그 뒤부터는 좀 달달하면서 기름지다보니 살짝 물리기도하고 입안도 얼얼해서 처음만큼의 임팩트가 유지되진 않았어요그치만 정말 오랜만에 맛있게 즐겁게 식사한 집입니다~ 술 좋아하시는 분들은 아마 소주가 술술 들어갈거에요~~",맛있다
1196,회기왕족발보쌈,메이,꽤 오래된 가게같은데 왜이제서야 갔는지ㅠㅠ헛살았나 싶네요.김치.고기.동치미.새우젓 무엇하나 부족한게 없네요.눈물나게 맛있습니다.양도 푸짐하고 직원분들친절하시고^^포장해갔는데 너무맛있게먹음.보쌈김치는 감동할만한 맛입니다.맛없다는 분들은 도대체  뭘먹고 산사람들인지맛은 주관적이라지만 인공조미료 맛없이 이정도의 맛은 훌륭하다고 봅니다.강력추천합니다,맛있다
1197,회기왕족발보쌈,Ray,족발이 정말 야들야들해서 좋았는데 너무 차가워서 살짝 따땃했으면 더 좋지 않을까 싶었어요. 쟁반막국수는 15000원인데 양 진짜 많고요. 단독으로 먹어도 좋을만큼 대존맛은 아니어도 족발이랑 같이 먹는 조합으로는 부족함 없이 너무 좋았어요.족발도 막국수도 아주 약간 아쉬운 점이 있어 정확히는 괜찮다와 맛있다 사이를 주고 싶은데 그럴 수는 없으니 좀 더 가까운 맛있다를 줬습니다!,맛있다
1198,회기왕족발보쌈,즌짱,"개인적으로 여기가 왜 4.3인지, 우리 집 기준으로 세 번째 맛집으로 뜨는지 알 수 없는 곳. 포장해와서 먹어서 팅팅 불은 막국수야 그렇다 친다 하더라도... 보쌈 고기는 너무 기름지고.. 김치는 먹기 좋게 잘라 예쁘게 돌돌 말아 놓았지만.... 안에 무와 밤..? 고구마..?도 들어서 씹히는 맛이 있지만... 그 덕분에 양념 맛보다 생밤인지 생 고구마인지 모를 녀석의 텁텁함이 강하게 느껴졌고.. 보쌈 김치라기엔 너무 심심했다. 본인이 자극적인 맛을 좋아해서 그럴 수도 있지만... 그냥 맵기만 하고 기대 이하였음.음- 저는 재방문 의사 없구요 여기서 보쌈 먹느니 외대 가서 보쌈 정식 먹을 것 같습니다",별로
1199,회기왕족발보쌈,플렉서,망플 추천으로 갔는데 양호했다 20 05현재 족발이 떨어져서 보쌈을 먹었다소자 29 중자 32 소자중자 모두 양 적지않다연인둘이 소자 먹으면 좀 남기는듯했고어른둘 애둘 중자 먹으면 꽤 남기게된다여기보쌈은 좀 다르다살코기 삼에이 비개 삼에일 무엇보다 다른건 보쌈김치가 전통맛김치같다는것거기에 비빔막국수소쓰를 얹어주신다 맛괜찮다보쌈김치가 정성스럽다 밤과다양한 속을 배추에 돌돌 말아서 먹음직스럽게 내주신다 보쌈도 보쌈이지만 이런 정성어린 전통맛김치가 흔하지않아 부모님 소자 하나 포장해드렸다 재방문의사 있음 담엔 족발이 기대된다비빔막국수는 양은 많으나 그닥학교앞이라서인지 고퀄은 아니다 가격 저렴한편,괜찮다
1200,회기왕족발보쌈,이주현,"회기역 근처에 있는 족발보쌈 맛집. 5시에 갔는데도 많은 손님들로 북적였다. 족발보다는 보쌈이 유명하다해서 보쌈 중 사이즈로 시켰다.  고기는 평범한 거 같은데 보쌈김치와 그 위에 올려진 양념이 이 집의 정수인듯. 김치는 깍뚝 썬 생고구마와 무를 돌돌 말은 형태로 나오는데, 배로 만든 달달한 양념과 너무나도 잘 어우러진다. 다른 테이블 여기저기서 보쌈김치 추가 주문이 계속 나온다. 보쌈에서 김치의 중요성을 새삼 다시 느끼게 됐다.",맛있다
1201,회기왕족발보쌈,* Y _,4/5점족발도 막국수도 맛잇더라주변에서 족발 먹게되면 생각나는 곳입니다,맛있다
1202,회기왕족발보쌈,yun,"오래된 대학가 맛집? 동네 맛집 인거 같아요서빙 하시는 분들이 어르신 분들이라뭔가 주문 하거나 하기 좀 그렇긴 한데물은 셀프에요불친절하지는 않아요그리고 다들 김치가 맛있다 하시는데뭔가 김치샐러드? 같이 배추잎 안에 배, 무채, 등을 감싼김밥????샐러드????? 같은 느낌 이에요그게 맛있어요 신선한 느낌이라고기도 뻑뻑하지 않고 전체적으로 야들야들하고소짜 시켰는데 고기랑 김치만도 충분해요호기 어리게 쟁반국수 시켰다가푸드파이터 처럼 먹고 왔어요다음엔 그냥 막국수 먹을려구요여튼 집에서 김장때 해주시능고기 숭덩숭덩 썰어서 김치에 먹는 맛이에요체인점 들이랑은 차원이 다른 존맛탱",맛있다
1203,회기왕족발보쌈,kwj,족발도 맛있긴 한데보깜이랑 김치가....와.....밥 먹고 간거라 배가 부른 상태엿는데그럼에도 계속 손이가더라구여ㅠㅠㅠㅠ진짜 와아아라아앙마시쪙 ㅠ,맛있다
1204,회기왕족발보쌈,ㅁㅈ.,고기 잡내도 다 잡고 특히 보쌈김치가 대박이에요!! 보쌈김치가 돌돌 말려서 배랑 밤이랑 들어 있는 거 진짜 맛있었습니다! 지인한테 꼭 한 번 소개해주고 싶은 맛집이에요 근처 보쌈집 중에 원탑인듯합니다. 회기 보쌈 맛집으로 인정합니다! 양념도 생각보다 안 강하고 제 입맛엔 딱이었습니다! 굿굿 또 생각나서 조만간 갈거 같네요!,맛있다
1205,회기왕족발보쌈,집사,괜찮다.,괜찮다
1206,회기왕족발보쌈,위대한여자,점심으로 혼자 보쌈 중자로 먹었다. 양은 중자 치고 좀 적은 편이지만 쌈이랑 입가심으로 막국수까지 먹으니 든든한 점심. 이때 옆에 중국인 커플도 있었는데 중국인들도 한국의 보쌈이 입에 맞나보다. 보쌈 고기는 야들하고 촉촉하니 맛있었고 특히 보쌈김치도 나름 괜찮았다. 인공적인 감미료 맛이 적고 보쌈김치 특유의 맛과 향을 잘 살림.  근데 맵고짜고 자극적인 것을 좋아하는 나인데도 보쌈김치위에 수북한 양념은 고기맛을 덮어서 고기에 집중하고 싶은 나로서는 거북스러웠다. 무엇보다 보쌈김치보다 고기가 많아서 좋았다.,괜찮다
1207,회기왕족발보쌈,시현,믿고 먹는 망고  플레이트가 깨진날 ㅠ속상해 그렇게 심박하지 안아요 ㅠ고기 질겨요 ㅠ 동치미 먹을만 하고 고기 정말 질김 ㅠ,별로
1208,회기왕족발보쌈,조소,"족발만 먹어보고 아직 보쌈은 안 먹어봤는데, 족발은 잡내는 안나지만 나쁘지 않은 정도였다.막국수가 정말 맛있었다.다음엔 유명하다는 보쌈을 먹어야겠다.+ 아 보쌈 대박. 보쌈 김치도 대박입니다. 김치가 어쩜 양념이 듬뿍인데 짜지도 않고, 고기는 잡내없이 윤기잘잘하고 향긋합니다.먹은 이후로 늘 보쌈+ 보쌈김치만 먹습니다.실패하지 않고 다른 지역에서 온 지인과 소주에 저녁먹기 좋은 집.",맛있다
1209,회기왕족발보쌈,림,"고기 잡내는 거의 없었지만 좀 드라이 했고, 김치 위에 올라간 양념은 내 기준 좀 과했다 사실 특별한 맛인지 모르겠다 다른 보쌈집이랑 차별화 되는지 모를",괜찮다
1210,회기왕족발보쌈,파랑앤홍,18-96나름 꽤 유명세를 타고 있는 살짝 노포집입니다전체적으로 매운맛 일색이어서 아이른 데리고 가기에는 부담이 있습니다보쌈김치가 특이하게 갈아서 나온 느낌 이지만 맛은 역시나 맵습니다아주 맛있다고는 못하겠고 호불호가 좀 있을듯 합니다족발은 생각보다 괜찮았습니다지하에 좌식공간이 꽤 있으나 탁자사이의 거리가 짧아 많이 불편하네요방문추천 75%서비스 60%청결 60%주차불가,괜찮다
1211,회기왕족발보쌈,Grandma_taste,두명이서 보쌈중 (32000) 주문확실이 양은 적지않음. 많이 배부르게 먹었다근데 망플평점 4.7...? 너무높지않나여..;;내가 점심에가서 그런진 모르겠지만 보쌈 고기가 다소 퍽퍽했다. 물론 그게 건강에는 좋지만 난 좀 부드러운 보쌈이 좋단말이여유..ㅠㅠ그리고 김치가 그렇~게 맛있대서 너무 기대를 하고 먹어서 그런지 막 “헐 개 JMT” 이런 김치는 아니였음. 그냥 “달달하고 안에 사과?무? 가 쌓여있는 좀 맛있는 김치군”정도..하여튼 내기준에서는 막 찾아갈 정도의 보쌈맛집은 아니라고 생각함,괜찮다
1212,회기왕족발보쌈,Jessic,"와..... 진짜.... 엄마가 해준 보쌈보다 더더 JMT! 이라 극찬하게되는곳.보쌈이 너무먹고싶었고 망플평점 4.7, 여러 홀릭분들의 리뷰들을 보고 꽤오랫동안 먹킷리스트에 저장했다가 방문했는데 멀다고 이제서야 간 제자신을 반성합니다ㅜㅜ주문을하면 밑반찬이 세팅되는데 밑반찬부터 맛있어서 기대를 했는데 워! 고기잡냄새가 나기는커녕 아주 부드럽고 적당히 기름진데 또 담백해요. 새빨간 김치는 매울것같았는데 아삭아삭씹히는 맛과 시원함이 보쌈과 정말 최고의 조합이 뭔지를 알게해주는 그런 맛 :d사실 보쌈 잘못먹으면 뻑뻑하고 누린내가 나고 식으면 식을수록 맛이없는데 이곳 보쌈은 나온순간부터 먹을 때까지 뻑뻑해지지않고 정말 맛있었어요 :)방문한 내자신이 대견스러울 정도! 두명이서 중짜리, 욕심부려 막국수까지 시켰다가 결국 막국수는거의 남겨버렸는데 양도 양이지만 막국수도 시원하게 또다른 별미라는 점!!앞으로 보쌈이 먹고싶으면 이곳만 생각날것같아요!재방문의사는 yes!! 다음엔 못먹어본 족발을 먹으러 다시 방문할 예정이에요 :)",맛있다
1213,회기왕족발보쌈,JJ,맛               ★★★★양               ★★★★재방문의사★★★★★회기역과 경희대 사이에있다. 족발이 가장 많이 팔리지만 보쌈을 먹기위해 갔으니 보쌈을 시키고 쟁반국수를 시켰다. 국수가 17000원이였나? 그랬는데 4인분인...기본적으로 모든 음식쏨씨가 굿. 존맛. 김치 존맛 그냥 맛있다. 망고플레이트의 평점이 이해간다.,맛있다
1214,회기왕족발보쌈,qwert,쫀맛입니다,맛있다
1215,회기왕족발보쌈,ccpong,내 생애 최고의 보쌈집임 증말 맛있다ㅠㅠ 양도 많음,맛있다
1216,회기왕족발보쌈,쭈꿈쭈꿈먹는쭈꾸미,최고에요 보쌈시키세요 보쌈시키면보쌈김치가 기본으로 나오지만 보쌈김치 하나 더 추가하세요 보쌈김치가 김밥같은데 그거 하나에 고기 한점 같이 한입에 먹으면 환상이에요 다른 방법으로 먹지말고 매 한점한점 보쌈김치랑 드세요 제발,맛있다
1217,회기왕족발보쌈,꽃같아,배달포장...... 보쌈품절이라 족발먹음역시 마시쓤 꺅,맛있다
1218,회기왕족발보쌈,만종스,"식신로드에 나왔다던 회기왕족발보쌈 지나가다 눈에 띄어서 들어갔다두명이지만 언제나 푸짐하게! 보쌈 小를 주문하고 막국수 반절도 가능하다길래 시켰다 참고로 춘천막국수는 냉면식으로 나오는 막국수다 비빔을 먹으려면 쟁반막국수로 시켜야함일단 보쌈고기는 복불복인듯 하다 퍽퍽살만 당첨ㅠㅠ 원래 뻑살을 좋아하는 나지만 너무 퍽살만 많기에 지방이 좀 있는 살을 찾을 정도 였다,,, 하지만 그럼에도 불구하고 맛있다를 준 이유는 김치,막국수,부추가 맛있어서,, 김치는 일단 비주얼부터 합격이었고, 맛도 배가 곁들여져 달콤시원한게 좋았다 부추는 정말 별거없어보이는 밑반찬이지만 고소해서 굿! 막국수는 많은 양과 계속 당기는 맛이 합격이었다 ㅎㅎ다음에 갔을땐 부디 적절한 뻑살과 지방의 조화이길바라며 리뷰한다!.보쌈 小 (₩29,000)막국수half (₩8,000).맛 @@@@가성비 @@@총점 @@@*",맛있다
1219,회기왕족발보쌈,S E R A,리뷰가 대부분 호평이고 비주얼적으로 너무 맛있어보여서 먼 회기역까지 갔습니다! 그런데... 너무 기대를 했나... 사실 그냥 정말 평범했어요. 식당도 그냥 전형적인 보쌈/족팔집이였어요. 보쌈이 부드럽고 냄세가 나지 않아서 좋았지만 맛은 그냥 평범했어요. 김치위에 뿌려진 양념? 그게 마늘맛이 나고 매콤해서 맛있었어요. 막국수도 신선하고 쫄깃쫄깃해서 맛있었어요. 하지만 음식중 뭐가 엄청 짯는지 다음날 아침까지 계속 갈증났네요 ㅠㅠ 같이 간 친구들도 갈증났다고 하더라구요. 굳이 찾아가지 않아도 될거 같아요~ ㅎㅎ 근처에 볼일이 있거나 주변의 직장/학교 다니시면 가볼만 하네요!,괜찮다
1220,회기왕족발보쌈,HanDongheon,김치가 진짜 맛있네. 보쌈의 본질.양도 푸짐싸와서 집에서 가족들이랑 즐거운 야식,맛있다
1221,회기왕족발보쌈,수영,"망플에서 여기 리뷰 뜰때마다 가고 싶었던 곳! 경희대 주변 잘 안가지는 곳이였는대, 이거 먹으러 방문했어요~ 인기 많을줄 알고 일찍 갔는대 1시 반 정도에 저희뿐이어서 좀 놀랐어요ㅎㅎ 가게 분위기는 동네 보쌈집 같은 분위기더라구요~ 여자 세명이서 보쌈 소자에 쟁반 막국수 반(8000원에 반도 판매한대요!) 시키려고 했는대 직원분께서 적을꺼 같다고 하셔서 보쌈 중으로 시켰어요~ 근데 보쌈 양 은근 많더라구요..삼분의 일은 남아서 다들 넘 아까워했어요ㅠㅠ 보쌈고기가 다른집보다 특별한건 모르겠지만, 냄새는 하나도 없었어요! 소문대로 김치가 짱짱이더라구요!! 양념 많이 올라가서 매운줄 알았는대 하나도 안맵고 적당히 단 맛이 넘 마싯...! 우리집 김치가 이랬다면 맨날 집밥을 먹을텐대.. 라는 생각이 들었어요ㅎㅎ 저는 잉여라 이거만 먹으러 굳이 찾아갔지만 그정도는 아닌거 같아요~주변 갈일 있을때 들르면 좋을듯해요! 근데 학교 주변에 이런 보쌈.족발집이 있다는건 행운 같아요! 경희대학생들이 부러웠던ㅎㅎ 수업끝나고 밥먹기 술먹기 딱 좋은곳. 집 주변에 있었다면 배달도 자주 했을텐대... 화장실이 밖에 있고 좀 불편하지만 나머지는 다 좋았습니다~~",맛있다
1222,회기왕족발보쌈,ChenSerena,엄청나다. 안먹어본 보쌈집이 없으나 여긴 역대급!!!!!!!!! 추천합니당.,맛있다
1223,회기왕족발보쌈,ethanghymn,"보쌈맛집으로 유명하대서 방문해봤는데, 여러 리뷰에 나온것처럼 보쌈김치가 정말 괜찮음. 말그대로 보쌈김치여서 고급스럽기도하고 밤등도 들어있고 새콤달콤한 보쌈을 생각할때 기대하는 김치맛이었음. 다만, 김치의 양념이 좀 과하게 많고 정갈한 느낌은 아님. 고기는 좀 두꺼운편임. 양도 푸짐하고, 같이 나오는 쟁반국수등도 새콤달콤 좋았음. 재방문의사 있음.",괜찮다
1224,회기왕족발보쌈,권오찬,"퐝작가님께서 올린 어마어마한 보쌈김치 비주얼을 보고, 검색해보니 내가 아는 맛사냥꾼님들이 이미 다녀가신.. 특히나 이쪽 동네 맛집에 일가견이 있으신 키다리 아저씨님도 맛있다 리뷰를 남긴 곳이니 신뢰도가 쑥쑥~망플에서 이 집의 리뷰수가 무려 60여개! 청량리 회기 제기동에서 리뷰 60여개의 식당은 시내중심가 120여개랑 맞먹는데.. 나만 몰랐던 식당같아 바로 고고~ # 보쌈김치수육은 살코기와 비계 함량이 적당하고 촉촉한데, 대단하달 정도는 아니다. 정작 엄청난 건 보쌈김치!보쌈김치라 그래서 무와 생률(밤)이 들어간거라 생각했는데, 씹히는 맛이 오도독~ 거리는 밤이 아니고, 고구마인듯.. 배추에 <속>을 넣고 캘리포니안 롤처럼 말아낸 형태의 김치인데, 복주머니 형태의 보쌈김치가 아니라 새롭다. 더군다나 쌈김치 위 뿌려진 이 집만의 비법양념은 무와 배, 그리고 사과(?)를 갈아낸 것 같은데 <심심하게> 절여진 김치에 매콤달콤새콤 감칠맛을 더해준다. 다만, 개인적으로 새콤함이 좀 과하다.이 집의 시그니처인 보쌈김치를 먹기 위해 족발을 포기했는데, 의외로 오늘따라 대부분 족발 손님이 많은 듯.. 계산 중에 포장 중인 족발의 윤기가 심상치 않다.서울에서 보쌈을 <원할머니 보쌈 ; 황학동 본점>에서 배워 이 집이 내게 있어선 기준점인데..원할머니 보쌈이 내공이 정순한 소림사 방장이라면이 집은 내공은 4성인데, 기병과 변초로 7성급 고수랑 대등하게 싸우는 형세랄까?!나름 꽤 만족스럽고 즐거운 미식행이였다.",맛있다
1225,회기왕족발보쌈,무나&뎅,"한줄평/김치가 역대급인 보쌈! 맛/맛에 대해 꽤 후한 편이지만, 여기는 정말 한입 먹을때마다 맛있어를 연발했다. 요 근래들어 가장 맛있게 먹은집. 사실 개인적으로 재료가 좋아서 맛있는 집보다 손맛이 좋아서 맛있는 집을 더 좋아하는데 여기는 후자의 집이다. 보쌈고기도 맛있긴 한데 함께 나오는 순대모양으로 돌돌말린 김치가..캬..... 너무너무 맛있다. 보쌈김치를 돌돌 싸서 안에 다진 무채, 생고구마를 넣고 위에 매운 양념을 끼얹었는데 진짜 매콤새콤달콤 오미가 살아있으면서 배추의 아작함이 끝내준다. 특히 꼬독하게 씹히는 생고구마가 하이라이트..  보쌈으로 이런 맛을 낼 수 있다니 싶다.함께 나오는 배추된장국, 콩나물국 뭐 하나 빠지는 거 없이 훌륭하다. 정말 요리솜씨가 너무 좋은 집. 이 근방 맛집 원탑일만하다. 아쉬운점/없다.다만 술먹은 다음날 먹기엔 헤비해서 많이 못먹어 스스로 아쉬울뿐..ㅠㅠ 대신 콩나물국 두그릇 드링킹하다옴..",맛있다
1226,회기왕족발보쌈,JW,맛있다. 다만 족발은 비추천!!!!  ㅎ 여기 냅킨으로 좀 제공해줬으면....  화장실 롤휴지를 테이블마다 두는데 비위가 상해서 입을 못 닦겠다 ㅜㅜ 돈도 많이 버는데 왜 롤휴지로 둘까? 채워넣을 필요도 없고 사람이 잘 안써서 경제적이라 그런가....ㅠㅠ,맛있다
1227,회기왕족발보쌈,원지영,회기에서 제일 맛있는 맛집,맛있다
1228,회기왕족발보쌈,Capriccio06,평이 좋아서 기대했는데 이른 평일저녁부터 사람이 많았다. 보쌈으로 주문했는데 고기도 적당히 잘 삶아지고 부드러워서 맛있었다. 김치가 단맛이 강하긴한데 안에 있는 고구마나 양념이 맛있어서 고기랑 싸먹으니까 딱 좋았다. 조촐한 모임하면 참 좋을곳으로 가끔 생각날때 또 가봐야겠다.,맛있다
1229,회기왕족발보쌈,먹구름,맛 5가성비 3.5분위기 3.5재방문의사 O보쌈김치가 특이하게 김밥같은 모양이다. 친구 여럿 데려가봤는데 다들 맛있다고 감탄했다. 이 근처에서 자신있게 맛집이라고 말할 수 있는 몇 개 없는 식당 중 하나. 포장도 가능. 보쌈김치 한입이 좀 큰 편이지만 김치랑 고기랑 한번에 입에 다 넣고 먹어야 맛있다.,맛있다
1230,회기왕족발보쌈,JW,명성에 비해 별로다ㅠㅠ 수육은 집에서 하고 김치만 포장해와서 먹으면 굿일듯ㅎㅎ 김치는 맛있다!!,괜찮다
1231,회기왕족발보쌈,AlexTheFood,"170602.맛 ★★★★ 분위기 ★★★ 가성비 ★★★☆ 재방문 의사 있음 주문한 메뉴 (2명 방문) 보쌈 中- 32000원 쟁반 막국수 1인분- 8000원공기밥- 1000원참이슬 Fresh- 4000원카스 2병- 4000*2 = 8000원총 53000원진짜 여태까지 안 먹고 뭐했나ㅋㅋㅋ정말 매일매일 지나가면서맛집인 줄도 몰랐던 회기왕족발보쌈!학교를 거의 4년째 다니면서도 몰랐고망고플레이트에서 맛집이라기에한 번 가봐야겠다 생각만 줄창했는데기회가 안 생겨 계속 벼르고만 있다드디어 학교 친구와 함께 방문한회기왕족발보쌈!우리는 평일 저녁 7시쯤 방문했는데의외로 손님이 별로 없었다.하지만 나갈 때쯤 꽉 차있었다는 게 함정...아주머니들께서 분주히 주문을 받으시고족발과 보쌈을 손질하는 곳 위에는보란듯 여러 방송에 소개되었음을 증명하는사진들이 붙어있었다.주문을 하려고보니 사실 족발도 땡겼지만다른 리뷰들에서 보쌈이 더 낫다고 하고족발에는 보쌈김치가 안 나온다고 하여,보쌈 中자와 공기밥 하나를 주문했다.그리고 당연히 소주와 맥주도...ㅎㅎ기본 반찬으로는 테이블 당 시래기 국 하나,부추, 생마늘, 마늘쫑, 깻잎, 상추가 나오고1인당 콩나물 국과 새우젓이 하나씩 나온다.시래기 국과 콩나물 국 둘 다약간 매콤한 맛이 있어 좋았다.소맥을 마시던 우리에게아주 좋은 안주였던 국 종류!보쌈 中자는 생각보다 많았다.물론 일반인 기준으로.우리에겐 적당했다.일단 보쌈이 굉장히 부드럽고같이 나오는 김치와 정말 잘 어울린다.무엇보다 맛있다!그런데 사실 지금 생각해보면보쌈 고기 자체는 맛은 분명 있으나그렇게까지 특별하지는 않았던 것 같다.정말 특별했던 것은 바로 보쌈김치!김치를 김밥말듯 배추 속에생고구마와 무를 넣어서돌돌 말아 한입 크기(?)로 잘라내오는데,양념 자체도 별로 맵지 않지만이 생고구마 특유의 달달함 덕분에더 전체적으로 달달한 맛을 느낄 수 있다.보쌈과 술에 취해서대식가인 친구와 나는 신이 나쟁반 막국수까지 시키게 되었는데,아주머니께서 1인분만 주문이 가능하다하여쟁반 막국수 1인분을 주문했다.(메뉴판에는 없으니 참고하시길!)쟁반 막국수 자체의 맛은 특별하지 않지만보쌈 김치와 함께하면모든 것이 특별해지므로 시킬만했다.친구와 나 둘 다 정말주변 친구들이 알아주는 대식가라서누가 더 큰 한 입을 먹나 오기도 부려봤는데,우리의 한 입은사진에서 젓가락으로 든 보쌈 김치 한 덩이+보쌈 고기 2점+부추+막국수까지...그런 쓸데없는 오기 덕에 우리 둘은보쌈中, 쟁반막국수 1인분, 공기밥,소주, 맥주 2병까지 깨끗이 비웠다.특별한 보쌈김치 덕분에모든 것이 특별해지는 마법!정말 보쌈 고기도 막국수도콩나물국, 시래기국, 그냥 사실모든 게 맛은 있었지만 특별하진 않았다.하지만 보쌈김치와 함께 먹으니모든 것이 특별해졌다.정말 특이하고 맛있는 보쌈김치.다른 곳은 몰라도 회기역 근처에서이 곳만큼은 찾아가서 먹을만하다.실제로 여행 온 중국인 분들도 와서많이 식사하시는 것 같던데외국인 친구 데려가기에도 좋으니 추천!맛은 보장할테니 친구나 가족끼리보쌈 족발 생각날 때 꼭 한 번 가보시길!절대 후회하지 않을 것이다 :)",맛있다
1232,회기왕족발보쌈,ㅋㄷㄱㄷ,옛날식이라 비교적 차갑고 크게 양념이 없음,괜찮다
1233,회기왕족발보쌈,유듸니,"오랜만에 보쌈을 양껏 먹었던 회기왕족발보쌈! 회기에 가면 또 갈 것 같은 제 취향의 집이었어요.ㅎㅎ일단 가게는 지하도 있고 해서 넓은 편이지만 식사시간엔 사람이 많아서 가게가 꽉꽉 차요. 그래서 오래 앉아있을 편안한 공간은 못되지만 보쌈이 너무 맛있당ㅠㅠ 2명이서 중짜를 시켰는데, 중이랑 소랑 가격차이가 3000원이에요. 만약 내가 좀 잘먹는다 하면 중짜 시키시길! 잘먹는 두명이서 진짜 배불리 먹었어요.저는 밑반찬을 좀 중요시하는데 여기 반찬들 다 맛있었어요. 특히 시래기국이 아주 맛남ㅎㅎ시원한 동치미국도 맛있었어요.하지만 이집의 가장 맛있는 것은 모두가 입 모아 말하는 김치!!! 작게 동그랗게 둘둘 말려있는 김치를 가져다가 고기랑 먹으면 되는데 맨 안에 작게 들어있는 생고구마가 오독오독 씹혀서 식감이 특이해요! 맛있었어요.. 다시가면 족발이랑 막국수를 먹어보고 싶어요. 대학교 앞이라 학생들도 많고 가족단위도 많고 부담없는 분위기에요! 누가 회기 맛집 물어보면 여기 무난하게 추천해줄것 같아용 보쌈은 코리안 소울푸드니까 누구나 가도 실패없을 것 같아요.",맛있다
1234,회기왕족발보쌈,마시쪙,와여긴 김치가 진짜 예에에에술,맛있다
1235,회기왕족발보쌈,정민,"포장해와서 먹느라 정작 음식사진을 못찍었어요ㅠ 포장인데도 이것저것 많이 싸주셔서 중으로 시켰는데도 무겁게 나왔네요. 족발은 많이 만들어두고 있어서 시키면 바로 나오는데, 보쌈은 그때그때 만든대요 그래서 조금 오래걸려요. 보쌈 고기도 맛있고 양도 적당해요. 김치도 맛있고 쟁반막국수도 맛있어요 :) 정신없는데도 친절하시네요 다음에 족발도 먹어보고 싶어요~",맛있다
1236,회기왕족발보쌈,띵시,가성비 ●●○○○맛 ●●●●○분위기 ●●○○○재방문의사 95김치맛집이다 최고의 보쌈김치! 사이다 바른 것처럼 발효 잘 된 데다가 생고구마가 오독오독 씹힌다. 김치리필 비싼데도 두 번이나 추가했다. 실은 보쌈고기 자체는 큰 임팩트 없는데 상관 없다 여기는 김치에 고기를 곁들여 먹는 곳이기 때문이다.족발은 무난무난 맛있다 쫀득쫀득 콜라겐(을 가장한 단백질 덩어리) 식감 좋고 약재 향 달달하다. 양은 적었다. 여러 명 가서 족발 소 보쌈 대 김치추가 하는 것을 추천.+저 문 앞의 돼지캐릭터는 너무했다 피도 눈물도 웂는 사장님8ㅅ8,맛있다
1237,회기왕족발보쌈,MJ,이 근처갈 일 있으면 무조건 여기 가봐야겠다고 벼르고 있던 집! 오늘 마침 기회가 되어서 가봤습니당 제가 믿고(?) 보는 많은 홀릭 분들 추천이 있어서 기대했는데 역시나 맛있고 푸짐하고 주인 아주머니도 친절하시고 너무 좋았어용- >_< 대만족! 보쌈이 더 평이 좋길래 보쌈 먹었는데 같이 곁들여 나온 김치+무말랭이가 딱 제 스타일.. 고기도 담백하니 소자 시켰는데도 넘나 푸짐한 것... 쟁반 막국수는 저게 1인분... 메뉴에 15000원 짜리는 2인분이라 나눠서 저렇게도 주시더라구요 참고를! 담에 또 가고 싶은 집.. 족발도 먹어보고 싶네요 하지만 보쌈도 또 먹고 싶어요... 꺄륵,맛있다
1238,회기왕족발보쌈,승수 Kim,족발집답게 어수선하지만 맛은 괜찮음,괜찮다
1239,회기왕족발보쌈,춘,지난주에 보쌈을 먹고 너~~어무 맛있어서 이번주엔 족발 먹으러 회기에 또 갔습니다. 보쌈은 '정말정말 맛있다!'인데 족발은 '음..맛있군' 정도 였던 것 같네요. 족발 자체도 잡내 비린내 하나도 안나고 한약재 냄새가 은은히 나면서 쫄깃쫄깃한 식감이 상당히 훌륭했지만.. 요즘 이 정도 족발은 잘만 찾으면 동네에서도 쉽게 찾을 수 있는 수준인 것 같습니다. 족발만 따지자면 맛있다!와 괜찮다의 중간 수준인 것 같은데 보쌈과 보쌈김치가 정말 환상적입니다. 보쌈김치에 생고구마랑 갓김치가 같이 들어가 있는데 아삭한 식감을 가미해주면서 정말 다양한 맛을 줍니다. 보쌈 한점에 보쌈김치 하나에 부추무침이랑 새우젓이랑 같이 먹으면 입 안에서 파티가 벌어집니다. 물론 고기 자체의 질도 상당히 좋습니다. 그리고 같이 나오는 동치미도 엄청 맛있네요. 회기 오시면 1순위로 여기서 보쌈 드시면 될 것 같네요.,맛있다
1240,회기왕족발보쌈,응온,망고플레이트에서 보쌈평이 좋길래 보쌈 먹었다회기지역 최고평점의 명성대로 아주 맛있었다김치 안 고구마는 꽤나 잘어울렸다중 사이즈 남자둘이 쐬주한잔하면 딱인듯,맛있다
1241,회기왕족발보쌈,Jㅐ,"회기역에서 보쌈과 족발로 유명한 집 ""회기왕족발보쌈"". 망고 평점도 좋고 경희대 맛집으로도 유명한 곳이에요. 이 집은 보쌈과 족발 둘 다 평이 좋아서 둘 중에 고민하다가 '보쌈 중'으로 선택!! 고기도 괜찮았지만 여기는 보쌈 김치가 진짜 대애애박이에요ㅠㅠ 보기에는 시뻘건 양념장 때문에 매워보이는데 생각만큼 맵지 않고 오히려 달콤해요~ 자꾸 당기는 매콤달콤한 맛. 김치는 동그랗게 말아져있어서 고기 한 점에 김치 한 롤씩 먹기도 편했어요. 안에 생고구마가 들어가는데 이게 신의 한 수에요!! 오독오독 씹히는 고구마가 식감을 살려줘요. 보쌈 김치가 너무 맛있어서 보쌈 김치만 따로 추가로 시켜먹었어요ㅋㅋ 함께 나오는 시래기 된장국과 동치미도 맛있었어요. 여기 데려간 지인의 말에 따르면 족발도 맛있대요. 추천 : )",맛있다
1242,회기왕족발보쌈,두부,김치양념이 단맵이여서 그런가 맛있습니다.. 후이런 고기도둑 같으니라고,맛있다
1243,회기왕족발보쌈,Lee,보쌈 김치가 정말 맛있는곳!,맛있다
1244,회기왕족발보쌈,김세하,여긴 레알 미쳤다. 보쌈보다 보쌈 김치가 맛있다. 보쌈도 정말 맛있는데 저 빨간 마약 소스랑 버무러진 김치가 정말 사람을 미치게만든다ㅠㅠㅠㅠㅠ 김치 안에 든 고구마랑 따로 나오는 된장국이 존맛 보스... 다음에는 족발 먹어야지,맛있다
1245,회기왕족발보쌈,Nov09,여기서는 늘 족발만 먹다가 이번엔 보쌈!왜여태 보쌈 먹을 생각을 안했었나!! 족발보다 보쌈이 더 맛남. 둘이서 중자시켜서 남김없이 싹다 비움. 남친은 보쌈이며 반찬이며 모자랄거없이 다 완벽했다고 극찬을 했음.,맛있다
1246,회기왕족발보쌈,키다리아저씨,오래된 맛집으로~ 부드러운 족발이나 보쌈이 유명한곳!!개인적으로는 보쌈이 더 맛나고 좋았다~^^특히 함께 먹는 김치가 별미!!! 김치와 그안에 들어간 고구마도 맛나고~ 양념소스도 끝내준다!!달달한 동치미도 굿!!!,맛있다
1247,남원통닭,이영은,청량리 시장 명물 남원통닭♡경동시장 통닭 골목에서 이름좀 날리는 남원통닭!프랜차이즈 치킨가격에 닭똥집+떡+통닭+꽈리고추튀김+고구마튀김까지~ 그리고 뭐니뭐니해도 특제 땡초간장 소스와 사장님표 백김치와 함께면 한끼 맛있게 먹을 수 있다~ 개인적으로 닭똥집만 먹어도 고추 떡 고구마를 주시기 때문에 닭똥집 킬러라면 닭똥집만 시키길 강추!!!!! 이집 닭똥집 튀김이 정말 맛있다!,맛있다
1248,남원통닭,snoopy,"요즘같이 치킨이 많고 다양한데 이런 기름 투성이 닭튀김을 누가 먹나요? 닭집은 시장통이고, 포장해와도 근처에 닭집이 이렇게 많은데 쩝. 염통, 고구마, 청양고추도 같이 있는데 하나도 안반가웠습니다;;",별로
1249,남원통닭,Capriccio06,"이전에 맛있게 먹어서 가끔 생각났는데 배달 가능할 때 기회를 노렸다가(..!) 드디어 오랜만에 다시 먹었다. 치킨 한 조각은 작게 잘려있어도 전체적으로 양이 꽤 많고, 튀김 옷도 얇고, 닭 외에 같이 튀겨져 있는 고구마나 고추, 닭똥집, 떡도 맛있다. 같이오는 약간 매콤한 고추가 있는 간장에 먹으면 궁합이 좋은 듯. 일반 배달 치킨보다 좋아하는데 사러가기 힘들어서 아주 가끔 먹을 수 있어서 좀 아쉽다. #다시먹어봄",맛있다
1250,남원통닭,Capriccio06,"가끔 시장통닭 스타일 치킨이 생각날 때가 있는데 다른 지역에서 시장구경 갈 때가 아니면 먹을 기회가 별로 없는 것 같다. 오랜만에 기회가 되서 맛보게 되었는데 생각보다 훨씬 괜찮았던! 장사가 잘되는 집이라고 들었는데 바로 바로 튀겨주셔서 그런지 튀김 상태도 참 좋았다. 은은한 카레향 나는 튀김옷인데 그렇게 두껍지 않고, 살짝 입혀서 바삭하게 잘 튀겨져서 좋았다.  닭 말고 닭똥집이랑 고추, 고구마, 떡 같이 튀겨서 주시는데 식감도 다 다르고, 살짝 매콤한 고추 같이 먹으면 덜 느끼하고 맛있었던. 양도 꽤 많다. 다른 리뷰에 있는 사진에서 2천원씩 가격이 오른것 같고, 개점하고 아주 오랜만에 배달도 시작하셨다는데 배달앱 가격은 또 조금더 높은 듯. 그래도 사이즈 (대)가 2만원 미만이라 저렴한편이다.",맛있다
1251,남원통닭,ustar,아무리 갓 튀겨 낸 통닭이라지만 이렇게 맛있을 수 있나요? 평소 음식을 많이 먹지도 못하고 튀김이라면 더더욱 많이 먹지 못해 속상했지만 이집에서는 같이 내어주는 간장에 담긴 고추를 하나씩 올려먹다 보니 통닭에 똥집까지 시켜서 남김 없이 다먹을 수 있을만큼 튀김에 느끼함이 적고 맛있어서 너무나 만족스러운 집이었다,맛있다
1252,남원통닭,김정원,"우선 고명이 너무 맛있다떡, 고구마, 고추를 튀겨서 함께주는데 별미이다튀김이 바삭바삭해서 좋았다통닭맛은 생각보다 심심한편가끔 생각날 것같은 맛이다",괜찮다
1253,남원통닭,로한,청량리 통닭골목에서 유명한 남원통닭! 수욜날 저녁에 갔는데 홀이 거의다 찼었음. 반반통닭과 시원한 맥주 500 한잔씩 마심. 치킨과 함께 나오는 떡 꽈리고추 고구마튀김 닭똥집도 별미임/,맛있다
1254,남원통닭,ethanghymn,"끼니밥메시에서 저녁을 맛있게 먹고 원래는 지난번 영구빵님의 리뷰에서 보고 가고싶다에 세이브해뒀던 치킨그라운드에 들러 어린가족인원을 위한 치킨을 사 가려고 전활했는데 전활 받으신 분이 이제 닭갈비 가게로 바꼈다고 하셔서 헐하고 근처에 또 다른 가고싶다에 세이브해 둔 치킨가게가 있나 보니 아마도 이국군(썰카)님의 리뷰를 보고 세이브해뒀던 것 같은 여기 남원통닭이 보이길래 전화로 영업을 하는지를 확인 후 출발함.네이버지도를 따라가니 청량리 청과물 도매시장이 나오는데 아무 생각없이 네이버지도만 보고 오다보니 어딘지도 잘 몰랐는데 주차를 근처에 적당히 하고 횡단보도를 건너면서 보니 청량리역이 저 멀리 보여 청량리역 근처에 온거구나 함.시장으로 들어서니 흔한 우리나라 백반집들에서 뵙는 가족을 위해 열심히 일하셔서 우리나라를 이런 선진국으로 만드시는 데 일조를 하신 것 같아 괜히 코끝이 찡해지는 이모님, 삼촌들, 그리고 연세 지긋하시지만 열심히 사시는 어르신분들이 보이고 큰 목소리로 각종 청과물이나 해산물을 사시라고 외치시는 걸 들으니 나도 힘이 나는 느낌임.그런 시장을 지나 네이버지도가 안내하는대로 안쪽으로 좀 더 들어가니 청량리전통시장이라고 쓰여있는 표지판 아래 있는 골목으로 들어가니 치킨을 파는 가게들이 늘어서 있고 곧 여기 남원통닭을 발견함.인터넷에선가 보니 남원통닭은 두 군데가 있어 별관이 더 깨끗하다고 하던데 내가 서 있는 남원통닭은 그런 느낌은 아니어서 치킨을 튀기시는 빠릿빠릿하신 여사장님?께 별관을 문의하니 골목을 따라 좀 더 가면 나온다고 설명해주시는데 포장을 하려고 한다고 하니 그럼 그냥 여기서 포장하면 된다고 하셔서 후라이드치킨을 대자로 부탁드림.아마도 전화로 나랑 같은 후라이드치킨 대자를 주문한 손님이 있나 본데 아직 안 온 듯, 나한테 먼저 포장을 해주셔서 건네주시는데 어린가족인원들은 양념에 찍어 먹는 걸 좋아할 것 같아 양념소스를 한 개 더 넣어달라고 부탁드림.흔한 시장 통닭집에서처럼 브라운색 종이백에 치킨을 넣은 후 비닐봉지에 다시 넣어진 치킨은 혹시나 눅눅해질까 종이백은 닫혀지지 않고 활짝 열린채여서 열린 종이백에서 나오는 갓 튀겨진 치킨의 열기와 은은한 카레향의 치킨 냄새가 좋음.오랜만에 이런 시장 치킨집에 들르니 전에 제주도에서 이름있는 치킨집들을 찾아 다니던 때가 생각남.집에 가져와 치킨을 펼치니 갖고 올 땐 잘 몰랐는데 진짜 대자여선지 양이 흔한 프랜차이즈 치킨 양의 1.5배쯤 되는 느낌이고 치킨 외에도 꽈리고추, 고구마, 혹시나 딱딱할까 했지만 의외로 말랑말랑해서 다행이었던 가래떡 튀긴 것도 들어있고 나도 치킨을 동봉된 후추소금에 찍어 맛을 보니 카레향이 은은하면서 튀김옷은 바삭하고 속살은 촉촉한데 마치 노란통닭의 것과도 비슷한 느낌이어서 특히나 노랑통닭을 좋아하는 나는 맛있었음.곁들여준 양념소스도 맛을 보니 어설프거나 하지 않고 페리카나치킨의 것이 생각나는 느낌이어서 양념치킨도 괜찮겠다 생각이 듦.치킨무는 유명 프랜차이즈 치킨 가게의 것보단 살짝 덜 좋아도 역시나 괜찮고 청양고추와 양파가 썰어져 들어있는 간장은 무슨 용도인지는 모르겠지만 예를 들어 빈대떡 같은 걸 찍어 먹을때 좋을 것 같은 맛이어서 광장시장 원조순희네빈대떡에서 늘 아쉽게 느껴지는 양념간장 대신 좋을 것 같이 느껴짐.전체적으로 원래 들르려던 치킨그라운드가 닭갈비 가게로 바꼈다고 해서 급 목적지를 바꿔 들러본 청량리 청과물 도매시장 내 치킨골목에 위치한 여기 남원통닭의 후라이드치킨은 시장 내에 있어선지 예전에 제주도 치킨 맛집들을 찾아 돌아다녔었을 때도 생각났고 시장에 있어선지 양도 푸짐하고 맛도 좋아서 다음번엔 가게에서 갓 튀겨진 후래이드치킨을 맛보고 싶은 생각이 든 기분 좋은 방문이었음.",맛있다
1255,남원통닭,이국군(쎌카),"왜 이곳의 리뷰가 이렇게 없는것일까?맛있는곳인데..*재방문의사80%청량리 청과시장 뒷편 통닭골목에 위치한 통닭집 남원통닭.꽈리고추와 고구마 떡을 함께 튀겨주는데 이것들이 ""별미""라는 단어를 확 떠오르게 만들어줌. 저렴한 가격과 적당하지만 맛있는 튀김 옷 그리고 적당한 튀김정도까지.꽤나 괜찮은 치킨을 저렴한 가격으로 맛볼 수 있는곳.",맛있다
1256,오소리순대,snoopy,"국밥는 전반적으로 괜찮았지만, 투머치였어요.순대국에  당면도 낯설었지만  사실 순대국이면 깍두기, 배추김치면 충분할텐데, 소금+기름이 따로 나오는데 별도로 소금 그릇이 있었고, 반찬으로 깍두기, 배추김치가 나오고, 상추무침이 나오는데 저는 순대국하고 상추를 같이 먹어본 적이 없어서 한점 먹고 손이 더 안갔어요.특히 새우젓, 된장, 마늘, 와사비 간장이 나오는데 와사비 간장은 왜 나오는지 모르게 존재감도 없고, 그냥 접시가 네 칸이라서 나오는거 아닌가싶었고, 와사비 간장은 먹어봐도 딱히 맛있다는 느낌은 못 받았어요. 다른 리뷰에서 언급된 것처럼 직원분들끼리 커뮤니케이션이 원활하신 것 같지는 않았어요. 주문하면 설명을 다시 길게 주방에 전달하시고, 맞게 주문 받았는지 확인하는데도 시간 많이 걸리시더라구요.총평: 투 머치",맛있다
1257,오소리순대,준영,"먹을거 없는 고려대역 근처에서 한끼 먹기 괜찮은 곳! 정말 옛스러운 느낌 가득한 식당이었는데 위생이 그렇게 신경쓰일 정도는 아니라 다행이었어요. 물론 다대기 덜어 먹는 그런 공용 통은 좀 찝찝..ㅠㅠ 순대 정식 시키면 머릿고기랑 순대랑 순대국이 같이 나오는데 가성비가 꽤 좋다고 느꼈네요! 순대국에 당면순대 없는게 너무 좋음ㅎㅎㅎ 그리고 사장님, 직원분들 정말 친절하셔서 좋았어요!",맛있다
1258,오소리순대,코랄,맛있다!!!순댓국도 맛있는데 순대가 별로 안들어가 있어서 아쉽다. 근데 어차피 여기서는 모둠 순대를 시켜야 할 것 같다. 왜냐면 너무 맛있다ㅠㅠㅠ 좀 비싸긴 하지만 진짜 맛있다!! 기름장에 찍어 먹는 그 맛이 있다.고대에서 오래된 맛집!,맛있다
1259,오소리순대,Ms.Gourmet,"고려대 근처 순댓국 식당약간 불친절하시지만 가격과 내부시설, 반찬과 순대맛은 만족스러웠다. 사진은 찍지 않았지만 순댓국도 좋았다 :)",맛있다
1260,오소리순대,눈누난나,자취방 옆이라 가끔 밥 해먹기 귀찮을 때 가는데 순대 맛을 좋아하시는 분들은 향이 진해서 좋아하실 거에요. 근데 순대향 좀 그렇다 하시는 분들은 불편하실 수도 있어요. 그리고 점심때는 아저씨들이 차 끌고 와서 드시는지 항상 북적거립니다. 시간 잘 피해서 가세요~,괜찮다
1261,오소리순대,김♡,하 밥먹는 동안 시끄럽게 직원혼내고  그직원가니  직원씹고있고  일못하면 알려주던지 그만나오라하지 왜사람을  없는데도 씹는지 .... 맛도 예전만 못하고 혼자 밥먹는데  속시끄러워서 원 ......  사장님 그리고 아드님  님들부터 기본 서비스마인드를 갖추세여  아무리 나혼자 밥먹는다고  시끄럽게  화내고 그러는 당신들은 일을 잘하는줄아십니까???  앞으론 다신 안온다 몇년동안  단골이였던게 후회되네  원  싹다 바꼈네 바꼈어 마진은 그렇게 남기는거 아닙니다.,별로
1262,오소리순대,우이리,국물이 담백하다. 슴슴한 국물에 새우젓으로 간해서 먹으면 순대국같지않은 산듯함이 느껴진다.,맛있다
1263,육전식당,SKang,"한줄평: 까다로운 어머니도 만족시킨 삼겸살우리 어마니는 맛잘알이시다. 요리실력보단 미각이 굉장히 예민하신편인데, 그러다보니 왠만한 맛집이 아니고선 칭찬을 아끼시는 편이다.그런데 이곳, 신설동 육전식당에선 삼겹살에 극찬을 아끼지 않으셨다. 고기 퀄리티부터 잘 구워주는 서비스까지 상당히 만족스러우셨던것 같다.원래 사주는 사람은 상대가 잘 먹으면 즐겁다. 어머니가 맘껏 즐기신 식당이라 모두에게 감히 추천해본다! 강추!",맛있다
1264,육전식당,HP7,육전은 다 같은 육전이라고 생각했는데 3호점은 아니었다.가장 실망한 것은 삼겹살육즙이 전혀없고 두께도 너무 얇음오히려 목살이 훨씬 육즙이 풍부하고 맛있다.볶음밥도 눈꽃치즈가 아닌 그냥 피자치즈니 참고.목살 좋아하는 사람에겐 본점보다 추천그러나 육전의 삼겹살을 더 좋아하는 나로서는재방문의사 없음.,별로
1265,육전식당,문문문,"목살을 더 좋아해서 첫 주문을 목살 2인분으러 했어요. ( 첫 주문은 무조건 2인분 이상만 받더라고요)결론은 이집은 무조건 삼겹살이다!목살 먹은 후 맛볼겸 삼겹살 1인분 추가했는데 삼겹살이 진리인 곳입니다.1호점에 웨이팅이 너무 길어서 3호점으로 왔는데, 바로 앉았고, 한 30분 있으니 여기도 꽉 차더라고요!냉면은 후식냉면 없이 큰 냉면만 팔고, 명이나물도 2천원 내고 주문해야하고, 기본 구성에 국물이 하나도 안나오는게 조금 아쉬웠지만 고기 하나로 충분히 승부하는 곳이라 또 가고싶어요",맛있다
1266,육전식당,O_O_Seok,"신설동역 9번출구에서쭉 직진하면 보이는 육전식당 3호점삼겹살, 목살은 15,000원한우는 25,000원150g 기준이다처음은 무조건 1메뉴 2인분 이상!고기는 구워준다삼겹을 미디엄웰던으로?!!!아주 훌륭한 맛이다~생각보다 양이 많지 않아서3인분정도는 먹고볶음밥은 먹어야 양이 딱 맞다!!아주 맛있다!!반드시 가봐야하는 삼겹살 맛집이다~강력추천이고당연히 재방문의사가 있다..단점은 비싸다는것,,;;;",맛있다
1267,육전식당,GABY,"레전드 고기-평일 저녁에 간 거라 웨이팅이 별로 없을 줄 알았는데 경기도 오산이었다. 1호점에서 27번째, 3호점에서 14번째 대기자였다. 30분 정도 대기 후 고기를 먹는데 기다린 게 아깝지 않았다.다 먹고 집에 가며 다같이 한 말이 '인생고기'였다. 며칠 후에도 같이 먹은 친구들이랑 이 집은 레전드라고 한참을 떠들었다. 육즙을 살려 구워주시는 직원분도 완벽했고 통통한 두께도 맘에 쏙이었다. 다만 볶음밥은 짰다. 볶음밥은 비추!고기 3인분, 김치찌개, 볶음밥까지 해서 인당 25000원씩 냈다. 다소 비싼 가격이지만 가끔 재방문 할 것 같다!#아무리뷰",맛있다
1268,육전식당,Sevil,역시 맛있음.... 구워주는게 너무 편함,맛있다
1269,육전식당,코랄,육전식당은 언제나 맛있다. 외국에서 친구들 오면 제대로 된 삼겹살을 맛보여주고 싶어서 데리고 가는 곳.딱 한 가지 아쉬운 점이 있다면 김치는 같이 못 구워 먹는다.육전식당 고기는 다 맛있지만 삼겹살이 아무래도 제일 맛있는 것 같다.고기를 처음부터 끝까지 구워주셔서 좋은데 담당직원분의 실력에 따라서 좀 더 맛있을 때도 있는 것 같다.최근 몇 년동안 비슷한 스타일의 통삼겹을 팔거나 명이나물/와사비 조합을 같이 주는 곳이 많아져서 예전보단 인기가 줄었지만 그럼 나야 좋지 뭐ㅋㅋ그래도 여전히 웨이팅 있을 때가 많아서 타이밍을 잘 맞춰 가야 한다. 나는 신설동역에 있는 세 지점 중에 제일 깔끔하기도 하고 줄이 제일 짧은 것 같아 3호점을 많이 간다.근데 김치찌개 맛보기 사이즈 개크다ㅋㅋㅋ 단품으로 잘못 나온 줄 알았는데 맛보기 사이즈가 맞다고 하셔서 당황했다ㅋㅋ 맛있다!ㅎㅎ된장찌개는 너무 짜다. 김치찌개가 더 맛있다.,맛있다
1270,육전식당,코퍼맘,"육전식당 웨이팅이 무서워 생각도 안해봤었으나 3호점이 집과 가장 가깝기도하고, 웨이팅도 제일 없대서 도전! 십분정도 기다려서 들어갔는데 고기는 뭐 말할것도 없고, 자극적이지 않은 김치찌개도 맛있게 먹었다! 물냉면은 식초 추가하지 않아도 될정도의 새콤함. 재방문의사 매우높음!!",맛있다
1271,육전식당,09,명절 마지막날 6시 웨이팅 없이 방문했다 된찌와 명이는 추가로 주문해야한다 된찌는 약간 짜긴했는데 구수하고 얼큰하여 맛있는 편이였고 명이 또한 양이 제법 많았다 먼저 삼겹2인분으로 시작했는데 두툼하고 육즙이 많아 고기먹는 맛이 낫다 명이에 와사비 발라 먹으면 존맛! 목살은 담백하니 깔끔한게 삼겹보다 더 맛있었다 둘이서 고기 4인분 된찌2개 밥2공기 소주2개 물냉면2개 클리어하고왔다 또 가고픈 집,맛있다
1272,육전식당,피링스,"돼지고기 정말 많이 먹으러 다니는데 여기가 가장 맛있다. 단점이라면 오랜 대기시간. 세 번 갔는데 갈 때마다 1시간은 최소 기다렸다. 그리고 신설동이 조금 멀다는 점. 제주몬트락, 하남돼지집, 제주몬트락, 합정돈사돈, 삼거리푸줏간 등 맛있는 곳이 많은데 여기가 가장 맛있었다. 특히 목살이최고다. 육집이 살아있고, 육집이 춤을 춘다.",맛있다
1273,육전식당,엄지척bb,고기는.. 육전식당❤️볶음밥 보다 돌솥밥 추천!!!,맛있다
1274,육전식당,김찬휘,호호호  굿,맛있다
1275,육전식당,보정,명이나물+생와사비+돼지고기의 조합이 신선. 하지만 고기 자체의 맛은 돈사돈이 압승! 종업원님의 실력차이 인지 모르겠으나 고기 겉면이 너무 딱딱하게 익었고 육즙도 많이 빠져나갈만큼 구워짐. 살짝 아쉬워서 볶음밥 먹었으나 이 또한 심심한 맛으로 아쉬움이 큼.,괜찮다
1276,육전식당,미소,집근처라 너무 행복해요두명이서 5-6인분은 먹는것같아요...제 인생 목살집입니다만,맛있다
1277,육전식당,엄지척bb,육전식당 5번째 방문나의 삼겹살 기준은 육전식당..,맛있다
1278,육전식당,야구소년,"사람들이 극찬했던 모든 리뷰가 이해가 된다. 기다리느라 소요되는 1시간. 1시간이 아깝지 않았다. 함께 간 동생이, 이렇게 기다렸는데 맛 없으면 엎어버릴꺼에요 라고 말했는데. 그 동생 육전식당의 노예가 되었다. 명이나물에 와사비를 올려 먹은 육전식당의 삼겹살은. 돼지고기 육즙을 가득 품은 삼겹살 풍선을 입안에서 터트리는 느낌이였다. 내가 지금 소룡포를 먹은건지. 그냥 저절로 미소가 지어지는 맛이다. 인생을 살면서 음식으로 이 정도 희열을 느낀적 별로 없는데. 오늘은 유희열이 된 줄 알았다. 맛도 맛이지만. 서비스가 더욱더 인상에 남는 곳. 여기 고기가 맛이 별로 였더라도 서비스 하나만으로도 맛있다를 줄 수 있는 곳이 아닐까. 삼겹살의 맛보다 직원들의 친절이 더 맛있다. 1호점, 2호점, 3호점의 넘치는 사람들이 이해가 간다. 다음엔 2시간이 걸리더라도 육전식당은 기다리고 먹을 수 있을 것 같다.",맛있다
1279,육전식당,lunemiel,평일 6시 맞춰서 갔는데 대기는 없었고 테이블은 거의 다 차있었어요! 두툼한 고기를 직원분께서 매우 세심히 잘 구워주셔서 육즙 가득한 목살과 삼겹살을 맛볼 수 있었습니다. 같이간 친구가 원래 삼겹살을 안좋아함에도 넘나 훌륭한 목살에 반해 삼겹살도 도전해보았는데 인생 삼겹살이라고 극찬했어요. 뭘시켜도 후회는 없지만 그래도 제입맛에 목살이 더 맛있긴 했음! 비냉(식사용)과 볶음밥도 시켰는데 비냉이 꽤 매콤하니 입맛이 확 돌더라구여 ㅋㅋㅋ 볶음밥은 고기에 비하면 무난무난해서 다 먹고 뭔가 부족하다 싶으시면 시키면 될 것 같습니다. 집에서 멀지만 않으면 고기땡길때 정말 자주갔을거같아요.,맛있다
1280,육전식당,Mk,맛있는데 웨이팅 어쩔... 땅코참숯구이랑 비슷함,맛있다
1281,육전식당,Dream,진짜 강추! 삼겹살에서 어떻게 대창같은 맛이 날수 있을까요. 목살보단 삼겹살. 1인분 14000원. 가격에 비해 양이 좀 적다 할 수도 있지만 굽기 기술력이라 생각해요.,맛있다
1282,육전식당,JW,맛있다ㅎㅎ 주차장도 옆에 있고 (팁: 3호점이 웨이팅이 비교적 짧은듯) 양이 적어서 계속 추가해 먹었다....,맛있다
1283,육전식당,먹을 것에 진심,"맛A 분위기B 가성비B 서비스A+3인이서 통삼겹(13.0) 2인, 통목살(13.0), 생갈비(12.0), 볶음밥(3.0), 물냉면(4.0) 먹었습니다.맛있고, 서비스도 좋은데, 멀리서 찾아가서 기다려서 먹었다면 조금 실망할수도 있고, 집근처에 있었으면 정말 행복했겠다 싶은 맛집이네요. 오후 9시에 갔는데도 30분을 웨이팅했어요. (다른 지점 다 전화해봤지만 여기가 그나마 적었으므로;ㅅ; 본점은 2배 넘는 웨이팅이 있었어요.) 마감이 11시인데... 심지어 주문 마감은 10시 초에 받으시던데 이런 웨이팅이라니...!직원분께서 직접 다 구워주시고 맛있게 먹는 법도 설명해주셔요. 다른 테이블과 비교해봤을때 저희는 유독 친절하신 직원분을 만난거 같아요! 이것저것 이야기를 들을 수 있었는데, 일단 가게에서 자신있게 걸어놓은것은 맨 위에있는 통목살! 수요미식회에서 삼겹살 맛집으로 소개되면서 둘이 비등비등해졌지만 자신있게 내놓았던건 목살이었다고 해요. 통목살 통삼겹 둘 다 육즙팡이고 부드러워요! 고기에 자신있는 집들은 다 말하듯 첫 고기는 꼭 소금! 와사비나 갈치젓과의 조합도 특이했어요. 조금 더 담백한 고기가 취향이시라면 생갈비도 추천드려요! 직원분들은 맨 처음 한달간은 고기 굽는법, 볶음밥 만드는법 등을 배우고 교육이 다 끝나고 나서야 그때부터 서빙에 들어간다고 해요! 서비스도 밑반찬도 많이 신경쓰신게 보였어요. 다만 고기양이...적어요... 딱 보기에도 적어보여요. 맛있어서 더 적게 느껴지나 ㅎㅎ 인당 1.5~2인분은 먹는다는 느낌으로 가셔야할거같아요.후식은 비빔밥 빼고 다 추천이라고 하시는데, 비빔밥을 뺀 이유는 비빔밥 재료가 제일 많은곳은 1호점이라서! 볶음밥은 갓김치를 같이 썰어 넣는 것도 추천해주셔서 그렇게 먹어봤는데 맛있었어요. 치즈가루를 아낌없이 뿌려주시는데 행복! 물냉면은 동치미 국물에 더 가까운 느낌의 물냉면이네요! 식초나 겨자를 넣지 않아도 새콤한 타입이에요. 같이 육쌈식으로 먹어도 맛있겠지만, 마무리 느낌으로 먹는게 더 맛있을거같아요. 마무리 냉면인만큼 양이 많지 않아서 정말 딱 마무리하기 좋아요.분명 맛있는 고깃집이고 서비스도 다 좋은데, 극악의 웨이팅이 기다리고 있어서, 멀리서 찾아와서 기다리고 먹으면 약간 9~9? 할수도 있을거같아요. 저도 부모님 회사가 20분정도의 거리라 그나마 온건데 웨이팅이나 거리를 생각하면 자주 방문하지는 못할듯;ㅅ;",맛있다
1284,육전식당,Salt&Fat,3호점 30분 기다려서 먹음. 찾아가서 기다려 먹을 맛은 아니고 근처에 볼 일 있음 들릴 정도의 맛.  주인님 마음은 이해하지만 안 그래도 회전율 높은데 굳이 시팅 시간제한 두는 것도 괜히 맘 상하는 일인. ㅎㅎ,괜찮다
1285,육전식당,happiermyo,1호점은 웨이팅이 길어서 3호점으로 갔어요 5시반 이른저녁 시간이었는데 20분 정도 기다린 것 같아요 서서 기다리진 않구요 앉아 있을 자리는 밖에 넉넉해요 가게 안은 테이블이 빽빽하진 않더라구요 고기는 삼겹살 항정살 목살 다 먹어봤고 각 부위별로 맛이 뚜렷하게 달라서 여러 부위 다 먹어보는 게 좋을 것 같아요 저는 세종류 다 맛있었어요!! 볶음밥은 좀 짜더라구요 물냉면 같은 게 나을 듯해요첨에 하남돼지 가보고 맛있어서 충격이었고 그 뒤로 화포식당도 그렇고 여기도 그렇고 비슷하더라구요 ㅎㅎ 그런 체인에 비해 삼겹살이 더 맛있는지는 잘 모르겠어용 ㅎㅎ근데 목살은 다른집보다 확실히 기름이 없는데 부드럽고 좀 달랐어요,맛있다
1286,육전식당,아왜맨날,교회 바로 앞에 있는데 이년만에 먹다니!!! 5시부터 예약을 받는데 그 전부터 줄이 서있음. 고기 질도 좋고 역시 맛은 훌륭하고 고기도 딱 알맞게 구워준다. 명이나물이 아니라 갓김치를 줘서 개인적으로 더 만족. 다만 기다리면서 주문 미리 받으시는분이 불친절하셔서 좀 ...,맛있다
1287,육전식당,유네티,"4시 40분쯤 본점에 갔는데 대기 1시간2,3호점은 5시에 브레이크끝나고 바로들어갈수 있을거라해서 3호점으로! (차타고갈때는 1에서 3가는게 루트가 쉬워용ㅋㅋㅋ 3호점은 바로 옆에 공영주차장까지 있어서 꿀!)삼겹2에 목살1 추가먹었고 명이나물이랑 환상의 볶음밥까지! 볶음밥치즈가루듬뿍 배불러도다들어가니 꼭드세용ㅋㅋㅋ 삼겹은 사실 처음에 고기에 좀 냄새나나? 생각했는데 명이랑 와사비랑 같이먹으니 괜찮았고 다구워주는게 제일좋았당 글구직원분들이 다들친절하고 능동적이심 아 다 구워졌다고 주시는데 나한텐좀커서 가위로 잘랐더니 안쪽이 좀덜익었었음ㅎㅎ 고기가두꺼워서그런듯ㅠ 꼭비교하자면 난 일미락이 좀더맛있는거같다ㅎㅎ",맛있다
1288,육전식당,은티,고기를 많이 먹으러 다녀본 건 아니지만 인생 최고의 삼겹살과 목살..!소금/갈치속젓갈/명이나물+와사비 조합으로 먹을 수 있는데 명이에 와사비 조금 얹어 먹는게 정말 기가막혔다! 아니 그냥 다 맛있음 ㅠㅠ무엇보다도 프로페셔널하면서 유쾌한 직원분들이 맛있게 구워주신다는 점이 너어무좋다. 고기에 손도 못대게 하시면서 진ㅉㅏ 챱챱 구워주심..비록 명이나물은 유료로 주문해야하고 한시간~한시간 반을 기다렸고 도무지 가기 힘든 신설동역에 있지만 언제든 다시 갈 의사 500% ㅠㅠ (본점이 줄이 너무길어서 3호점에서 먹었음),맛있다
1289,육전식당,이건영,"일단 서비스가 참 좋다. 구워주는 것에 대해서는 호불호가 있겠지만 맛을 위해서는 그래도 직원이 직접 해주는것이 훨씬 맛있다고 생각한다. 가격이나 양의 가성비에 대해선 아쉬운점이 있을지언정 고기 질, 맛, 그리고 서비스까지 참 좋았다. 명이나물에 고추냉이를 올려 싸먹는게 제일 맛있게 느껴졌고 그밖의 기본 찬들도 훌륭했다. 3호점은 생긴지 얼마 안되어 깔끔하고 본점보다는 대기시간이 짧다. 시간대별로, 1,2,3호점이 체인이 아닌 직영으로 운영되기때문에 편한곳을 찾으면 될것같다. 목살과 삼겹살의 맛 차이와 구분이 확연히 나뉘기때문에 둘다 먹어보고 더 맞는맛을 고르면된다. 삼겹살이 기름기가 풍부하게 올라오기때문에 목살을 먼저 먹고난 다음 삼겹살을 먹는것을 개인적으로 추천한다.☆☆☆☆",맛있다
1290,육전식당,foodlovemaniac,Good! We went to the 1st branch first but it was crowded then owner brought us to 3rd branch! GOOD CUSTOMER SERVICE!! PORK WAS SO JUICY AND SOFT! The staff taught us how to eat the meat with the different sauce knowing that we were foreigners!! AGAIN AMAZING CUSTOMER SERVICE!! Will come back!,맛있다
1291,은하곱창,이이삭,",",맛있다
1292,은하곱창,로우니,여기 진짜 맛있어요 곱창 잡내 없고 국물 칼칼하고 돼지향이 가득한데 양도 얼마나 많은지 몰라요ㅋㅋ 게다가 쑥갓이나 당면은 무한으로 넣어먹을 수 있는 것도 장점입니다 여기서 술을 마시면 만취해서 나올 수 있어요 하지만 퇴근하고 서둘러도 어미어마한 웨이팅이 있어서 예전만큼 가지 못한다는 게,맛있다
1293,은하곱창,진꿀이,먹어도 먹어도 안줄어 나 돼지곱창 전골 좋아하네?집갈때 포장해가도 좋음 양 개 많음 한달전에 받아간 당면 아직도 집에 있음사년전인가 주말에 방문하고 틈틈히 계속 생각났던곳..!평일 애매한 시간에 방문하니 웨이팅 없이 먹을수 있어따친절하신 이모님들과 끊임없이 나오는 곱창❤️냄새도 안나고 쫄깃쫄깃ㅋㅋㅋ,맛있다
1294,은하곱창,최고,양도 많고 무엇보다 냄새가 안나서 좋아요 얼큰하니 술한잔 생각나는 맛입니다 사람이 많아서 친절함은 포기 하지만 추운날 비오는날은 꼭 생각나는 곱창전골 이예요 다먹고 난후 볶아먹는 밥은 별미 중에 별미 랍니다#먹어서응원 #우리동네맛집,맛있다
1295,은하곱창,진리지안,"소주&내장 좋아하는 사람이라면 무조건 만족할만한 맛택배로 시켜먹은 은하곱창 곱창전골!!! 음식점이 좀 멀어서 검색을 해보니 사장님한테 직접 문자로 택배주문이 가능하다고 하여 바로 소짜 시켜먹었다. 우선 가게에 가면 쑥갓을 셀프로 계속 갖다 먹을 수 있다고 알고있는데, 택배라고 섭하지 않게 쑥갓을 정말 한가득 .. ㅋㅋㅋ 보내주심. 쑥갓 너무 좋아해서 이거 다 먹겠지~ 했는데 절대 다 못먹는 양이다 이건. 당면도 진짜 많이 싸주시고, 무엇보다 돼지곱창!!!!이 아주 통통하고 돼지 내장 치고 잡내도 없는 편이고 너무너무 맛있었음. 다른데는 보통 다 좀 작게 잘라주는데 여기는 정말 큼지막하게 주셔서 우리가 잘라먹을 정도로 크고 통통했다. 양념도 맛있고, 그냥 소주킬러여서 이거 안주 하나로 둘이 먹는데 결국엔 양도 많아서 다 먹지도 못하고 국물 및 곱창에 정신 못차리고 소주 마시다가 제대로 골로 가버렸다. 대만족 그자체… 다음에도 또 시켜먹을 것임",맛있다
1296,은하곱창,만두만두,동네사람인데 솔직히 왜 기다리면서까지 먹는지 모르겠는곳입니다 돼지냄새도 강하구요굳이 칭찬을하자면 가격대비 양이많다는정도사람많아서 시끄럽고 위생적이지도않고 여러모로 비추입니다,별로
1297,은하곱창,Ansohwee,"전반적으로 간이 세지않고 은은한 편 각자 앞에는 들깨가 들어간 소스를 주시는데 역시나 생각보다 자극적이지 않았어요 셀프로 쑥갓을 취향껏 넣어먹을 수 있는것도, 테이블마다 생수를 제공하는것도 좋았어요그치만 제가 살짝 자극적인걸 좋아해서인지? 아님 곱창전골로 유명한 두곳을 먼저 경험해서인지 기대보다 쏘쏘였어요 같이 간 친구도 그냥 그랬다고... 곱창 자체보다는 김치가 쫑쫑 들어간 볶음밥이 훨씬 맛있었어요",괜찮다
1298,은하곱창,윤영준,걍 대학생 애들이 싼맛에 먹는  그정도임,별로
1299,은하곱창,식당학살자,잘하는집은 돼지잡내가 안남곱창전골은 원래 이런거구나 하고 참고 먹지 않아도 돼요 그냥저냥 보통임 줄서서 먹을 이유 없는집,괜찮다
1300,은하곱창,맛보고,"보통 곱창전골하면 소곱창이 들어간 곱창전골을 떠올리는데 이곳은 돼지곱창이 들어간 곱창전골로 유명한 곳이다. 보통 돼지곱창은 곱창볶음으로 많이 먹는데 이곳은 특이하게 돼지곱창으로 전골을 끓인다. 가게는 동네의 모습처럼 오랜 세월의 흔적이 느껴진다. 넓지도 좁지도 않은 규모이고 테이블은 가게에 들어갈 수 있을 만큼 최대한 놓은 것 같다. 벽에는 오래된 신문들이 벽지의 역할을 대신하고 있는데 이곳만의 분위기를 연출하는 데 일조한다.대표 메뉴는 돼지 곱창 전골이다. 전골 냄비에 돼지 곱창이 한가득 나온다. 곱창이 잘라진 길이가 긴 편이라 집게와 가위가 같이 나온다. 처음 방문했을 땐 곱창이 많이 길어서 잘라서 먹었는데 최근 방문했을 땐 한입에 먹을 수 있을 정도라 자르지 않고 먹었다. 곱창은 하루에도 엄청난 양의 곱창을 판매하는 식당답게 고소하고 잡내도 나지 않는다. 곱창이 처음 나왔을 때는 조금 질긴데 끓일수록 부드러워진다.곱창전골에는 돼지곱창과 육수 정도만 나오기 때문에 채소와 당면은 따로 넣어먹어야 한다. 반찬과 함께 나오는 쑥갓, 깻잎, 당면을 알아서 넣고 끓여 먹으면 된다. 쑥갓과 깻잎은 모자르면 더 가져다 먹으면 되고 당면은 요청하면 더 가져다 준다. 조그만 팁이 있다면, 상태가 좋은 깻잎은 곱창을 싸서 쌈으로 먹어도 맛있다. 그리고 당면은 미리 불린 당면이라 금방 익고 국물도 많이 빨아들이기 때문에 한번에 넣지 말고 조금씩 먹을 만큼만 넣는 게 좋다. 국물은 처음엔 별 맛이 없는데 끓이다 보면 채소와 곱창에서 국물이 우러나와 맛있어진다. 그래서 이곳은 전골이 나오자마자 먹는 것보다 곱창도 부드러워지고 국물도 좀 우러나오길 기다렸다가 먹는 것이 더 맛있다. 나중에는 국물이 진해져서 같이 먹는 당면도 훨씬 맛있어진다.이곳의 반찬은 특별할 게 없지만 양념장이 특이하다. 쌈장에 새우젓과 들깨가루를 섞은 맛이다. 반찬에 겨자가 같이 나오는데 이 겨자를 양념장에 꼭 섞어서 먹어야 한다. 겨자를 섞으면 다른 데서 먹어본 적 없는 독특한 양념맛이 만들어지는데 이 맛이 돼지곱창과 아주 잘 어울린다. 곱창전골을 다 먹고 나면 볶음밥을 볶아 먹을 수 있다. 볶음밥을 주문하면 테이블에서 바로 볶아주는 게 아니라 그릇에 남는 육수는 덜어주고 주방에 가져가서 볶아다 준다.  볶음밥은 특별한 점은 없지만 오래 끓인 전골 국물이 맛있기 때문에 볶음밥도 당연히 맛있다. 평소 식당에 갈 때나 카페에 갈 때나 조용한 분위기를 선호하는데 이곳은 많이 시끄럽다. 사실 식당의 분위기 자체가 반주하면서 왁자지껄하게 떠드는 분위기라 조용함을 바라는 것은 무리한 욕심이겠지만 어쩔 땐 음식이 입으로 들어가는지 코로 들어가는지 모를 정도로 정신이 없기도 하다. 특히나 요즘 같은 상황에선 다닥다닥 붙어 앉아서 밥을 먹는 게 꺼려지는 것도 사실이다. 식당에서 밥을 먹기 부담스럽다면 포장을 해가거나 택배로  주문해도 된다. 포장도 해서 먹어보고 택배로 주문해서도 먹어봤는데 아무래도 식당에서 먹는 것보다는 맛이 조금 아쉬웠다.",맛있다
1301,은하곱창,로한,"드디어 은하곱창 방문!!!비오는 금요일, 퇴근 후 은하곱창을 가려했으나 야근때문에 가지못해 아쉬웠는데 드뎌 은하곱창 재방문!!친구와 토요일 6시 은하곱창 앞 에서 만나기로 함.응...??? 6시 전에 도착했는데, 이미 입구앞은 줄 서고 있는 사람들로 복작복작6시 전에 도착했는데 번호표 12번ㅋㅋㅋ가게안은 이미 만석에 입구에는 포장손님 + 대기손님그래도 생각보다 자리가 금방나와 6시20분 정도에 자리 착석!!보글보글 끓고 있는 곱창전골~ 드뎌 먹는구나ㅜㅜ먼저 당면을 반 정도 넣어 끓여주고, 곱창은 가위로 먹기 좋게 잘라줬다. 곱창이 큼직큼직 엄청 많다~당면이 익으면 당면 먼저 먹어주고, 곱창은 소스에 겨자 조금 넣어 섞어준다음 찍어 먹으면 꿀맛~~은하곱창에서 무엇보다 좋은 건 쑷갓(야채)이 무한리필이란 것!!!쑷갓과 깻잎을 좋아하기에 소쿠리에 가득 담아 전골에 넣어주었다. 육수도 다시 자작하게 부어주고~요즘 간을 약하게 먹다보니 처음에 국물을 먹었을땐 살짝 짰는데, 야채, 육수 계속 넣고 끓이다보니 딱 내가 좋아하는 진하고 맛있는 국물맛이 나왔다ㅜㅜ여기는 전골을 끓일 수록 더더 맛있어짐ㅜㅜ원래는 볶음밥도 하나 먹으려했으나, 곱창과 야채를 푸짐하게 먹은덕에 배가 불러 밥은 포기~ (안주가 좋으니 나는 병맥 1병, 친구는 소주 1병 거뜬히? 마심ㅋㅋㅋ)목, 금 야근으로 몸이 좀 많이 피곤했는데 뜨끈한 곱창전골로 피로함이 풀렸당♡우리가 7시반쯤 나온거 같은데 재료소진으로 영업 마감-우리가 나왔을때 마감으로 되돌아가는 사람들도 있었다.친구도 전에 왔을때 재료소진으로 되돌아갔던 적이 있다구 하고.여기는 대기+재료소진 감안해서 일찍가야 할 곳",맛있다
1302,은하곱창,꽃같아,현기증나게 맛있는 맛.살얼음 나올것같은 소주보관법 배우고싶다ㅋㅋㅋㅋㅋㅋㅋㅋㅋㅋㅋㅋㅋ,맛있다
1303,은하곱창,upscale,초맛집이에요무조건 가세여!소주가 땡긴다는게 이거구나!!!두명이서 소자 시키시면 아주 충분해요차라리 양을 줄여도 될듯!볶음밥 진짜 최강쑥갓 깻잎은 셀프인데해도해도 너무하다 싶을 정도로 넣으세요!완벽하다고 생각해요돼지곱창은 식감이고소주를 미친듯이 부릅니다.인정인정https://youtu.be/-Gukgg5fhIc,맛있다
1304,은하곱창,꽃같아,내사랑 은하곱창♥️오늘은 포장입니다 77ㅑ웨이팅이 있어도 꼭 갑니다,맛있다
1305,은하곱창,.,가끔 가서 먹는데 곱창 냄새안나고 진짜 알크고 탱탱하고 신선한 느낌이에요 맛나용 ㅎㅎㅎ 근처 공영주차장도 있고~ 잘먹었어요,맛있다
1306,은하곱창,뎜(dyeom),2020.03.10친구 영업해서 간만에 두번째 방문했다.3시쯤 갔는데도 사람이 꽤 많고 시끄러웠다. 친구랑 대화하면서 먹으려면 최대한 일찍 가는게 좋을 것 같다. (만석되면 더 시끄러울테니...^^)전보다 가격이 5000원씩 올랐다.(->소23000 중28000 대33000 볶음밥2000)우리는 둘이 가서 중자+볶음밥1개 시켰다. 곱창이 엄청 커서 3번씩은 잘라서 먹은 것 같다.쑥갓은 셀프로 리필할 수 있는데 쑥갓을 평소 안좋아하는데도 계속 먹게된다. 정말 술 안좋아해도 술이 땡긴다 ㅜㅜ! 장사가 잘되는 이유를 알것같은 맛.볶음밥도 배부른데도 불구하고 계속 먹게되는 맛이다.포장도되고 배달도 되는 듯 하다. 나중엔 포장해서 집에서도 먹어봐야겠다.,맛있다
1307,은하곱창,처먹파,돼지곱창 자체에 대한 거부감이 없다면! 가볼만한 곳!소곱창전골에선 느끼기 힘든 푸짐한 양과 돼지기름이 살짝 어울어진 진하고 시원칼칼한 국물이면 소주각..쑥갓은 계속 리필해 주심으로 약간의 건강할거라는 착각을 일으킨다. 마무리 볶음밥도 굿,맛있다
1308,은하곱창,뎜(dyeom),"2019.11.12와우 말잇못... 개맛있다 진짜...술 안좋아하는데 레알 소주땡기는 맛이었다.곱창이 큼지막해서 좋고 쑥갓 넣어 먹는데 진짜 넘 맛있음ㅠ 국물이 진국이다... 셋이서 곱창전골 중자에 볶음밥 1인분 하니까 적당했다. 평일 6시쯤가니 웨이팅 없었는데 나올 때 보니까 그새 사람들이 줄서서 기다리고있었다.*다음에 반드시 또 갈 것,,,",맛있다
1309,은하곱창,Hyun,10점 만점양 9맛 4주차 0동행인 만족 3유명세에 비해 너무실망,맛있다
1310,은하곱창,우이리,"돼지 곱창전골이라고 tv에 나왔길래, 호기심에 함 와봤습니다.금요일 저녁 6시반쯤 도착하니 3번이네요.처음에 살짝 냄새가 나지만 못 먹을 정도는 아닙니다.국물이 자작자작한데 좀 싱거운게 쫄여서 먹어야 되는거 같아요.곱창이 넘 큼지막하니 나와서 잘게 잘라서 먹지않으면 씹는데 오래걸리네요.다먹고 먹는 볶음밥은 누구나 다 아는 그맛!맛은 굳이 찾아서 줄서서 먹어야되나 싶네요. 뛰어남도 못함도 없습니다.",괜찮다
1311,은하곱창,첸첸,유명한 은하곱창! 기대하고 갔는데 기대이상 이였습니다. 개인적으로 야채곱창과 전골을 좋아해서 주위 동네 곱창은 거의 다 먹어봤습니다. 여긴 확실히 곱창 전골 가격도 저렴하고 곱창 양도 정말 많아요. 브레이크타임 오후1시반부터 2시반으로 기억합니다. 이 시간대는 피해서 가세요! 재방문의사 200% 입니다! 거기에 쑥갓과 깻잎은 무제한 리필됩니다. 전골 끓을때 뜸뿍 넣으면 정말 꿀맛! 볶음밥도 진짜 맛있어요. 꼭 드셔야합니다. 곱창전골의 진면목을 느낄 수 있는 맛집입니다.,맛있다
1312,은하곱창,Wj,냄새나는데 맛있다 (?)진짜임...진짜 맛있음!소주 술술들어가는맛~~곱창 냄새에 민감한분이면 힘드실테지만 냄새 내성 높으신분들은 진한 아재향기 풍기면서 맛있게 먹을수 있어용,맛있다
1313,은하곱창,yeennn2,3.8금요일 저녁 40분정도 웨이팅을 한 뒤 입장!4명이 대자 하나와 공기밥 2개를 시키고 후에 볶음밥 2개까지 다 먹었다. 양이 많다고 하시는데 내가 느끼기엔 딱 맞았다...ㅎ(원래 많이 먹는 편)테이블이 많고 간격이 좁아서 시끄럽긴 하지만 먹는데 불편하다까진 아니었다.곱창에서 냄새도 안 났고 워낙 곱창을 좋아해서 그런지 맛있게 먹었다.,맛있다
1314,은하곱창,쮸징,정말 여러번 갔는데 평일에만 가다가 주말에 가니 웨이팅이 있네요. 아주머니들은 친절하신데 남자분이 사장님이신지 직원분이신지는 모르겠지만 당면 넣고 끓이고 있는데 눌러붙지않게 빨리 집어먹으라는 식으로 말하셔서 기분 별로였어요. 맛은 여전히 맛있고 친구는 막장이라고 해야하나요? 그게 비리다고 하네요.,괜찮다
1315,은하곱창,김혜진,당면 무한 리필이고 곱창 양도 기본적으로 많아 배불리 먹을 수 있다는 게 최대 장점인 듯.맛이 그닥 뛰어나진 않았어요.볶음밥도 보통이였어요,괜찮다
1316,은하곱창,chochokong,"원래는 할부지들의 핫플레이스 지금은 학생들의 새로운 술집인가보다. 저렴하게 술먹기좋은 메뉴라서 그런듯. 곱창전골 자체의 풍미가 있기때문에 쑥갓을 잔뜩 넣어 졸여먹는게 더 맛있다. 볶아먹는 야채곱창만큼 탱글한 식감을 기대하면 안되고, 식감이 중요한 사람은 돼지XX 전골도 도전해보기 바람. 개인적으론 그게 더 맛있다.오독오독한 식감이 최고!",맛있다
1317,은하곱창,silvert,저한텐 별루 ..,별로
1318,은하곱창,나슐랭,돼지 특유의 비린내가 싫으신 분은 비추입니다만... 곱창도 부들부들하니 수제비처럼 넘어갑니다. 볶음밥 강추이구요... 술을 부르는 맛이에요 소주 한잔 땡길때 이곳으로 가시길!,맛있다
1319,은하곱창,푸딩,아주 어릴때부터 다녔는데 진짜 항상 사람이 많은듯 .. 먹어도 먹어도 줄지 않고 ㅋㅋㅋ 졸여 먹을수록 맛잇당 ㅜㅜㅜ맛잇음 갑자기 인기 많아져서 안그래도 사람 많앗는데 더 많아짐 단점은 너무 일찍 닫는당 ㅜㅜ 마감 넘 빠름,맛있다
1320,은하곱창,먹을 것에 진심,"어렸을때는 할아버지, 아저씨들만 가득했는데 페이스북과 블로그에 알려지면서 시립대 학생들도 많이 옵니다. 웨이팅 각오하셔야해요.일단 정말 진짜 곱창전골, 진짜 돼지신 같은 맛입니다. 곱창전골 대자가 3만원 정도고 이후에 밥 볶아먹어도 좋아요. 장사가 엄청 잘되기 시작하면서 서비스의 질은 많이 나빠졌어요. 물 달라, 물컵도 달라 하기 진짜 힘들어요. 한다해도 잘 오지도 않고요. 대신 쑥갓, 당면 등이 무한리필이여서 돈없는 학생들이 계속 끓여가며 술마시기 좋고, 바글바글한 분위기여서 옆테이블 사람이 울고있어도 어색하지 않아요.  아재입맛인 사람들은 되게 좋아하지만, 호불호가 많이 갈릴 수 있어요! 애인한테 차인 날 친구들과 와서 오열하기 좋은곳입니다.",맛있다
1321,은하곱창,sobob,문을열자마자 돼지곱창특유의 비린내가 콧구멍을 습격하니 싫어하는사람은 접근도하지 말 것. 남자 2 여자1 이서 중자(25000) 하나시켰는데도 남을정도로 양이 어마무시하게 많음. 국물만 많은게 아니라 (육수추가가능) 그냥 건더기자체가 많음... 당면사리와 미나리인지 쑥갓인지는 셀프로 무한추가가 가능. 술시키면 밤샐수도있을듯 ㅋㅋㅋ 나오면 바로먹어도된다고하시는데 좀 되직하게 더 끓이고나서 먹는게 맛있다!!,괜찮다
1322,은하곱창,엄지척bb,곱창전골을 웨이팅해서 먹을줄이야 ㅎㅎ 양은 소자도 3인분은 더할것 같아요 매장에 냄새도 심하지 않고 이모님들도 친절하셨어요 배부르게 잘 먹었습니다. 비올때면 또 생각 날거 같아요,맛있다
1323,은하곱창,Pinguguguu,양이 많다. 가면 돼지냄새가 좀 나는데 이 특유의 돼지냄새좋아하는 사람은 엄청 맛있고 양도많다며 좋아했다. 하지만 나는 돼지냄새를 맡고 식욕이 약간 감퇴했다. 그래서 쑥갓을 많이 먹었다.  곱창을 좋아해서 먹을 수는 있었지만 그래도 돼지냄새싫은 사람한태는 단호히 추천하지않겠다.,괜찮다
1324,은하곱창,봉봉봉,다들 맛있다고 극찬하시던데 곱창특유의 냄새가 나 못 먹겠더라구요 ㅠㅠ 저흰 결국 못먹었어요~주변 환경도 그렇구요. 곱창 매니아들은 진짜 잘 드시는 것 같아요~ 매니아들에겐 맛집인가봐요. 곱창 초급자들에겐 하드코어스러울거예요.,별로
1325,서울뼈구이매운족발,진꿀이,가끔 막 매운거 먹고싶은날 있잖아여거의 항상이긴 하지만ㅋ저녁시간 살짝 넘겨서 도착했더니웨이팅 3팀... 가뿐하게 기다린담에 젤 매운맛!! 뼈구의리~~매운게 너무 땡기고 우린 매운거 잘먹으니까^^음식 나오자 마자 매운향이 솔솔 살짝 쫄뻔했지만 한입먹었는데매콤! 자극적,맛있다
1326,서울뼈구이매운족발,Juan,"*요약: 뜯는 맛부터 혀를 태우는 맵기까지 효과적으로 꽂히는 직관적 맵짠단짠의 뼈구이 이만큼 직관적인 메뉴 작명이라니. 꽂히는 이름에 혀에 직구처럼 꽂히는 맛이다.지금 재개발 공사가 한창인 청량리 근처에는 여전히 낮고 낡은 건물들이 많은데, 서울 뼈구이 족발도 노포 포스 잔뜩 풍기며 철거 직전처럼 보이는 건물 한구석에 조용히 자리하고 있다.   넓지 않은 가게에 4~5개의 테이블. 그렇다보니 조금만 늦은 시간대에 가도 웨이팅에 걸리고 만다. 메뉴는 뼈구이, 미니 불족발, 주먹밥, 계란찜이 전부인 심플한 곳인데, 보통 이렇게 심플한 메뉴 운영이면 회전율이 좋아야하는데도 그렇지가 않다. 분위기상 소주 맥주를 시키게 되고, 먹다보면 매워서 술을 더 찾다보니 취하는 집이라 자리에 머무는 시간이 길어지는 듯. 그래서 주변의 자취생들이나, 거주자들은 포장을 많이 해간다. 밖에 앉아 기다리다보면 몇 팀이고 포장을 해가는 걸 볼 수 있어서, 웨이팅 여정 낙오하고 포장을 해갈까 망설이게 된다.  자리에 앉으면 고를 것이 별로 없이 뼈구이를 주문한다. 1인분 9천원, 2인분부터 주문가능. 뼈구이 맵기는 맵찔이부터 맵변태까지 만족시킬 수 있는 네 단계로 구분. 나는 불닭볶음면 정도의 맵기면 좋아하니 3단계. 주먹밥은 필수다. 매운맛을 중화시켜줄 계란찜과 소주, 맥주도 햄버거에 감튀와 콜라처럼 시켜야만 한다. 먹어보지 않아도 알 것 같은 그 맛, 장인의 깊은 손맛 같으면서도 상업적이기 그지없는 그 맛이다. 근데 그냥 직관적으로 맛있다. 어쩌면 내가 이거 먹으면 맛있어하도록 설계되어 태어난 게 아닐까 싶게 맛있는데, 매운 맛이 혀를 때리고 끝까지 남아 습습 들숨날숨을 하게 만든다. 괴로워하며 주먹밥을 집어들고, 계란찜도 한 술 입에 떠넣는다. 오물오물 좀 나아지는 것 같다가 다시 매운맛이 올라오면 말아놨던 소맥을 들이붓는다. 의 무한반복을 하다보면 추가주문이 마렵다.  추가주문도 2인분부터로, 2차를 갈지 남자의 도전을 이어갈지 고민하게 만드는 지점이 온다. 선택은 각자! 성신여대에서 강동으로 이사오면서 안간지 꽤 오래됐는데, 이 직구같은 맛을 경험하러 다시 가야겠다. 잘먹었습니다!",맛있다
1327,서울뼈구이매운족발,Capriccio06,"좀 조용히 먹고싶어서 포장해왔는데 뼈구이랑 간단한 샐러드를 함께 넣어준다. 폭립과 비슷한 형태인데 한국식 맵+단 느낌의 양념인 듯. 그래도 양념치킨 같은 양념보다는 좀 덜달고 매운단계 중으로 했더니 적당히 매콤했다. 불냄새 나면서 적당히 맵고, 고기도 뼈에서 발라내기도 편하고 국물도 꽤 자작하니 있어서 밥이랑 먹기에도 좋았던..! 적당히 매운 음식 먹고싶을때여서 마음에 들었다. 멀리서 찾아갈만큼 특색있진않은데 근처에서 가끔 편히 먹을수있으면 괜찮을듯.",괜찮다
1328,서울뼈구이매운족발,shoo,"중간맛의 뼈구이! 신라면 보다 아주 조금 더 매운 정도다! 정말 맛있고 부드러웠음. 불향이 적당이 나면서, 흔히 우리가 먹는 매운 불족발 맛 양념을 생각하면 된다! 주먹밥은 필수! 계란찜은 서비스! 둘이서 2인분은 좀 부족할 수 있는데 이게 따로 1인분씩은 추가가 안되기 때문에 처음부터 3인분 시키는것을 추천..우리는 처음에 2인분을 시켜 배가 덜찼고 뼈구이가 워낙 맛있어서 간장 미니족도 기대를 하며 시켰는데...역시 유명한것만 시켰어야했는데, 후회 후회 ㅠ 족발은 너무 맛없었다..ㅠ.ㅜ 시간이 늦어 마지막 남은 족발이 너무 식어서 다시 삶아주신건지 뭔지는 모르겠지만, 내가 평생 먹은 족발중 가장 뜨거운 족발이었다.ㅋㅋㅋㅋ너무 뜨거워서 바로 못먹음 ㅋㅋㅋ 근데 돼지 잡내가 너무 많이 났다ㅠ뜨거워서 더 그랬나..암튼 뼈구이는 정말 추천 !!",맛있다
1329,서울뼈구이매운족발,맛 seeker,감자탕 고기 뼈부위와  폭립 한국버전 양념의 만남 요 몇일 비가 많이 와서 뼈구이 스타일이 땡겨 계획 후 방문했어요. 아니러니하게 방문한날은 비가 안왔...   포장해와서 먹었어요. 뼈구이 뼈찜 류가 땡기는 날이 오다니! 쉽지 않은 음식이라 맛집 여러개 찾아본 후 선택했어요. 선릉에 유명한 뼈찜 가게와 고민하다가 동선에 가까운 이 곳을 선택했어요. 미리 전화드려서 포장주문하고 원하는 시간에 픽업했습니다. 맵단 스타일의 뼈찜이에요. 뼈는 돼지 등뼈 즉 감자탕에 있는 그 뼈인데 이걸 양념과 버무려서 구운 느낌이에요. 한식의 소갈비찜? 느낌을 상상했지만 실제는 외국식 립 한국버전 맛입니다. 맛없없의 양념맛이죠. 뼈는 이인분에 여섯일곱대정도 맵기는 중간으로 먹었는데 약간 매운게 딱좋았어요. 주먹밥은 필수인게 고기만으로 배부를 음식이 아닌것도 있고 살짝 매운맛을 주먹밥이 부드럽게 넘겨줘요. 가장 맛있게 먹는 방법은 고기를 발라서 양념을 뭍혀 주먹밥에 올려먹으면 꿀입니다. 재방문의사 있고 막 눈 이 확 떠지는 맛난맛까진 아닌데 익숙하지만 당기는 가끔 먹고싶을 맛이에요.,맛있다
1330,서울뼈구이매운족발,박범진,원래 유명했지만 미우새에서 이상민씨랑 김보성씨가 다녀간 이후로 엄청 유명해진 집 (덕분에 가격이 조금씩 올라 아쉽)시립대 근처에 친구 놀러와서 데리고 가면 백이면 백 만족하는 집주먹밥에 고기랑 샐러드 올려서 같이 먹으면 진짜 최고!샐러드 소스가 일반적인 케요네즈같은데 후추가 조금씩 뿌려져 있어 독특하고 맛있다!,맛있다
1331,서울뼈구이매운족발,미동이,음식이 찼다 폭립같은 불향은 좋았다,별로
1332,서울뼈구이매운족발,G_,"미우새 뼈구이로도 유명한 곳! 극강의 매운맛을 찾아 다녀온 서울뼈구이매운족발! 불맛나는 뼈구이에 익숙한 매운족발 양념이 더해진 맛인데 속 아픈 매운맛이라기다 입에서 아프게 때리는 매운맛이다. 함께 나온 양배추 샐러드와 계란찜, 무피클은 매운맛을 달래기에도 좋다. 주먹밥 추가 주문은 필수!",괜찮다
1333,서울뼈구이매운족발,Hun.gry.gram,"뼈 숯불구이는 들어보셨나요..천국이 있다면 이 곳일꺼에요. 미우새 이상민 맛집. .감자탕을 참 좋아합니다. 해장국 주제에 푸짐하고 맛도 좋고, 술도 깨고 해장하다가 다시 소주를 찾게 되죠. 내 저는 등뼈의 고기가 너무 좋아요. 푹 삶아서 야들야들하고, 국물 양념도 잘 베여 있고, 입에서 샤르르 녹는 고기. 뼈 숯불 구이를 하는 곳이 청량리에 있다기에 찾아갔습니다. 아, 천국이 있다면 바로 이곳일거에요. 앞에 말한 등뼈의 매력에 숯불향으로 불맛을 입히고 지코바 양념 같은 감칠맛을 만나 맛이 배가 되었습니다. 맵기 조절도 가능해서 매운맛을 시키고 날치알이 들어간 고소한 주먹밥을 곁들이니 매운 닭발을 먹는 행복함을 주네요. ..등뼈숯불구이에서 살짝 돼지 냄새가 나긴 했지만 여의치 않습니다! 왜냐하면 이 훌륭한 음식이 단돈 8000원이거든요..여러분이 여기는 꼭 맛보셨으면 좋겠어요. 천국을요.청량리 뼈 숯불구이 1인분 8000원",맛있다
1334,서울뼈구이매운족발,이주현,"여기서 말하는 뼈구이란 감자탕에서 자주 보는 부위인 돼지등뼈를 구워서 매콤한 양념에 버무린 요리다. 시립대 근처 맛집이라고 불리긴 하지만 특출나게 맛있는 건 아니고 적당한 값에 배불리 먹을 수 있는 집이다. 고기양도 꽤나 많긴 하지만, 같이 먹는 주먹밥이 주로 포만감을 채우지 않나 싶다. 어찌됐든 청량리 근처라면 들러볼만은 하다.",괜찮다
1335,서울뼈구이매운족발,hedonist,"여기 그렇게 맛있는 건 아니었어요.연예인 몇명 티비에 나와서 유명해진 뒤로 말도 암되는 대기줄이 생겼어요. 뼈구이는 등뼈를 부드럽게 양념하여 과헤게 태워서 나옵니다. 매운맛에 먹는다면 먹겠지만, 아쉬운건 어쩔수 없네요. 공간은 아주 좁고, 열차소리로 시끄럽고 정신이 없습니다.",괜찮다
1336,서울뼈구이매운족발,foodie_alex,맛있을수 밖에 없다. 내가 찾은 음식에 대한 진리 '고기에 빨간양념은 다 맛있다'에 딱 맞는다. 잘 익은 등뼈에 지코바 숯불치킨 매운맛 소스를 발라 구운 것 같다.,맛있다
1337,서울뼈구이매운족발,박소정,매콤한 소스와 살살 녹아리는 고기.주먹밥과 계란찜을 함께 먹는다면 금상첨화.뼈고기만 먹어봤는데 족발도 궁금.무엇보다 허름해서 지나칠 법한 외관인데 늘 웨이팅이 있어서 알게 된 집이라는 점.양도 맛도 다 잡는 웨이팅 인정할 만한 가성비와 맛.,맛있다
1338,서울뼈구이매운족발,이미나리,맛있다매운 맛은 너무 매워서 잘 못 먹음,맛있다
1339,서울뼈구이매운족발,silvert,괜찮긴한데 멀리서 찾아올 정도는 아닌거같아요.,맛있다
1340,서울뼈구이매운족발,조소,맛있다. 술 안주로도 그저 밥반찬으로 먹기에도 아주 좋은 곳이다. 개인적으로 회기 맛집 순위권인 곳.,맛있다
1341,서울뼈구이매운족발,승수 Kim,가격 생각하면 괜찮아요.뼈구이에 주먹밥 조합하면 한끼 식사로 좋죠.,괜찮다
1342,서울뼈구이매운족발,김수현,가격도 저렴하고 괜찮아요! 날치알주먹밥은 꼭 함께시켜먹는게 좋은것같아요!,괜찮다
1343,멍군집,로우니,남이 구워주는 고기는 진짜 최고죠 은근히 직원분 손을 좀 타는 경향이 있지만 대체적으로 고기질도 좋고 굽기도 적당한 편이에요 삼겹살보다는 목살이 맛있어요 맛있는 목살을 먹고 싶으면 이집으로 오시면 됩니다,맛있다
1344,멍군집,돼니,"⭐️⭐️⭐️⭐️⭐️(5점만점)회기에서 유명한 3대 고깃집1. 멍군집2. 장군집3. 고기하다고기하다만 가보고 새로이 멍군집을 방문함.평일 웨이팅을 장군집 먼저 걸고 이후에 멍군집을 걸었는데 멍군집에서 먼저 연락이 와서 가게 됨!멍군집은 삼겹살, 목살위주, 장군집은 뽈살 위주라고 함지인이 개인적으로 멍군집을 제일 좋아한다고 했는데 실제로도 정말 맛있었음!!너무 맛있어서 그 주에 2회나 방문함! 그정도로 추천!",맛있다
1345,멍군집,클짱,"학교 근처에 위치한 목살&삼겹살 구이 전문점. 인근에 특수부위 전문점인 ‘장군집’이 형제가게라고 한다.팀플이 끝나고 조원들과 회식 겸해서 6명이서 방문했다. 메뉴는 목반삼반 4인분 먼저 주문하고 삼겹살을 추가해 먹었다. 일단 고기 첫판은 직접 구워주셔서 편하다. 첫판에 그냥 모든 고기를 다 구워달라고 하는게 팁.고기 듀께가 상당하고 잘 구워주셔서 육즙도 가득 느낄 수 있다. 워낙 프리미엄 삼겹살 집이 많아져서 삼겹살에 대한 기준이 올라갔지만 그래도 평타 이상하는 곳. 실내 포장마차 같은 시끌벅적, 캐주얼한 분위기에서 삼겹살에 소주한잔 하는 그런 곳이다.돼지껍데기를 마지막에 서비스로 주셨는데 치즈를 녹여 찍어 먹는 게 별미였음. 이 근처에서 고깃집을 찾고 있다면 추천한다.",맛있다
1346,멍군집,Ray,"삼겹살 1근 주문하면 큰 덩어리 3개랑 가지 반 개 정도 나오는 것 같아요. 첫 주문 땐 1근으로 주문해야 하고, 추가 주문은 반 근도 가능하다고 합니다. 고기도 웬만하면 구워주시는 것 같은데 분명히 같은 직원이었는데도 고기 맛이 확 달라서ㅋㅋㅋ 처음엔 너무 뻣뻣하고 별로였는데, 두 번째는 잘 구워주셔서 촉촉하고 맛있게 먹었어요.나름 단체로 가서 그런가 서비스로 고기듬뿍 김치찌개랑 돼지껍데기도 주셨는데요. 김치찌개는 메뉴명처럼 정말 고기가 듬뿍! 국물도 칼칼하니 맛있었고요. 돼지껍데기는 많이 안 먹어봐서 모르겠는데, 저한테는 살짝 냄새가 나서 막 손이 가진 않았어요.",괜찮다
1347,멍군집,정민솔,뽈살과 갈매기살 26000원 메뉴 시켜서 두명이서 배불리 먹고왔습니다~~ 원래부터 유명하던 경희대 맛집이에요 분위기가 되게 활기차고 고기도 맛있어요 직원분들이 직접 적당한 굽기로 구워주셔서 더 좋았습니다,맛있다
1348,멍군집,이리저리,목살+삼겹살 600g 27000원첫 테이블때 직원분이 직접 구워주시구 그다음부터는 각자 알아서!고기가 진짜 부드럽고 맛있었어요bbb다음에 또 갈게여,맛있다
1349,멍군집,달리자크롱,"회기 대표 고깃집 : 한번 가면 또 가고싶을걸~저번에 장군집도 맛있게 먹어서 이번엔 멍군집에 도전해봤다!장군집과 멍군집 사장님은 형제라고 한다. 그래서 그런지 두 가게에서 파는 고기 부위는 겹치지 않는다. 장군집은 특수부위인 뽈살,갈매기살 / 멍군집은 삼겹살,목살을 판다. 개인 선호도에 따라 방문하면 될 것 같다.•목반/삼반 27000원 (600g)이 가격에 어떻게 이런 퀄리티의 고기가 나오지? 질기지 않다. 목살이랑 삼겹살 다 두꺼워서 육즙이 터져나오는게 매력포인트다. 처음부터 끝까지 다 친절하게 구워주시는 서비스까지 넘 편하다. 처음왔다 하니깐 밑반찬도 설멸해주셨다. 밑반찬도 다 맛있다. 따로 먹어도 맛있고 깻잎, 와사비잎, 양파절임, 고기, 국수, 김치, 갈치속젓해서 한입에 왕! 먹으면 이게 바로 행복이다 ^__^  •김치말이국수 3000원얼음이 동동 올라간 국수에 물김치와 김만 넣은 것 같은데, 감칠맛이 어떻게 나지ㅠㅠㅠ진짜 맛있다. 이거 먹고 반해서 집에서 김치말이국수 해먹으려고 레시피 찾아봤다. 고기랑 같이 먹어도 짱이다!음료 서비스도 주셨다! 직원들이 넘 친절하시고 분위기도 좋아서 이태원클라쓰 현실판같다. 올때갈때 인사도 엄청 크게 해주시고 페브리즈까지 뿌려주신다. 대접 받는 느낌이었다.고기 먹으러 회기 갈 것 같다.",맛있다
1350,멍군집,평양냉면 대법관,"학교다닐 때 종종왔다가 어제 추억도 곱씹을겸 방문, 코로나라고는 믿기지 않을 정도로 사람이 많았다. 칠레산 돼지고기를 써서 사실 꿉당 등 프리미엄 목살, 삼겹에 비해 많이 퀄리티가 떨어지기는 한다. 하지만 가격이 착하고 서비스도 푸짐해 또 갈 것 같다. 맛보다는 추억으로 가는 곳",괜찮다
1351,멍군집,친절한곳,맛있음!!!국수 jmt 삼/목 반반에 껍데기 크으~~~사장님도 친절함,맛있다
1352,멍군집,미동이,마이야르 알려줘서 사랑혀,맛있다
1353,멍군집,만종스,"장군집에 이어 멍군집까지 궈궈 다섯시오픈인데 다섯시에 가서 아주 널럴했다 근데 그래도 곧 몇팀이 바로 들어와서 복작복작해짐 역시 인기가 귯귯 둘이서 반반에 김치말이국수 먹었는데 껍데기도 잔치국수도 서비스로 주셔서 그냥 김치찌개말고는 다 먹어보고 온 둣ㅋㅋㅋ처음 한번만 구워드리는데 다 구울까요?해서 그냥 다 구워버렸다 삼겹이든 목살이든 둘 다 완전 두툼한데 삼겹살이 익는데에 좀 더 시간이 걸려서 다 익은 목살 먼저 파 위에 올려주시고 삼겹살은 더 익힐 수 있게 최종셋팅까지만 해주고 가심 근데 떠드느라 넘 바빠서 삼겹살 타는줄도 모르는 바람에 탄부위 제거까지 하고서야 드디어 삼겹까지 둘 다 먹어볼 수 있었다일단 삼겹이든 목살이든 고기 자체가 막 엄청나고 너무 부드럽고 이정돈아니다 그냥 적당히 먹을만하게 맛있고 두툼하니 씹을 게 있음 근데 여기 명이나물같이 생긴게 와사비잎이라는데 그거에 와사비해서 고기싸먹으면 진짜 존맛탱이다;; 이건 진짜 인정이용 명이나물보다 맛있는 듯 갈치속젓인가 찍어먹는 것도 있었는데 적당히 쿰쿰해서 고기랑 잘어울려 이것도 맛있게 먹었다~~ 가지도 구워주는데 약간 파인애플느낌이다 왜인지 쥬시한..? 갠춘쓰~김치말이국수는 사실 큰 기대없이 시켰는데 그래서인지 꽤 좋았다! 시원상큼한 국물이 고기먹다 입가심하기 딱좋다 차가운 면이랑 후루룩챱챱하면 시-원- 가격도 저렴해서 더 굿굿이다서비스로 나온 껍데기는 치즈랑 콩가루가 같이 나왔다 껍데기도 떠들다가 다 태워먹긴했는뎈ㅋㅋㅋ 뭐 암튼 치즈에 담구니까 치즈향 입혀져서 꽤 맛있었음! 술안주로 조금씩먹기엔 역시 껍데기만한게 없쥬~~더 있다보니 잔치국수도 서비스로 주셔서 배터지겠는데 얘도 먹어보긴했다 근데 넘 많이 남겨서 아까우ㅜㅜ 국물이 진짜 완전 술안주다 멸치국수같은 맛인데 굿굿 양도 엄청많음 김치말이와 다른 매력이있는데 개인적으론 김치말이가 더 고기랑 잘 어울렸다개인적으론 장군집의 소스가 넘 맛있었던 기억이 있어서 여기 고기에 어울리는 소스는 아니지만 먹으면서도 생각났다ㅋㅋ 다음엔 장군집을 가자고 친구랑 약속하고 옴 장군멍군매력에 빠져서 회기가면 얘네만 가게 생겼다 서비스빵빵에 직원들 다 친절하고 마지막에 페브리즈까지 아주 기깔나게 뿌려주시니 불만족할 이유가 없는 곳 추천이다.삼반/목반 (₩27,000)김치말이국수 (₩3,000).맛 ★★★ (와사비잎 +★)가성비 ★★★★★총점 ★★★★",괜찮다
1354,멍군집,여의도굴국밥,삼겹살 먹으러 신설동까지 갈 필요 없다.,맛있다
1355,멍군집,영수증버려주세요~,"직원이 고기를 구워주는데 가격이 워낙 저렴하다보니 고기 자체가 막 맛있진 않다.그래서 누가 굽냐에 따라 맛이 확 달라진다.처음 갔을 때, 초보직원이 고기가 익기 전에 다 잘라놔서 너무 맛없게 먹었는데,그 다음부터는 숙련된 직원들이 구워줘서 맛있게 먹었다.장군집과 같은 사장님이 운영하고, 말하기에 따라서 서비스도 달라진다.같이 구워먹는 가지도 맛있고, 멜젓이랑 케일장아찌, 고추냉이도 곁들이게 나오는데 고기랑 잘 어울린다.",맛있다
1356,멍군집,띵시,"가성비 ●●●●●맛 ●●●●○분위기 ●●●○○재방문의사 100회기에 이런 보석같은 삼겹살집이 있었다니ㅠㅡㅠ 회기 한 5년쯤 더 살아야 할까보다... 감동 맛에 감동 서비스까지 받고 감격의 눈물 삼키고 온 곳!너무 배고파서 5시쯤 방문했는데, 금방 테이블들이 꽉꽉 차더라. 일단 (많이 먹는)여자 셋이서 목살 삼겹살 반반 한 판 주문함. 가봉에서 살다 오셨다는 위트 넘치는 사장님께서 고기를 처음부터 끝까지 구워 주심. 목살 먼저 맛보았는데 육즙 넘치고 사각사각한 지방 식감 완벽했음. 콤콤한 갈치속젓 아주 좋았고 명이나물 대신 제공되는 케일절이와 생와사비 조합도 귯귯. 다른 곳에서는 목살보다 삼겹살에 손이 더 가기 마련인데 이 곳은 목살이 더 맛나서 얘만 300g 추가함! 그렇다고 삼겹살이 맛 없다는 것은 전혀 아니다. 두툼두툼하니 목침st인 삼겹도 감동이었다.추가로 김치말이국수를 주문했는데 얘는 삼삼하니 무난한 맛이었음. 고기 첫 판 먹을 때 나이 이야기가 나와서 사장님과 수다 떨던 중, 갑자기 우리가 당신과 띠동갑이라며 맥주 한 병을 서비스로 주심. 더불어, 고기 첫 판을 다 먹고 나니 돼지껍데기 한 판을 또 서비스로 주심! 원래 덤이 후하다는 이야기는 들었지만 이 정도일 줄은... 후한 인심 덕택에 1인 15000원 미만으로 배꼽 나오게 먹고 옴.삼겹살 먹으러 다른 동네까지 가곤 했는데 이제 전혀 그럴 필요 없을 듯함. 고기 퀄리티 너무 만족스럽고 손님 응대도 맘에 드는 곳임. 졸업하기 전에 자주 가야지 :D",맛있다
1357,멍군집,즌짱,"목살 반, 삼겹살 반과 김치말이 국수.장군집과 사장님이 같다고 들었는데, 직접 다녀와보니 사장님이 같은 게 분명한 것 같아요. 고기를 직접 다 구워주는 방식이나 직원들의 인사 방법(손님이 들어오고 나갈 때 전 직원이 함께 인사해주십니다), 서비스 돌리시는 거, 다 먹고 갈 때 페브리즈 뿌려주는 것까지... 장군집과 똑같습니다.다만, 장군집이 더 맛있...ㅎㅎㅎㅎㅎ 물론 여기도 맛있는데, 개인적으로 삼겹살 보다는 목살이 맛있었어요. 와사비와 갈치 속젓이 나오고, 저 나물은 뭐라고 말씀해주셨는데... 정확히 기억이 안 납니다 ㅎ 특이한 점은 가지를 한 개 같이 구워주시는데 나름 별미. 가지만 추가해서 더 구워먹을 수도 있습니당.김치말이 냉국수는 장군집과 같은 맛인데 양은 저렇게 적지 않아요. 사진 찍기 전에 친구가 덜어갔습니당! 국수 삶을 때 한 번 저어주셨으면 면이 안 뭉쳤을 텐데 뭉친 부분이 좀 있어서 아쉬웠어요. 이 더운 날에도 웨이팅이 있어서 좀 신기하긴 한데, 기다릴 필요가 없다면 재방문할 의사가 있는 곳입니다. 맛있다와 괜찮다의 사이- 맛있다 보다는 괜찮다에 더 가까운 곳이에요.",괜찮다
1358,멍군집,minbbb,"장군집보다 더 자주감 가지구운거, 김치말이국수 완벽하당ㅠㅠㅠㅠ 그리고 고기 구워주시는거 체고",맛있다
1359,정편백,윤하영,"항상 가는 세이로무시집! 진짜 제가 원래 리뷰같은거 잘 안쓰는데  제가 진짜 오랜 단골이고 사장님이 너무 좋으셔서 써용!ㅎㅎ 좋은 재료만 쓰시는지 원채 워낙 예민한 제가 속이 부담되지않는 음식들인것같아용! 담백한 고기에 잘 어우러지는 소스들, 그리고 반찬까지! 항상 행복한 마음으로 즐기고있습니다! 오늘은 조금 더 먹고싶다하면 얼큰한 정라면이나  개운하고 깔끔한 냉모밀까지 먹어도 속이 전혀 부담스럽지 않았어요!  혼자갈땐 부메뉴도 자주 시켜먹는데 주로 든든한 규동과 특별한 소스맛이나는 육비도 즐겨먹습니다! 항상 친절하고 상냥한 미소로 대해주시는 직원분들덕분에 더 높이 평가 받는곳같아요 인테리어라 분위기도 깔끔하고 따뜻한 느낌이라 항상 갈때마다 마음이 편하네요! 앞으로도 항상! 이용할테니! 사장님 더더더 번창하세요!❤",맛있다
1360,정편백,hedonist,"깔끔하고 맛있어요대접받는 분위기, 친절가격 맛 다 좋아용ㅠㅠ",맛있다
1361,정편백,zimzim,진짜 환상… 맛있어요 ㅠㅠ 특히 라면이 대박이에요.,맛있다
1362,정편백,Capriccio06,"담백한 편백찜에 고기 종류 고를 수 있고 원하면 식사메뉴를 추가할수도 있다. 밑반찬이 많진 않은데 필요한건 다 있었고, 가게도 넓고 깨끗하고, 테이블도 커서 식사가 편했다. 추가로 가능한 칼국수 양이 많아서 놀랬는데 맑은 국물이라 식사 정리하는 느낌으로 괜찮았다. 번화가랑 반대쪽이긴 하지만 청량리 역쪽에서 멀지않은 듯. 식당 근처에 카페들도 몇개 있어서 식사하고 잠깐 시간보내기도 괜찮다.사진은 오픈초 찍은건데 지금은 테이블에 칸막이 추가되어있다. 배달도 시작했던데 찜보다는 비빔밥, 덮밥류 중심인 듯. 평이 나쁘지 않은걸 보니 간단히 식사하기도 괜찮을 듯하다.",괜찮다
1363,정편백,두둠타,맛은 있는데 편백 향이 하나도 안났던거같아 좀 아쉬웠어요. 그래도 전반적으로 건강하고 맛도 놓치지 않으면서 가벼운 한끼를 먹으려면 참 좋은곳 같아요. 다른 메뉴도 먹어보고 싶네요.,맛있다
1364,정편백,Ray,"먹을 게 정말 없는 청량리에서 무난하고 깔끔하게 먹기 좋은 곳! 그래서인지 평일 저녁 7시쯤부터는 웨이팅도 꽤 있었어요ㅎㅎ혼자 가면 편백찜 1인분도 주문 가능한 곳이지만, 2인 이상일 경우엔 1인분만 주문할 수 없어요! 그래서 저희는 우삼겹편백찜(11000) 2인분에 한우육회비빔밥(9000) 1개 주문했는데 비빔밥만 조금 남겼을 정도로 양이 적당했습니다ㅋㅋㅋ편백찜은 고기가 처음엔 부드러운데 시간이 지날수록 찜통 열기 때문에 과하게 익혀지면서 질겨지니 주의하는 게 좋을 것 같아요. 저는 고기와 채소를 기본 소스에 찍은 후 와사비와 다진청양고추를 살짝 더해 깻잎에 싸먹는 게 제일 맛있었어요! 한우육회비빔밥은 편백찜으로는 배가 안 찰 것 같아 그냥 주문한 건데 생각보다 괜찮아서 놀랐는데요. 확실히 편백찜보단 자극적인 맛이긴 해요ㅋㅋ",괜찮다
1365,정편백,뿌디,"— 건강하고 담백한 한끼 —미식가이고 먹는 걸 사랑하지만, 여성이기 때문에 식단 조절에도 항상 신경쓴다. 과식이나 나트륨 섭취가 잦았다 싶으면 샐러드, 저염식으로 한동안 식사를 하는 편.세상에 맛있는 음식이 너무 많아 망고플레이트 또한 좋아하는 앱이고, 여기 나온 음식점을 모두 가보고 싶지만... 줄어드는 지갑에 반비례하는 늘어나는 뱃살은 싫어 오늘도 샐러드를 먹으려던 참이었다하지만 닭가슴살과 양상추 말고 조금 더 든든한 걸 몸이 원했기에 가게 된 정편백. 청량리역 맞은 편 골목길에 위치하고, 직원분들도 매우 친절하시고, 가게도 적당히(?) 크다.우삼겹 편백찜(150g)을 주문했다. 매우 큰 편백 찜통에 버섯, 숙주, 청경채, 배추 등의 나물, 우삼겹이 담겨져 온다. 고기는 목심으로 바꿔서 대체할 수도 있다. 10분 정도 타이머를 맞추고 찐 뒤 열면, 따뜻하고 맛있는 식사 완성!깻잎에 와사비/고추 다진 것을 넣고 고기와 야채를 싸먹으면 별거 아닌데 굉장히 담백하고 맛있다. 보통 2인 이상이 오면 식사류를 따로 또 주문하는 것 같은데, 본인의 경우 혼자 왔기 때문에 찜만 먹고 식사를 종료.속이 편하고, 든든하게 한끼를 해서 좋았다",맛있다
1366,정편백,솔직하게 써보지,"청량리역을 가게 되었는데 기차 시간은 애매하고 역 근처를 멀리 떠날 수는 없고 찾아보다가 편백집이 있길래 홀로 들어갔습니다 ㅎㅎ런치할인도 있었지만 그건 2인분인 것 같아서 저는 그냥 우삼겹 편백찜을 1개 시켰어요. (우삼겹 150g +모듬 야채) 11,000원편백찜 처음 먹어봤어요! 그래서 너무 맛있고 만족스러웠지만 다른 편백찜과 비교를 못하는데 ‘맛있다!’ 를 줘도 되는가를 고민하면서 먹었는데 먹다보니 너무 맛있어서 무슨 상관인가 맛있으면 되었지 라는 생각 ㅎㅎ 소스들과 밑반찬도 맛있고 식당도 쾌적하고 만족스러운 식사였습니다.",맛있다
1367,정편백,우이리,평일 점심인데도 빈자리가 없네요.목살찜 12000.1인분이라 좀 듬성듬성 하네요. 맛은 담백하네요. 숙주와 야채들도 많이 들어있네요. 양은 충분한거 같은데 무언가 살짝 아쉽네요.,괜찮다
1368,정편백,조성운,편백찜 너무 맛있어요순하고 담백해요라면은 너무 기름졌어요,맛있다
1369,정편백,정은,우삼겹 편백찜 / 정 라면,괜찮다
1370,정편백,O_O_Seok,"청량리역신성미소지움 방면으로 내려서고가도로를 지나횡단보도에 위치한편백나무찜이다우삽겹편백찜 11,000원목심편백찜 12,000원정라면 6,000원동대문구에서 보기 힘든메뉴구성~깔끔함을 베이스로 삼삼한 매력을 느낄수 있는음식구성이다!!음식점의 메뉴구성이 매우 좋다!찜을 메인으로타메뉴는 모두 서브메뉴!그래서 맛의 집중도가 훌륭했다~식당도 깔끔하고,전체적으로 무난이상으로 좋았다!집근처라 재방문의사도 있다~~",맛있다
1371,정편백,행복회로,맛 : ★★★☆☆양 : ★★★★☆위생 : ★★★★★서비스 : ★★★★☆분위기 : ★★★★☆가격 : ★★★☆☆,맛있다
1372,정편백,피나코테크,가게도 넓고 깨끗하고 서비스도 친절하고 조심스러운 느낌! 만원에 소고기와 야채 잔뜩 쪄먹을수있어 소화도 잘되고 맛도 좋다. 1인분에 150g정도라 남성분들은 살짝 모자랄수도있는 양인듯. 칼국수도 시켜봣는데 3천원이라 맛보기사이즈일줄 알앗는데 큰그릇에나와섴ㅋㅋㅋㅋㅋㅋㅋㅋㅋㅋ 마니남겨서 아쉽다. 칼국수는 많이 되직하지않은 약간 묽고 깔끔한느낌이고 맛있었다. 전체적으로 추천!,맛있다
1373,정편백,또바기,부담없이 든든,맛있다
1374,홍도야빈대떡,빨강코알라,비쌈,별로
1375,홍도야빈대떡,이준영,"아주 맛있게 잘 먹었습니다.둘이서 해물파전 + 고추튀김(반) 먹었는데,사이드가 거의 없고 메뉴들이 큼직해서요즘처럼 소수 인원으로 술 마시러 갈 때조금 부담스럽게 느껴질 수 있겠지만,놀라운 점. 메뉴판에 적혀있지는 않지만홍도야 빈대떡 가장 유명한 메뉴고추튀김은 ""반만 주세요""가 된다는 겁니다.둘이 가서 전이나 탕 + 고추튀김 반이렇게 먹으면 아주 푸짐하고 알차게 먹어요.느린마을 막걸리도 두 병 했습니다.재방문의사 큽니다.여자친구가 특히나 좋아했습니다.",맛있다
1376,홍도야빈대떡,헬시또또,"막걸리집하면 덥고, 다닥다닥 붙어있고 깨끗하지 않은 이미지가 있는데 홍도야는 일단 지금 시국이라 그런지 투명막도 테이블마다 설치되어 있고 넓고 시원해서 좋았어요 :) 화장실도 나름 깨끗해서 좋았고요! 막걸리 종류와 전/안주 메뉴가 다양해서 술이 술술 들어가는 너무 즐거운 곳이에요. 맛있게 먹고 왔는데 또 가고 싶은 곳이에요!",맛있다
1377,홍도야빈대떡,AlexTheFood,"#AlexTheFood #3줄요약#홍도야빈대떡 #안암맛집 #고대맛집 #알더푸안암⠀1. 다양한 막걸리와, 그에 어울리는 안주들이 있는 술집.2. 시그니처인 듯한 고추튀김 속이 실해서 먹을 맛 나더라.3. 모든 메뉴가 평타이상인 듯- 막걸리는 느린마을이 최고!⠀___________________________________________________________* 고추튀김 13,000* 오징어볶음 17,000* 느린마을 막걸리 5,000___________________________________________________________⠀[MangoPlate - /5.0 | GoogleMap 4.3/5.0]맛★★★★ 분위기★★☆ 가성비★★★⠀* 영업시간 | 매일 16:00-01:00⏳쉬는시간 없음❌일요일 휴무 | ❗️우천시 오픈하는 경우 있음❗️",맛있다
1378,홍도야빈대떡,은뜡,남자친구의 소개로 첨 가봤는데요!! ❤️ 너무 맛있었습니다~!~~! >3< 고추튀김 완전 바삭하고 고기도 낭낭하게 들어있어요!! 한가지 아쉬운 점이 있다면 건물 바로 밖에서 흡연하시는 분들이 많아서 종종 담배 냄새가 찐하게 들어옵니당-!!! 다음엔 다른 메뉴 먹어볼거에여!! 그때 다시 더 고퀄 사진으로 돌아올게요 ^-^**,맛있다
1379,홍도야빈대떡,반말했다존댓말했다,고추튀김 맛잇다길래 방문속이 실해요 베어물때마다 기름과 육즙팡팡가격도 저렴하고요근데 고튀빼고 나머지메뉴는 상권대비 의외로 막싸진않앗어요음 막걸리종류는 동네전집치고 꽤 있었고기본찬으로 나오는 미원국과 김치가 넘나 별로라괜찮다 줍니당고튀가 매운맛1도없는 튀김이라서 고추간장양념이잇음 좋을것같아요 고추에고추,괜찮다
1380,홍도야빈대떡,코랄,"감자전 드세요! 감자를 갈아서 떡처럼 부치는 감자전이 아니라 살짝 해시브라운처럼 채썬 감자로 만든 전이다. 부추가루가 들어가서 초록빛이 돌고 느끼하지 않고 맛있다.여기서 이것저것 먹어본 것 중에 제일 맛있었다.사실 홍도야에서 제일 인기 많은 건 아마 고추튀김일 거다. 나는 맨날 홍도야 고추튀김을 먹어서 고추튀김이 다 비슷비슷한 줄 알았는데 여기가 맛있는 거였다. 전에 다른 튀김집에서 친구가 고추튀김을 한번도 안먹어 봤다고 해서 맛보여준다고 시켰다가 부실하고 아무 맛 안나는 속을 보고 실망했던 기억이 있다. 여긴 그럴 일은 없다. 매번 큼직한 고추 안에 고기 소를 꽉꽉 채워서 바삭하게 튀겨낸 고추튀김을 맛볼 수 있다. 모듬전도 항상 시키는데 그중에 두부전도 생각보다 촉촉하고 고소하게 맛있었다. 육전도 맛있었던 것 같은데 솔직히 육전은 맛없기 힘든 메뉴니까ㅋㅋ그리고 나는 조금 물리던데 사람들은 닭똥집 튀김을 좋아하더라닭볶음탕과 김치찌개 같은 식사 메뉴도 있는데 그렇게 맛이 있진 않다. 여기 다른 맛있는 것들도 많은데 굳이?전이랑 튀김류는 웬만해선 다 맛있으니 아무거나 좋아하는 걸로 시키면 된다ㅎㅎ(아, 참고로 여기는 화장실이 좀 열악하다)",맛있다
1381,홍도야빈대떡,* Y _,4/5점다시갈만하다 고추튀김 JMT 지평도 팔아서 좋음 ㅠㅠ근처 성신여대 고려대 카이스트에서는 이미 유명한고추튀김의 홍도야내부가 시끄럽다는 단점이 있음이날 4321 삼각형만들고 그 위에 막걸리한병 더세웠다는...,맛있다
1382,홍도야빈대떡,조은짱,고추튀김 & 지평... the reason of my life,맛있다
1383,고깃집도훈,제이미장,가성비 맛집인데.. 강남 1.5만원짜리 냉삼이랑 차이가 없다.소스랑 파채 넘 맛나고 고기도 잡냄새없이 좋다둘이가서 3만원이면 술까지 마시면서 배터지게 먹고 나옴,맛있다
1384,고깃집도훈,이리저리,가성비도 좋고 맛도 좋은 갈비탕bb갈비탕 생각날때마다 갈듯한 식당,맛있다
1385,고깃집도훈,뿌디,"— 백주부님의 솔루션이 맞아떨어진 ‘갈비탕’ —근처 대학병원에 외래진료를 끝내고 뜨끈한 걸 먹어줘야 할 것 같아 먹게 된 갈비탕. 원래 6,900원이라는 가격에서 인상으로 7,500원이 되었다. 백종원의 골목식당에서 솔루션을 제시해 많이 개선되고 발전된 집으로 유명하다.주 메뉴는 원래 냉삼인데, 점심메뉴로 단일하게 갈비탕을 판매하고 있다. 강남에서 갈비탕 하나에 12,000 - 13,000원 정도를 상회하는 걸 생각하면, 이 정도는 혜자 가격이다.갈비탕 안에 무가 들어가 있어 소고기 뭇국과 비스무리한 맛을 내기도 하고, 느끼할 수 있는 국물의 맛을 조금 완화시켜주기도 한다. 갈비는 5-6조각 정도 들어 있으며, 양지가 같이 들어 있어서 갈비 뜯다가 지루하면 양지를 간장에 콕 찍어 먹으면 된다. 식사에 곁들여 먹은 김치/깍두기 모두 맛있었다. 다만 갈빗대에 붙어 있는 고기가 완전히 신선하지는 않다. 좀 좋은 갈비탕을 많이 먹어봐서 그런가... 하지만 가격을 감안하면 이만하면 가성비가 맞아떨어진다고 생각한다. 한번쯤 방문해볼만한 집. 단일메뉴를 택해 솔루션을 제공한 백종원 아저씨의 지혜에 한번 또 감탄하고 간다",괜찮다
1386,고깃집도훈,미동이,괜춘함!,괜찮다
1387,고깃집도훈,kkonoo,조금 짜긴 하지만 고기도 푸짐하게 많이 들어있는 맛있는 갈비탕!,맛있다
1388,고깃집도훈,gilsama,"제가 엔간하면 리뷰 안쓰는데.. 이 집은 정말 가성비, 아니 전반적으로 맛집이었습니다.전반적인 메뉴 질이나 반찬, 서비스 모두 다 좋았지만, 가장 기억에 남는 것은 김치우동이네요......마치 아르헨티나 국가대표 축구팀이 축구 모두 잘하는 건 머리론 알지만, 경기 끝나고 기억에 남는 건 메시 한 명 뿐인 느낌..?맑은 갈비탕 베이스 국물이라 그런지 감칠맛이 진짜 후..한 숟가락에 소주 한 잔, 김치우동 그릇에 14 숟가락 정도 나올 거 같으니, 골목식당에서 김치우동 한 그릇에 소주 2병각이라는 백종원 선생님 말씀이 옳다고 생각됩니다.더군다나 가격이 진짜 말도 안되게 싸요.. 미쳐버린 서울 음식점 물가에 비해, 이 정도 맛, 서비스에 이 정도 가격이라면... 남는 게 없다고 생각될 정도입니다..!강추!",맛있다
1389,고깃집도훈,Ray,점심에 갈비탕(7500) 먹으러 가봤는데 거의 꽉 차 있었어요.갈비탕은 살코기랑 뼈가 반반 정도로 나오는데요. 살코기는 특별한 인상이 없어서 이 정도에 이렇게 사람이 많을 일인가 했는데 뼈가 진짜 맛있더라고요. 고소하고 쫀득하고 맛 자체가 아예 달라요. 근데 뼈에 붙은 고기가 너무 없어요ㅠㅠ 뼈를 많이 줄 수밖에 없는 고기 양. 게다가 양이 적으니 그나마 붙어있는 것도 뜯어먹기가 너무 힘들고요. 잘 보여야 하는 상대랑 같이 먹으면 안 될 갈비탕이네요ㅋㅋㅋㅋ,괜찮다
1390,고깃집도훈,미콩,"◇런치 단일메뉴, 깔끔한 갈비탕, 회전율 좋아요, 남녀노소, 친절아는 사람만 찾아오는 것 같은데 그 아는 사람이 좀 많은 느낌곰탕 느낌의 맑고 깔끔한 갈비탕이에요 고기는 가위로 뼈 사이를 잘라 먹으라고 말씀해 주시는데 처음 먹으면 약간 적응 안 돼서 버벅일 수 있어요(제 경험)국물이 맑다고 심심하지도 않고 고깃국이어서 그런지 감칠맛이 나더라고요 이곳의 진수는 깍두기라고 합니다 이를 증명하듯 여기 저기서 깍두기 리필요청이 들려왔어요대학가답게 가성비가.. 도대체 언제적 물가죠? 아기인 저는 짐작조차 불가능하네요",맛있다
1391,고깃집도훈,tae,"양도 많고 가격 나중에 봤는데 1인분 6,900원 ㅎㄷㄷ오랜만에 싸면서 맛있는 고기 먹음 평일 저녁에가니 웨이팅없이 들어갔습니다백종원 센세 방송 나온곳중에 가장 좋았음적어도 수요미식회 나온집들 보다 나음재방문의사100",맛있다
1392,고깃집도훈,AlexTheFood,"#190119바나#고깃집도훈 #도훈 #백종원의골목식당회기동점심으로 맛있는 갈비탕을 판매하는 고깃집!⠀유튜브를 찍으려고 찾다육개장 등의 메뉴들이 사라져있고,'단일메뉴 갈비탕'이라는 문구를 보고 바로 방문한 곳.⠀몇 시간 전 공개된 백종원의골목식당 영상에갈비탕이 나온 것으로 보아,실제로 솔루션으로 갈비탕 단일메뉴가 탄생한 느낌이더라.⠀맛도 좋았고, 고기도 실하게 들어가있어 좋았다.무엇보다 이 퀄리티가 6900원인 것은 말이 안 될 정도.김치도 겨자소스도 꽤 괜찮아서 놀랐다.⠀여기가좋겠네, 17, 땡스컵밥만 주목을 받고이 곳만 주목을 못 받고 있는 것 같아 안타까운 곳.그래도 맛있으니 조만간 줄 서지 않을까 싶다☺-⠀#갈비탕 6900 ★★★★",맛있다
1393,동경통닭,로우니,시장통닭의 정석을 보여주는 집입니다 게다가 화장실이 깨끗해요! 후라이드도 맛있지만 이곳의 양념통딝 드셔야 합니다 양념이 진짜 옛날 양념이고 입에 짝짝 달라붙어요 양념을 평소에 자주 안 먹는 편인데 이곳에서는 매번 반반으로 먹는 것 같아요,맛있다
1394,동경통닭,로라,"후라이드는 나름 괜찮은데 양념은 두번,세번 튀긴것처럼질기고 딱딱했어요. 반반 시켰는데 닭다리에 살도 없고ㅡㅡ치킨좋아하고 음식안가리고 잘먹는데 여기는 또 오고 싶지않네요. 옛날통닭 맛인건 인정하지만 차라리 프렌차이즈닭 먹는게 나은듯~;;",별로
1395,동경통닭,문용석,"""아.. 우리는 프렌차이즈 브랜드 치킨에 너무나 익숙해져서 진짜 한국식 치킨의 맛을 잊고 살았구나""식당에 들어서자, 30대인 내가 꼬마처럼 보일 정도로 나이가 지긋하신 어르신들이 열심히 치킨을 드시고 계셨다.  시장 한복판에 위치한 이 치킨가게는 어떤 매력이 있길래 이렇게 많은 어르신들의 발걸음을 이곳으로 오게 만든 것일까?시켜서 먹는 치킨에 익숙해진 세대다.  치킨 하면 배달, 배달 하면 브랜드 치킨의 이름이 떠오를 정도로, 우리는 이에 익숙해졌다.  하지만, 치킨의 시작이 브랜드 치킨이었는가?  아니다.  바로 이런 시장 치킨이었다.껍질도 정말 바삭바삭 맛있고, 두껍지도 않다.  바로바로 튀겨서 나오기에 기가 막힌 맛으로 술술 넘어간다.  '아 이게 진짜 치킨 맛이었지...'",맛있다
1396,동경통닭,반말했다존댓말했다,갓튀긴닭에 장사없다....생맥은 시장통이지만 사처넌ㅜ그래도 맛이 좋은편맞은편에 같은가게 두곳인데 넓은곳은 갈때마다중년아줌마아저씨들이 본인들 집인냥 귀찢어질거같이 떠들어대는데 이번은 진짜 한계에 다다르게샤우팅을 해대서 맞은편으로 옮김ㅠ왜 진즉 안옮기고 버텻을까평화롭게 완닭햇다 간장고추에 먹으면 소주도 잘어울린당같이 튀겨진 떡이랑 똥집 고구마도 맛남,맛있다
1397,동경통닭,키다리아저씨,"청량리 전통시장 골목의 통닭골목의 여러 닭집 중 하나인 “동경통닭”오래전엔 작은 가게였지만... 지금은 건너편에 먹을 수 있는 공간까지 마련해 둔~ 이곳에서 꽤 유명한 통닭집 중 하나죠.옛날통닭 느낌으로 기본 후라이드와 양념 두가지뿐이지만~ 괜찮은 가격대와 닭사이즈가 커서 넉넉한 양으로 꾸준히 인기가 있는듯합니다.분위기상 젊은 남녀보단 연령대 높은 분들이 주 고객층!! 주문할때 당연하게 생각하는지 맥주나 소주는 주문 안하냐고 묻기도 하더라구요^^;저는 반반으로 달라고해서 주문하는 편이고, 떡이나 고구마를 넣오 같이 튀겨주시는데.. 닭똥집도 함께 주시니 모래집 좋아하시는 분들은 만족스러우실듯합니다. 튀김옷은 얇으면서 바삭하고 속은 생각보다 촉촉해서 먹을만합니다^^ 하긴 왠만해선 치킨이 맛없기가 더 힘들겠네요^^;요즘 여러 치킨집에서 다양한 맛들을 출시하고 있지만~ 이곳만의 청량고추간장을 찍어 먹는것도 좋은데...개인적으로는 청량고추 한조각 올려서 치킨과 함께 먹는게 느끼함도 날려주고 매콤짭쪼름해서 좋더군요!!그래도 기본적인 소금에 후라이드 살짝 찍어먹는게 굿이죠 ㅎㅎ양념치킨은 매콤달콤~ 모래집은 쫀쫀~주변환경에 닭집도 많다보니 특유의 비릿한 스멜이 느껴지고 위생은 좀 별로인듯하지만.. 분명 이곳만의  매력은 있다고 생각합니다.",괜찮다
1398,동경통닭,sharon.seok,"평점이 높아서 방문했지만,너무나도 지저분하고 술취한 아저씨들이 여기저기서 시끄럽고 닭비린(?)냄새도 심하고 음..주변환경을 극복할만큼 맛있지 못했어요같이간 치킨러버 짝궁이도 저도 엄청 남기고 나왔습니다.시장이라 현금결재만된다는 점~!참고하세요",별로
1399,동경통닭,반말했다존댓말했다,간만에 갓튀긴 시장통닭이라 맛있게 먹었다사진엔 없지만 고추간장소스 좋았고 똥집 추가로 시킬려는데 후라이드에 조큼 섞여나와서 좋았다좀 많이 지저분하다. 아저씨들아줌마들 테이블 잘못 겹쳐서 귀아파 죽을뻔했다새로오신 서빙하시는분이 주문순서를 헷갈려해서젤먼저 갓는데 젤늦게 나왔다 계속 사과하셔서 요건갠츈했다카드로 결제하려니 비밀공간가서긁어주신다..ㅎ집에서 멀지 않고 시장통닭 먹고싶을때 재방문 의사 있다^^ 집에서 세탁해야할 옷을 입고 가야지~~,맛있다
1400,동경통닭,권오찬,"* 한줄평 : 후라이드 한마리 14천원아는 사람이 많이 없긴 하지만, 청량리 시장 안에는 <통닭골목>이 형성되어 있다. 이른바 무슨무슨 음식 <골목>이라는 칭호를 받으려면 우선 동일한 음식을 파는 가게가 밀집해있어야 하고,  두번째로는 그 골목만의 특별함이 있어야 한다.난 이 골목만의 특별함을 가격과 소스로 봤다.기름에 갓 튀긴 음식은 뭐든 맛있다. 심지어 그게 닭느님이라면 말할 것도 없다. 치킨 업계가 워낙 경쟁이 치열하다보니 후라이드와 양념은 기본이고 치즈를 뿌리고, 간장과 칠리소스로 버무리는 등 여러 다양한 시도가 많다보니..오히려 시장통닭에서 맛보는 옛날식 얇은 튀김옷 후라이드가 매우 반갑다.느끼한 음식은 반드시 메인 음식의 느끼함을 상쇄해줄 수 있는 대적자가 필요한데, 이 집의 그런 역할은 <청양고추 소스>가 담당한다.시장 음식답게 가격도 저렴하다. 후라이드 대 사이즈가 14천원, 양념은 16천원이다. 후라이드를 주문해도 양념 소스는 별도로 주니 굳이 양념을 주문할 필요는 없다. 가격이 저렴한 대신 현금 계산을 선호하는 편이다.참고로 치킨을 주문하면 고구마와 밀떡, 닭똥집도 함께 튀겨준다.",괜찮다
1401,동경통닭,윤민섭,"무려 14000원에 어마무시만양의 통닭이나온다. 닭뿐만 아니라 떡,고구마,똥집도 조금식 섞여 들어가있다.반죽이 정말얇은데 그냥 먹어도 될만큼 간이 되어있고 정말 바삭하다. 특히 치킨보다 똥집이 엄청나게 맛있다느껴짐.",맛있다
1402,동경통닭,기르,시장분위기 시장통닭맛 좋았다그리고 병맥주 온도가 최고.시원하게 뇌를마비시켜줘서 인상깊었다,맛있다
1403,동경통닭,정세니,바로 나온 통닭을 먹을 수 있어서 좋고 청양고추 간장이 신의한수!!! 동경통닭이 가장 유명함. 내가 갔을 땐 할머니 두 분이서 계셨고 치킨을 먹고있는 내 머리위로 식탁 닦은 걸레가 슝슝. 기분이 상해서 상 치우실 때 좀 유심히 봤는데 청양고추 간장을 어떤 통에 따로 모으더라. 따로 버리느라 한 통에 모으지는 않을거고....... 이곳 치킨골목은 어느 집을 가도 구성이나 맛이 비슷함. 그 뒤로 다른 집만 감!,별로
1404,동경통닭,여진,양념후라이드반반 아마 13000원닭똥집 아마 6000원2만원의 행복이에요.여기 근처 다른 통닭집 가봤는데맛은 다 비슷비슷한것 같아요.치킨은 부드럽진 않지만 바삭해여.똥집이 먹고 싶을때 이골목을 찾아요.저 간장고추 좋아요.,맛있다
1405,동경통닭,BECKHAM,얇은 반죽이 장점.가게가 너무 협소하고 아주머니 혼자 감당하기에 주문하고 한참을 기다려야 함.간장소스에 찍어먹으면 굿.,맛있다
1406,홍능족발,shoo,튀김족발 보단 일반 족발을 더 사랑하지만 앞으로 내 튀김족발 1위 맛집은 여기다. 배달도 금방 되고타 유명 튀김족발들으 먹어봤지만 다른 튀김족발들은 좀 딱딱하거나 조금만 식어도 금새 고기가 질겨지곤 했는데 여기 족발은 야들야들하면서도 프라이드의 바삭함을 갖추고 있다. 막국수 추가도 맛있고 양도 푸짐하고 진짜 강추강추.,맛있다
1407,홍능족발,테스형,"이 동내에서 꾀 오랫동안 유명한 족발집이다. 요즘은 맛있는 족발집들이 많이 생겨서 특별한 맛은 아니지만, 옛 친구들과 옛생각 하면 만날때 가끔 들르는곳!",괜찮다
1408,홍능족발,너구리,"튀긴 족발껍데기, 막국수 다 정말 맛있어요",맛있다
1409,홍능족발,갈색곰도리,"튀김족발로 유명한 홍능족발. 와!! 족발에서 치킨맛이 나는 것 같다. 기름기가 적어서 그런지 일반 족발에 비해 덜 느끼하고 쉽게 물리지도 않는다. 껍데기쪽은 엄청 바삭한데 속은 촉촉해서 더 맛있다. 같이 나오는 겉절이무채?랑 먹으면 찰떡,, 주변에 여기 추천해줘서 간 사람들 전부 다 맛있다며 극찬했다. 낮시간에 가서 그런지 손님도 거의 없고 한적하게 먹을 수 있었다. 조만간 다시 가야지",맛있다
1410,홍능족발,반포동꿀꿀이,"@ 튀김족발-대 (42,000)@ 쟁반국수-중 (15,000)청량리에 있는 튀김족발집!튀김족발이랑 쟁반국수 둘 다 맛있었어요.이름에서 알 수 있듯이 족발을 튀겨서 칼로리폭팔하는 메뉴에요. 먹어보기 전엔 안그래도 기름 좔좔흐르는 족발을 튀기기까지 해서 엄청 느끼할줄 알았는데 전혀 아니에요. 바싹 튀긴거라서 기름지지 않고, 겉바속촉의 정석이었어요. 겉이 바삭바삭하니까 속에 있는 족발이 비교적 더 쫄깃쫄깃하게 느껴졌어요. 재방문의사 있습니다!!딱 한가지 아쉬웠던 점은 양이 적어요ㅠㅠㅠ",맛있다
1411,홍능족발,기르,바삭바삭 새롭다 한번쯤 먹어봐도 좋을 맛,괜찮다
1412,홍능족발,J,잡내 ㅆ... 전반적으로 괜찬으나 가끔 올라오는 고기잡내가 심함. 참고하시길,괜찮다
1413,홍능족발,모모모모모,첫 족발튀김! 치킨과 족발을 함께먹는 느낌!!족발 별로 안좋아하는데 여기는 맛있다. 쟁반국수도 굿!!!,맛있다
1414,홍능족발,키다리아저씨,"""튀김 족발""을 먹을 수 있는 청량리 ""홍능족발""대로변에 있지만....40년 동안 운영해 온 모습답게 낡고 오래된 건물에 있고~ 옆에 장충족발과 함께 청량리에서 인기있는 곳이다.저녁시간대에는 어르신들이 많이 오셔서 복잡할 수 있지만...낮시간에는 정말 한가해서 좋다.냉채족발도 나름 유명하지만 오늘은 튀김족발을 먹기위해 방문하였으니 튀김족발 리뷰로~^^기본찬으로 보쌈무김치~(살짝 달달하면서 깔끔하게 매콤하다) , 부추무침~ (간이 강하지않고 부추의 향을 느끼기 적당한 수준의 양념) , 동치미 (개인적으로는 좀 시큼해서 별로^^;;) , 된장찌개 (족발 먹을때의 느끼함도 잡아주고 호박과 두부가 들어있는 깔끔하고 시원한 맛)튀김족발 (32,000원)다른 메뉴와 섞어서 먹는 반반메뉴가 튀김족발은 없어서 아쉬운데... 통째로 튀겨야 하기 때문에 반반씩 할 수가 없다고 한다. 족발을 그냥 튀기는줄 알았지만...이곳만의 방법으로 튀김옷을 얇게 입혀서 튀긴다고 한다.튀김옷을 입혔는지 모를정도로 코팅만 한 느낌이였으며 겉면은 바삭바삭하고~ 속의 지방과 살은 촉촉하고 부드러움이 남아있어서 식감이 묘하고 재미있다^^ 그중에 딱딱하게 튀겨진 부분도 있으니 이빨조심!!!특히 족발 겉면의 튀김을 먹을때마다 닭튀김~후라이드 또는 닭껍데기 튀긴맛이 나서 신기했다. 족발을 먹으면서 치킨먹는 기분이 들다니...튀겨져서 나오기 때문에 많이 느끼할거라 생각했지만...생각보다 괜찮았고~ 좀 느끼할때 부추와 보쌈무김치를 먹거나 된장찌개를 함께 먹어주니 궁합이 잘 맞았다^^일반적인 족발이 아닌 좀 독특한 족발을 경험하고 싶다면 가볼만한 곳이다.돼지의 누린내도 없어서 깔끔하게 잘 먹었고~ 일하시는분도 친절해서 좋았다. 아쉬운 점이라면 의자테이블은 몇개없어서 사람이 몰릴 시간에는 좌식에 앉아야 할 수도 있고~ 지역이나 위치 특성대비 족발의 가격이 저렴한 편은 아니며... 주차장이 없어서 별도로 주차를 해야한다는 점은 아쉽다.",괜찮다
1415,용두동쭈꾸미,진꿀이,첫방문때는 이렇게 맛있는 느낌이 아니였는데이날은 진짜 맛있게 먹었당첫날엔 덜매운맛으로 먹었고 이번엔 내맘대로 오리지널ㅋㅋ매콤한 맛이 강했지만 맵부심1인으로 덜매운맛 절대 안먹ㅋ항상 젤매운맛 먹어야지!! 그게 멋있잖아..아마 그래서 더 맛있었던듯ㅎㅎ오리지널이 훨씬 매콤하고 맛있었당배고파서 삼겹살이랑 좋아하는 버섯도 추가하고! 싱싱한 쭈꾸미랑 맵단 양념도 딱 좋더라?여기는 찍어 먹으라고 카레를 주셔요 카레 콕!찍어먹으면 많이 안매워여배고파서 이미 공기밥을 먹은상태라 밥은 한개만 추가했쥬? 치즈도 추가했는디...치즈가 넘 많아서ㅋㅋㅋㅋ치즈죽! 오히려 더 좋아~이거 먹을라구 쭈꾸미 먹어찌?,맛있다
1416,용두동쭈꾸미,김찬희,"매운 맛의 원조는 쭈꾸미...!맵찌지만 매운 걸 좋아하는 여자친구를 위해 오리지날 맛(인당 12000)으로 먹었습니다.. 두피에서 땀 나면서 후 하 고통받다가 계란찜(5000)과 콩나물, 콩나물국으로 식히며 먹으니 괜찮았네요오리지널맛이라고 엄청 맵진 않습니다 식혀서 먹으면 또 괜찮았어요 다만 달달하게 매운 맛은 아니라는 점...! 다 먹고 속이 좀 쓰릴 수도 있겠어요일요일에도 운영해서 나정순 할머니 쭈꾸미가 닫을 때 특히 더 빛을 발하는...^^ 웨이팅은 없었는데 7시 반 쯤 되니 생겼네요불맛 쫙 나고 야채와 함께 비벼먹을 수 있는 착한 낙지를 좋아하는 저에게는 그렇게 맛있는 맛은 아니었지만참기름을 넣어서 그런지 고소하고 담백한 계란찜은 독특하고 맛있었네요! 쭈꾸미 양은 처음에는 좀 적지 않나...? 싶었는데 끝까지 다 못 먹었습니다 ㅎㅎㅎㅎ...양은 많은 것 같네요!!볶음밥(2000)은 정말...사실 볶음밥 먹으려고 온 거 아니겠습니까? 묵사발과 고르곤졸라 피자를 주는 쭈꾸미 집도 좋지만 철판볶음밥이 아닌 경우가 많던데 이 집은 제대로 된 볶음밥을 팔지 않나 싶었습니다 맛있게 먹었어요가게가 바쁘다보니 사장님이 조금 불친절하게 느껴질 순 있지만 잘 해주시려고 한 것 같아요 뒤집어도 주시고 불도 조절해주시더라고요삼겹살 추가는 좋아하시는 분이 아니라명 굳이!! 인 것 같습니다 양이 특히 많은 것도 아니어서요 ㅎㅎㅎ..",괜찮다
1417,용두동쭈꾸미,Hynorii,용두동 용두동쭈꾸미 ●●●●●천호동 쭈꾸미가 최고인줄 알았는데 여기 양념이 진짜 맛있네요!! 볶음밥 볶아먹을때쯤 졸아든 양념이 진정으로 맛있어요,맛있다
1418,용두동쭈꾸미,문용석,"""요새는 매운거 하면 떡볶이와 닭발의 전성시대지만, 원래 매운거 하면 바로 요 쭈꾸미였던 시절이 있었단 말이지라""사진만 봐도 침이 주르르 흐르는 바로 쭈꾸미다.  매콤한 양념에 보글보글 끓는 채로 나오는 쭈꾸미를 하나씩 건져서 오동통한 녀석을 씹으면 그곳이 지상낙원이다.하이라이트는 쭈꾸미를 다 먹고 난 뒤, 그곳에 밥과 김을 넣어서 비벼먹는 볶음밥이다.  전세계 어디에서도 맛볼 수 없는, 유일하게 대한민국에서만 맛볼수 있는 바로 그맛.",맛있다
1419,용두동쭈꾸미,식객,"많이 맵다고해서 살짝 겁먹었는대 못견디게 매운건 아니였다. 쭈꾸미양도 적당했고, 볶음밥도 괜찮았다. 꼭 계란찜 추가해서 먹기를 추천!!",괜찮다
1420,용두동쭈꾸미,조은짱,쭈꾸미가 매워야 맛있는 음식은 맞지만 천사채 말고는 맵찔이를 지켜쥬는 장치가 없어 너무나 슬펐어요.. 부가적으로 매움을 덜어주는 사이드가 있었다면 훨씬 행복한 식사였을 거 같습니두,괜찮다
1421,용두동쭈꾸미,지원쓰,친구가 이 곳 쭈꾸미를 먹으면 감기가 나을 것 같다며 끌고왔다 ㅋㅋㅋㅋ 프랜차이즈 쭈꾸미집 별로 안좋아해서 기대 안했는데 오앙.... 일단 쭈꾸미 양이 진짜 많다 ㅋㅋㅋㅋ 볶음밥 먹고싶었는데 배불러서 못먹을정도였다ㅠㅠ 그리고 엄청 맵다!!! 매운거 좋아하고 잘먹는데 매웠다!!!! 그래도 맛있었다 ㅎㅎㅎㅎ,맛있다
1422,용두동쭈꾸미,jinee,쭈꾸미 유명하다길래 갔는데..매워 죽는 줄 알았다.. 오히려 볶음밥이 진짜 맛있다.. 볶음밥 안먹었음 후회할 뻔.,별로
1423,장군집,위이이잉,코로나임에도 불구하고 사람이 너무 많아서놀랐네요대기가 길지 않다면 먹어보기에 좋은 맛집인것같아요 갈매기 다른데서 먹은거랑은 다른 양념이고 파와 같이 어우러져 완전 맛있습니다,맛있다
1424,장군집,미동이,부속고기도 맛있구나..,맛있다
1425,장군집,세상의 모든 음식을 정복하겠어,"그냥 그래요. 고기 질기고 쌈은 왜 없고 파만 주는지.. 웨이팅 할 정도는 절대 아님. 대신 가성비는 좋아요. 600ㄱ그람에 26,000원",괜찮다
1426,장군집,영영,오래기다리고 가게안이 너무 정신없어서 이젠 못오겠다 싶엇어용ㅠㅠ 하지만 먹고 나니 다시오고싶네요!!갈매기살 뽈살세트로 먹었는데 잡내도 많이 안나고 고소하니 맛있어용 특히 파랑 같이 먹으면 깔끔하고 더더 맛나요!첫판은 구워주셔서 편하게 먹었습니당학교앞이라서 저렴하고 양도 많습니당김치말이 국수는 양은 살짝 아쉬우나 시원하고 김치맛이 일품이라서 고기랑 싸먹으미 맛있어용돼지껍데기는 서비스로 주셨는데 배가 너무 불러서 다 먹지 못해 아쉬웟어용 ㅠ친절하시고 맛도 좋은 곳입니당 마지막에 페브리즈도 뿌려주는 작은 섬세함이 있어용!!고기잡내에 약해서인지 다먹고나니 살짝 느껴지긴했습니다 ㅠㅠ,맛있다
1427,장군집,hedonist,"괜찮더군요. 연탄 특성상 타는 부위야 어쩔 수 없지만, 가성비 아주 좋네요. 파절이를 고기 기름에 튀기는 형식도 아주 좋았습니다.",맛있다
1428,장군집,만종스,"경희대 다녔던 친구의 추천맛집으로 쫄래쫄래 쫓아가봤다 둘이서 갈매기살+뽈살 시켰는데 양이 꽤 푸짐 결론부터 말하자면 아주 만족스러웠던 식사다고기를 시키면 파절이처럼 양념이 된 파가 함께 나오는데 그건 도시락통같은 작은 통에 담아주시고 양념된 고기를 먼저 촤라락 구워준다 윤기좔좔흐르게 잘 익으면 파가담긴 통에 같이 넣고 소스를 뿌릴지 찍어먹을지 물어보시는데 이거 뿌려먹는게 ㄹㅇ 존맛탱임 소스 적정량을 골고루 뿌리고 약 2-3분정도 익혔다가 먹으면 맛있어서 깜짝놀란다 소스가 익으면서 고추장구이..?같은 달짝꼬소한 맛도 내고 암튼 마쉬쑴ㅠㅠ 아 근데 두번째에 우리가 구워먹을땐 내가 욕심부려서 소스를 넘 많이 뿌린탓에 넘 짰다ㅋㅅㅋ 역시 과유불급이거늘... 앞으론 적당히뿌리겠다고 다짐하고 돌아옴ㅋㅋ아 그리고 여기 고기가 나오기전에 된장찌개를 먼저 준비해주는데 이것부터 이미 맛있더라 구수하고 고소하고 다 함 아 여기 집앞이면 진짜 단골일거같은데 아니라 아쉬웠다ㅠ양도 많아서 가성비도 꽤 좋고 직원들도 다 친절해서 뭐하나 빠지는게 없는 곳이다 강추!.갈매기살+뽈살 (₩26,000).맛 ★★★★가성비 ★★★★총점 ★★★★",맛있다
1429,장군집,즌짱,"매번 웨이팅 덕에 포기했던 장군집- 평일 8시 좀 넘어 갔더니 길게 안 기다리고 들어갈 수 있었습니다.먹어보니 웨이팅이 있는 이유를 알겠어요. 갈매기살, 뽈살 반반 시켜서 먹는데 너무 맛있어서... 반근 더 주문ㅎㅎㅎㅎ부속고기 진짜 좋아해서 몇 년 전에 방송 보고 청주에 있는 장군집을 찾아갔을 정도였는데... 여기가 더 맛있어요 (속닥속닥) 그리고 알바분들이 고기 구워주시는데 재밌는 얘기도 해주시고 (막 전역한 친구놈들과 군대 얘기..ㅎ) 서비스도 좋아요. 테이블 마다 음료 서비스가 나갔는데, 저희 테이블은 1.5리터 콜라... 세 명이어서 그런가 좀 더운 자리여서 그런가 통 크게 주셨어요... 게다가 반근 더 주문할 때 돼지껍데기도 서비스로 주셨습니다. 허허,, 아, 돼지 껍데기 나올 때 치즈 소스도 나오는데 치즈를 불에 녹여서 돼지껍데기 찍어먹으면 색다른 맛을 느낄 수 있어요. 어 근데 사실 개인적으로 돼지껍데기 보다 고기를 치즈에 찍어 먹는 게 더 맛있었어요. 그리고 김치말이 국수 .. 더운 불판 앞에서 고기 먹고 마무리로 시원하게 먹으면 세상 행복 별 거 없구나 하는 생각을 하게 됩니다. 맛있는 고기 먹고 맛있는 국수 시원하게 먹고 나면 행복의 지름길이에요. 희희",맛있다
1430,장군집,muk_so.o,예전에 갔는데 지금 쓰는 나 반성해ㅜㅜㅠ친구가 알바했던 곳이라 맛있는거 사준다고 따라갔다. 이때 아마 파전 먹고 2차로 갔었던 것 같은데 고기 씹는 맛도 괜찮았지만 특제소스였나? 그게 아직도 생각난다. 또 가야지 채썬 파가 들어갔던 것 같은데 파향 장난아니었던걸로 기억한다. 불맛 입힌 파향!! 그리고 친구찬스로 김치말이국수도 먹었는데 맛있고 양도 많았었다. 그리고 친절하셨던 걸로 기억한다.,맛있다
1431,장군집,조소,맛있다. 다만 웨이팅이 좀 있고 협소한 편이다.,맛있다
1432,장군집,음파룸파,"회기에서 유명한 고기집, 장군집.  평소에 웨이팅이 살인적이라 하여 5시 오픈에 맞추어 들어갔다. 아니나다를까 이미 한팀이 같이 오픈시간을 기다리고 있었고 한시간후 가게가 어느새 만석이 되어있었다.  뽈살과 갈매기살이 메인이다. 평은 다음과 같다. 고기는 나쁘지 않고 괜찮은 편이며, 고기에 발라져 나오는 소스가 특이하다. 단맛이 나는데 질리는 단맛이 아닌, 감질맛나게하는 맛이다. 따라서 먹을때 쉽게 안질리고 먹을 수 있었다. 특히 뽈살은 기름져서 두명이서 한근을 먹다보면 질릴 수 있는데, 양념소스 덕분에 다 먹을 수 있었다. 이와 더불어 친절한 서비스가 감사한 고기집. 바쁜 와중에도 친절하게 잘 응대해주셔서 감사했고, 테이블당 사람수에 맞게? 음료수를 제공해주시는 서비스가 고마웠다. 추가로 시킨 고기가 늦게 나오자 껍데기를 서비스로 주셨는데,  껍데기는 별로였다. 구워도 구워지는줄 모르겠고 힘이 없이 흐물거려 손이 잘 안갔다. 회기에서 특별한 고기를 맛있게 먹고싶을때, 추천할 수 있겠다. 3.7/5.0",괜찮다
1433,장군집,Poro,고기는 정말 맛있습니다. 하지만 나머지는 정말 이해할 수 없는 수준입니다. 밥도 돌같고.. 쌀 자체가 너무 안좋은 것 같고 국수도 최악입니다. 다음에 오게 된다면 햇반을 사가지고 가야할 거 같네요 .. 그럼에도 불구하고 고기는 맛있습니다.,괜찮다
1434,장군집,포노포노,제 주변 지인들이 회기 최고 맛집이라고해서엄청난 기대를 하고 갔습니다ㅎㅎ그치만 기대가 너무 컸나봐요ㅠㅠ 막 엄청 존맛!!!!!!이렇게 말하기엔 힘들었어요그리고 뽈살이 굽기가 힘들다보니 2판째에 저희가 구울때에는 다 태우고ㅠ__ㅠ막 그정도로 극찬할 집인가...? 했습니다ㅠ고기부위는 다르지만 개인적으로 저는 깡통집이 제 입맛에 더 맞는 것 같아요,괜찮다
1435,장군집,LeeSeunghyun,아 여러분 대체 왜 안가세요???!! 여기 사장님 레알 꿀잼 알바생도 꿀잼 그리고 뽈살반 갈매기반 시켜먹으면 캐존맛... 얼굴 한번 보시면 또왓냐고 서비스 맥주랑 껍데기 주시는 큰 인물들임 ㅠㅜ 넘 맛잇어,맛있다
1436,장군집,마시쪙,친절하다!! 장사를 참 잘하는 곳입니다 서비스마인드가 온몸에 덕지덕지 묻은 직원분들^^하지만 고기 자체가 특별한 맛이 있는 것은 아닙니다.... 가격대는 되게 괜찮습니다 ㅎ,괜찮다
1437,장군집,Lee,갈매기살이 정말 맛있는곳! 고기에서 달달한 맛이난다.,맛있다
1438,장군집,카시오14자리,갈매기살 가장 맛있게 먹는 방법.장군집을 간다!,맛있다
1439,감초식당,정쉐린가이드,오래간만에 배에 기름칠 좀 하고 왔습니다. 역시 남이 구워준 갈비가 맛있네요 ㅋㅋ,맛있다
1440,감초식당,빨강코알라,서비스가 최악이었다. 첫주문 4인분 말고 3인분으로 부탁드렸고 오케이 사인 받았는데 계산할때 우리들 먹은게 3인분이 아니라 4인분이라며 사과 한마디 없이 4인분 값을 결제하심. 끝까지 뭐가 잘못된지 모르셔서 음식맛은 괜찮았지만 다시 방문하고 싶지는 않다. 정말 최악의 서비스였다.,별로
1441,감초식당,chanwook_ie,"남이 구워주는 고기가 더 맛있다는 건 누구나 잘 아는 사실이다. 이곳 돼지갈비는 직접 구워 먹는 게 아닌 연탄에 이미 다 구워서 나오며 양념이 달지 않고 삼삼하다.양이 생각보다 푸짐해서 밥을 시켜서 먹으면 둘이서 2인분만으로 충분히 배가 부르다. 노포 느낌을 선호한다면 본관으로, 쾌적한 시설을 선호한다면 별관을 가면 된다.",맛있다
1442,감초식당,북악,아는 맛위생 때문에 별로로 했어요,별로
1443,감초식당,반말했다존댓말했다,외진데 있지만 손님이 끊이지 않네용구워먹는것도 아닌데 좀 비싼가 싶었는데먹다보니 양도 많고 금액대비 괜찮았어요계속 먹으면서 종로의 황소곱창이 떠올랐...같이먹은 신랑이 엄청 만족하여 이 근처를갈일이 잇을지 모르지만 재방문 의사는 잇네용,맛있다
1444,감초식당,요닝,싸고 맛있어요!! 근데 막 엄청 맛있다까진 모르겠네요ㅎㅎ,괜찮다
1445,감초식당,파랑앤홍,20-25경동시장 골목에 숨겨져 있어서 접근이 용이 하지는 않지만 힘들여 찾아갈만 합니다다 구워서 주시는 돼지 갈비는 바싹파에게는 조금 아쉬울수 있지만 불향이 배어있는 달달한 돼지 갈비는 그 맛이 아주 일품입니다별다른 밑반찬이 없어도 하나하나 다 직접 만든 티가 나는 버릴것 없는 반찬이 정갈한 맛을 더합니다그리 과하지 않지만 음식에 대한 자부심을 가진 친절한 서빙도 오랜만에 느까는 기분좋은 대접입니다맛있는 갈비 한상 추천합니다방문추천 99%서비스 80%청결 75%주차불가,맛있다
1446,감초식당,gom,맛있음,맛있다
1447,감초식당,hedonist,너무 마싯는거 아닙니까;;;;; 젠장 일주일에 두번갔다고,맛있다
1448,감초식당,고독한미식가코스프레,"1. 광주가 고향이었기에 중간고사, 기말고사가 끝날때마다 담양 승일식당에서 돼지갈비를 뜯고 포장까지 해왔던 추억이 있다.2. 나이를 먹어 지금도 광주에 갈때면 가끔 승일식당을 방문하곤 한다. 승일식당도 많이 변했고, 내 입맛도 많이 변했는지 먹을만 하다의 느낌으로 변해가는게 아쉽기도 하지만 가끔가다 계속 찾고 있다.3. 서울의 감초식당은 알게된지는 3년이 되가고, 가끔 종로에 갈 일이 있으면 꼭 찾아가려고 노력한다. 13000원이란 가격에 무색하게 많은 양과 육즙이 가득한 돼지갈비를 먹을 수 있기 때문이다.4. 오늘도 종로에 갈 일이 생겨 여자친구와 찾아갔고, 처음 갔던 여자친구(승일식당 유경험자)는 딱 내가 좋아하는 스타일의 식당이라고 말했다.5. 오늘은 일하시는 분들이 약간 정신이 없어보이셔서 약간 산만했고, 옆 건물의 1층을 빌리셨는지 도로가 아닌 옆 건물에 테이블을 깔아져 있는 모습을 볼 수 있었다. 날씨가 좋아서인지 대부분의 손님들이 시간이 지나자 테이블을 들고 결국 도로에 테이블을 스스로 깔기 시작했다.6. 감초식당은 도로위 테이블에서 먹는게 역시 제일 제대로 즐기는 것 같다. 밑반찬이 훌륭하진 않지만, 갈비집에 밑반찬이 뭐가 필요 있으랴. 친한 지인이 애정하는 문래송원마포갈비에서 자주 약속을 갖지만 개인적으로 그집과 이집의 차이는 비교할 수 없다. 압도적으로 감초식당의 승이다. 연탄불에서 양념된 고기를 이렇게 완벽한 익힘정도로 그리고 속이 촉촉하게 구울수 있는건 정말 대단하다고 생각한다. 불과 몇달 전 방문했던 승일식당은 고기 속이 너무 퍽퍽해 맛있게 먹긴 했지만 아쉬운 방문이었다면, 이번 감초식당은 너무 행복한 방문이었다.7. 적고보니 감초식당과 문래송원마포갈비의 비교는 비교군이 맞지 않는 것 같다. 셀프로 굽는것과 구워서 나오는 방식의 차이가 있기 때문에...8. 나만의 결론- 감초식당 > 승일식당- 조박집 > 문래송원마포갈비",맛있다
1449,감초식당,장희,동대문 경상도집의 아드님이 하신다는 곳. 여기가 더낫다는 글을 몇번 본 것 같은데 반찬이조금 다르고 카드가 가능한게 장점.  2인분부터 가능한데 1인분 1.3에 밥별도. 내취향으론 좀더 태워줬으면 하지만 그거외엔 딱히 흠잡을 곳 없이 맛있는데 양이 좀 적은 것 같아서 가격대비 만족도는 떨어졌다.  먹고나와서는  재방문할정도는 아니라고 느꼈는데 곰곰히 생각해보니 딱히 부족한 것 없이 맛있게 먹었다. 보통 이정도면 맛있다 주는데 첫인상대로 괜찮다로..,괜찮다
1450,감초식당,ethanghymn,"서초역쪽에 갔다가 창신동 완구거리에 갈 일이 있어 그쪽 근방에 갈 만한 곳이 있는지 세이브 해 둔 리스트를 살펴봤는데, 가족이랑 같이 가다 보니 혼밥이 불가능한 가게 위주로 골라 몇개가 추려졌는데 일요일이다보니 가게가 영업을 하는지 또 요즘은 브레이크타임이 있는 가게가 많다보니 전화해서 확인 후 마지막에 추려진 집이 감초식당, 춘천메밀막국수, 식닷컴이었음. 이 중에서도 어린아이도 좋아할만한 곳을 고르니 감초식당과 식닷컴이었는데, 창신동 완구거리에서 인형을 사고 나와 가다가 정한 곳이 감초식당이었음. 그쪽으로 향하면서 주차는 어떻게 하는지 전화로 문의하니 오늘은 일요일이라 가게들이 닫아서 그냥 가게 근처에 주차를 하면 된다고 하셔서 좋았음.네이버지도가 안내하는대로 감초식당이 있는 골목으로 들어서서 가게 주변인거 같은 골목 한편 빈자리에 주차를 하고 가게로 향함. 가게를 찾다 보니, 가게 안내표지가 보이는데, 차를 주차한 골목이 아닌 사람만 다닐 수 있는 좁은 골목 사이로 들어가서 반대편 골목으로 나오니 거기에 가게가 있었음.난 TV에 나온 가게라고 해서 좀 규모가 있을 줄 알았는데, 비교적 아담한 사이즈의 가게였음. 2시반쯤 도착했는데, 가게 내부엔 손님들이 어느정도 차 있었고 빈자리에 앉아 메뉴를 살펴보니 돼지불갈비가 1인분에 300g인데 최소 2인분 이상 주문이 가능해서, 우린 어린아이까지 3명이었는지라, 2인분을 먼저 주문하고 모자르면 추가로 1인분을 주문하려고 했으나, 아주머님이 추가로 주문시에도 최소 주문 단위가 2인분 이상이라고 하셔서 어떡하나 고민에 잠깐 빠짐.옆 테이블에서 식사중이시던 커플분께 양이 넉넉한가요라고 여쭤보니 넉넉한 편이라고 하셔서 2인분만 주문함.곧, 물과 밑반찬들이 나옴. 수저통 위엔 오프너가 올려져 있었는데 고춧가루가 묻어있는게 보여서 주위를 살펴보니 테이블 위엔 냅킨이 아닌 두루마리휴지가 놓여있고, 가게는 지저분하진 않았지만 전체적으로 청결의 부분에선 좀 아쉬운 느낌이었음. 조금 더 청결에 신경을 쓰는 가게였으면 좋았겠지만 이런 가게에선 흔히 기대할 수 있는 정도였음.곧 물과 밑반찬들이 나왔는데, 심플한 찬 구성중에 눈을 끄는건 영양부추절임이었는데, 맛을 보니 역시나 새콤달콤하면서 맛이 있어서 중간에 한번 리필도 함. 그 외에 다른 반찬들이나 마늘, 청양고추, 상추등은 다 무난했고 배추된장국은 괜찮았음.밥이 같이 나오나 했는데, 따로 주문을 해야 되는거 같아서 공기밥은 따로 주문함.곧, 돼지불갈비가 나옴. 양은 메뉴에 써져 있는대로 1인분에 300g이어선지 넉넉하다고 까지는 모르겠어도 적지는 않았음. 이 집을 오고 싶었던 가장 큰 이유 중에 하나는 권오찬님의 리뷰에서 봤던 돼지불갈비가 간장베이스양념이었기 때문인데, 난 고추장 양념의 고기는 강원도 홍천 양지말 화로구이에서만 한번 맛있게 먹어봤을뿐 고추장양념은 그냥 안 좋아해서 다른데서는 한번도 먹어본적이 없고 앞으로도 먹을 계획은 없음.돼지불갈비는 연탄불에 적당히 그을리게 구워져 맛있어 보였는데, 한 점을 집어서 맛을 보니 처음 느낀건 진짜 갈빗살 부분이란 거였음. 보통 돼지갈빗집을 가도 갈빗살부분보단 목살이나 다른 부분이 같이 나오는 경우가 많은데 여기껀 식감이 딱 갈빗살 부분이었음.그리고, 양념은 은은해서 너무 달거나 하지 않아서 많이 먹어도 질리지 않는 류의 것이었음. 살짝 더 달짝지근해도 좋을거 같았지만 어찌보면 자극적인 양념갈비를 먹다 이런 비교적 슴슴한 양념의 갈빗살을 먹으니 뭔가 자극적인 함흥냉면을 먹다 강원도에 가서 슴슴한 비빔양념의 춘천막국수를 맛보는 느낌으로 좋았음. 거기다, 테이블에서 구워 먹는게 아니다 보니 냄새가 배지 않는 것도 좋았음.맛있게 먹고 주변에 있는 다른 세이브 해 둔 40년전통그시절그맛가게에 들러서 도넛이나 꽈배기도 디저트로 맛보고 싶었지만 가족일원이 갈데가 있어서 집에 빨리 가야되서 바로 지척인데 가지 못해서 서운한 마음으로 집으로 향함. 더워서 에어컨을 틀고 가는데, 가족일원이 여름노래 메들리를 차에서 틀었는데, 인디고의 여름아 부탁해가 흘러 나오는데 바깥 풍경을 보니 파란 하늘에 흰구름이 떠있고 저 멀리 롯데타워가 선명하게 보일만큼 공기도 깨끗해서 여름에 강원도 해수욕장에 가는 느낌이어서 기분이 풀림.전체적으로 청결함에서는 살짝 아쉬운 부분이 있지만 국내산 돼지불갈비를 슴슴한 양념에 재워 진짜 갈빗살로 비교적 넉넉한 양을 연탄불에 구워진 걸 맛볼 수 있어서 좋았고 재방문 의사 있음",맛있다
1451,감초식당,권오찬,"* 한줄평 : 경동시장의 삼대천왕 돼지갈비 맛집1. 동대문 경동시장 약령시 한켠에 자리잡은 돼지갈비 식당인데, <연탄불로 주인장이 직접 구워내는 시장 맛집>이란 희귀 캐릭터때문인지 삼대천왕, 식신로드 등 유명한 프로그램에 꽤 많이 소개되었다.2. 식당의 메뉴나 특성 등이 <경상도집>을 바로 떠올릴 정도로 겹치는 부분이 많아 알아보니 경상도집 할머님의 자제분께서 운영하는 식당이라고 한다. 연탄불로 구워내는 것하며 반찬 구성이 거의 비슷하다. 다만 이 곳은 환경 정리를 하신 것인지 청결하며 신용카드 결제가 된다는 점에서 차별성이 있다.3. 조리 실력은 노력에 의해 개선될 순 있어도 고기를 구워내는 것은 <짐승같은> 선천적 본능이라는 이야기를 들은 적이 있는데..<직화>로 고기에 불맛을 입히며 타지는 않게, 그러나 육즙은 가두어 촉촉하게 구워내는 것은 실제 생각보다 쉬운 일이 아니다.4. 잘 구워낸 갈비는 <뼈>를 뜯어보면 알 수 있다. 물었을때 어느 정도 씹을만한 양의 고기가 얼마나 잘 발라내지는지가 척도인데 이정도 굽기 스킬이라면 밥 따로 1인분 13천원의 가격이 괜찮다고 생각된다.5. 고추장 베이스의 쌈장이 의외로 괞찮다. 주인장 입장에서도 권장하는 조합이 상추와 마늘/고추, 쌈장과 고기 조합인지 반찬이랄만한 것이 별로 없긴 해도 부족하진 않다. 주연인 연탄불 돼지갈비의 불향을 돋보이게 하기 위해서라도 나쁘지 않은 선택이라 본다.# 추가잡설 1이 식당이 자리한 약령시는 대한민국 한약재의 70%가 유통되는 약재 전문시장이다. 본래 이 곳은 조선시대 중급 관리들과 여행객들의 숙소가 있었던 <보제원>이 있었던 곳이다. 보제원이라는 이름에서도 알 수 있듯이 백성들의 몸을 보하고 가난을 구제하는 구휼기관의 역할도 하다보니 인근에 약재상이 모여들며 자연스럽게 약초 거리로 형성되었다는 것이 정설이다. 참고로 <이태원> 역시 보제원과 같이 조선시대 관리들의 숙소였던 곳이였는데 자연스레 지역명으로 굳어진 케이스이다.# 추가잡설 2상호명이기도 한 <감초>는 약재의 독성을 중화시켜 조화롭게 시너지를 발휘할 수 있게 하는 약초이다. <약방에 감초>라는 표현이 있을만큼 한약 조제에 널리 사용된다. 이 식당이 감초식당으로 명명한 것도 약령시와 연관이 있다고 해석된다.",맛있다
1452,감초식당,한승규(황태자),오랜만에 경동시장 나들이 후회없는 식사.,맛있다
1453,고수찜닭,백유성,"""추억 속의 찜닭아 거기있니.""고수찜닭을 먹고 찜닭의 세계에 눈을 떴었더랬다.대학 신입생때 찜닭은 상당히 고가의 음식이었는데. 유독 고수찜닭은 먹어보고 싶었다.그러던 어느날, 상당히 고학번 선배가 밥을 사주겠다고 한 적이 있다.뭐 먹고싶은거 있니? 라는 질문에, ""음! 저 아무거나 잘먹습니다!""라고 답하는게 보기 좋았으리란 것은 눈치로 알고 있었다. 적어도 싸고 저렴한 것을 말하든가.그럼에도 불구하고, 너무도 곧바로 저 찜닭이요! 라는 말을 뱉었는데, 순간 동아리 분위기가 묘해졌던게 기억이 난다.(나만의 착각은 확실히 아니었다.)민망하든 어쩌든 결국 찜닭을 얻어먹을 수 있었고 고수찜닭은 짜릿하게 맛있었다.시간이 지나고 이사까지 간 고수찜닭은 여전히 사람 많은 맛집으로 남아있었다.그런데 왜 이렇게 맛이 쌉싸름해졌는지.내가 변한건지 고수찜닭이 변한건지.",괜찮다
1454,고수찜닭,뿌디,"— 간장찜닭<<<<볶음밥 —회기, 외대 정문 쪽 골목에 지점이 2개 위치해 있다.여기 찜닭은 간장베이스로 살짝 매콤한 것이 특징이며 순살 및 뼈 중 원하는 것 선택 가능.찜닭을 먹고 볶음밥은 반드시 먹어줘야 하는 메뉴인데, 버터에 고소하게 바짝 익힌 누룽지밥을 양념에 쓱싹 비벼 먹으면 고소짭짤한 맛이 요동친다.+ 서빙하시는 분들이 조금 불친절했던 것으로 기억.그 외 나머지는 매우 만족!",맛있다
1455,고수찜닭,제와피,"맛있는 고수찜닭.. 세트로 해서 먹으면 좋고 마지막 볶음밥까지 꼭 드세요..!! 누룽지 볶음밥은 세상 최고인것,, 외대 주변에서 찜닭먹고싶을때 항상 가는곳이에요:-)",맛있다
1456,고수찜닭,dotori,3/10흐음?,괜찮다
1457,고수찜닭,미콩,교수님 잘 먹었습니다다만 맛집은 아닌 것 같아요그냥 평범한 체인 찜닭 같습니다그래도 내X닭 이런데보단 나을 것 같네요,괜찮다
1458,고수찜닭,ei,진짜 정말정말 맛있음 1-2인분 시켜서 22000원 나왔음 처음에 양 적어보였는데 먹다보면 배부르고 누룽지에다가 소스 비벼서 먹으면 진짜 최고,맛있다
1459,고수찜닭,ㅇㅅㅇ,둘이 먹기에 양이 많지만 맛있어서 다 먹기 된다아무리 배불러도 누룽지로 볶음밥 꼭 먹어여함!!!!!!,맛있다
1460,고수찜닭,두끼,살면서 먹어본 찜닭 부동의 넘버원 고수찜닭❤️1학년때부터 졸업을 앞둔 지금까지 학교에 갈 일 있으면 무조건 들르는 곳이에요. 사장님께서 정도 많으셔서 단골은 정말 잘 챙겨주십니다! 학교에서 만난 일본인 친구도 한국 놀러오면 고수찜닭은 꼭 먹어요ㅋㅋㅋㅋㅋ 그정도로 맛있어요. 고수찜닭은 순한맛보다 무조건 중간맛or매운맛 + 넓은당면 + 볶음밥이 진리에요. 볶음밥은 누룽지로 나와서 양념과 쓱쓱 비벼먹으면 진짜 JMT입니다❣️ 졸업하고 30대 40대가 될 때 까지 학교에 온다면 꼭 방문할 곳이에요. 고수찜닭때문에 다른 찜닭은 성에 안찹니다 ㅎㅎㅎㅎㅎㅎ 혹시 외대에 방문하신다면 꼭 방문해보세요!,맛있다
1461,고수찜닭,김양배 112,막 엄청 맛있는건 아닌데 묘하게 꾸준히가게됨 가격도 괜찮고,괜찮다
1462,고수찜닭,망둥,외대 앞에서 찜닭하면 고수찜닭이죠!늘 실망시키지 않는 무난한 찜닭의 맛이고넓은 당면 넣어서 보통맛으로 먹으면 맛있습니다ㅎㅎㅎ 마지막에 누룽지 밥으로 볶음밥 해드실 수 있는데 그것도 맛있어요!이거 드시러 올 정도는 아니지만 근처 오면 한 번 먹어볼만해요!,괜찮다
1463,고수찜닭,삐리뽐,재방문 의사 100%배달로 먹어도 매장가서 먹어도 언제나 맛있는 고수 찜닭이다여기서는 꼭 볶음밥 먹어줘야한다,맛있다
1464,고수찜닭,삐리뽐,정말 최고입니다..순살로 시키는 것을 추천드려요. 순살 시키면 퍽퍽한 살이 아닌 부드러운 살이 많습니다. 그리고 뼈있는건 발라먹기가 상당히 귀찮으니까..양념도 정말 맛있고 (김치랑 동치미는 좀 맛이 없지만 메인은 찜닭이니까..) 마지막에 먹는 볶음밥이 진짜 최고입니다 볶음밥을 꼭 드세요! 세트 메뉴 시키면 찜닭이랑 볶음밥이랑 음료수랑 나와서 두명이서 그거 먹으면 딱입니다!인스타에 올리면 1000원 할인도 해줘요,맛있다
1465,고수찜닭,AlexTheFood,"170412.맛 ★★★☆ 분위기 ★★★☆ 가성비 ★★★☆ 재방문 의사 있음 주문한 메뉴 (2명 방문) 2인 세트 (찜닭小 + 음료 + 공기밥2개 or 볶음밥1개) - 19000원 순살 변경 - 2000원 볶음밥 추가 - 2000원 총 23000원내가 외대 앞에서 친구와제대로 된 밥을 먹고 싶을 때항상 방문하는 내 외대 최애 식당,고수찜닭.오후 2시쯤 갔는데웨이팅이 있어서 조금 당황했다.고수찜닭에서 처음 해보는 웨이팅...기다리는 동안 고수찜닭 앞의시험기간 나만큼이나 답답해보이는 강아지와함께 놀아주며 시간을 보냈다.그래도 10분만에 바로 들어가서늘 먹던 '1~2인 세트' 주문.맛은 순한 맛, 보통 맛, 매운 맛 중보통 맛,당면은 넓은 당면, 일반 당면 중넓은 당면,음료는 콜라, 사이다 중콜라,공기밥 2개 대신 볶음밥 1개에1개 더 추가하고 순살로 변경!남자 2명이서 먹으면조금 많거나 딱 적당하다.고수찜닭은 봉추찜닭보다약간 더 MSG 맛이 난다.짜파게티 맛이라고 해야하나...?물론 약간 매콤한 찜닭 맛이지만은은하게 짜파게티 스프의 맛이...아주 조금 난다.그래도 내가 봉추찜닭보다이 곳을 더 선호하는 이유는 바로순살 메뉴가 있어서!심지어 부드럽고속까지 양념이 잘 배어있다.난 항상 찜닭을 먹을 때일반 당면보다 넓은 당면을 선호하는데,왠지 넓은 당면은 표면적이 넓으니까소스가 더 잘 배일 것 같아서...?(이상 문과였습니다.)그래도 찜닭은 역시닭과 당면이 제일 맛있다.다 먹은 다음에는 처음에 주문한볶음밥 (누룽지 밥)이 나오는데,내가 제일 좋아하는 메뉴이다.누룽지가 나오기 전내가 야채들을 가위로 미리 잘라놓으면,그 위에 누룽지를 얹고 섞어 먹는 볶음밥!식감이 안 좋은 고추는 미리 빼놓고나머지 야채들을 잘게 잘라서누룽지 밥을 비벼 먹으면,누룽지의 그 바삭한 식감에소스가 눅진하게 스며들어서입 안에서 적당히 조화를 이룬다.절대 실패하지 않는,평타 이상치는 내 최애 식당.고등학교 친구, 대학교 친구,군대 선임, 아버지까지여기에 수 많은 사람들을 데려왔지만,정말 누구를 데려가도'맛있다'거나 '괜찮다'둘 중 하나의 반응이었다.물론 '엄청 맛있다'는 보장할 수 없다.하지만 1인당 만 원에 괜찮은 밥집은여기가 최선일 것이다.쓸데없이 점심에 대한의견들이 분분할 때는그냥 여기를 가도록 하자.+가게 이름이 한자로'古秀찜닭'이라고 적혀있으니헷갈리지 않도록 하자!",괜찮다
1466,고수찜닭,*,"#찜닭(보통맛)+볶음밥1+음료수1 19,000 #공기밥1개  1,000맛있고 저렴해서 짱 조아요.. 근데 하필 간 날 타이밍이 착석하고 정확히 30분뒤에 음식나왓어요. 주문 밀려서 그럣다는데 그럼 착석할때 음식 밀렸으니 나오는데 얼마정도 늦게나오겠다는 양해의말이라도 있었으면 좋았을걸 나오자마자 성질나서 사진도안찍고 먹었음요ㅋ 근데 맛은 있다요...",맛있다
1467,고수찜닭,해연,외대앞에서 자취할때 혼자 시켜먹었었는데 너무 맛있었어요. 누룽지볶음밥은 선택이아닌 필수♡,맛있다
1468,고수찜닭,소금,볶음밥이 있는 찜닭집,괜찮다
1469,고수찜닭,AlexTheFood,"저번에 너무 맛있었어서 오늘 친구랑 또 왔어요! 근데 두번째라 그런지 첫번째만큼의 감동은..ㅋㅋㅋㅋㅋ 그래도 역시 가격대비 양과 맛은 좋아요!찜닭 소 + 음료수 + 볶음밥 세트(19000원)로 먹었구, 저번에 보통 맛이 저흰 조금 매웠어서 이번엔 순한 맛 했는데 순한 맛이 제 입맛엔 더 잘 맞는 것 같아요! 여전히 배부르게 먹을 수 있다는 점이 마음에 들고(남자 둘이 먹었음) 친구 입맛에는 밥 하나만 비볐더니 너무 짜다고 다음에는 하나 추가시켜서 두 개 비비고 싶다고 합니다- 전 따로 추가 안시켜도 맛있었는데 친구 의견도 같이 적어보아요!두 번이나 왔으니 다른 곳도 가다가 찜닭이 또 생각나면 재방문 의사 200%에요 :)",괜찮다
1470,고수찜닭,AlexTheFood,찜닭 '소'세트로 넓은 당면에 보통맛 시켰어요!세트는 19000원인데 순살로 하면 2000원 추가해서 맛있게 먹었습니다.21000원에 찜닭 '소' + 음료 + 볶음밥(누룽지)까지 나오는데 개인적으로 보통맛은 좀 매워요- 다음엔 순한 맛에 넓은 당면으로!이 곳은 볶음밥이 맛있습니다! 누룽지 식감이 좋아요 :),맛있다
1471,고수찜닭,E.T Jun ,외대앞에서 찜닭을 먹는다면...둘이서 세트로 시켜먹으면 딱임.맛도 순한맛 보통맛 매운맛 선택할수있고 당면도 납작당면 보통당면 선택할수있음. 특히 다먹고 나서 바삭한 볶음밥을 국물에 비벼먹으면 마무리완료.,맛있다
1472,이모네파전,jy,"역시 회기최고의 파전집.....다른곳을안가보긴했지만 유명한이유가 느껴지더라구요. 비오는날 막걸리에 파전먹으러들 많이 북적댔지만 창가에서 창문열고앉아서 괜찮았어요.세트주문은 아녔지만 음식기다리는동안 아주머니께서 떡볶이 서비스로주셔서 감사히 맛있게먹었습니다:) 아주머니센스♡해물파전도 맛있었지만 고추튀김도 너무 맛있었어요추천메뉴: 해물파전, 고추튀김",맛있다
1473,이모네파전,이리저리,E세트 19000원 - 파전 떡볶이 도토리묵 콘치즈가성비좋고 맛있어요파전이 젓가락으로 찢을때마다 너무 조각조각나는건 아쉬웠지만 그래도 맛있어서 좋았습니다,괜찮다
1474,이모네파전,푸딘싸,그 시절 우리가 좋아했던 이모를 만나고 왔다. 십 년 전 겨울에도 왔었다. 방학을 한 대학가지만 여전히 만석이다. 십 년 전 얘기를 하려다. 라떼 이즈 홀스를 생각하며 참았다.이모의 해물파전은 겉바속촉이다. 튀김 가루를 무친 듯이 바삭하다. 두툼하지만 속은 찐빵처럼 촉촉하다. 고소함과 약간의 단맛이 입에 촥 붙는다. 해물은 오징어뿐인가. 라는 생각은 한참 뒤에 든다. 그때쯤이면 생각이 잘 안된다. 파전과 막걸리에 묻힌다.이모는 파전 전문가이시다. 세트와 함께 나오는 음식도 맛있지만. 파전이 으뜸이다. 기본 안주로 나오는 건빵 튀김도 맛있다. 주머니에 담아 오고 싶은 걸 참았다. 그 시절 우리가 좋아했던 이모답게 가성비는 여전히 좋다. #해물파전 10000원 #세트메뉴 20000원 #부여알밤막걸리 4000원 #인스타그램 푸딘싸 @foodinssa,맛있다
1475,이모네파전,셔니,세트메뉴가 다 살렸어요파전은.. 파빵튀김이라고 해도 될정도로 두툼하고 기름집니다파전이 아니에요그치만 세트메뉴가 다양하고 가성비 좋아요파전 먹으러 가진말고 여럿이서 막걸리 먹으러 갈만한 집이에요,괜찮다
1476,이모네파전,미동이,세트 비추나머지 맛없음,괜찮다
1477,이모네파전,민지,일단 두 명이 가는 건 비추입니다ㅠㅠ 최소 셋 정도는 되어야 할 것 같아요 맛은 있는데 뭔가 맛보다는 양으로 승부하는 집같아요얇고 바삭한 파전을 생각했는데 여긴 매우 두툼해요ㅎㅎ그리고 엄청 시끄럽고 정신없어요 사람이 워낙 많아서ㅠ단체로 가면 좋을 것 같아요!소수 인원으로 막걸리 한 잔하고 싶으시면차라리 옆에 있는 식당 추천합니다~~,괜찮다
1478,이모네파전,Ray,파전이 바삭바삭하긴 하지만 맛 자체는 그냥그랬어요. 옥수수도 생선구이도 떡볶이도 닭볶음탕도 다 그냥그런 맛 아니면 그 이하. 괜찮다와 별로의 중간 정도지만 재방문할 일은 절대 없을 거라 별로라고 했어요.,별로
1479,이모네파전,수원이,"비오는 날, 저녁으로 막걸리한잔하러 방문했습니다.이번엔 파전+김치지즈전 세트를 주문했어요.전이 나오기 전, 떡볶이 건빵 김치가 나오는데 셋 다 양이 좀 부실~~ 해보여요. 주다가 만 느낌 ㅎㅎ 하지만 반찬정도니까 그러려니 넘어갈 정도에요.옥수수콘도 무난무난 맛있습니다.저희 들어올땐 텅텅이었는데 주문하고나니 매장이 꽉 찰정도로 사람이 몰렸습니다. 때문인지 전이 굉장히 늦게 나왔어요.기다림끝에 먹은 전은 정말 두껍고 양도 많고 안에 내용물도 실했어요. 해물파전이지만 그냥 오징어파전이라고 생각하면 돼요. 오징어밖에 없습니다.하지만 오징어가 아주 실하게 들어있어서 좋았어요.양파간장과 함께 먹으니 아주 조화롭습니다.김치치즈전 첫 생김새는 꼭 빵같아요.찢어서 먹다보니 오징어와 김치가 듬뿍 들어가있어 좋았습니다.하지만 먹다보니 너무 기름져서 금방 물려서 많이 못먹었어요.양을 좀 많이 남겨 포장이 되냐고 물었지만 너무 바빠서인지 해준다고 하시고 아무리 기다려도 안해주셨어요,, 너무 바쁘셔서 그냥 나왔습니다,, 비오는 날에 가서 분위기도 좋고 아주 배부르게 먹을 수 있었습니다만 친절을 기대하기 어려웠고 먹다보면 물리는 맛이 아쉬웠습니다.",괜찮다
1480,이모네파전,만종스,"아주 오랜만에 이모네파전 방문! 가성비가 넘치는 곳이다 3명이상이 오는게 최고. 우리는 파전+곱창전골 세트로 시켰다파전은 두툼하니 역시 양이 꽤 된다 근데 부위별로 골라먹으라고 만든건가ㅋㅋㅋ 오징어만 몰려있는 곳, 대파만 몰려있는 곳, 쪽파만 몰려있는 곳으로 나뉘어있다 오징어가 특히 심해서 결국 다 파헤쳐서 우리가 대충 나눠 올려먹음 ㅎ 맛은 괜찮은데 좀 더 잘 쓰까주셨으면... 아 그리고 먹다보니 대파랑 똑같이 생긴 두툼한 비닐이 나왔다 재료를 썰어서 쏟아넣을 때 봉지가 같이 썰려 들어간거같은데 아무리 바빠도 이런건 조심하셔야 할 듯,,곱창전골은 푸짐한건 아니지만 술한잔 기울이며 국물안주하기 좋다 야채곱창의 국물버전인 맛! 친구는 어딘가 맹맹하다고 했는데 나는 뭐 괜찮았음떡볶이는 엄청 늦게 나왔는데 다나가서 새로 끓인 듯 싶었다 딱 끓인지 얼마 안 된 간이 덜 밴 느낌으루 나왔음 원래 걍 사이드느낌으로 먹는거니까 신경안썼다콘치즈는 콘샐러드에 치즈올려서 구운 느낌이다 야채가 어느정도 들어있어서 아삭&상큼함이 있음 하지만 이건 떡볶이보다 더 늦게 나왔었는데 너무 오랫동안 안나와서 보니 우리 테이블을 잊고 다른 곳부터 계속 나가고 있었다^^.. 하핳동동주도 마셔봤는데 5천원이지만 양이 꽤 많다! 맛은 막알못인 나로썬 막걸리랑 큰 차이를 못느낌. 하지만 적당히 달고 마시기 괜찮았다전체적으로 사람이 많아서인지 메뉴가 아주 늦게 나오고 어디에 뭐가 나갔는지 정리가 잘 안된다는 느낌이 계속 들었다 이것저것 많이 나와서 가성비는 좋은데 파전 상태를 생각하면 전체적인 평은 그닥,,ㅎㅎ.D set (₩20,000)항아리동동주 (₩5,000).맛 @@가성비 @@@@@총점 @@@*",괜찮다
1481,이모네파전,hedonist,이모네 마이쪙,맛있다
1482,이모네파전,즌짱,해물파전+곱창전골 세트 먹음. 파전은 진짜 바삭바삭... 맛있음. 함께 나오는 떡볶이는 맵고 단 게 자극적이고 안 맛있을 수가 없게 만들어졌음ㅋㅋㅋ 곱창전골은 한참 끓여야 진해져서 맛있음- 조아여 재방문 의사 있음,맛있다
1483,이모네파전,즌짱,리뷰 쓸 사진은 애진작에 지워버림. 파전 맛있음. 파전 골목이서 유독 이 집. 왜 사람들이 미친듯이 줄 서서 먹는지 알겠음. 비 오는 날이면 낮부터 줄 선다고 함. 곱창전골도 맛있다는데 못 먹어봄.. 파전이랑 떡볶이 존맛.,맛있다
1484,이모네파전,조소,양 엄청 많고 싸다. 살짝 기름질 수 있지만 이 동네 파전이 다 그럼 ㅋㅋㅋ 그렇다면 제일 맛있고 양 많은 곳이 최고 ㅋㅋ 맛은 이 동네 2위쯤 되고 양과 가성비는 1위이다. 자리도 많음^^,맛있다
1485,이모네파전,HanDongheon,비도오고그래서파전에막걸리,맛있다
1486,이모네파전,민뚜,파전은 겉은 바삭하고 속은 촉촉했고 느끼한걸 굉장히 못먹는 나도 무난하게 먹을 수 있었다. 떡볶이는 그냥 물컹했고 콘치즈는 치즈가 아쉬웠고 치즈계란말이는 치즈맛이 났지만 치즈가 보이지 않았다. 2명이서 g세트를 먹었는데 다 먹지못하고 남겼다. 3명이나 4명이 막걸리와 함께 먹는다면 딱 좋을거같다.재방문●●●○○맛●●●○○분위기●●○○○청결●●○○○,맛있다
1487,이모네파전,수연,두명이서 패기롭게 전 2개와 곱창전골 주문...직원 아주머니 두 분이서 그렇게 시키면 너무 많다고 10번 얘기했으나 듣지 않았다고 한다ㅇ<-<전이 두껍고 크기가 피자만합니다 두둥....파전 겉은 바삭하고 속은 부들부들 맛있었어여~~~:3김치치즈전은 맥날 햄버거에 들어가는 그 노란 치즈가 들어가서 느끼하고 좀 별로였슴미다ㅜㅜ 차라리 모짜렐라를 넣으시지...곱창전골은 평범했어요.동동주는 생각보다 탄산이 많아서 좀 별로였음.... (탄산 많은 막걸리를 싫어함)3시간 동안(?!) 열시미 먹어서 전 조금씩만 남기고 왔어여:9치즈콘은 맛없었어여.... 떡볶이는 그냥 괜찮았던 거 같은데 전 먹느라 배불러서 떡 하나밖에 안 머금;3둘이서 가신다면 욕심내지 말고 세트 하나만 시키시는 걸 추천!,괜찮다
1488,이모네파전,솔트,"파전은 나쁘지 않았어요. 가격대비 푸짐해요. 근데 동동주 맛이 이상해서 ""별로"" 드립니다ㅠㅠ 동동주 시켰는데 지나치게 신 맛이 나서 직원분께 드셔보시라고 하니까, 직원분이 동동주가 쉬었다고 ㅋㅋ 이거 드셔보시라고 하더니 아무 막걸리 한 병 주고 가셨어요. 여름이라 쉽게 쉬는 건 이해하지만 그래도 별로였어요. 비오는 날에 밖에서 기다리다 들어간건데ㅋㅋ 다음에는 다른 파전집 갈 것 같아요~",별로
1489,이모네파전,*,#파전+치즈계란말이+떡볶이+옥수수콘회기파전골목. 수많은 파전집 중에 항상 이모네파전만 만석이다. 신기하게도ㅋㅋ 우선 2명이서 셋트를 시키면 무조건 남을수밖에없다. 대식가인 나도 남길정도... 파전이 넘 크고 같이나오는 메뉴들도 많고 그리고 막걸리를 먹다보니 쉽게 배부름ㅜ 3명이서 셋트1이 조을거같다. 가끔 파전땡기면 회기파전 가곤하는데 나올땐 늘 배가 찢어질거같은 고통이..ㅋㅋㅋ,괜찮다
1490,이모네파전,JhY,파전집 모여있는 곳 들어가면 2층짜리 가게가 나온다. 줄서서 먹기도 하고 자리는 좁고 불편하며 항상 시끄럽지만 파전/막걸리 하러 오는 집이니 큰 문제는 없다. 파전+콘치즈+다른 요리 한두가지 해서 세트로 보통 2만원 정도였나 하는데 성인남자 3인분량은 되는거 같다. 둘이 갔더니 절반 남김... 파전이 매우 두껍고 실하다. 좀 느끼한 면도 있지만 양파간장 찍어먹으면 꿀맛.,맛있다
1491,이모네파전,dally116,저는 나그네 학사 이모네 중에 고르라면 단연 이모네 입니다. 물론 세 곳 큰 차이가 없는 것 같고 그냥 본인 개취와 어릴 때 어디 더 자주 갔냐 차이인 거 같아요~ 저는 이모네 빠였던 듯...어릴 때 생각나서 요즘도 가끔 한 번씩 가지만 아무래도 예전만큼은 못 챙겨주시는 듯 하여 조금 아쉽..추억의 장소인지라 길이길이 영원히 이 자리를 지키셨으면 하는 바람이 있어요.,괜찮다
1492,이모네파전,silvert,가격대비 양 좋고 맛도 괜찮아요,맛있다
1493,이모네파전,9호선 급행,전반적으로 음식이 달다구리한 편입니다. 그렇지만 과하지 않고 좋았네요. 2명이서 가면 도저히 먹을 수 없는 상당한 양의 파전+곱창전골+콘치즈+떡볶이+음료수가 2만원도 안 합니다. 여기에 동동주도 살얼음 동동 띄워서 맛있었구요. 유일한 단점이라면 기름 냄새가 어마어마해서 집에 와서도 파전 냄새를 즐겨야만 한다는 점이네요.,맛있다
1494,이모네파전,풀❤️,회기파전집 중에 여기가 제일 괜찮다는 얘기에 대학시절에 꽤 갔었어요~! 살짝 느끠한 파전과 전에 막걸리를 홀짝홀짝 마시다 보면 어느 샌가 눈이 풀린 스스로를 발견할 수 있을거에요ㅎㅎㅎ,괜찮다
1495,이모네파전,Margareth,My favorite place for eating pajeon and drink makgeolli.,맛있다
1496,고기야미안해,jy,싱싱한 회한접시가 술을 부르는 곳입니다. 대학가 중에 최고의 횟집이지않을까요. 너무시끄러운게 단점이라면 단점이지만 그게또 대학가의 묘미겠죠ㅎ 실컷 떠들고싶을때 가면 한껏 떠들면서 친구들과 수다떨기좋아요.,맛있다
1497,고기야미안해,Ray,"세트 메뉴로 시켜서 이것저것 다양한 구성으로 먹었는데요. 그중에서 진짜 맛있는 건 하나도 없었고, 그냥 무난하거나 아니면 비리거나 그랬어요ㅋㅋ 대학가 횟집이라 싱싱함을 떠나서 품질 자체가 좋은 걸 쓰는 곳은 아닌 느낌이에요. 아, 그래도 매운탕 국물이 칼칼하면서 맛있었어요. 맵찔이인 저한텐 매울 정도로 칼칼해서 많이 못 먹었지만요ㅋㅋ평일 저녁에 꽤 큰 매장이 꽉 차서 인기 있구나 싶었습니다. 화장실이 매장 내부에 있고, 좁긴 해도 깔끔해서 좋았어요.",괜찮다
1498,고기야미안해,루카스,"카스 별점 ★★★★☆ [4/5]<가성비 좋은 회기 횟집은 여기!>기본안주로는 콘샐러드, 김치전, 조개탕, 연두부, 다슬기, 생선구이를 주십니다. 다슬기를 쏙쏙 골라먹는 재미가 있어요. 김치전도 맛있어서 계속 먹고싶은 맛이지만 회가 나올때까지 참습니다.. 가게 곳곳에는 소주 뚜껑을 담는 통이 있습니다. 본인이 속한 곳의 통에 마신 소주의 뚜껑을 담고 그 통이 다 차면 아마 소정의 서비스를 주시는 것 같은데 아직 한번도 채워보지는 못해서 뭘 주시는지는 모르겠네요. ♥모듬회 대자(50000원): 싱싱하고 양이 많습니다. 대학가 앞이라 그런지 역시 가성비가 좋더라구요. 제가 학생때에도 참 인기가 많은 곳이었는데 아직 인기가 여전했습니다. 다 먹고 난 다음 주시는 매운탕도 칼칼하고 맛있습니다. 저렴한 가격에 배불리 먹을 수 있는 얼마 안되는 횟집 중 하나입니다. 가게 분위기도 괜찮구요. 다만 여자화장실은 큰 세탁기가 있어서 좀 불편합니다.",맛있다
1499,고기야미안해,미동이,회가 너무 두꺼워서 별로,별로
1500,고기야미안해,미동이,회가 급하게 땡길 때 갈만 하다,괜찮다
1501,고기야미안해,grace,"회기에서 이미 무지 유명한 맛집이에요!모듬회랑 새우튀김을 먹었는데진짜 만족스러웠어요!!특히 방어가 제철이라 그런지 완전 담백, 고소하면서쫄깃쫄깃했어요 *_*새우튀김도 정말 빠싹하고 맛있었습니당 ㅋㅋ(타르타르보다는 간장+와사비가 더 잘 어울렸어욥!!)졸업 전에 또 한 번 가야겠어요 크크",맛있다
1502,고기야미안해,즌짱,"경희대 근처의 가성비 좋은(?) 횟집이에요. 전어와 광어, 그리고 서더리 매운탕! 전에 왔을 때는 매운탕이 맛있었는데 이 날은 매운탕이 좀 별로였어요 ㅋㅋㅋㅋ ㅠㅠ 다들 왁자지껄하게 회에 술 마시는 분위기인 곳이고, 서비스가 좋아요. 예를 들면 저희 대화를 듣고 무슨 술 시킬지 알고 가져다 주시는 거나... 꽁치(?) 그 생선 구이 발라주는 거나... 이런 부분이 좋았어요.",괜찮다
1503,고기야미안해,기미상궁,"회기에서 가장 유명한 횟집중 하나 이옵니다.최근 골목식당 회기편에 나온 아주 유명한 골목에 위치한 집이옵고 뭐 이미 유명한 집이옵니다.소인도 전에 경희대 친구와 두어번 정도 들려본적있사오며 회기에서 “회먹을까?”하면 거의 이집으로 통하지 않을까 생각이 드옵니다.소인, 일행과 총 6명이 들러서 여러 스끼다시들을 자세하게 찍지는 못하였사옵니다만 부족하지 않고 다소 평타정도 치지않나 라고 생각이 드옵고 회는 나름 푸짐하게 나왔사오며 매운탕은 시원함이 부족하여 다소 아쉬웠사옵니다.",괜찮다
1504,고기야미안해,즌짱,연어 광어회 / 서더리 매운탕술이 들어간다 쭉쭉. 매운탕이 다 했다. 매운탕이 제일 맛있음,괜찮다
1505,고기야미안해,qwert,왜 이렇게 사람이 많은지 몰랐는데 이제 알게된 곳,맛있다
1506,고기야미안해,먹날두,경희대 회집인데쏘쏘,괜찮다
1507,고기야미안해,여진,별로였다.같은 연어면 옆 백수씨 간다.,별로
1508,고기야미안해,평양냉면 대법관,"경희대생의 성지, 고기야 미안해 입니다. 가격이 저렴한 편은 아니지만 술마시기에 너무 좋은 술집입니다. 쯔기다시가 빈약한게 흠이라면 흠. 하지만 경희대생들은 학교앞에서 믿고가는 횟집입니다~~~하 가고싶따...",맛있다
1509,고기야미안해,silvert,괜찮았습니다,괜찮다
1510,고기야미안해,구본홍,스폐셜 세트 B4명이라해서 추천받았는데 회의 양이 적음. 물론 그만큼 해산물이 나오긴 하는데 문제는 해산물이 맛이 없음. 조개살인 것 같았는데 비리고 쓴 맛이 났음.매운탕은 감칠맛이나 깊은 맛이 부족하고 매콤함만 있는 듯.더 오래 끓였으면 또 몰랐겠지만 그 전에 나온 음식들 때문에 매운탕에도 큰 기대가 없어서 그냥 몇번 떠 먹다 나옴.처음에 주는 김치전 꽁치 콘치즈는 맛있고 좋음.해산물보다는 회를 대자+중자 시켜서 많이 먹고 매운탕으로 마무리 하는게 가장 괜찮아보임!주위에서 맛있다는 말을 많이 듣고 간 곳이라 기대를 많이 했는데 아쉬움이 컸다.,별로
1511,고기야미안해,빈빈,충격의 코노..,맛있다
1512,고기야미안해,Pinguguguu,이근방 비슷한 가격대 횟집 중 신선도가 가장 믿음직 스럽다. 스끼다시도 많음,괜찮다
1513,고기야미안해,Lee,"가격도 싸고 가게도 깔끔하고 음식들도 다 깔끔하고 맛있다! 경희대앞 최애맛집. 사장님, 종업원분들이 친절하고 친근하시다.",맛있다
1514,고기야미안해,Nov09,연어보다 우럭이 정말 맛있었음.(몇점없어보이지만 엄청 두껍게 썰어줌) 김치전도 콘버터도 아주 맛남. 꽁치도 다 발라주시공 김치전 다먹으니 알아서 또 가져다 주시구. 서비스도 좋고 맛도좋았음. 자주 지나다니는데 망고덕에 가보게되다니. 경희대에서 회먹고싶으면 여기!,맛있다
1515,고기야미안해,happiermyo,연어+광어를 시켰어요 광어는 맛있는데 연어는 한번 얼렸다 녹인 느낌이 나더라구요. 가격대비는 괜찮습니다~ 김치전도 1번 리필했는데 두께도 도톰하구 새콤한 익은 김치로 구워서 맛있었어요!! 그리고 콘치즈~~가 정말 뜨끈뜨끈하게 녹은치즈 상태로 리필할 때마다 나와서 좋았어요~회만으로는 배가 부르지 않아 식사류를 시키기 마련인데 여기서는 김치전과 콘치즈때문에 밥값을 아낄 수 있네요! 꽁치도 한마리 구워져서 나오는데 가시를 보는 앞에서 직접 발라주십니다.소주 맥주 설중매스파클링 매화수 모두4천원인데 청하를 지금3천원에 팔고 있더라구요~~ 손님들도 굉장히 많고 시끌벅적하게 술한잔 하기 좋은 곳이었어요,맛있다
1516,규범곱창,로우니,여기 막창구이도 좋은데 야채곱창 진짜 맛있어요ㅎㅎ 약간 매콤하게 볶아주셔서 잡내도 없고 깔끔한 게 먹을수록 더 당기는 맛이에요ㅎㅎ 은근 동네에 돼지곱창류가 ㅂㄹ 없어서ㅠㅠ 웨이팅이 좀 있을 때가 많아요 웨이팅이 길진 않은데 2-3팀씩? 꾸준히 있는 편이에요,괜찮다
1517,규범곱창,미동이,홍**과 유사 ㄱㅊㄱㅊ,괜찮다
1518,규범곱창,쌀국수,"역시나 존맛!! 불막창이 생각보다 안 매운게 흠이라면 흠이지만 매운거 잘 못 먹는 친구랑 먹어서 괜찮았다 데리야끼 소스는 달달한데 물리지는 않는 신기한 맛! 계속해서 젓가락이 가는걸유.. 막창 자체의 퀄리티도 최고. 질기거나 잡내 심하지 않고, 입 안에서 녹는다! 너무 멀어서 아쉽다. 벌써 또 가고 싶다.. ㅠㅠ",맛있다
1519,규범곱창,ㅎㅎ,좋아하는 곱창집! 회기 주변에서는 곱창먹으러 여기로 갑니다! 홍곱창은 너무 웨이팅 심한데 여기는 맛도 홍곱창이랑 차이 안나는 느낌,맛있다
1520,규범곱창,쌀국수,데리야끼 존맛 ㅠㅠ다음엔 불맛 꼭 먹어봐야지,맛있다
1521,규범곱창,즌짱,"데리야끼 막창, 불 막창 먹었는데 둘 다 맛있습니당데리야끼 먹으러 홍곱창 안 가도 될 거 같음 ㅎㅎㅎ 불 막창은 맵다고 하셔서 얼마나 맵겠어~ 했는데 생각보다 좀 맵긴 했음 ^^... (맵찐이어서 그럴 수도 있습니다) 인테리어도 깔끔하고 맛있었습니당",맛있다
1522,규범곱창,Lydia,막창 첫 입문전화로 주문해서 포장으로:-)기다릴 필요없이 바로 준비해주셨음양념 막창 만천원막창인 만큼 양은 와 많다~는 아니었지만 혼자 먹기에 충분했다달콤매콤한 양념장을 주셔서 콕 찍어서 맛있게 쌈 싸먹음~,맛있다
1523,규범곱창,Jess,"기존에도 회기에서 엄청 맛집이라 자주갔었는데 리뉴얼 했더라구요!!!! 사장님은 그대로라 맛도 그대로 존맛탱 ㅠㅠㅠㅠㅠㅠㅠ 다른곳보다 야채곱창 양도 많아서 좋고, 막창은 맛이 필요없는맛.... 새로 데리야끼 생겼던데 먹고 기절할뻔...ㅋㅋㅋㅋㅋㅋ 분위기도 좋고 맛도 엄청나고!!! 심지어 세상 친절...ㅠㅠㅠㅠ 매일 저녁 곱창 막창 조지러 갈거에여.....♥️♥️♥️♥️",맛있다
1524,양대창구이전문점 왕십리,GG,"비싼만큼 맛있어요!!!! 술이 술술술들어감 직접 구워주시고, 반찬도 떨어지면 알아서 바로바로 리필해주세요. 다만 불이 바로 앞에서 있으니 좀 덥더라구요. 마지막 양밥도 꼭 드세용!!!",맛있다
1525,양대창구이전문점 왕십리,맛있는지 궁금,우연히 발견해서 주위 회사 동료들도 애용하게된 맛집입니다. 양대창 체인점에 비해 가성비가 훌륭하고 슬러시처럼 나오는 소주로 회식 분위기 업시켜주는 집. 대창의 질이 좀 안 좋은거 빼고 모든게 마음에 드는 맛집입니다.,맛있다
1526,양대창구이전문점 왕십리,설희,이집 처음가봤는데 너무맛있어요~ 친구가 추천해줘서 가본건데 친구한테 너무고맙네요ㅋㅋㅋ 특히 치즈양밥 진짜 제스타일이예요!!  한달에 한두번은 무조건 갑니다!!,맛있다
1527,술사와,ustar,싱싱한 회와 해산물을 시키면 어떤 술이든 사와도 되는 신박한 곳가게 이름부터 술사와 ㅎㅎ 주문한 메뉴말고는 수저 컵 모든게 셀프다. 식당에서도 소주와 맥주를 저렴한 가격에 팔고는 있으나 바로 앞 편의점에서 소주나 맥주를 사와도 되는 곳이다. 수입맥주나 와인이나 사케를 즐기고 싶으신분들에게 이보다 좋은 곳은 없을 것 같다. 와인잔이나 위스키잔은 없으니 꼭 필요하면 장비까지 챙겨서 방문하길 바란다.추운겨울 두툼한 방어와 석화는 당연히 맛있는 메뉴이니 길게 설명할 필요 없을 것 같다. 해산물이 가득 들어있는 황제라면이 정말 맛있다. 그냥 보통 해물라면이 아니고 정말 맛있으니 꼭 맛보시길 추천한다.가게에 있는동안 포장만 해가는 손님들도 엄청 많았다. 회와 해산물이 저렴하지만 신선하고 맛이 좋다는 뜻인듯.영업시간 알 수 없음,맛있다
1528,술사와,권현주,오늘 포장해서 먹었어요. 2인용 광어 +연어 포장해왔어요. 싱싱하고 도톰하게 썰어져 있는 회가 너무 맛있었어요! 집 근처라 자주 사먹을거 같네요  오늘도 어김없이 손님들이 바글바글! 살짝 아쉬운건 야채가 없어요ㅠㅠ 그래두 싼맛에 이정도 퀄리티라면 잘 먹을거 같아요!!,맛있다
1529,술사와,안정민,저렴하고 맛있습니다. 메뉴 중 왕라면 시원하고 좋아요ㅋㅋㅋ,맛있다
1530,술사와,이효진,회 시키면 꼬맹이로 초밥이 나오는데 전 그게 좋더라구여 안주라면 가성비 짱!!! 너무 맛있어서 항상 예산 초과한다는게 문제,맛있다
1531,열정쭈꾸미,해윤,서비스가 … 너무 구려요 그 서빙 하시는 여자분 넘. 불친절…거기 갈빠에 근처에 쭈꾸미 도사가 더 맛있음,별로
1532,열정쭈꾸미,맛집교수,"열정쭈꾸미위치: 서울특별시 동대문구 답십리로 241맛평점: A총평: 깔끔한맛의 쭈삼. 가이드라인대로 먹으면 꿀맛탱 인졍. 실패 안하는 집  추가반찬 셀프콘버터, 묵사발, 날치알 나옴. 조리해주시고 친절1. 삼겹쭈꾸미 2인: 처음엔 적어보였지만 적당한 양(맛교수는 잘먹음). 김에 싸먹으면 jmt  맵기는 매콤한 2단계가 적당. 2. 볶음밥: 1인분만 시켜도 딱 배부르게 마무리 ..스폰 없는 리뷰입니다.",맛있다
1533,열정쭈꾸미,키다리아저씨,"갑자기 매콤한 쭈꾸미가 먹고 싶어서 동네근처를 찾던 중 평이 괜찮아 보이는곳으로 찾아가 방문해봤어요^^매장은 아담하지만 무뚝뚝한듯 조용히 챙겨주시는 여사장님이 좋더군요.열정쭈꾸미 2인에 모듬사리를 추가해서 주문했는데 모듬사리는 그냥그래요^^; 중간맵기로 주문을했는데...생각보다 아주빨간 비주얼은 아니였어요^^ 좀 맑은편이지만~ 깔끔하게 매콤한 맛이 괜찮더라구요~ 아주 자극적이거나 속버릴 느낌은 아니고 맵지만 소스맛이 괜찮아서 계속 먹게 되네요. 좋은 고추가루를 쓰셔서 그런지 텁텁함도 없이 깔끔합니다.쭈꾸미도 오동통하게 사이즈가 살짝 큰 느낌이지만 신선해서 그런지 식감도 좋고, 맛도 좋았어요.깻잎에 무나 백김치 그리고 김 한장 올리고 날치알에 쭈꾸미를 올려 먹으니 꿀맛!!! 함께 나온 두가지 소스도 괜찮았어요.기본찬을 여러번 리필해서 계속 쌈싸 먹었어요^^ 매운맛도 중화되고, 향과 맛이 좋은 깻잎과 김의 조화도 매력이죠!!쭈꾸미를 다먹고 빠질 수 없는게 볶음밥이죠!!볶음밥에 치즈토핑 추가해서 먹었는데....일반적으로는 그냥 밥위에 올려서 온도로 녹이는 경우가 대부분인걸로 알고 있었는데...갑자기 토치를 꺼내시더니 위에서 치즈를 녹여주시더군요^^; 철판 아래와 위쪽 골고루 열을 가하니 고슬고슬한 볶음밥이 더 맛나게 변하더군요. 배가 부른데도 깔끔하게 다 먹었네요.",괜찮다
1534,열정쭈꾸미,fifth,날이 추워져 쭈꾸미가 당겼는데 마침 가까이 있어서 갔는데 오픈한지 얼마 안된것 같지만 안정된 맛이 있어서 같이 간 친구한테 칭찬 받았아요 쭈꾸미 당길때면 여기 생각날거 같아요 ㅋㅋ,맛있다
1535,형제집,송희,음식 재활용 하는곳이 맛집이라구요..? 저도 소문듣고 찾아갔습니다 근데 너무 실망스러워요 욕쟁이할머니스타일이신데 저 그런거 딱히 안따집니다 오히려 노포집+욕쟁이할머니 감성..? 좋아합니다 그런데 기본은 하셔야죠. 깍두기를 한입 먹는데 미끌미끌.. 온갖 침이 다 섞인 느낌ㅠ찝찝해서 지켜보니 테이블 치울때 누가봐도 재활용하기 편하게 치우는 모습.. 여기서 확신을 하고 옆테이블 손님 밑반찬 나갈때 어떻게 하나 지켜보니 다른 테이블 치운 밑반찬을 그대로 접시만 바꿔 재활용하네요? 같이 데려간 친구랑 똑똑히 목격했어요. 나갈때 재활용하냐 물으니 아니다 잡아떼더니 결국 재활용하면 어쩔껀데?라며 적반하장.. 그래서 마지못해 목격했다며 식약청에 신고해드릴까요? 하니 미안하다더니 나갈때 뒷통수에대고 아오씨! 라며 승질내는 인성 .. 대단하십니다,별로
1536,형제집,진리지안,면접 말아먹고 소맥 말아먹기언제나 너무 맛있는 형제집 ㅠㅅㅠ 닭곱창은 꼭 먹어야된다 닭갈비보다 맛있음,맛있다
1537,형제집,이하영,"★닭곱창, 닭갈비, 닭똥집과 술★너무 맛있지만 식당 전체로 보면 괜찮다 정도....닭곱창은 정말 존맛이다ㅜㅜ 닭곱창이라는 메뉴 자체를 사실 형제집외에는 먹어본 적이 없어서... 객관적인 평가가 불가능하지만 존맛이다. 주먹밥도 진짜 너무 마싰다ㅜㅜ 그치만 확실히 위생이... 좀 걱정되는 수준...이고... 깍두기가 너무 시어서 못 먹겠더라ㅜ 강아지가 계속 돌아댕기는데 강아지 싫어하는 사람은 좀 극혐일 수 있다. 그리고 자리가 어디에 앉아도 불편하다. 하지만 이모님 인심 짱이구 정말 다시 말하지만 닭곱창과 닭갈비는 정말 맛있다.",괜찮다
1538,형제집,참외,"뭐 꼭 음식맛으로만 식당을 가나? 제기동의 집들엔 그곳에 가는 이유가 있다. 닭곱창보다도 은박지에 늘러붙은 볶음밥이, 무심하게 사장님이 주시는 서비스가, 같이 놀던 친구들이 생각나는 곳맛 3/5위생 1/5친절 4/5가격 4/5추억 5/5",괜찮다
1539,형제집,롱장고,"닭갈비(7.0), 닭발(8.0), 닭똥집(7.0) 주문(닭갈비와 닭똥집은 항상 고정픽! 버섯 많이는 필수!!)닭발은 처음엔 맵기만 하고 맛없었지만 익히다 보니 맛있어졌다.!(아님 내가 취한건가 ㅎ) 닭갈비랑 닭똥집은 항상 맛있다 ㅜ 특히 닭똥집에 버섯 너무 좋다 버섯만 시키고 싶을 정도..주먹밥은 자주 갖다 먹으면 눈치 주시긴 하지만 그러면서도 다 주시긴 한다..! 내가 밥을 퍼서 가져가면 김가루랑 참기름 뿌려주시는데 그때마다 주먹밥 먹어도 되는지 승인받는 느낌ㅋㅋㅋㅋ 그렇지만 다 먹고 술만 마시고 있으면 와서 뭐 더 안먹어도 되냐고(서비스 주시겠다는 말씀) 물어보실 만큼 따뜻하심",맛있다
1540,형제집,진리지안,언제나 저렴하고 맛있게 먹는 형제집 >_< 하지만 어제 처음으로 감자전을 시켜봤는데 매우 별로였다 ㅋㅋㅋㅋㅋㅋ,맛있다
1541,형제집,진리지안,옛날보다 살짝 양이 적어진 것 같긴 한데 뭐 물가상승률을 감안하면ㅎㅅㅎ 안암 최고의 술집 넘 멀어서 그렇지..^_ㅠ,맛있다
1542,형제집,Tiffajy,"오돌뼈랑 닭갈비주문. 기본으로 가락국수가 나오는데 국물맛이 맛있는 msg맛...?ㅎㅎ 닭갈비는 올해먹은 닭갈비중 단연 톱이였어요. 소스도 많이안맵고 닭고기살에 잘 베어있어서 좋았고, 깻잎 진짜좋아하는데 산더미처럼 쌓아주셔서 감동...★ 후줄근한 인테리어지만 정감가고 맛있는 손맛을 느낄 수 있어요;)",맛있다
1543,형제집,솜솜,닭똥집을 가성비 짱으로 먹을 수 있는 곳 같아요. 사장님도 츤데레 스타일로 인심 있으시고 양도 푸짐해요. 매콤 닭똥집이 소스가 맛있는데 너무 매워서 아쉽다기보다 제가 매운걸 더 잘먹었으면 좋겠다는 느낌이네요ㅎㅎ우와 맛집은 아니고 정감 있고 저렴하게 잘 먹을 수 있는 곳이에요.,괜찮다
1544,형제집,서울푸디,평범,별로
1545,형제집,소금,언제 가도 좋은 곳,괜찮다
1546,형제집,로영,거의 아주머니랑 베프급닭똥집 + 소맥 징하게 마심주먹밥 무한담날 위에 기름낀 기분,맛있다
1547,형제집,셀러뮨,과행사ㄴ,괜찮다
1548,형제집,진리지안,싸고 너무 맛있어요ㅠㅠㅠ 서비스로 국수 꼭 달라하세요,맛있다
1549,영천선비,츄라,손님 접객 최악주말 늦은 점심 먹으러 갔는데 두테이블 있었음그럼에도주문을 5분 만에 받으셨고20분 동안 고기 구경도 못함다른 일 하시느라 배고프다고 빨리해달라고 말씀드려도 요지부동최악의 경험이었네요,별로
1550,영천선비,ethanghymn,"두툼하고 볼륨감이 좋은 돈카츠를 내는 시키카츠의 인스타에서 여기 영천선비란 가게 오픈에 대한 피드를 보게 됐고 무슨 가겐가 봤더니 돼지고기 전문점으로 시키카츠에서 여는 가게면 괜찮을 것 같아 가고싶다에 세이브해뒀었음.가족인원과 들러보고 싶었는데 별로 안 당겨해서 언제 한 번 들러보나 하다 코스트코에 갈 일이 있는데 여기 영천선비를 들러보고 싶어 일부러 상봉점에 들렀다가 집으로 오는 길에 혼자 들러봄.가게는 나중에 다 먹고 나와서 보니 시키카츠에서 멀지 않은 위치였고 딱히 브레이크 타임은 없다고 해서 편하게 들렀는데 오후 5시가 조금 넘은 시간이었고 가게 안으로 들어서니 아직 신상 가게여서 덜 알려져선지 아니면 이른 저녁 시간이어선지 내가 첫 손님이었음.시키카츠 사장님이 맞이해 주시고 편한 자리에 앉으시라고 해서 앉아 메뉴를 잠깐 스캔 후 이미 보고 온 지라 기본 메뉴인 선비 2인 600g을 부탁드림.어릴적 한참 잘 먹을 때 집에서 소고기 로스구이를 먹을 때면 엄마가 양껏 먹으려면 인당 한 근씩은 먹어야 한다고 하셨었는데 혼밥을 하게 된 관계로 드디어 혼자 한 근 600g을 먹어보는구나 함.시키카츠에서 새롭게 오픈한 가게여서 궁금하기도 했지만 요즘엔 고깃집의 돼지고기 가격이 거의 예전 소고기 가격에 미치는 느낌이서 미친 거 아냐?의 느낌이었는데 여기 영천선비는 기본 2인분에 600g이나 되면서 가격이 42,000원이어서 나름 착한 느낌이기도 해서 들러보고 싶었음.먼저 밑반찬들이 세팅되는데 딱히 반찬이라고 할 것까진 모르겠는 첨엔 김치 종류인가 했던 빨간 파무침, 오픈 초기여서 집에서 가져오셨다는 묵은지 김치, 고기 먹을 때 싸 먹거나 곁들이는 효조즈케라고 적된장으로 절이셨다는 쌈무, 명이나물 그리고 고기를 찍어 먹는 와사비, 로즈마리 솔트, 미나리 페이스트, 쌈장, 마지막으로 붉은 파무침을 찍어서 먹으면 좋다고 하신 초간장으로 이루어짐.곧 이어서 두 가지 숯을 섞으셨다는 숯불이 준비되고 목살과 삼겹살 두 종류로 이루어진 선비 2인분 600g 그리고 기본적으로 제공되는 것 같은 묵은지 김치찌개가 준비됨.불판이 달구어지는 동안 슥 보니 김치찌개도 그렇고 파무침, 묵은지 김치까지 전체적으로 붉은 것들 위주여서 매운 걸 그다지 선호하지 않는 좀 부담스럽게 느껴짐.반찬이나 묵은지 김치는 특별히 좋거나 나쁘거나 하진 않았고 김치찌개도 맛을 보니 어려서부터 접한 좀 더 밝은 톤의 탁한 김치찌개 느낌이 아닌 어두운 톤에 덜 탁한 타입이었고 맛을 보니 묵은지로 끓여선지 GS슈퍼마켓에서 파는 오모리 김치찌개 라면 맛과 비슷하게 적당한 산미가 강조된 맛은 나름 괜찮음.돼지고기도 넉넉히 들어있어 흔한 김치찌개 가게에서라면 김치찌개에 들어간 돼지고기는 별로 안 좋아하지만 시키카츠에서 하는 가게여선지 왠지 믿음이 가서 자신있게 맛을 보니 잡내 같은 거 1도 없이 스튜 느낌으로 푹 끓여져선지 고기가 아주 부드러운 타입으로 이가 없어도 먹는데 1도 문제가 없을 것 같은 정도고 특히나 삼겹살은 눈꽃 빙수의 느낌으로 입 안에서 스르륵 녹는 정도의 느낌이어서 이런 느낌의 돼지고기가 들어간 김치찌개라면 아마 우리집에서도 돼지고기가 든 김치찌개를 먹지 않았을까 싶음.비계로 잘 달구어진 불판에 기름칠을 하신 후 먼저 보성 녹돈 목살을 잘 구워주셔서 맛을 보니 다른 맛집보다 더 특별하거나 하진 않지만 충분히 육즙 뿜뿜이어서 미소가 지어지고 4가지 소스 중엔 로즈마리가 들어가서가 아니라 소금이어서 로즈마리 솔트가 제일 좋게 느껴짐.목살을 다 먹으니 이미 배가 부른데 시키카츠에 들렀던 걸 아셨는지 서비스로 순두부를 넣어 차완무시 느낌으로 만드셨다는 계란찜도 내어주셔서 오늘 배 터져서 집에 못 가는 거 아닌가 함.차완무시도 좋아하는지라 기댈하면서 맛을 보니 이미 비주얼에선 차완무시의 느낌이기보단 뭔가 덜 부드러워 보였는데 맛을 보니 순두부가 들어갔다는데 부드럽기보단 모두부 같은 질감이고 맛도 두부 맛이 섞여있어 뭔가 덜 계란찜의 느낌이어서 애매한 맛이어서 좀 아쉽게 느껴짐.삼겹살도 구워주시면서 오겹살인데 껍질 부위를 싫어하시면 껍질 부분은 잘라드릴까요?라고 물으셔서 괜찮다고 그냥 그대로 먹겠다고 말씀드리니 잘 구워주셨고 맛을 보니 이미 배가 불러선지 보통은 삼겹살을 더 좋아하는데 목살만큼 좋게 느껴지진 않았지만 끝까지 맛있게 먹고 자리에서 일어남.전체적으로 시키카츠에서 오픈한 돼지고기 전문점이라고 해서 궁금해 들러봤는데 다른 더 유명한 가게들보다 구성 같은 게 좀 아쉬웠지만 고기가 좋고 넉넉한 볼륨감에 실한 김치찌개도 포함되어 있는 게 좋아 응원의 맘을 담아 맛있다로..어젠가 인스타에 올리신 피드인 맨 마지막 사진을 보니 2인분과 3인분 양을 100g씩 줄이신 것 같더라는..",맛있다
1551,마루샤브,박인석,집 근처에 있는 마루샤브예요체인점이라 지점마다 맛은 약간씩 다르다는데 여긴 직영이라 더 맛있을거란 생각에 다녀왔어요 ㅎㅎ1시간30분이란 제한시간이 있지만 이정도면 충분히 먹고 나올 수 있죠 :),맛있다
1552,화덕고,Ansohwee,"학교다닐때 뻔질나게 다녀서 사장님이랑 안면도 튼곳 몇년만에 갔는데도 알아보시던^*^; 화덕에서 초벌한 고기를 꼬챙이에 꽂아 나오는 곳이에요 솔직히 고기맛 자체로만 놓고보면 워낙 맛있는 집들이 많다보니까 굳이 찾아갈 정도라곤 못해요 근데 대학가 가성비로 따졌을때는 이만한 곳도 없어서 근방에서 갈만한데로는 추천하고 싶어요 먼저 고기를 시키면 서비스 껍데기 한장씩은 꼭 주시구요 구워먹을 신김치 말고도 겉절이가 나오는데, 고기보다도 겉절이 맛집같은... 매번 레시피가 궁금해요 여쭤볼수도없곻ㅎㅎㅎ엄청 달짝하면서도 진짜 계속 땡기는 맛이라 그냥 밥에 김치만도 먹고싶어요 정말ㅋㅋㅋㅋㅋ 그리고 큰 뚝배기에 된장찌개까지 나와서 주머니 가벼운 학생들한테는 진짜 최고 무엇보다 사장님께서 한결같이 친절하신게 가장 큰 장점인 곳이라 더 잘됐으면 좋겠어요",맛있다
1553,화덕고,지원쓰,대학가 고깃집에서 이 정도면 완조니 괜차는 거 아니게쒀요...가격듀 괜찮고 양은 보기엔 적어보이는데 먹고나면 배불러요 겉절이도 맛있고 된장찌개도 맛있고 알바생 사장님 다 친절하구...칭찬합니당,맛있다
1554,화덕고,*,"#삼겹살7,000(x2인분) #추억의도시락외대 삼겹살집 중에 가장 괜찮은거같아요~ 가성비 짱입니다ㅋㅋ 두툼삼겹살 조아하는데 국내산 아니라도  맛있네요 양도 많은편이고 된찌 서비스에 반찬으로나오는 겉절이는 술안주로 최고... 심지어 도시락도 맛있어요 고기보다도 도시락이랑 겉절이를 더 맛있게먹은듯!! 조합좋고 가성비짱짱 음식점 분위기도 깔끔 깨끗 청결 트렌디해서 조아써요ㅋㅋ",괜찮다
1555,화덕고,띵시,"가성비 ⚫️⚫️⚫️⚫️⚪️맛 ⚫️⚫️⚫️⚫️⚪️분위기 ⚫️⚫️⚫️⚪️⚪️재방문의사 90아 덩말 사장님 손도 느리고 알바 굼떠서 속 터지지만 맛있어서 용서. 화덕 속에서 고기를 초벌하고, 저엏게 단두대에 머리 매달듯 보여 준 다음(포토타임) 바삭 구워 먹는다. 두툼하고 촉촉!양은 좀 적어 여자 둘이 3인분에 도시락 싹싹 비웠다. 청양고추 듬뿍 들어간 된장찌개와 꼬소한 겉절이가 별미. 찌개와 겉절이 또한 고기 3인분째 먹는 중 느지막이 나왔지만 맛있어서 용...서",맛있다
1556,BK볏짚직화구이,혜뤼리;-),"회사 회식으로 갔는데, 너무 맛있었어요!요즘 핫하다는 몽탄을 가보지는 못했지만, 아마도 이 맛이 아닐까 싶더라고요. 밑반찬도 맛있고- 대표메뉴인 우대갈비가 정말 육즙 좔좔 부드러운게 최고 였어요",맛있다
1557,BK볏짚직화구이,진꿀이,볏짚에 초벌해서 나오는 우대갈비왕크면 왕맛있지 초벌해서 잘라주시는 우대갈비 한 점!몽탄은 안가봐서 비교 불가능하지만 볏집에 초벌해서 직접 잘라주시는 소고기에 와사비 올려서 먹으면 뭐가 맛없겠어?특별한 맛은 아니였지만 직접 구워주시기도 하고 뼈에 붙어있는 고기 발라먹는 재미로 5번 정도 방문했던거 같다.가게 내부도 넓어서 주로 가족들과 가서 먹었는데2인분씩 밖에 추가 안돼 둘이 가기는 조금 힘들겠쥬?아마 뼈 무게가 있어서 그런듯?우대 갈비집인데 양념돼지갈비 맛집! 가족들이랑 먹고 갈비가 진짜 맛있네?하고 친구도 데려가서 먹었는데 친구도 인정^^,맛있다
1558,BK볏짚직화구이,ustar,짚불로 초벌한 우대갈비 유행을 타면서 유명한집의 무시무시한 웨이팅을 피하기 위해 대안으로 방문한 곳기본적으로 짚불향 안남. 매장내부에 홍보영상같은게 틀어져있는데 그 영상에서도 숯인지 탄인지 모를 불위에 짚푸라기 5-6가닥정도 올려서 태웠으니 영상에 비해 평상시엔 짚풀을 더 많이 넣을리가 있을지 의문.. 우대갈비는 직원이 옆에 붙어서 뼈에 붙은 살을 대충 발라서 구워주고 삼겹살 추가로 주문하니 알아서 구워서 익으면 드세요 라며 딴데 가버림 ㅋㅋ 심지어 불도 약불로 줄여놓고 구워먹으라고 고기 올려두니 고기가 퍽퍽해져서 한점 먹고 다 남기고 나옴우대갈비가 유행인데도 불구하고 이집엔 손님이 없는건 이유가 다 있는듯,별로
1559,BK볏짚직화구이,키다리아저씨,"삼각지의 몽탄 때문인지...이곳저곳에 우대갈비를 판매하는 곳이 생기거나 볏짚을 이용한 고깃집이 늘어난 기분이 들던데....저희 동네에도 볏짚을 이용한 고기집이 생겼기에 방문해봤어요.새로 지어진 건물이라 매장 내부는 깔끔하고 쾌적한 느낌이였어요~이곳의 고기들은 염지처리하여 24시간 숙성 후  별도로 마련된 공간에서 볏짚과 참숯을 이용해 초벌 후 고기가 나와요~우대갈비는 이름처럼 큰뼈의 비주얼이 먹음직스럽게 보이네요~ 어릴적 만화보면 큰뼈를 들고 뜯어 먹는 원시인이 떠오르기도 했어요^^겉면만 초벌되어 속의 붉은빛 고깃살이 더 신선해 보이고 질도 좋아보였습니다. 두툼하게 썰려진 고기임에도 식감이 상당히 부드러운 편이였고, 고기안의 육즙 또한 풍부해서 맛이 좋았어요.염지처리와 초벌은 같은 방식의 돼지갈비도 궁금하여 먹어봤는데~ 양념이 과하지 않아서 고기의 맛을 적당히 느끼기 좋았으며, 두께도 적당하고 부드러운편이였어요.역시 볏짚과 참숯을 이용해서 그런지...훈연의 향기가 확실히 느껴질 정도로 고기에 배어있었습니다.고기와 함께 냉면이 빠질 수 없죠^^;물냉비냉 다 주문해서 맛보았는데...익숙한 맛의 냉면이지만, 면발이나 육수 둘다 무난해서 먹을만 했고, 된장찌개도 진~한맛이 아닌 시원하고 깔끔하며 얼큰한 맛이라 느끼함도 잡아줍니다.마지막에 배불러서 살짝 고민했던 볶음밥!!! 안먹었으면 후회했을듯!!! 배부른 상태였는데도 김치와 버섯을 같이 볶은 볶음밥이 김가루도 안들었는데...솥뚜껑의 능력인지~생각보다 맛이 좋았네요. 가격대는 몽탄과 비슷했던거 같고, 고기상태는 좋은느낌이였으며, 살짝 아쉬운 부분이라면 그날만 그런건지 일하시는 분들의 손발이 안맞아서 음식이 늦게 나오거나, 고기 구워주실때 바쁘다보니 늦는 경우도 보여서 좀더 안정적일때 다시한번 가봐야겠네요^^",괜찮다
1560,도톰,진꿀이,어때 도톰해?중곡동에서 유명한 도톰ㅋㅋ 저녁시간 딱 맞춰가면 사람이 너무 많아서 기다려야하는 우리 동네 소문난 맛집..아마 이렇게 도톰하고 직접 알맞게 구워주시는 숙성 돼지고기 삼겹살집은 중곡동에서 거의 처음이라 인기가 많은거 같아용물논 맛도 있구용>.<한돈 숙성냉장고도 있고 밑반찬들도 신경을 많이 쓰신게 티가 나용.고추채랑 묵은지에 싸서 먹는게 맛있었던..!알맞은 온도에 적당하게 구워주시는 돼지고기는 부들부들 안에 육즙도 가득하고 완전 꿀맛이라구이것저것 먹는거 좋아해서 둘이서 삼겹 목살 항정 다 시켜먹구..ㅋㅅㅋ배불띠많은 인원이 가서 웨이팅으로 고생하니까 더 넓은 장안점을 추천해 주셨다..! 중랑구는 도톰은 더 넓다고 하니 중랑구주민은 거기로 방문해 보셔용^^,맛있다
1561,도톰,ustar,집근처에 있어서 너무 고마운 고깃집. 다섯번 이상 방문 했지만 갈때마다 폭발하듯 터지는 육즙이 적응이 안되는 정도입니다. 찍어먹을 양념 종류가 많고 맛도 좋고 후식냉면 양도 푸짐하게 나와서 너무 좋아요. 이집 삼겹살보다 맛있는 삼겹살집은 전국에 몇군데 안될거라 생각합니다. 강추합니다!,맛있다
1562,도톰,YNZ,"이름처럼 '도톰'한 숙성 돼지고기 전문점. 이 인근 돼지고기집들 중에선 단연 최고의 옵션이다! 칭찬 포인트가 아주 많음. 우선 고기가 맛있다. 냉장 숙성하여 육질이 연하고 볼륨감있게 정형해 육즙이 팡팡 잘 터진다. 삼겹살과 목살 둘 다 아주 좋았다. 고기도 직접 구워주시고 곁들일 밑반찬도 깔끔하다. 찍어먹을 양념도 소금, 갈치속젓, 쌈장, 와사비까지 구비되어 있어서 다양하게 즐기기 좋았다. 기본으로 비지찌개가 나오는데 이게 생각보다 넘 맛있.. 소주 안주하기도 좋고 밥시켜서 곁들이기도 아주 그만이다. 가격도 저렴한 편이라 부담없이 종종 들를 거 같다.",맛있다
1563,도톰,키다리아저씨,"동대문구 장안동에 한돈을 숙성해서 취급하는 돼지고기 전문점 ""도톰"" 이라는 곳이 생겨서 방문해봤어요~광진구 중곡동에 있는 도톰과 연관된 곳인듯하구요~ 올해 오픈해서 그런지 매장 내부가 상당히 깨끗했습니다.초저녁에 방문했더니 한적하고 좋았고, 사장님으로 보이는 중년남자분께서 상당히 친절하셨어요.항정살 가브리살 목살도 판매하고 있는데...개인적으로는 기름과 살코기가 잘섞인 도톰 삼겹살이 맛있었네요.두께감이 있어서 질기지않을까? 걱정했으나 고기도 부드럽고 적당한 육즙을 느낄 수 있어서 좋았어요.기본찬이나 함께나온 찌개도 맛이 좋았고, 찬들도 깔끔하고 슴슴해서 고기와 잘 어울렸습니다.손님이 많은 시간대가 아니여서 그런지...사장님께서 고기도 직접 구워주시고, 설명도 해주셔서 좋았고, 환기시설도 잘되어 있어서 몸에 냄새가 덜 배는듯해서 좋았네요^^가격대도 좋고, 고기 상태도 좋아서 동네근처 고기집으로는 괜찮은 느낌이네요~",괜찮다
1564,등촌샤브칼국수,이리저리,버섯매운칼국수+샤브샤브+야채+볶음밥 1인세트 = 10000원가격대비 양도 많고 맛있어서 좋았어요특히 김치가 진짜 맛있었습니다다만 위생 관련 리뷰가 있길래 가서 앉자마자 상 위를 물로 묻힌 휴지로 닦았는데 깨끗하지 않더라구요... 식당인만큼 위생을 신경 썼으면 좋겠는데 이부분은 아쉬웠습니다ㅠㅠ,맛있다
1565,등촌샤브칼국수,kkonoo,무난무난. 샤브칼국수가 땡길 때 가끔 감,괜찮다
1566,등촌샤브칼국수,미동이,맛있으나 위생이..,괜찮다
1567,등촌샤브칼국수,뀨엥,근데 뜬금없지만 김치가 맛있다,괜찮다
1568,전국통일닭발,ustar,다른동네로 이사하기 전 마지막 외식을 즐긴곳.이집 닭발맛은 어디서도 경험 할 수 없다는 생각에 이곳을 선택하게 된 것 같다.너무너무 맵지만 절대 속이 고통스럽지 않고 닭발의 감칠맛이 풍부하다. 서비스로 주시는 오뎅국물이 어쩔땐 짜고 어쩔땐 싱겁고… 그럼에도 닭발이 너무 맛있으니까 괜찮다. 반찬들이 불만족 스러움에도 자꾸 찾는 식당은 여기가 유일한듯 하다.영업시간 15:30-24:00일요일휴무,맛있다
1569,전국통일닭발,ustar,매운걸 즐겨먹지도 않고 닭발을 그리 선호하지도 않지만 이집은 왜 자주 방문하게 되는걸까요.. 양념을 어떻게 만드는지 비법 알아내고 싶은집이에요. 평소 다른 식당을 가도 사리추가를 안하는데 이집 양념에는 떡사리나 우동사리를 꼭 추가해서 먹습니다.. 양념이 그냥 버려지는게 너무 아까워요 ㅎㅎ 닭발좋아하시는분들 이집 꼭 들리시길 바래요,맛있다
1570,전국통일닭발,Hodong,"맛있다는 지인의 추천으로 포장해서 집에서 조리해서 먹었습니다. (조리는 특별할 건 없고 약불에 데우면 됩니다.)기대가 컸는데 그만큼 맛있습니다. 어제 먹었는데 오늘도 먹고싶고, 오늘 먹었는데 내일도 먹고싶은 그런 중독성 강한 닭발입니다. 매운맛과 덜 매운맛이 있고 둘 다 먹어봤지만 개인적으로는 덜 매운맛이 더 맛있습니다. 강한 매운맛을 선호하시는 분들은 매운맛이 맞으시겠지만 저는 너무 매워 오히려 맛을 즐길수가 없었습니다. 양념이 베인 정도에 따라 맛이 조금씩 차이날 때도 있지만 아무튼 맛있습니다. 국물닭발 중에서는 최고입니다.",맛있다
1571,전국통일닭발,YNZ,스트레스 확 풀리는 매운 국물닭발!! 방송에 다수 출연한 곳이더니 확실히 사람이 많았다. 포장해다 집에서 직접 조리해먹음. 고추가루가 팍팍 들어간 얼큰하고 매콤한 양념도 맛있고 닭발 자체도 아주 부드럽게 삶아져 먹기 좋다. 특히 살짝 자작한 국물이 포인트. 주먹밥 먹고 싶어지는 맛이다. 먹고나서 속이 아플만큼 매우니 매운맛은 주의가 필요하다.,맛있다
1572,전국통일닭발,은비쓰,닭발은 국물닭발!!!! 국물닭발 중 젤 맛있어요!❤️맛있게 맵고 계속 생각나는 맛이에요 ㅠ 집에서 멀어도 자주자주 갈거에요 !,맛있다
1573,전국통일닭발,먹기위해산다,처음엔 찐득해보이는 닭발들이 불에 올리면 술술 풀어져서 자작한 국물 닭발로 완성됩니당~처음엔 오 맛있다!하면서 먹다가 입에 불났어효...ㅎㅎ맵기 조절은 불가능하구용~워후 매운정도가 장난이 아닙니당 담날까지도 속이 부글부글....ㅎ맛있었지만 넘 매워서 괜찮다로...,괜찮다
1574,전국통일닭발,항상^^~~~,진짜 최강의맛입니다 최고.최고,맛있다
1575,전국통일닭발,꽃같아,국물닭발은 역시 전통닭......넘나마싯다 방송나오기전부터 약 10년단골입니다채고의맛...,맛있다
1576,다퍼줘,snoopy,"청량리 시장 안에서는 손님 제일 많은 곳이었는데, 가게에 와서 가성비로 먹는 곳이지 가락동이나 노량진에 비하기에는 무리가 있는 곳이었어요. 포장보다는 시장 안에서 먹는 맛이 더 좋았을 것 같습니다.",맛있다
1577,다퍼줘,기미상궁,"""이곳은 수산시장인가 횟집인가.. 정답은 둘다!""소인 오래간만에 인사 올리옵니다.. 그간 묵혀두었던 집들 중  고심하여 이 집을 첫번째로 올리나이다...회나 해산물을 좋아하시는 분들에게는 천국이라 할 수 있는 장소이옵니다. 노량진 좀 그렇고 기싸움 하기도 싫고 이 집은 모두 시세 정찰제이고 거즌 도매가로 다양하게 먹을 수 있는 매력덩어리인 '다퍼줘'이옵니다.택시타고 근처에 내려서 두리번 거리니까  바로앞 노상 이모님이 횟집 찾아 왔냐며 위치를 알려주시니 이미 아는 사람은 다 아는 집이구나..외관은 수산물 마트의 모습이옵니다. 가게 입구부터 온갖 해산물들이 즐비해 있는 모습에 압도 되는 정도 요즘 가성비 횟집 체인점들도 많이 생기고 상향평준화가 되었지만 이집에는 못미치는 집이옵니다. 하나하나 나열하기 힘드니 그저 이 집은 없는거 빼고 다 있는 바다에서 사는 먹을 수 있는건 거즌 다 있는 집이옵니다.꽂게가 먹고 싶으면 골라서 주문하면 시세에 찜비만 추가로 받고 조개나 다른 것들도 다 똑같은 형태이옵니다. 가격도 정찰이 되어있으니 골라서 찜비 3000원만 내면 맛있게 조리해 주시옵니다.소인은 이날 숭어, 오징어, 산낙지, 가리비, 매운탕 이렇게 다양하게 먹고 왔사옵니다.아직 별다른 매체에 노출이 없는 집이온데 이미 가게는 로컬 분들로 가득 차있더이다. 좀만 더 지나면 웨이팅은 필히 준비해야 할 집인듯 사료되옵니다.",맛있다
1578,홍익돈까스,로우니,여기 전체적으로 양이 꽤나 많은 편입니다! 왕돈꺼스는 진짜 테이블만한 게 나오고 그냥 돈까스나 파스타 종류도 먹어도 줄지 않는 놀라운 곳이에요ㅎㅎ 그래도 남은 음식 싸갈 수 있도록 구비도 해두셨어요 이곳 직원분들 전체적으로 정말 친절해서 식사할 때 기분이 참 좋아요ㅎㅎ 아이들에게도 프랜들리한 곳이라서 가족단위 식사를 많이 오시더라구요,맛있다
1579,홍익돈까스,다크초코,솔직히 웨이팅할정도인지 모르겠는데 항상 손님 많은것같더라구요 맛만 평가하면 그냥보통이었습니다,별로
1580,홍익돈까스,이지안,정기적으로 가는 곳이예요. 옛날돈까스도 맛있지만 해물볶음우동이 정말 맛있어요. 집 가까운 곳에도 생겼으면 좋겠어요,맛있다
1581,홍익돈까스,snoopy,맛있고 말고 할 것 없이 고속도로 휴게소보다 간신히 나은 정도,별로
1582,홍익돈까스,Ray,"돈까스 정식인가 등심돈까스, 생선까스, 우동 나오는 거 먹었는데 전체적으로 평범한 맛이었어요.",괜찮다
1583,홍익돈까스,승수 Kim,양도 맛도 괜찮음. 가게가 넓어서 웨이팅할 일도 많지 않음.,괜찮다
1584,돈사돈,AlexTheFood,"170826.맛 ★★★★분위기 ★★★가성비 ★★☆재방문 의사 있음 주문한 메뉴 (3명 방문)백돼지 600g- 42000원흑돼지 400g- 38000원공기밥 1개- 1000원총 81000원수요미식회에 소개되었던 삼겹살 맛집,제주도 돈사돈이 신설동에 체인이 있다하여친구 두 명과 함께 방문!제주도에 갈 때마다 GD(지디)와 태양이단골로 간다기에 엄청난 기대를 품고 방문했다.물론 비싸다고 해서 돈도...ㅋㅋㅋ일단 고기를 초벌하여 나와시간이 조금 걸린다고 하시기에앉자마자 일단 백돼지 600g을 주문했는데,음... 확실히 시간이 조금 걸리기는 한다.적혀있는 것처럼 한 15분에서 20분 정도!그 동안 상차림을 다 해주시고 불도 넣어주시고멜젓도 바로 위에 올려 끓여주시고...불 앞이라 더울까봐 에어컨 틀어드릴까요?하며 물어봐주시는 것도 좋았다!다행히도 우린 창가 쪽이라 괜찮았음★어쨌든 그렇게 15분 정도 지난 뒤드디어 나온 백돼지는, 진짜 맛있었다.이 곳도 다른 삼겹살 맛집들 같이직접 다 구워주시고 다 구워지면하나씩 올려주시며,'소금에 찍어 드세요-'그 다음에는 멜젓에 담가서 주시며,'이 것도 드셔보세요-' 하시는데,역시...맛이 없을 수가 없다.개인적으로는 멜젓에 담가멜젓 안의 고추와 함께 먹는 것이나의 베스트 고기★자극적인 것을 좋아하는 나의 초딩입맛 때문인지멜젓과 돼지고기의 조합은 짱이었다.이곳은 다른 고깃집들과 달리삼겹살, 목살을 나눠 팔지 않고400g, 600g하는 식으로 판매하는데,우리가 백돼지 600g을 주문한 뒤흑돼지 400g까지 주문해서 먹어보니600g을 주문하시는 것을 강추...!400g에는 나오지 않는전문적인 껍데기(?) 부분이 600g에 나오는데,이게 진짜 쫄깃쫄깃 특이하고 맛있다!물론 백돼지보다는 흑돼지가 더 맛있기는 했으나그건 왠지 기분탓인 것 같기도 하고...개인적으로 흑돼지 400g을 주문하는 것보다몇 천원 더 내고 백돼지 600g을 주문하는 게 더 나은 듯.물론 돈이 많다면 흑돼지 600g이 제일 나을 것 같고!반찬 종류가 많지는 않았지만멜젓, 마늘, 묵은지 등 고기와 곁들일 수 있는반찬들이 있어 고기가 메인일 수 있었던 집.솔직히 돈사돈 쪽을 가다보면다들 육전식당에 줄을 서있던데-난 이미 다녀와봐서 여기를 간 것이지만,육전식당의 그 어마어마한 웨이팅을 생각하면돈사돈의 퀄리티도 절대 나쁘지 않으니 추천하고 싶다.유명한 제주도 근고기를서울에서 느껴보고 싶다면,육전식당이 바로 근처에 있어 사람들이 모르는 거지,여기 또한 맛집인데... 맛있는데...물론 가격은 좀 비싸지만 맛은 분명히 있다.지디와 태양이 괜히 단골이었을까.(물론 단골은 제주도 본점이지만.)어쨌든 사람들에게 상대적 저평가(?) 받는 것 같아많이 안타까웠던 집.여기도 맛있어요...★근데 육전식당이 아주 쪼오오금 더 맛날 뿐...ㅎ",맛있다
1585,돈사돈,jinee,"백돼지 2인분에 된장 찌개  뽀글이 먹었는데 맛있었다. 삼겹살이 부들부들하고 일일히 다 구워주셔서 더 맛있었던듯. 살짝 비려서 호불호가 있을 수 있지만, 돼지고기에 찍어먹는 젓갈도 맛있었다. 특히 마음에 들었던 건 밑반찬도 ㅠㅠ 다 맛있었다. 두부에 무친 부추부터 깔끔한 양파 장아찌까지! 삼겹살이  없이 밑반찬과 된장찌개 뽀글이랑만 먹어도 맛있게 먹을 수 있을 것 같다. 가격대가 싼편은 아니지만 맛있음.",맛있다
1586,대한닭발1979,코카체리,국물 닭발집 중 인정하는 집입니다!보통맛도 매콤하고 맛있어요!,맛있다
1587,대한닭발1979,기미상궁,소인 이 집 국물 닭발을 상당히 즐겨 먹사옵니다.항상 집에서 배달을 시켜 먹는데처음으로 본점인 이 집에서 먹게 되었사옵니다.평일 늦은 새벽 시간에 들렀는데도 가게에 꽤 많은 사람들이 있었으메 약간은 놀라웠습니다.소인 평소 집에서 시켜 먹을 땐 국물 뼈 닭발만을 먹었사온데 처음으로 국물 무 뼈 닭발을 주문하였고충분히 매력적인 맛이었지만 소인 즐겨먹던 평소의 맛과 달라 기대감에 못 미침에 다소 아쉬웠습니다.하지만  많은 분들이 닭발 하면 한신포차를 많이 언급  하시온데 소인 한신포차보다는 대한닭발이 몇 수 위라고 자신 있게 추천 올리옵니다.,괜찮다
1588,이문닭발,즌짱,"닭발 먹고 싶을 때 생각나는 곳. 매장에서 먹으면 보글보글 국물 계속 끓여가며 칼국수 사리도 넣어가며 먹겠지만,, 셧다운이라 포장해 옴. 국물튤립닭발 2인분에 오뎅튀김 하나 추가 했는데 핫바는 서비스인지 같이 넣어주심.맵찐인지라 보통맛으로 먹었는데, 매콤하면서도 고통스럽지 않은 정도에 튤립 닭발인지라 먹기가 굉장히 편했어요. 한 입하면 살이 쏙 빠지는 느낌,, ㅎㅡㅎ 오뎅튀김은 꼭 국물에 찍거나 담그거나 부어서 드시길...! 바삭한 오뎅튀김의 식감도 신기하고, 국물과 정말정말 잘 어울립니다:)",맛있다
1589,이문닭발,즌짱,"포장해서 한 번 맛 보고 너무 맛있어서 오픈 시간 맞춰 친구들 끌고 가서 먹었던 닭발,,, 닭발을 비롯해서 닭목살, 닭오돌뼈도 팔아요! 닭발은 일반 닭발과 뼈가 반쯤 발라진 튤립 닭발 두 종류인데, 튤립 닭발이 훨씬 편하게 먹을 수 있어요.여기는 진짜... 맛있게 매운 국물 닭발과 바삭한 오뎅 튀김의 조화가 미쳤어요. 거기다 칼국수 사리까지 먹어주면 진짜 ,, 너무 자연스럽게 재방문을 부르는 맛 ㅠㅠ 개인적으로 닭발 임팩트가 너!무! 강해서 목살과 오돌뼈의 맛이 덜 와닿았는데, 매운 거 못 드시는 분들은 목살이랑 오돌뼈 같이 드시면 좋을 것 같아요 :) 맛이 없는 건 아니었습니다. 약간 색다른데 맛이 없을 수 없는 맛..? 이었어요. 주먹밥도 참치 마요랑 대게 내장 두 가지 종류가 있어서 선택 가능한데 대게 내장도 생각보다 잘 어울렸어요!여기는 마치 닭발을 처음 먹었을 때 마냥 제게 새로운 닭발 인생을 열어준 곳입니다. 찐이에요. 추천합니다",맛있다
1590,옹골진치킨,조게바라,학교 다닐 때 부터 단골인 치킨집.후라이드 순살에 파를 올려서 먹으면 세상 부러울 것이 없다.맥주기계도 매일 청소 하셔서 신선하다.양도 많고 맛도 좋은 단골 치킨집.,맛있다
1591,옹골진치킨,맛되디,"비싼데도 맛없고 부스러기 천지인 치킨집이 판치는 요즘 ... 힐링 받고 계속 찾게되는 치킨집이랍니다ㅎㅎ 옛스런 간판에 전형적인 치킨집이라 힙한 분위기나 특별한 내부 장식 따윈 없어요! 그치만 전 치킨집은 응당 그래야한다고 생각해요ㅎ 중요한 건 치킨이니까요! 사진 보면 아시겠지만 좋은 기름 써서 새로 만들어 주시는 게 확 티나는 집이에요. 기름 절은 내도, 닭 비린내도 없고 속살은 쫄깃부들하거든요 ㅎㅎ 유일한 단점이라면 항상 허겁지겁 먹다가 입천장이 바스라져 돌아온다는 점...의심하지 말고 편하게 방문해보셔도 될 듯 해요ㅎ 싸고 맛없어서 가성비 의심하게 만드는 집들과는.. 비교불가에요!  정말 맛 좋은 외대 인근 치킨집으로 인정하는 그런 곳입니다ㅎ!",맛있다
1592,옹골진치킨,E.T Jun ,"양념,간장 반반",맛있다
1593,옹골진치킨,촘촘,"말해모해,,, 이 근방에서 제일 마싯는 치킨집",맛있다
1594,옹골진치킨,동건맘,아이를 대동해서 갔음물가대비 대학생들에게는 나름 괜찮은 가격과가격을 능가하는 맛퀄리티에 만족맛을 보니 입에 기름이 번질대는 느낌이 없어서 물어보니 기름은 매일 바꾸신다고애가 좀 커서 이제는 죽자사자 마시는 모드는 탈피하고 생맥 한 잔에 아들과 맛안심되는 치킨뜯기에 베리굿임,맛있다
1595,옹골진치킨,JW,회기 치킨집 중 유명하다해서 갔는데 별로...,별로
1596,옹골진치킨,하양봉,갓튀겨나온 맛있는 닭을 만날 수 있는 곳. 생맥주 보다는 병맥을 추천!,맛있다
1597,옹골진치킨,노가리구운김,고소해요,맛있다
1598,옹골진치킨,이종한,후라이드 치킨 먹었습니다.가겨도 저렴하고 맛 좋네요... 배달해주면 더 좋을 텐데....다음번엔 다른 메뉴도 먹어봐야 겠네요,맛있다
1599,옹골진치킨,AlexTheFood,친구가 외대 다니는데 이 곳 단골이에요!모든 걸 떠나서 일단 치킨이 맛있는데 12000원이에요! 가성비로 따졌을 때 짱이라고 생각하는 치킨집!올 때마다 마늘간장 반 순살 후라이드 반 해서 소금에 찍어 먹는데 정말 맛있어요! 외대 앞에서 치킨 먹을 땐 여기로! 사람들이 늦은 시간까지 있으니 조용한 곳을 원하는 사람들은 주말 저녁이랑 늦은시간에 오세요 평일은 피하시구! 그 외에는 장소 포함해서 모든 것이 완벽합니다 :),괜찮다
1600,옹골진치킨,박건우,굳굳 말이필요없ㅁ음ㅋㅋ 외대 치킨 3대장 옹골진 짱닭 충만,맛있다
1601,고흥소곱창&부추생삼겹살,파랑앤홍,22-9삼겹살이 부채처럼 펼쳐진 비쥬얼이 너무 먹음직하여 방문했습니다일단 삼겹살과 소곱창은 같은 판이 아닌 다른판에 해주시는데 비쥬얼은 좋네요소곱창도 먹을만 합니다만 삼겹살은 살짝 아쉽습니다대패삼겹살보다 살짝 두꺼운 삼겹살은 양이 너무 적어서 안타깝습니다그래도 가격대비 가성비는 좋습니다만 사람수보다 1인분 또는 2인분은 더 시켜야 겠네요삼겹살 정식에 따라나오는 계란찜과 라면이 재밌습니다방문추천 80%친절도 중청결 중주차불가,맛있다
1602,고흥소곱창&부추생삼겹살,프리리뷰어,평점맛 ★★★☆☆가성비 ★★★★☆종합 ★★★☆☆적당히 가성비 좋고 맛 괜찮은 집이라고 생각해요. 다만 단점이 고기가 좀 단단하고 말라있는 느낌이었어요. 그렇지만 가격이 비싸지 않은 점 감안하면 괜찮다고 생각해요.한줄평: 가성비 좋고 맛 나쁘지 않은 삼겹살집! 이문동 살면 한번쯤은 가볼만하다.,괜찮다
1603,고흥소곱창&부추생삼겹살,포노포노,친구랑 같이 있다 급 곱창이 땡겨서 방문한 집입니당비쥬얼 폭발인데 비해곱창이 생각보다 너무 질겨서 엄청 맛있다는 생각은 잘 안들더라구요ㅜㅜ그래서 앞으로는 조금 더 가더라도 왕십리 곱창을 먹어야겠다고 생각했습니당ㅠ전체적으로 쏘쏘였던것 같아요!,괜찮다
1604,고흥소곱창&부추생삼겹살,띵시,"가성비 ●●●●●맛●●●●○분위기 ●●○○○재방문의사 100미친가성비 사장님 사랑합니다ㅜㅜ 냉동삼겹과 생삼겹의 가격차이가 큰데, 냉동도 트집 잡을 데 없이 맛있다. 초벌해서 올라가며 불판 가운데에 양념부추 김치 숙주가 산처럼 쌓여 있다. 삼겹살은 약간 바삭하게 구워져 기름기가 많이 빠져 있다. 숨이 죽은 부추와 구운김치 고기에 올려 먹으면 듀금! 불판이 우묵해 가운데에 삼겹살 기름과 김치가 모이는데, 그 끓는 빨간기름에 마늘을 휘뚜루마뚜루 때려박아 튀겨먹으면 진짜 맛있다.메인 나오기 전에 끓여주는 1/4 라면 김치찌개 속에도 고기 들어있다. 보끔밥도 고슬고슬 맛있다. 소곱창도 있지만 비싸므로 법카찬스 쓸 때만 주문^^ㅠㅠ 정석대로 먹으면 1인 만원에 호사스럽게 먹지만 술이술술을 부르는 메뉴이기 때문에 하하... 외대인들이 의외로 모르는 장소라 목에 핏대 세우고 홍보하고 있다. 망하면 안 되는 곳.",맛있다
1605,선진국낙지마당,즌짱,"매운 거 땡기면 생각나는 곳. (맵찐은 보통맛을 먹어도 충분히 매워요.) 빨간 낙지볶음에 콩나물, 김가루 넣고 밥 비벼서 먹으면 밥 한 끼 클리어 눈 깜짝할 사이에 이루어집니다. 식당에서 먹으면 미역 냉국이 나오는데, 포장하면 같이 안 주는 게 포장할 때의 아쉬움. ㅠ ㅠ 아, 식당에서 먹으면 계란찜도 나와요. 그치만 식후에 불난 속 달래라고 주시는 감자는 함께 주십니다.손님들 많을 때는 가림막은 있지만 붙어있는 상에서 모르는 사람과 붙어 앉을 수도 있고, 굉장히 소란스러운 곳. 낙지만두는 그냥 그러니 비추천. 낙지볶음 왕추천.",맛있다
1606,선진국낙지마당,Ray,"낙지볶음(1인 11000) 보통맛 먹었더니 너무 맵지 않고 괜찮았어요. 낙지볶음 시키면 미역냉국, 밥, 콩나물, 김가루가 같이 나오고요. 전 매운 걸 잘 못 먹어서 낙지볶음 양념은 최대한 안 묻히고 낙지만 건져먹는 느낌으로 덜어서 비볐거든요. 그래서인지 너무 안 맵고 먹기 딱 좋았는데, 일행은 보통맛 치고는 좀 매운 것 같다고 했어요. 아, 낙지는 엄청 크고 탱글하고 맛있었습니다! 처음에 아예 큰 낙지 다리 그대로 나와서 잘라먹어야 되는데 사진을 뒤늦게 찍는 바람에 그 사진이 없네요ㅠㅠ#아무리뷰",맛있다
1607,선진국낙지마당,키다리아저씨,리뉴얼 되어서 매장이 깔끔해졌구요~ 주차공간도 여유로워서 좋아요.기본찬은 몇가지 없지만~ 주재료인 낙지 상태가 좋아 부드럽고 질기지않은 식감이 좋네요.맵기조절 가능하고~ 가볍게 식사하기에 괜찮은듯합니다.조개탕은 별도로 주문하는건데~ 요즘같이 추운날엔 딱이네요!! 맑고 시원한~~우선 음식의 간이 그렇게 강하거나 짜진 않아서 괜찮았어요~식사 다할쯤 군감자도 주시니 입가심으로도 좋네요.,괜찮다
1608,마포껍데기,키다리아저씨,"사는곳에서 10~15분 걸어가면 초저녁부터 술한잔씩 하시는 분들이 많이 모여있는 ""마포껍데기""이곳에서 나름 오랜 장사로 단골 주민들이 꾸준히 찾는듯합니다. 전체적으로 가게의 분위기나 테이블/의자가 깨끗해보이진 않고, 노포느낌이 드는 장소구요.이곳은 숯을 사용하는게 아닌 연탄불!!을 피워주십니다. 공기가 안좋은날이나 더운날은 피해야할듯해요;; 다리쪽 드럼통도 뜨끈해집니다.아주 예전에 방문했던 기억이 가물가물한데...그때도 껍데기는 먹었던거 같아서 껍데기와 소갈비살을 주문했습니다. 몇년만에 재방문이라^^;;냉장실에서 꺼내 소갈비살을 썰어주시는걸 보니...양념이 밴 소갈비살이 아니였고, 생이라 깔끔하고 담백하게 구워먹기 괜찮았어요. 껍데기는 요즘스타일의 두툼한 껍데기는 아니여서 얇은 편이였지만, 상당히 쫀~득한 식감으로 씹는재미는 있습니다.기본찬이라고 할만한게 거의 없지만, 서비스로 나오는 된장찌개는 약간 칼칼하며 입에 착 감기네요.가볍게 술한잔하며 고기 먹기엔 괜찮은듯합니다.",괜찮다
1609,봉추찜닭,kkonoo,프랜차이즈다 보니 보장된 맛. 찜닭집 많은데 누룽지 볶음밥 때문에 여기 감. (최근에 다른 데도 해서 갈아탐..ㅋㅋ),괜찮다
1610,봉추찜닭,JW,봉추찜닭 맛있어요 ㅎㅎ 누룽지랑 쌀밥 하나씩 시켜서 번갈아서 먹으면 굿굿!!,맛있다
1611,봉추찜닭,승수 Kim,체인점답게 맛은 어디든 비슷하죠. 찜닭집이 주변에 별로없어  선택여지가 없음.,괜찮다
1612,신가네왕코등갈비,진꿀이,살코기 많고 졸맛..! 항상 궁금했던 곳 순두부찌개가 맛있다고 그래서 항상 궁금했었는데 등갈비에 살코기도 많이 붙어있고맛있었다..! 처음엔 등갈비가 배가 찰까? 고민하면서 먹었는데 하나하나 심도있게 뜯어먹으니 배가 부르네여?4명이서 6인분을 먹었는데....1인분에 한 8대가 나오는거 같아요? 생각해 보니 48대를 먹었네요크크 배안부르는게 이상껍데기도 존맛이라던데 없어서 못먹음..ㅠ단점:맥주비쌈,맛있다
1613,신가네왕코등갈비,ParkMichelle,신설동이 본점이고 은근 분점도 몇군데 있는데 망플에는 리뷰가 별로 없네요 ㅋ̆̈ ㅋ̆̈ ㅋ̆̈  밤 10시되어도 줄서서 먹는데  아마 다들 더 유명해지는게 싫어서 홍보 안하는듯 ㅋ̆̈ ㅋ̆̈ ㅋ̆̈ ㅋ̆̈ ㅋ̆̈   기본 제공 순두부도 맛있음. 사진엔 참 맛없데 나옴 ㅠ,맛있다
1614,신가네왕코등갈비,코퍼맘,"일단 먹기가 좀 힘들었지만, 등갈비가 다 그런거니... 엄청 찾아와서 먹을맛은 아니고, 등갈비 땡길때 먹을정도.. 서비스로 주시는 순두부찌개가 MSG 듬뿍이었지만 맛있었음. 파절이에 콩가루 뿌려주시는게 인상적",괜찮다
1615,신가네왕코등갈비,JoonKim,가끔 멀리까지 찾아가서 먹는 등갈비 맛집. 처음에는 모르지만 후추간이 강한 은근 매운맛이라서 먹다보면 어느새 입 주변이 화끈거리는 중독성 있는 맛! 서비스로 나오는 순두부찌개도 너무 맛있음,맛있다
1616,직앤쿡,서교동,"삼육서울병원 바로 앞에 위치한 음식점.2인 세트(샐러드파스타+쭈불+고르곤졸라피자) 주문.1인당 9,800원 이었음.만원도 안되는 가격에 다양한 종류를 먹을 수 있어 가성비는 괜찮았으나, 뭐ㅜ 엄청난 맛집이라기엔 무리가 있다. 배부르게 먹을수있었고 쭈불 맛은 괜찮은 편. 다만 고르곤졸라 피자와 샐러드파스타는 사실 딱히 맛있는지 모르겠는, 그냥 그저 그런 맛이었음.에어컨을 켜지 않고 창문을 열고있어 내부가 약간 더웠고 창밖에 매연이 그대로 들어오는듯한 느낌과 분위기. 그래서 좀 더 별로인듯 느껴진 듯 하다.친절함과 가성비때문인지 평일 점심임에도 테이블은 꽤 많이 찼다",괜찮다
1617,퐈이야,정은,소세지 SET,맛있다
1618,퐈이야,silvert,ㄱㅊㄱㅊㄱㅊ,맛있다
1619,고기하다,달리자크롱,"[ 가성비 좋은 육즙 팡팡! 고깃집, 고기하다 ]통창이 있어 환기가 잘되고 깔끔하다. 요즘 스타일 인테리어로 꾸며놔서그런지 손님으로 젊은층들이 많이 보인다. 회기는 유독 가성비 좋은 고깃집이 많은데, 이곳도 다른곳과 견주어도 손색없을정도로 괜찮다.밑반찬은 기본으로 나오고, 더 먹고싶으면 셀프바를 이용해서 먹으면된다. 대부분 반찬은 다 괜찮고, 김치가 엄-청 시다. 완전 신김치 그자체! • 삼겹살 목살 반 (600g) 26000원 ‘고!기! 먹는다!’는 것을 확실히 알정도로 육즙이 팡!하고 터진다. 삼겹살이 목살보다 지방이 더 많아서 부드럽다. 목살은 두껍지만 육즙이 터져나와 좋았다. 소금보다 액젓에 찍어먹으면 더 풍미가 살아난다. 앗그리고 직원이 구워주진 않는다! • 된장찌개 4천원 + 밥 1천원 계란볶음밥을 시켜먹으려다가, 옆테이블꺼 보고 급하게 메뉴수정ㅋ_ㅋ 라면은 재료소진으로 안된다해서 된장찌개로 주문했다. 된장찌개는 좀 달짝지근하다. 된장인지 무가 단것같다. 그래도 얼-큰해서 먹으니, 기름진 고기가 쑤욱 내려가는 것 같다. 사장님도 친절하고 가격대비 맛도 있고 배도 불러서 맛있다로!",맛있다
1620,고기하다,미동이,회기 삼겹살집들 긴장함동네에서 제일 ㄱㅊ,맛있다
1621,고기하다,뿌디,"— ‘고기하다’에서 ‘고기했다’ —회기동(경희대-외대)에 자리잡은 GOGIHADA. 가격도 괜찮고, 좋은 삼겹을 먹을 수 있다는 말에 흥분한 채 발걸음을 향했다. 망플에 후기가 없는건 충격적이었지만, 부디 홀릭/망플 이용러들이 자주 가주길 바라며 첫 글을 개시한다.1. 합리적인 미친 가격 : 삼겹살이 더이상 서민의 음식이 아닌 때가 도래했다. 1인분에 15,000-18,000을 호가하는 가격, 구워주는 서비스, 고오급 삼겹문화를 지향하는 분위기 탓에 힘들때 소주잔 기울이며 고기를 먹었던 시간을 그리워하는 사람이 많았다. 이런 점에서 ‘고기하다’의 가격은 꽤나 합리적이다. 600g에 24,000원, 200g에 8,500원으로 대학생/직장인 등 신분에 구애받거나 부담가지지 않고 즐길 수 있다.2. 삼겹 반 목살 반 600g 주문구워주시는 분은 없다. 그러나 고기의 자태가 남다르다. 일단 질이 좋은걸 삼겹 좀 먹어본 사람이면 알 수 있다. 같이 간 동행이 삼겹살 굽기의 장인이기도 하겠지만, 기본적으로 삼겹/목살의 육즙이 미쳤다. 와사비/멜젓+소금/쌈장 조합에 명이나물/양파절임과 함께할 수 있다.아니 이 가격에 이런 미친 육즙이 나온다고? 두툼한 삼겹의 마이야르 반응과, 오동통하고 쥬시한 삼겹은 말없이 나를 음미하게 만들었다. 3. 계란볶음밥비주얼이 예뻐서 시켜보았는데, 느끼함보단 단맛이 강했다. 굴소스의 감칠맛, 설탕/쯔유로 단맛을 더한 것 같았다. 내 취향은 아니었지만 평탄했다.내 기준 여러 삼겹 맛집을 비교했을 때 이 집의 경쟁력은 가격과 육즙이다. 가격이 여타 타 삼겹과 절대 비교할 수 없다. 꼭 가보길 추천드린다.!!!!!- 직원분들 진짜 너무 친절하시다 (이태원 클라쓰의 청년들 느낌)- 입소문이 난 탓인지 대기가 꽤 있다",맛있다
1622,대성집,닷씨,"이 집은 마음의 고향 그 자체다.갈 때마다 변함없이 반겨주시는 사장님, 넉넉한 서비스, 그리고 이 집 만의 감성 한바가지 등등 사장님이 오래오래 장사해주셨으면 하는 집이다.",맛있다
1623,대성집,Mistletoe,짱캡맛은 이곳의 대표 메뉴안암에서 가장 애정하는 술집으로특유의 노포 분위기가 좋다코로나때문에 사람이 적은데 오래오래 장사하셨으면 좋겠다 :-),맛있다
1624,대성집,Alice,"사장님이 정말 친절하시고, 마지막에 빙수까지 나오는 걸 보고 핵감동했어요. 메뉴들 맛은 어딜 가나 먹을 수 있는 맛이지만 이 메뉴를 만들어 주시는 사장님의 멋은 다른 덴 없지요~ 짱캡맛 정말 짱캡맛입니다!",맛있다
1625,대성집,Sevil,대중적인 맛 안주로는 최고,맛있다
1626,대성집,함비,둘이서 오돌뼈랑 닭똥집 1인분씩 시켜서 먹었습니다.1인분씩밖에 안시켰는데 생각보다 많이 나와서 당황양 엄청 많은 김치국수도 써비스로 주심 ㄷㄷㄷ고대 근처에 가성비 좋은곳들은 많지만 여기도 가성비 너무 좋습니다. 안주들도 너무 맛있고 가성비 오집니당..  마지막에 빙수까지 주셔서 배터지는줄 알았음,맛있다
1627,대성집,백민수,예전에 먹었는데 괜찮았던 기억이 난다.,맛있다
1628,대성집,마시러가자,여기 너무 혜자 ㅠㅠ 닭곱창 닭갈비 닭똥집 다 맛있는데 내입에는 닭갈비가 최고당. 밑반찬은 그냥저냥인데 닭갈비 양이 개혜자!!!,맛있다
1629,대성집,맛의달인,사장님들..마진이나시는지 모를정도로..너무 많은 걸 주신다..겨우 똥집이랑 몇개 시켰는데.. 국수에.. 빙수에... 항상 감사하신 분들... 대성집 뿐 아니라 형제집도 그렇고.. 골목에 있으신 사장님들 계속 오래 건강하셨으면 하는 마음이 드는 음식점,맛있다
1630,마약고기,파랑앤홍,18-126덩어리 고기에 양귀비 가루를 뿌려주시는 고기집.진짜 마약? 사실 확인은 안되는데 맛은 기가 막혀요고기 커팅도 직접 해 주시고 먹는 방법도 알려주십니다슬라이스 스테이크를 먹는 식감에 비린내도 없고 양도 그정도면 괜찮습니다고기 먹고 난 후 청국장에 끓여주시는 밥이 또한 좋습니다다만 찌게 베이스라 간이 짜요~~근처에 오시면 꼭 들러 보세요방문추천 90%서비스 90%청결 70%주차 근처에 눈치껏~,맛있다
1631,장원닭한마리,HP7,기대이상으로 맛있었다.특히나 소스가 매우 인상적.재방문의사 조금있음.,괜찮다
1632,장원닭한마리,WonBokyoung,식사때는 늘 줄이 있어요~ 은근 소문난 동네 맛집입니다:) 제일 작은 사이즈가 작은 닭 한마리 반 들어간거로 알아요. 소스 취향껏 만들어서 부추 왕창넣어 살코기 찍어 먹어도 맛있고 저희 엄마는 국물에 부추를 살짝 데쳐 드시는데  그렇게 먹어도 맛있어요:) 같이 주는 물김치도 중간중간 먹으면 개운하고 시원합니다,맛있다
1633,신화쭈꾸미,추진단장,강금옥쭈꾸미 건너편에 있는 신화쭈꾸미가게는 뭔가 갬성있는 쓰뎅 테이블계란찜이 기본으로 나와서 좋다......나는 매운거 좋아해서 3단계 까지밖에 없는데5단계 신청해서 먹었다맛있...,맛있다
1634,신화쭈꾸미,미동이,..굳이..?,별로
1635,신화쭈꾸미,뇽뇽,처음에 생각보다 매워서 당황했는데 먹다보니 익숙해져서 맛있었음. 소스 자체도 그냥 먹으면 뭐지했는데 쭈꾸미를 찍어먹으니까 꿀~맛볶음밥도 치즈 많이 주셔서 좋았고 가장 좋은건 계란찜과 쿨피스가 서비스라는점ㅎㅎㅎㅎ가깝다면 한번쯤 또 갈만한곳!,맛있다
1636,인생소곱창,분당 정복,양이 푸짐한것이 가장 큰 장점메뉴들의 간이 전체적으로 강한게 개인적으로 아쉬운점,괜찮다
1637,육회지존,Pinguguguu,"내가 가봤던 육회지존 중에 맛있는 편인데 기본육회만 시키면 소고기무국리필 잘안해주신다. 황제를 시키면 계속리필해준다더라. 돈벌어서 황제,꼭 먹어봐야겠다.",맛있다
1638,종구네통닭,swonique,"청량리 시장의 명물 닭똥집튀김 골목,  종구네꽈리고추가 구성되어 있지 않은건 아쉬우나 기름이 비교적 깔끔한편이라 좋음",맛있다
1639,미미갈매기살,샤이,고기집이 많다.요즘 유행하는 많은고기집들과는 차별되는 곳이다1979년에 문을연 미미 갈매기살은..현재 어떤집과 비교해도이 집을 따라올 곳을쉽게 만나지 못했다.개인적으로 손에 꼽히는몇 안되는 고기집손맛 좋은 시골계신 할머니의맛을 그대로 느낄수있는 곳.고기 자체가 이미 맛있다.마장동 근처경동시장사거리라는 위치 특성상고기의 질은 최고인듯하다.고기자체에 잡내가 없고육즙은 튼실하다.찬 하나 하나가 내공 가득하다.시골 할머니의 손맛이라표현하고싶다특히..된장은 군계일학이 집은 된장 하나만으로도갈 이유가 충분하다.직접띄운 메주로  내공가득한된장을 끊여내신다.츤데레 할아버지와푸근한 할머니의 깊은 손맛..전 메뉴 모두 추천할 만하다.더 놀라운건 고기 일인분 양이다.이 최상급의 보기드문 고기가200그람이 일인분이란 것..그 동안 지인에게도 공유하지 않은나의 비장의 고기집 중 하나다.,맛있다
1640,현고대닭발,JHR,맛있어요. 닭부속고기들이 많아서 다음에도 도전해보고싶어요 사장님이 깔끔하게 구워주셔서 먹기도 편해요 뜨거워서 먹기전에 그릇에 덜어먹어야 잘 먹을수있어요~,괜찮다
1641,현고대닭발,한치,뼈있는 닭발 먹다 보면 계속 매워지는데 엄청 중독적.주먹밥과 계란찜은 필수.한 번 익혀나오는 닭발을 불판에 다시 데워서 비닐장갑을 이용해 뜯어먹는 방식.,맛있다
1642,현고대닭발,카밍밍,사진이...ㅎㅎ워낙옛날부터 맛집으로 유명한곳 ㅎㅎ아빠랑 어렸을때갔던 기억이나서 아빠가 강추하길래 커서 다시가봤다 ㅎ사실 닭발은 숯불닭발이랑 국물닭발 위주로 먹어서구워먹는 닭발은 첨이었다 ..ㅎ첨에 기대하는맘으로 먹으면 읭.? 한다근데 이집은 집에와서 계속 생각난다...ㅋㅋㅋㅋ양념이 좀 복잡한 맛이아니라 심플한맛이어서그런거같다근데 이게 먹을때는 잘모르는데 집에와서 이맛이 계속생각난다..아빠가 엄청맵다고 하도 난리었는ㄷㅔ무뼈로 먹어서 그런지 엄청 맵진않았다 하지만 맵긴했다(무뼈가 좀 덜맵다고 하심)매운거 못먹는편인데 딱 먹을만한 정도닭염통을 또 시켜서 매운맛이 중화된거같기도하다친구는 이 닭염통에 빠져서 기름장에찍어먹으니까 넘맛있다고 ㅋㅋㅋ..여기의 또 별미는 양배추인데 ㅋㅋㅋ양배추에 케찹을 뿌려주시는데 이게 매움을 없애준다..옛날 느낌..전통느낌의 닭발집 ㅎ닭발만 치면 괜찮다 이지만특유의 분위기와 다른 부위를 구워먹을수 있다는것과 이곳을 대체할수있는곳은 아직 모르겠기에 맛있다를 준다ㅎㅎ또갈거당 ㅎㅎㅎ +++추가뼈있는 원조 닭발을 먹어봤다..진짜 상상이상으로 매워서 물 10컵은 먹고 울면서 먹었다입술이 너무 쓰리다..근데 나는 매운걸 못먹는데도 맛있었다..하지만 먹기 두려웠다근데 내가 못먹는거였는지 정말 그 식당에서 나만 물을 먹고있었다 ㅋㅋㅋ..같이간 친구는 열심히 먹음안맵다고한거취소.. 담엔 만만한닭발로 먹어봐야겠다..,맛있다
1643,현고대닭발,반말했다존댓말했다,사당점에 이어 본점도 가봤어요!진짜 매워요 매운거 좋아해서 행복햇어요계란찜이랑 주먹밥은 원래 필수이구용근데 사당점이 더 맛잇게 매운듯????그리고 닭발이랑 요런게 고기쇼케이냉장고같은데에쭉 진열되잇엇는데 썩 위생적으로 보이진 않앗어요!,괜찮다
1644,강금옥쭈꾸미,Ray,쭈꾸미삼겹 먹었는데 삼겹살이 너무 얇긴 하지만 전체적으로 맛있었어요. 매울까 봐 걱정했는데 안 매워서 더 좋았고요. 깻잎이랑 쌈무에 마요소스까지 열심히 싸 먹었습니다ㅋㅋ 계란찜이랑 볶음밥은 평범한데 양이 진짜 많아요! '이게 볶음밥 하나라고?' 할 정도니까 많이 안 시켜도 될 것 같아요ㅎㅎ,맛있다
1645,강금옥쭈꾸미,기미상궁,"""새롭게 떠오르는 쭈꾸미 강자""모처럼 오랜만에 들른 회기에서 나름 요즘 핫하다고 하는 '강금옥 쭈꾸미' 를 들렀사옵니다. 소인 나름 천호 쭈꾸미를 애정하는 한 사람으로써 그에 비교하며 어느정도 하는 집인지 객관적으로 평해 보겠나이다.6시 반쯤 들렀사온데 가게내부는 거의 만원이었고 소인이 자리를 잡은후 웨이팅이 생기는 것을 보아하니 꽤나 유명한 집이구나.. 싶더이다.. 피크 타임엔 웨이팅이 있을 수 있으니 참고하셔야 할듯 하옵니다.철판에 쭈꾸미를 먹는다 하면 삼겹살은 필수 조합 인듯 하옵니다. 그러하니 당연히 쭈꾸미삼겹..소인에게 쭈꾸미 삼겹살을 먹을때 무엇보다 가장 중요한 재료는 '마요네즈' 이옵니다. 헌데 이집은 두가지의 마요네즈 소스와 천사채 또한 마요네즈에 버무려 나오니.. 메인 요리가 나오기도 전에 맛있게 먹을 수 있겠구나...'쭈꾸미 삼겹'-천호 쭈꾸미와 비교해서 양도 푸짐하고 삼겹살의 질도 좋으며 쭈꾸미도 통통하고 씹는 식감도 좋사옵니다.  깻잎과 쌈무와 마요버무린 천사채과 마요소스.. 쭈삼을 맛있게 먹을 수 있는 조합은 다 갖춘 집이옵니다.사실 소인은 평소에 회를 제외하고는 쌈을 거의 싸먹지 않사온데.. 유독 쭈꾸미를 먹을때는 테이블에 있는 깻잎을 쓸어버리다 시피 하옵니다.※깻잎에 쌈무에 쭈꾸미와 삼겹살을 올리고 천사채, 마요소스 듬뿍찍은 마늘 이렇게  싸드시는걸 추천드리옵니다.​아쉽게도 이날 배가 너무불러 볶음밥까지는 클리어 하지못하였사옵니다...",맛있다
1646,꽃세겹살,나나하다,오늘 저녁에 먹고왔는데 참나무 장작 초벌구이라고 해서 풍미가 좋고 담백할 줄 알았지만 쓴 맛이 너무났어요. 불향이 아니라 고기 자체에서 쓴 맛이 나서 원래 쌈장에 안찍어 먹는데 쌈장이랑 무쌈에 싸먹어야만 했어요 ㅠ 타서 나는 맛보다는 초벌하면서 수분기가 빠져나가서 그런지 고기 육즙의 고소한 맛이 사라지고 쓴 맛이 더 많이 느껴졌습니다.그래서인지 따로 먹으면 괜찮을 수 있는데 숙주가 너무 새콤하게 느껴졌고 쓴맛이랑 시큼한 맛을 같이 먹으니 조화롭지 못했던 것 같아요. 파무침은 맛있는데 마지막에 볶음밥은 정말 고깃집에서 해주는 볶음밥이랑은 좀 멀게 느껴졌어요. 감칠맛은 떨어지고 특유의 액젓(?)향이 첫 맛에서 느껴졌습니다. 일행이 음식 남기는 걸 싫어해서 먹었지만 음...리뷰처럼 다시 생각날 만큼은 아니었고 솔직히 맛이 없었어요.,별로
1647,꽃세겹살,키다리아저씨,"맛과 질      : 32/40  가격/가성비: 16/20 위생/서비스: 17/20위치/분위기: 6/10개성          : 6/10총점      77/100 재방문 : 고민주문메뉴 : 장작불삼겹살, 장작불목살경희대 근처에서 꽤 인기있는 고기집이라네요~참나무 장작으로 1차 초벌을 하여서 나오기 때문에 고기가 테이블에 나오기까지 약간의 시간이 걸리기 때문에~ 먹다가 더 주문할 생각이라면 미리 주문하는게 좋은거 같아요~솥뚜껑 느낌의 불판위에 양념된 숙주를 가득 올려주고~ 초벌한 고기를 함께 구워주며 먹는데 숯향이 배어서 좀더 풍미가 좋은듯하며, 고기도 꽤 두툼해서 식감을 즐기기에도 좋은듯해요~테이블간 거리가 그리 넓지 않다보니 주변 테이블 때문에 불편한 경우도 있고, 환기 부분에서는 조금 아쉬움이 남지만, 가격대 괜찮고, 고기의 맛도 괜찮아서 근처에서 삼겹살 먹기엔 좋은듯하네요~목살도 궁금해서 먹어봤지만, 개인적 취향은 삼겹살이 더 맛이 좋았던거 같아요~특이하게 또띠아를 주셔서 상추쌈 싸듯 먹으라는데....고기넣은 빵을 먹는 기분이랄까~ㅎㅎ숨죽은 양념숙주와 파채 가득넣어 먹으면 그맛도 좀 별미긴 하네요~그리고 볶음밥은 드시는걸 추천!!",괜찮다
1648,꽃세겹살,미동이,숯향이 독특함 두 번 정도 가봤는데 나쁘지 않았다,괜찮다
1649,꽃세겹살,즌짱,"회기 근방에서 먹어본 삼겹살 집 중에 가장 맛있다고 생각하는 곳입니다. 초벌구이 해서 나오는 삼겹살에 숙주가 함깨 나오는데 삼겹살도 삼겹살인데 요 숙주가 와우 정말 맛있어요! 삼겹살 3인분 먹고 목살로 2인분 먹었는데 목살 보다는 삼겹살이 더 맛있었어요. 또 기본으로 또띠아 조각과 콩가루가 나오는데 또띠아에 싸먹으면 존맛이에요,, 또띠아를 불판에 살짝 데운 후에, 잘 익은 고기에다 콩가루를 듬뿍 묻혀서 또띠아 위에 올리고, 숨이 잘 죽은 숙주를 살짝 올려서 먹으면 조오오오오오오오오온맛이에요 ㅠㅠ 숙주 빼고 먹으면 고소하게 맛있고 숙주 넣어서 먹으면 식감이 살아나서 맛있어요 ㅋㅋㅋㅋㅋ 가끔 콩가루 질리면 무쌈에 파절임 숙주랑 함께 먹어도 맛나요.. 볶음밥도 존맛탱,,,, 다른 말 필요 없이 회기 근방에서 삼겹살 생각나면 여기입니다!!! 요기 삼겹살 맛있어요!",맛있다
1650,꽃세겹살,최윤정,여기 진짜 맛있어요숙주랑 삼겹살의 조화가 진짜 최고구요 참숯에 초벌해서 주시는데 숯향이 나서 너무너무 맛있어요 밥하고 된장찌개도 딱 기본에 충실!,맛있다
1651,용두동임오네쭈꾸미,왕앵무,사실 옆집인 할머니네 쭈꾸미집에 가려고 했는데 늦게 방문했더니 주문을 더 안 받는다고 해서 임오네에 가게 되었다.매워서 씁씁하면서 먹게 되는 양념맛은 할머니네와 비슷한데 여기는 카레에 쭈꾸미를 찍어먹을 수 있다. 카레가루 들어가는 매운 떡볶이가 생각나는 맛이라 매운 양념과 카레와의 조합은 나쁘지 않았다. 쭈꾸미는 신선했고 오래 졸여도 질겨지지 않았다. 다만 양념은 할머니네가 더 중독성 있다.,괜찮다
1652,용두동임오네쭈꾸미,파랑앤홍,20-14용두동의 오랜 쭈꾸미 골목에 터줏대강인 임오네노포입니다십여년전에 먹어보고 매운걸 좋아하지만 잘 먹지는 못하는 저희 가족에게 여기는 너무 맵기에 가끔 생각이 나긴 하지만 못 오던 곳이었는데 매운쭈꾸미를 먹는 방법이 있었군요깻잎에 쌈무를 올리고 쭈꾸미에 카레를 푹 적셔서 샐러드를 추가하면 맵기는 감소하고 맛은 그대로가 되네요어느정도 먹다가 추가로 삼겹살을 넣고 다시 볶으면 새로운 메뉴가 되어 버립니다저렴한 가격에 식사와 술안주를 동시에 해결할수 있네요볶음밥도 맛있습니다방문추천 95%서비스 75%청결 80%주차불가#아무리뷰,맛있다
1653,용두동임오네쭈꾸미,즌짱,카레 소스가 같이 나오는 쭈꾸미 집. 삼겹살도 추가 가능하고 먹어보고 더 맵게 먹고 싶다고 하면 소스를 따로 더 넣어주십니다. 카레소스가 조금 더 진했으면 맛있었을텐데 싶은 아쉬움이 남는 곳. 볶음밥은 갱장히 맛있었어요.. :),괜찮다
1654,용두동임오네쭈꾸미,챠은(안맛있으면리뷰안쑴),여럿이서 가신다면 쭈꾸미는 1인분만시키시고 나머지인분은 전부 볶음밥을 시켜드세요 이모님이 볶음밥을 어케먹어야 맛있게먹는지 잘알고계셔서 장난없습니다 절믿으세요.아 참고로 매운거 잘못먹는 저에게는 조금매웠습니다 치즈가 없어 아쉬웠어요ㅠ카레 소스랑 같이 주셨는데 의외로 조합이 괜찮았습니다! 하지만 무쌈이 좀 말라있어서 속상했어요,맛있다
1655,용두동임오네쭈꾸미,구슬,유명한 집이 문을 닫아서 간 곳. 내 입맛엔 좀 매웠다. 맛은 그럭저럭.,괜찮다
1656,용두동임오네쭈꾸미,sj,ㅁ,맛있다
1657,전통춘천닭갈비,치킨살인마,전통 닭갈비를 먹었습니다.치즈 닭갈비는 얼마나 더 맛있을까? 하는 생각이 들 정도로 저에겐 맛있네요.주문과 동시에 주시는 콜라도 좋아요.(펩시),맛있다
1658,골목족발,김김,"골목 안에 있어서 식당 이름이 '골목족발'맛있지만 골목 안에 있어서 모르는 사람이 많고, 아는 사람만 아는 맛집!족발이 부드럽고 같이 나온 새우 숙주나물볶음도 아주 마있었습니다. 매콤하고 시원한 콩나물과 잘 어울리더라고요. 2번째 방문했어요~",맛있다
1659,골목족발,수원이,"예전에 한창 핫했던 새우족발!매운맛, 등등 여러 종류가 있었으나 무난하게 기본 새우족발을 주문. 족발과 새우가 버무러져나오나 했는데 따로따로 요리되어 나옵니다.족발은 숙주나물볶음과 파절이가 함께 나오는데,숙주나물이 달달고소하니 정말 맛있었어요.족발 자체도 달달해서 조함이 쿵짝 잘 맞았습니다.새우는 국물이 자작자작한데, 매운 크림맛이 살살 나요.국물 많은 파스타맛.족발을 개성있게 퓨전해 놓은 곳이었어요.",맛있다
1660,참말로좋수닭 273,탱자,고기가 부드럽고 바삭바삭해용 근데 소스양이 조금 적은듯하고 양념감자는 웨지말고 얇은 감튀여도 좋을것 같습니당 ㅎㅎ,맛있다
1661,참말로좋수닭 273,트라울,"행사하고 있던 날 궁금해서 치(즈에)빠(진)닭을 시켰고, 저렴하면서도 양도 푸짐하고 맛있어서 놀랐어요. 양념이긴 한데 약간 매콤하고 기존 양념맛과는 좀 다른? 맛이었어요! 거기다 닭다리 별로 안좋아하는 사람으로서 담백한데, 촉촉하고 부드러운 치킨 살이 너무너무 마음에 들었어요*혹시나 오해가 있으실까봐..닭다리살 안좋아한다고 해서 퍽살을 좋아하는건 아닙니다^^ 기름지지 않은 촉촉함이 포인뜨이 다음에 후라이드도 주문해서 먹어보았습니다! 역시나 깔끔한 맛이고(다리살 가슴살 중 가슴살 골랐어요) 소스 여러개랑 코올슬로까지 주셔서 좋았습니다~ 와사비마요 소스 맛나요☺️ 치킨 자체는 약간 밋밋하긴 했지만 다리살은 또 다를 것 같기도 해요!오늘도 지나가는데 급 치빠닭이 먹고싶어서 주문해서 왔네요 매장에서 바로 먹으면 어떨지 궁금하긴 하지만 집에서 먹어도 촉촉하고 맛있어요! 오늘 들어있는 치즈 양이 진짜 많아서 놀랐어요 근데 이게 7000원이라니(할인중)장점을 정리해보면1. 맛있다. 깔끔한 치킨 맛! 치빠닭은 처음에 잉 무슨맛이지? 라는 생각이 들다가 적응하면 이것만 먹고싶다ㅠ2. 저렴하다. 원래 가격도 저렴한 것 같은데 테이크아웃 하면 20% 할인된다.3. 혼자 먹기 좋다. 2번에서 당연히 귀결되겠지만 M사이즈의 가격과 양 모두 부담스럽지 않기에 좋다. 물론 그래도 남기기는 하지만 다음날 아침에 돌려먹기 딱 좋은 만큼 남는다.+)사장님이 친절하시다. 이건 보너스!++)배민에서 배달비도 받지 않으신다고 한다. 하지만 할인받기 위해 테이크아웃을...경희대 근처에 사시는 분들께 강력히 추천해요!! 여기 대박났으면 좋겠습니다☺️",맛있다
1662,참말로좋수닭 273,•_•,"회기에서 최애 치킨집이 될 것 같은 ""참말로 좋수닭 273"" 우선 내부가 깔끔해서 정말 좋고치킨도 잡내 없이 깔끔하고 맛있어요가격만 봤을 때는 양이 적을 것 같았는데 양도 많아요ㅎㅎ(회기의 다른 치킨집과 비교해서 4000~8000원정도 더 저렴한 느낌.)사이드로 나오는 코울슬로, 치킨무도 넉넉하게 주시고소스도 3가지나(와사비 마요, 머스타드, 바베큐) 더 주세요전체적으로 너무 만족스럽고 아쉬운 점 없는 맛집이었습니다+)사장님이 너무 좋으세요이름이 기억 안나는데ㅠㅠ 맥주도 맛있어요!! 번창하세요~~~~",맛있다
1663,참말로좋수닭 273,owo,"새로 생긴 회기 치킨 맛집♥️ 회기왕족발이랑 순수치킨 사이에 있어서 지나가다 들렸는데 가격도 맛도 훌륭하고 사실 사장님이 넘 좋으셔서ㅋㅋㅋㅋ망플 첨으로 가게도 등록하구 리뷰 남깁니다ㅎㅎ매장은 최대 10명까지 앉을 수 있게 되어있는 아담하고 아주 깔끔한 치킨집이에요!닭이 크고 깨끗하고, 질기지 않고 부드러웠어요ㅠㅠ소스두 바베큐, 머스타드, 와사비마요 세개나 있어서 좋았고....어....또..양도 가격이 싸서 적을까봐 걱정했는데 여자 2명 기준으로 후라이드 양념 반반했을 때 배부르게 먹고 남았고, 후라이드 시키면 웨지감자가 따라와용ㅋㅋ사장님이 다른 프랜차이즈? 치킨집 30년간 하시다가 새로 차리셨다구 해요~~가게 이름 273은 우리가 아는 그 버스번호ㅋㅋㅋ도 맞고 여기 전화번호가 -0273으로 끝나서 그렇대영 거의 머 인터뷰함테이크아웃 해가면 20%도 되고 가성비 짱 츄천함니도",맛있다
1664,이문동그집,반말했다존댓말했다,근처 지나가다 사람들 줄 서 있는거 보고 알게 된 집그래서 더욱이 기대가 컸나보다그냥 갓성비식당이네김치도 내 스타일이 아녔다ㅠ밑반찬이 전체적으로 아쉬움그래도 두명이서 차돌박이2 곱창전골2먹고 술까지 오마넌대에 클리어하니진짜 매력터지는 집!주말에 낮술하러 가긴 괜찮겠다,괜찮다
1665,이문동그집,잡식가고랭2,차돌박이 질 정말 좋고 맛있긴 하지만ㅜㅜ 평일 저녁 1시간 넘게 대기했어요ㅠㅠ 곱창전골이 맛있다던데 또 1시간넘게 기다릴 엄두가 안납니당 :( 다들 버스정류장 의자에 앉아서 기다리시더라구요 음식 특성상 다들 술마시면서 오래계셔서 회전율이 안좋은 것 같습니당 가성비 좋지만 1시간 웨이팅 각오하실 분들만 가셔요!! 아 볶음밥은 그냥 쏘쏘 했습니당 ㅎㅅㅎ,맛있다
1666,수타생고기,HP7,"육전1호점 웨이팅이 30분이상이라면충분히 대체재로 가볼만 한 곳삼겹, 목살 구분없이 육즙팡팡재방문의사 조건부로 있음",괜찮다
1667,수타생고기,파랑앤홍,20-28바로 옆골목에 육전식당이라는 어마어마한 삼겹살 집에서 독특한컨셉으로 이름을 알리고 있는 삼겹살 전문점 입니다고기를 흐르는 물에 숙성시키는 워터 에이징 방식을 따르는데 그보다 율금이라는 갈색 소금의 풍미가 더 좋습니다육전식당 못지 않은 맛으로 정말 맛있는 삼겹살에 육전식당의 웨이팅과 서비스의 푸대접에 지치셨다면 이곳을  강추합니다고기는 전부 잘라주고 타지않게 케어 해 주십니다맛과 서비스 둘다 훌륭합니다더구나 고기먹으면주는 맛보기 냉면의 퀄러티가 정말 좋습니다양만 적을뿐 냉면전문점의 냉면이라도 냉면 먹으러 방문할 정도로 맛있네요방문추쳔 100%서비스 90%청결 90%주차는 가게앞 2대정도..역시 율금을 써서 독특한 맛과 향이 배어 있습니다,맛있다
1668,수타생고기,진주현,"예전에 육전식당 뒤에 있어서 우연히 오게 되었는데, 너무 좋아서 재방문 했어요!목살 시켰구요. 사장님이 직접 구워주시고, 고기는 육전식당이랑 견주어도 나쁘지 않아요.(저는 더 좋은거 같은건 비밀*)반찬도 시즌마다 뭔가 새롭게 바뀌는거 같아요. 저번에는 간장새우였는데, 오늘은 간천엽이네요.암튼 육전식당 왔다가 줄서기 귀찮으신 분들은 오셔도 좋아요.",맛있다
1669,30년전통춘천닭갈비,ustar,큰 기대없이 들어갔다가 기분좋게 나왔던 기억이에요. 기본에 충실하며 아주 특별하진 않지만 아주 평범하지도 않고 철판 닭갈비의 정석적인 맛입니다. 깻잎향이 풍부하게 올라오고 닭냄새도 안나고 맛있게 잘 먹었습니다.,맛있다
1670,30년전통춘천닭갈비,키다리아저씨,"양념이 과하거나 자극적이지 않고, 깔끔하고 담백한 편입니다^^사장님 부부께서 친절하셨고, 오래된 건물에 비해 내부도 깔끔했어요.닭갈비도 괜찮았지만~ 가장 추천할 부분은 치즈토핑!!!꼭 추가해서 드세요. 치즈도 엄청 많이 넣어주셔서 치즈 좋아하시는 분에겐 닭갈비를 더욱 맛있게 즐길 수 있는 포인트네요.약간 매콤함에 고소함을 더한 느낌이라 잘 어울리네요.볶음밥도 어떤곳에선 맛이 없는 경우도 있는데... 이곳은 볶음밥도 괜찮네요:)",괜찮다
1671,더고집,AlexTheFood,"#AlexTheFood #3줄요약#더고집 #답십리맛집 #답십리고기집 #알더푸답십리⠀1. 반찬/사이드는 달거나 애매해도, 고기만 따지면 꽤 괜찮은 곳!2. 특이하게 삼(?) 하나씩과 감바스&식빵이 간단히 제공된다.3. 고기 퀄리티도 괜찮고, 가성비도 좋고, 얻어먹어서 좋았던 :)⠀___________________________________________________________* 황제 늑간살+토시살+차돌박이 600g 43,000* 눈꽃살 (미국산 200g) 18,000* 비빔모밀 4,000* 공기밥(고추장찌개 기본 제공) 1,000___________________________________________________________⠀[MangoPlate - /5.0 | GoogleMap - /5.0]맛★★★☆ 분위기★★★ 가성비★★★★⠀* 영업시간 | 매일 15:00-24:00* 쉬는시간 없음* 셋째주 일요일 휴무",맛있다
1672,통일부대찌개,숨,진짜 5년 다니면서 질려본적도 없고 일주일에 한 번은 꼭 먹는 계속 생각나는 맛.... 통부에 길들여지고 나면 다른 부대찌개는 맛없어서 못먹는다는 게 단점이라면 단점 ^^ 이 가격에 이 맛 그 어디에도 없다. 통부짱!,맛있다
1673,통일부대찌개,ㅇㅅㅇ,추운날은 부대찌개~외대앞 부대찌개 중 젤 깔끔하고 맛있음,맛있다
1674,통일부대찌개,E.T Jun ,외대앞 부대찌개하면 생각나는곳,맛있다
1675,통일부대찌개,*,쏘쏘. 나쁘지않았어염. 가격도 대학가라서 저렴한편이었고 양도 넉넉하니 괜춘. 하지만 막 특출나게 맛있다란 생각은 들지않았음.,괜찮다
1676,흥부골숯불갈비,키다리아저씨,"제가 살고있는 동네 근처~  부모님께서 돼지갈비 드시러 가면 ""흥부골""을 주로 가시더군요~본점 분점 다 가까운곳에 있는데도 본점으로 걸어갑니다^^ 주차는 본점보다 분점이 더 편리합니다.일하시는 분들 대부분 친절했고, 고기도 직접 구워주셔서 편하게 식사할 수 있습니다.돼지고기는 좀 도톰한 편이고, 양념이 짭쪼름 달달합니다^^; 역시 돼지갈비는 양념맛이죠!!ㅎㅎ 촉촉하고 부드러운 돼지고기가 두툽하다보니 식감도 괜찮습니다.기본찬 중에 양념게장도 사이즈는 작지만 별미죠^^살짝 아쉬운 부분 중 하나는 물냉면이 개인적으로는 맛있는 물냉면은 아니였어요;; 그냥 비냉이 그나마 먹기에 괜찮더군요.(고기 드시면 서비스 냉면 있어요^^)돼지갈비와 먹으려고 물냉면 주문하는 편인데...돼지갈비 양념맛을 고려해서 만든건지...그래서 새콤한 느낌으로 주시는걸수도 있겠네요. (국물맛도 강한편)전체적으로 음식의 맛, 그리고 서비스, 가격대 모두 무난하니 괜찮습니다.",괜찮다
1677,흥부골숯불갈비,즌짱,"갈 비 맛 집 !직원분이 고기 직접 다 구워 주시고 잘라 주십니다. 편안하게 식사할 수 있어서 좋았어요. 게다가 갈비 넘 맛있고... 고기가 무척 부드럽고 달달한 편이에요! 반찬들도 전체적으로 다 깔끔하고 맛있어요. 특히 양념게장이 맛있었고.. 밑반찬으로 나오는 떡볶이가 나오는데 차갑게 식었지만 별미였어요. ㅋㅋㅋㅋㅋ 갈비 시킨 만큼 후식 냉면이 무료인데, 물냉 비냉 다 맛있어요 :)",맛있다
1678,동의보쌈,성호,홀장사보다 배달장사가 주인 것 같습니다.사이다 하나 시켜도 한참걸려나옵니다. 다시 부르고 또 불러야 나오네요 사람도 많이 없었는데..모든 주문은 느리게 나와요.이럴거면 홀장사 접고 배달장사만 하는게 낫지 않을까 싶네요.,별로
1679,동의보쌈,ustar,보쌈먹고싶으면 무조건 동의보쌈 ㅎㅎ 고기 너무 부드럽고 김치도 맛있고 마늘 소스 진짜 너무 맛있어요날씨가 쌀쌀해서 칼국수도 시켰는데 국물 너무 시원하고 맛있습니다생굴도 시키고 싶었지만 둘이 먹기엔 너무 많을거 같아서 못시켰어요 ㅠㅠ,맛있다
1680,동의보쌈,키다리아저씨,이 근처 보쌈집으로 추천을 받아서 간 곳은 동의보쌈~!!마늘보쌈이 유명하다고해서 큰 기대 없이 먹어보니 맛난다!! 고기가 국내산이 아니라 조금 불안하기도 했지만~ 일단 맛은 좋고 기격대도 괜찮다.마늘소스가 살짝 달콤한 느낌도 나고~ 고기도 상당히 부드럽다. 삼겹살과 목살을 적절하게 나눠서 주신다. 서비스로 나온 야채전은 전분 때문인지 떡처럼 쫀득하게 맛있고.. 보쌈김치도 너무 맵지 않으면서 감칠맛나서 좋았다^^다음에는 해물 칼국수도 먹어 볼 예정^^,괜찮다
1681,팔각도,클짱,"학교 앞 가장 맘에든 고깃집 중 하나!회기에는 정말 먹을 게 없구나 싶던 차에 발견한 닭갈비집이다. 오픈한지 얼마 안되서 엄청 깨끗하고 다 새거고 화장실도 좋고 술마시기 최적화된 고깃집. 오전 수업만 하는날 거의 두시부터 술판을 벌인 곳이기도 한데…ㅎㅎㅎ 먼저 숯불 닭갈비를 2인분 이상 주문하고 나서야 특수부위를 추가로 주문할 수 있는 시스템이다. 직원분들이 엄청 친절하고 요청드리는 게 있으면 빨리빨리 해주신다. 고기는 초반이랑 중간 중간 몇번 구워주셨던 것 같은데 대체로 우리가 직접 굽는 시간이 더 많았던 갓 같다. 닭갈비는 김에도 싸먹고 와사비, 소스에도 찍어 먹고 다양한 방법으로 즐길 수 있다. 고기 질이 좋았고 부드러워 맛있게 먹었다. 연골, 안창살은 고추장 양념되어 나오는데 감칠맛도 좋고 식감도 좋았다. 소주가 술술 들어감;;조별 회식하거나 모임있을 때 앞으로 자주 애용할 맛집을 찾은 것 같다.",맛있다
1682,이문시장,프리리뷰어,평점맛 ★★★★☆가성비 ★★★★★종합 ★★★★☆가성비 정말 좋아요! 가격 싸고 맛있어요. 다만 저녁에 가면 너ㅓㅓ무 시끄럽고 혼잡해요. 코로나도 살짝 걱정되고요. 그렇지만 저렴한 가격에 맛있는 고기를 먹을 수 있는 몇 안되는 음식점인 것 같아요.한줄평: 가성비 좋고 맛있지만 정말 혼잡한 음식점.,맛있다
1683,이문시장,연희동/연남동주민포로리,너무너무맛있었어욤... 가격도저렴하고 직원분들도친절하셨어요!,맛있다
1684,이문시장,E.T Jun ,고깃집 겸 술집이다. 삼겹살이 저렴하고 맛좋음. 이집 만의 소스도 있고 김치도  특이하다. 저렴하게 고기먹다가 포차식 안주로 술을 먹을수도 있다. 가게 곳곳에 넘치는 사장님의 센스있는 문구들과 그림을 볼수가 있다.,괜찮다
1685,이문시장,AlexTheFood,냉동이긴 하지만 맛있었던 삼겹살 6천원!사실 전 타대학생인데 7시 전에 온 외대학생에겐 주먹밥 서비스로 주신다고 하더니 저희도 주셨어요! 물어보니까 7시 전에 오신 분들은 다 주신대요!그리고 조금 더 있다가 쿨피스도 서비스로 주시고 옆 테이블은 명이나물 서비스로 주시고 그냥 남는 거 없이 팍팍 뿌리시는 듯... 보니까 다 젊으신 분들 같았어요!밑반찬으로 나오는 묵은지가 있는데 자취생 입장에서는 이거 하나만 있어도 밥 다 먹겠더라구요... 다들 묵은지 한 입 먹고 여기 괜찮은데? 하고 주먹밥 서비스 보고 오 좋은데? 하고 숙주랑 된장찌개랑 계속 더 주시고 친절하셔서 여기 또 오자! 했다가 마지막 쿨피스 서비스에 애들 데리고 오자!!! 이렇게 되었답니다- 요즘 새로 생긴 곳이라 없어서 제가 이렇게 등록을 합니다 너무 괜찮았어서... 위치가 제가 자세히 한 건지는 모르겠어서 따로 말씀드리면 도네누 바로 맞은 편에 있어요! 다들 꼭 가보시길 :),괜찮다
1686,안씨네쭈꾸미,jy,"위치가 좋지않아서 많은 기대를 가지고 간것은 아니었는데 생각보다 더 깔끔하고 맛있는 쭈꾸미삼겹살이었어요.맵쓰인 저에게 맵기를 약하게 조절해 주셨고, 계란찜과 치즈가 잘어울렸습니다. 머스타드소스도 잘어울려서 배부른데도 맥주한잔과 함께 끊임없이 들어가더라구요.여러명이 오면 볶음밥도 먹고싶어요.추천메뉴: 쭈꾸미삼겹살.",맛있다
1687,안씨네쭈꾸미,옛오리,"경희대생은 거의 다 아는 맛집인데 망플에는 아직 잘 안 알려졌나 봅니다밑반찬도 맛깔나고 치즈나 갈릭소스, 카레 등 젊은 사람들 입맛 저격하는 요쇼도 갖추고 있어서 인기있는 회기 맛집입니당쭈꾸미도 많이 맵지 않으면서 소스가 감칠맛나고 맛있어요 ㅠㅠ 인생 쭈꾸미를 만나실 수 있습니다 저를 믿으세염개인적으로 한가지 별로인 점은 미나리가 많이 들어가는데 제가 미나리향을 별로 안 좋아해서 .. 쭈꾸미 먹을 땐 상관 없는데 볶음밥 먹을 때 미나리향이 많이 나도라규요 ㅠㅠ",맛있다
1688,서울본가,김수연,울 동네에서 가족들과 함께하기 좋은 식당이다돼지 왕갈비가 일품이다.,맛있다
1689,굿아임찜닭,kkonoo,회기 찜닭 중에 제일 좋음. 누룽지 볶음밥도 있고,맛있다
1690,굿아임찜닭,웅슐랭,"경희대 앞에있는 조그만 찜닭집이에요순살찜닭 (소) 20,000원알주먹밥 3,000원 주문했어요맛난 계란찜이 서비스로 나오고 탄산음료가 무료에요.접시가 커서 닭고기가 많이 없다고 느꼈지만당면이 많이들어있고 이것저것 먹다보니 다 못먹고 남겼네요찜닭은 간장찜닭 맛이라기 보단 짜파게티맛에 가까웠어요저렴하고 양이 많아서 대학생분들이 좋아할듯!",괜찮다
1691,조개베네,(영화무역),"해천탕에는 모듬조개와 닭까지 있어서  배불리 먹었고,가리비 치즈구이랑 차돌삼합까지 싹싹 남기지않고  클리어하고 왔네요  최고 맛집!!!",맛있다
1692,조개베네,가쥬,가격대비 양이 아주 푸짐함!! 양 뿐만아니라 질도 아주 조타>< 고대앞 숨겨진 맛집,맛있다
1693,달래진족,요리조리,1인분인데 양 정말 많고 배부르게 먹었어요 ..! 맵기도 조절 가능하고 그리고 정말 친절하십니다 :) 서비스도 많이 주세요 ...! 미니불족 시켰는데 미니가 아니라 풍성이 왔네요 ..... 배달 안하고 테이크아웃 할인도 있으니 근처 사시면 그렇게 하는 것도 괜찮을 것 같아요 저도 그랬어요 ..! 밑반찬도 신선하고 족발도 쫀득하고 최고입니당 저는 개인적으로는 가장 맛있는 족발보다 맛있었어요 ㅎㅎㅋㅋ 꼭가보세용,맛있다
1694,달래진족,키다리아저씨,처음 먹어 본 집인데 전체적으로 괜찮은 편이네요^^족발은 기본과 불족!! 반반씩 주문했어요.돼지 잡내는 없어서 좋았구요~ 부드러운편이지만 뭔가 독특한 양념의 느낌은 없이 담백했어요~불족은 껍질보다 살 부분이 많은편이고 꽤 맵네요;;그래도 끌리는 매운맛이라 괜찮아요^^그리고 개인적으로 서비스로 나오는 순두부 김치국? 이거 아주 시원하고 깔끔해서 맛나게 먹었어요~깻잎과 무말랭이도 2-3번 리필 할 정도로 맛났네요.서비스 메밀전도 크게는 작지만 별미로 맛나네요^^,괜찮다
1695,양님이네,키다리아저씨,"장안동 주변 유명한 간장게장집(일미, 서산)들이 몰려있음에도 꾸준히 장사가 잘되는 돌게장 백반집 ""양님이네""공간 협소하고 좌식이라 불편함은 있지만 나름의 장점이 있는곳입니다. 첫번째는 저렴한 가격대로 든든하게 식사할 수 있구요.두번째는 꽃게장 수준의 퀄리티는 아니지만~ 게장을 좋아하는 분들에겐 돌게장으로 저렴하게 입맛을 충족할 수 있는 부분.세번째는 기본찬들도 평소 8~9가지정도 나오며 음식 메뉴가 다양해서 취향에 따라 선택하면 되는 곳입니다. 기본찬의 맛도 괜찮습니다.저는 평소 두명이서 가게되면 돌게장백반 2인에 김치찌개같은 국물 종류를 추가로 주문합니다.그렇게 주문해도 2.2~2.3만원이면 배부르게 먹지요^^돌게장은 비리지않게 맛깔나며, 사이즈는 아담하지만 살도 꽤 차있어서 먹기에 좋습니다.간이 아주 슴슴한 편은 아니지만...그렇다고 많이 짜지않아서 좋았어요.껍질이 그리 부드럽진않으니 치아는 조심!!가끔 게장 생각나면 가볍게 먹기에 좋습니다.",괜찮다
1696,선정숯불생고기,AlexTheFood,"#AlexTheFood #3줄요약#선정숯불생고기 #답십리맛집 #알더푸답십리⠀1. 오랜만에 동네 베프랑 먹은 집 코앞의 동네 돼지고기 집.2. 청국장 안 좋아한다 생각했는데 여기 청국장 정말 맛있다!3. 잘 재운 돼지갈비부터 직접 하신 된장까지 만족스러웠던.⠀___________________________________________________________* 돼지갈비 12,000* 비빔냉면 6,000* 청하 4,000* (먹어보지는 않았지만) 생삼겹살 12,000⠀☑️강원도 축산 직영으로 가져오시는 삼겹살이 유명한 것 같은데, 저녁 6시쯤 갔음에도 삼겹살이 다 팔려 돼지갈비를 먹었다. 다만 돼지갈비도 정말 만족스러웠어서 나중에 삼겹살 먹으러 재방문 할 예정. 집 바로 앞이라 매일 지나가는데, 항상 동네 주민들로 바글바글한 곳이다.청국장 싫어하는 나 같은 초딩입맛도 싹싹 긁어먹었을 정도로 서비스로 나오는 청국장이 맛있으니, 청국장 좋아하시는 분들이라면 꼭 한 번 방문해보시길‼️___________________________________________________________⠀[MangoPlate - /5.0 | GoogleMap - /5.0]맛★★★★ 분위기★★ 가성비★★★☆⠀* 영업시간* 쉬는시간* 휴무* 전부 안 적혀있었는데 내일 집에서 나가면서 사장님께 여쭤보도록 하겠습니다...",맛있다
1697,고깃,ㄱ.ㄱ유비,목살 먹다가 양갈비 먹었는데 맛집이네요ㅎ구워줘서 편하게 먹었어요ㅎ,맛있다
1698,철계단집,kkonoo,딱 인스타 감성 맛집인듯..,괜찮다
1699,철계단집,즌짱,"예전에 와서 냉삼이랑 볶음밥을 먹고 갔는데, 다른 블로그 후기들 보니까 돼지 껍데기가 맛있다고 해서 냉삼과 돼지 껍데기를 함께 주문. 여기는 냉동 삼겹살 가게 아니라 돼지 껍데기 가게라고 해야할 것 같아요^_^.... 껍데기가 더 맛있습니다 ㅋㅋㅋㅋㅋㅋ 두툼하고 쫄깃쫄깃한 게 엄청난 술 도둑입니다 ㅎㅁㅎ",괜찮다
1700,철계단집,즌짱,"회기에 생긴 냉동 삼겹살집. 레토르풍 분위기 인테리어. 냉삼에 맥코이 뿌려주심. 같이 나오는 소스로 마늘기름장, 와사비, 갈치속젓 등이 나옴. 밑반찬의 퀄리티도 괜찮고, 된장찌개와 볶음밥도 맛있음. 주류의 종류도 다양함. (일품 진로와 화요를 팝니다) 매우 추천ㅠ",맛있다
1701,명품금돼지,Marr,냉면 사진만 있네.. 냉면도 맛있음근데 제육이 진짜 맛있음 같이 반찬으로 주는 국이 맨날 바뀌는거 같은데 그것도 맛있음 쥐엔장 맛있다,맛있다
1702,명품금돼지,아르투아,최근에 또 갔다 명품금돼지이번엔 항정살도 먹어 봤는데 여긴 걍 고기가 다 부드러운것같다...최고야...내 최애 삼겹살집이 된 것 같다언젠가 점심특선도 꼭 먹어본다!!!!!!,맛있다
1703,명품금돼지,아르투아,"나는 아무래도 동네 맛집을 지나치는 습관이 있나보다여기도 생긴지 좀 됐는데 이번에 갔다갔다가 단골다짐 하고 나왔다..일단 나는 고기를 못구운다! 다 태워버릴 수 있다!그래서 구워주는 고깃집만 찾아가는데 여긴 처음에 고기를 올려주시고 그대로 뒤집기만 하면 돼서 오버쿡장인도 구워먹을 수 있었다 감 격물냉도 맛있었다 면이 칠흙면..? 같았다 맨날 비냉만 먹는 사람인데 여기 물냉 잘하네…명이나물이 밑반찬으로 나오는데 어디처럼 코딱지만하게 2, 3장 나오는 게 아니라 진짜 좋았다추가도 단돈 천원사실 오기 전에는 명이나물 추가해야겠지? 했는데 다른 백김치나 파채같은 게 더 있었어서 추가 안했다!요즘 고객 호갱으로 보는 곳 많아서 이런 작은 거에서 감동의 물결 젠장중요한 고기!!!!! 진짜 부드러웠다!!!! 잘 구워주는 곳에서 먹었던 것보다 더 맛있었다 나 고기 잘구워!!!!!!!!!ꉂꉂ(ᵔᗜᵔ*)볶음밥은 평범했지만! 평범해도 볶음밥이지마무리로 딱 좋았슴여기 점심메뉴도 판다는데 담에 먹으러 와야겠단근데 걍 고기 먹으러 오고싶다암튼 또 갈거다재방문 의사 오백퍼센토왜 후기 없는지 이해할수없었는데이제 알겠다 다들 자기만 알고 싶은거지...오지마세요 나만 갈거임......",맛있다
1704,답구정동,처리k,굿  좋아요,맛있다
1705,답구정동,k.,오픈할때부터 매주 갔던곳.  일끝나고 혼자서도 들려서삼겹살 먹고 집에가고 그랫던곳지금은 코로나와 이직을해서 못간지 꽤 댔지만넉살좋은사장님과 짜계치 삼겹살이 맛있는곳,맛있다
1706,답구정동,처리k,굿,맛있다
1707,답구정동,린LYN,동네에 독특한 이름의 냉동삼겹집이 생겨서 가봤어요:) 답구정동!! 답십리 + 압구정 인가..암튼 ㅎㅎ 일단 반찬도 깔끔하게 나오고 냉동삼겹도 정말 맛있답니다 ㅎㅎ 술한잔 하기 딱이어요 옛날 도시락 하고 짜계치를 주문해서 더 먹었는데 요런 사이드 메뉴도 재미있고 맛깔나는 요리가 많더라구요일단 사장님이 넘 친절하시기도 해서 종종 가보려구요!! 답십리 사시는 분들 요기 가보세요 ㅎㅎ,맛있다
1708,형고깃집,슬구,맛있다. 저렴한 가격에 고퀄의 음식을 맛볼수있다.개인적으로 세트로 시켜먹는걸 좋아한다.불판이 예전과 바뀌어서 새롭게 먹는느낌이다.고기가 적당히 구워지면 잘라주시기때문에 걱정할필요도 없다.코로나 이전엔 북적북적하고 항상 시끄러웠던 고기집이였는데 한적해서 좀 씁쓸했다.그래도 이곳은 계속 버텨주었으먼 좋겠다,맛있다
1709,옛날처럼,키다리아저씨,"동대문구 장안사거리 인근에 소갈비살 전문인  ""옛날처럼""은 집에서도 가까워서 종종 방문하는 곳입니다. 매장은 아담하고 테이블 수도 몇개 안되지만...일하시는분들 친절하시고, 음식맛도 괜찮은 곳이지요.무엇보다 다른곳에서는 연탄을 쓰는경우가 많아서... 건강상 조금은 신경이 쓰이시는분들도 계실텐데....이곳은 괜찮은 참숯을 사용해서 좋구요.미국산 소고기(150g - 14,000원)로 약간의 밑간은 되어있으나...양념의 맛은 거의 느껴지지 않을 정도로 소고기의 맛을 살려서 좋고, 입에서 살살 녹는정도는 아니지만...적당히 씹는맛을 즐기에 괜찮은 집입니다. 구워서 그냥 먹어도 좋고, 준비된 소금을 살짝 찍거나...직접 담그신 된장에 찍어먹는 것도 좋습니다.이곳에서 필수로 주문하는것이 된장찌개인데...서비스가 아닌 1000원이지만 우거지된장찌개!!! 굿입니다.직접담근 된장으로 끓여주시는데...약간 칼칼하면서 구수한 국물을 좀 먹다가 밥한공기 뚝배기에 넣어서 함께 먹으면 꿀맛이지요!!  직접 담그신 김치를 올려 먹으면!! 소갈비살 보다 손이 더가기도 합니다^^;;참숯에 구운 소갈비살도 좋고, 된장찌개에 밥 말아서 먹어도 좋다보니...자연스레 술한잔 하시는 분들도 많네요.",괜찮다
1710,오동통닭,Capriccio06,"요즘 시장통닭 스타일에 꽂혀서 굳이 사러 가곤하는데 서울에선 청량리쪽 통닭 골목이 덜 복잡하기도하고 취향이라 여러 가게에 가보고 있다. 남원통닭이랑 동경통닭이 미디어 출연으로 유명한데 그만큼 피크 시간에 방문하면 너무 오래 기다려서 옆에 조금 한산한 곳들도 가봤다.치킨 + 닭똥집 + 떡 + 고추튀김 + 고구마튀김 구성은 다들 비슷하고, 치킨 맛이 조금씩 다르다. 이집은 닭이 조금 더 크고, 튀김 옷은 얇은편이고, 주문받으면 바로 튀겨주는 기본에 충실한 타입이다. 카레가루 들어간 곳은 아님. 아는 맛을 기대하고 간거라 만족스러웠고, 아주 큰 미나리튀김도 같이 주셨는데 향긋해서 좋았다. 투박한 느낌이 없지 않지만, 양도 많고, 시장통닭 생각하는 느낌대로라 괜찮았고 사장님이 친절하셔서 기분도 좋아졌던 가게. 두 유명가게에서 이전에 많이 홀대(..) 당했었던 슬픈 기억이 있다.",맛있다
1711,돈벼락돌김치삼겹살,내가 먹고 맛있는 게 맛있는 거지,음 그저그래요. 기존 삼겹살에 아래 김치를 깔아놓는 김치구조개인만의 노하우로 더 맛있게 구울 수 있지만 어떻게 굽느냐에 따라 달라요.특이점은 떡을 줍니다. 떡을 살짝 구워서 고기와 구운 김치와 싸먹는 것도 좋은 방법이 될 수 있겠네요.찾아가진 않겠지만 근처에 있다면 나쁘진 않아요.,괜찮다
1712,돈벼락돌김치삼겹살,silvert,생각보다 맛있었어요.,맛있다
1713,광주집사철탕,메이,닭볶음탕 지존맛집. 김치는 먹다가 쓰러짐.김치정말맛있음보신탕집인데 닭볶음탕 맛집일줄이야~~양도많고 사과를넣고 대파가 많이들어가서  달큰하면서 너무너무 깔끔하고 맛있어요.한번만 가본사람은 없을듯합니다.포장도 여러번 하고 생각만으로 군침도는 맛집입니다,맛있다
1714,광주집사철탕,유지난2,"청량리에 있는 닭볶음탕 진.짜 맛집 광주집! 여기 닭볶음탕은 리얼이에요ㅠ 원래는 보신탕집인데, 닭볶음탕 맛집으로도 유명한(ㅋㅋㅋㅋㅋ) 커다란 양은냄비만 보더라도 맛집 보스 기운이 느껴지지않나요? 대강 썰어놓은 듯한 파들.. 사과를 통째로 넣어서 국물의 단맛을 내주곸ㅋㅋㅋ큼직한 묵은지가 들어가서 시이이이원한 맛을 느낄수있답니다! 밥 도둑이 따로 없어요. 밥 두그릇 순삭.. 김치찜+닭볶음탕 두가지의 맛을 느낄 수 있는 곳임.아직까지 많은 분들이 모르시는거같아요. 알만한 사람들은 아는 숨은 맛집이랄까.. 제가 증말 애정하는 곳!",맛있다
1715,씹는곱창,빵짱,차숙부삼합 최고존엄존맛차돌라면이랑 볶음밥까지 먹어줘야 해요 외대 최고의 맛집! 그저 빛양이 조금 적은게 단점,맛있다
1716,씹는곱창,즌짱,맨날 배민으로 배달시켜 먹다가 처음으로 가서 먹음.  곱창 구이도 맛있고 차숙부 삼합도 맛있음. 차숙부는 매운맛이 진리.,맛있다
1717,씹는곱창,그믐린,"대학가에 있는 곱창집은 질보다 양으로 가성비 승부를 보는 집이 많으나 여기는 곱창모듬 학생 할인가 1인분 9,900원에 먹을 수 있어서 저렴한 동시에 곱창 질이 좋다. 생간을 주는 곳은 곱창이 신선하다는 말이 있는데 여기가 그렇다. 밑반찬으로 주시는 생간과 천엽은 누린내 없이 신선하고 더 달라고 하면 흔쾌히 더 주신다. 밑반찬도 과하지 않고 딱 손이 가는 반찬들로만 구성되어 있어 알차다. 한우곱창이라 크기가 작지만 곱도 실하게 들어있고 곱창모듬을 구성하는 모든 부위가 맛있다. 위에 뿌려진 마가루(아마도?)가 고소하고 같이 구워지는 떡과 감자도 결코 곱창에 뒤지지 않는 맛이다. 볶음밥 양념이 좀 달아서 아쉽긴 하지만 철판에 호일을 까는 게 아니라 돌판이 통으로 되어 있어 안심하고 숟가락으로 긁을 수 있다. 위치가 가깝다는 장점 외에도 가격과 질, 맛, 깔끔한 내부까지 장사 잘하는 집이라는 생각이 절로 든다. 처음 갔을 때는 손님이 별로 없었는데 너무 마음에 들어 친구들에게 많이 소개했더니 이 덕분인지는 몰라도 점점 손님이 많아져 내가 다 뿌듯함ㅋㅋ",맛있다
1718,화주부,mira,부대찌개와 화덕피자가 나오는 2인세트로 먹었습니당부대찌개 맛은 그냥저냥 먹을만하고 화덕피자는 맛있었지만 크기가 생각보다 많이 작아서 당황했어요 여자손바닥보다 조금더커요이집은 맛있는곳으로 가는것보단 많이먹을수있어서 갈만한 집인것같구요 2인으로 가기엔 가격도 좋은가격대는 아니라고 느꼈습니다 3~4인정도가 가서 라면사리도 무제한이니 맘껏먹고 더치해서 내면 저렴하고배부르게 먹고올듯 해요,괜찮다
1719,마포생주먹고기,E.T Jun ,"몇년동안 외대를 다녔음에도 전혀 몰랐던 고기집. 가히 이문동 로컬들밖에 모를법한 그런집. 메뉴는 오직하나 주먹고기200g 12000원. 고기를 주문하면 이모님이 조금 구워주시다가 잘라주시면 그때부터 우리가 구워먹으면 됨. 이집은 일단 밑반찬이 훌륭함. 파김치, 무생채가 진짜 맛있음. 그리고 이집만의 먹는 비법으로 콩가루에 고기를 찍어서 고추냉이푼 간장에 찍어 맛있는 반찬들 얹어 쌈싸먹으면 꿀맛임. 식사는 해물된장찌개가 있는데 이것도 맛이 상당함. 여러모로 심플하고 단촐하지만 그것이 매력적인 고기집.",맛있다
1720,경성주막,고바마,간단히 소주 한잔하기에 무난한 곳,괜찮다
1721,도야식당,또바기,불판이 좀 흠인데 고기와 반찬 등이 맛있다. 직접 만드셨다는 멜젓도 진짜 맛있었다.,맛있다
1722,압구정제주집,ustar,숙성이고 나발이고 좋은품질의 고기가 맛있다고 하는 곳고기가 냉동실에서 나온것처럼 얼어있어서 종업원분께 냉동고기냐고 여쭤보니 숙성고 온도가 낮아서 그렇다고..이집도 숙성을 하고 있었습니다ㅋㅋ불판이 제주도 섬 무늬가 새겨져있고 고기 찍어먹을 멜젓 올릴곳도 따로 마련되어있는걸 보니 직접 만든 불판이 아닐까싶다.고기를 부위별로 설명을 잘 해주시나 직접 구워먹어야하는건 편하지는 않다. 같이 구워먹는 고사리가 부드럽고 맛있다. 콜키지프리이니 집에 와인이나 위스키가 있으면 들고가도 좋을 것 같다,맛있다
1723,채선당,로한,"#샤브샤브현충일날 저녁에 방문이날 낮에도 샤브를 먹으러 동네 샤브집에 갔었는데빈자리가 곳곳에 있는데도 테이블 회전이 너무 느려 그냥 돌아왔었음 저녁 약속이 있었는데 샤브 어떠냐 해서오늘은 샤브를 먹어야 하는 날인가보다 했음 어쩌다보니 점심, 저녁 동네 샤브집 투어를 하게 되었음 요즘 막 땡기는 음식은 없는데그나마 부담 없고 속편하고 깔끔하게 신선한 야채와 적당량의 고기를 먹을 수 있는게 샤브라 이걸 권해줘서 좋았음 매장 앞에 주차 공간이 있어 주차는 편했음 매장이 연식이 있는지 깔끔한 느낌은 덜했지만샐러스바 포함 무나무난 했음 고기가 살짝 질깃한 느낌이 있어서 요건 좀 아쉬웠음 식사 후 바로 옆에 카페가 있어 차 마실 동안 잠깐 차를 댈 수 있는지 물었는데손님이 많이 올 시간이라고 안 된다고 해서 옆 가게 앞으로 이동했음 금방 이해했음 커피 한 잔 하는 동안 차가 계속 들어오더니 만차 + 겹주차가 되었음",괜찮다
1724,채선당,므ㅏ,"한달에 한번은가는 샤브샤브집여기서 먹는 피날레 죽은 정말 맛있다다만 내가 싱겁게먹는편이라 물을 좀 부어먹어야 더 맛있다. 간이 짜면 죽이 너무 슬프게 맛없으니 주의할것. 단점이라면 손님이많다는점? 엄ㅡ청 시끄러우니 조용한곳 좋아하는분들은 싫어하실듯. 나무있고 운치있는 가운데 테이블보다 창가자리가 조용하게 먹기 좋다. 내가 애용하는 자리. 그리고 해물샤브는 역대최악이다. 냉동이 덜풀려서 얼음이 서걱거리던 그 때를 잊을수없다. 문어샤브샤브는 야들야들하고맛있다. 주로 스페셜샤브로 먹는편인데 일반샤브와 차이를 물어보니 양이 조금 더 많다고한다. 샐러드리필 바로바로해주고 음식도 먼저 가져다 드릴까요하고 하신다. 그러나 너무바빠서 가끔 까먹기도...  가족단위손님이 많고 주차도 가능하다. 샤브샤브먹으면 옆 카페 음료 할인쿠폰도 준다.샤브샤브 여러곳 가봤지만 여기가 제일 좋다.고기질은 조금 아쉽. 어차피 난 야채파니까 고기는거들뿐! 숙주나물은 천원내고 추가해야한다, 그래야 국물맛이 진가를발휘한다.ㅡ 무한리필로 바뀌었다고한다",맛있다
1725,채선당,김지훈,여자친구랑 가서 맛나게 먹고 왔습니다 서비스도 좋고 깔끔해서 위생적이네요 이 동네에서는 제일 괜찮은듯!,맛있다
1726,교촌치킨,로한,생일날 받은 기프티콘이 있어 배달주문처음 시켰을때 넘 맛나게 먹어서 그런가그날의 감동을 못이어감 ㅜㅜ,별로
1727,교촌치킨,로한,#. 맛이 기복이 있는듯...ㅜㅜ 지난번엔 엄청 맛있었는데...아쉽게도 맛 기복이 있는 곳인듯.(허니랑 레드콤보? 주문)지난번엔 퍽살 부위도 엄청 촉촉하고 튀김 옷도 양념도 모두 좋았는데...닭고기 살도 촉촉하고 뽀얗고... 달달하면서도 짭조르한 단짠양념을 기본베이스로 촉촉하면서도 부드러운 닭고기 살과 양념을 버무렸어도 눅눅하지 않고 바삭거리는 맛있는 겉바속촉이었는데......금욜날 치킨은 음... 닭고기가 그때보다 좋지 않았나?(냉동닭인가 했음. 고기색도 별로고 저번처럼 수분감있는 뽀얀살. 손으로 찢었을때 결대로 부르럽게 찢어지는 느낌아님) 아님 너무 오버쿡이 되었나?닭고기가 수분감이 없어 질기단 느낌 + 튀김도 전보단 별로란 느낌(?) 바삭함이 없진 않지만 지난번보다 조금 더 튀겼는지 태웠는지 바삭함도 있지만 태운느낌 딱딱한 맛?도 느껴짐ㅜㅜ지난 번엔 맛있게 먹었는데 이번엔 실망ㅜㅜ금욜 저녁이라 사장님이 엄청 바쁘고 정신이 없으셨나??ㅜㅜ기복이 있는 곳인듯.저번과 같은 맛이 유지된다면 재이용~,별로
1728,교촌치킨,로한,#. 달달&바삭 허니콤보 + 웨지감자연말에 교촌치킨 기프티콘을 선물받은게 있어 주문!!사실 치킨을 좋아하는 편이 아니라서...! (손에 뭐를 묻히거나 뼈를 발라먹는 걸 좋아하진 않음ㅜㅜ) 잘 먹진 않지만짭조름 달달한 맛에 겉은 바삭바삭 속은 또 촉촉해서   넘 맛있었다>_< 요건 가끔 생각나면 시켜먹을 듯!! (다요트 중인데 맛있어서 조절 실패ㅋㅋㅋ),맛있다
1729,교촌치킨,맛집교수,교촌치킨 답십리1호점위치: 서울 동대문구 전농로 81맛평점: A총평: 그거암? 교촌 매장가면 배달보다 훨씬 맛있음... 20분 지나도 금방 배달 받은듯한 느낌여긴 신생매장이라 맛이 fm1. 고르곤치즈볼: 고르곤졸라 피자를 미니로 만들어서 뭉친 느낌. 꿀도 주면 좀 더 맛드러지지않았을까 생각2. 허니콤보: 말해뭐해 아는 맛인데 맛이 1.5배 된 느낌. 살짝 고급 요리 먹는듯한 느낌 스폰없는 리뷰입니다,맛있다
1730,진고복식당,쩝쩝석사,롯데시네마에서 영화 보고 같은 층에 있어서 갔는데한끼 먹기 괜찮았어요~,괜찮다
1731,진고복식당,SKang,"한줄평 : 분명 괜찮은데 뭔가 아쉽다청량리 역사에 넓직하게 자리잡은 식당. 롯데백화점과 가깝지만 백화점 안에 위치하진 않아서 포인트 혜택은 안된다.혼밥 메뉴도 있고 한상차림 메뉴도 알찬편이긴한데, 전골은 뭔가 조금 아쉽다.우선 전골 주문시 밥은 별도다. 공기밥은 천원, 곤드레는 이천원. 그리고 전골맛도 괜찮은데 뭔가 고기와 낙지는 덜들어간 느낌그래도 맛은 훌륭하고 밑반찬도 알찬편이다. 다만 2% 빠진 무언가기 아쉬워지는 곳",괜찮다
1732,진고복식당,우이리,정선 곤드레 불고기 한상 15000.나물들이 셀프바에 무한리필이네요. 곤드레와 나물이 맛있었어요. 가게는 넓은데 코로나로 장사가 잘안되는지 빈자리가 많네요. 불고기 양념은 괜찮은거 같은데 고기에서 누린내가 나는거 같아요.,괜찮다
1733,영동교집,키다리아저씨,건대 영도교집이 인기가 많다는 정보를 이곳저곳에서 들어서 약간의 기대감을 갖고~ 최근 우리동네쪽에도 생겨서 가봤습니다.결론부터 말씀드리면 껍데기는 괜춘~~ 그외엔 재방문할 매력을 못찾아서...괜찮다와 “별로”에서 왔다갔다 고민했네요;일반 삼겹이든 흑돼지삼겹이든 두깨감 얇은 삼겹살... 냉동삼겹이구요~일반적 삼겹살집의 가격에 대패삼겹느낌이 살짝...느껴지다보니~ 얼마나 먹어야 배가 찰지ㅠㅠ 우선 흑돼지2인분 먼저 주문하고 결정하려고 했는데 더시켰으면 후회할뻔했네요.당연히 이정도 양으로 2인분 먹으면 입가심도 안되겠죠~ㅠㅠ그나마 기본찬은 다양한 양념과 소스로 준비되어 취향에 따라 골라막는 재미가 있긴합니다.그래도 가장 중요한건 고기인데...얇다보니 씹는맛도 약하고 아쉽네요.그래도 마지막에 주문한 통돼지껍데기는 나름 괜찮게 먹었습니다. 최근 먹은 돼지껍데기 중에 양념도 거의 안하고~ 두깨가 두툼해서 먹을만했어요~ 털손질도 잘되어있었고~ 쫀득쫀득한 식감이 매력이지요!!별도로 주문한 꽈리고추를 같이 구워서 고기와 먹는것도 좋습니다.배부르게 드실분은 비추이고 소식하시거나 이빨 약해서 얇은고기 두시는게 편하다면 방문해보세요~,괜찮다
1734,경동연탄불돼지,꼬몬,"낡은 건물, 외진 골목에 있어 찾기도 어려운 집이지만 만족도는 진짜 최고였다. 연탄에 구워주는 돼지 갈비에, 국수와 냉면, 그리고 신선한 야채들로 만든 반찬과 쌈! 너무 맛있습니다. 이번 주 무조건 재방문 갈거이요.",맛있다
1735,육미반상,Capriccio06,"구운 고기의 깔끔한 한상 차림. 프랜차이즈 같은 느낌을 주는 깔끔한 패키지 구성이었는데 그냥 단독 가게여서 신기했다.고기종류(삼겹살, 목살, 항정살, 제육, 소고기)를 고르고, 밥+국 세트인지 냉면과 세트인지를 고르면 된다. 원한다면 고기나 냉면 등을 단품으로 추가할 수도 있다. 백반 같이 예쁘게 차려 나오는데 가격대가 1만원 초반대라 저렴한 편이다.목살반상으로 먹었는데 살짝 도톰하면서 촉촉하게 구운 고기였다. 저렴한 배달 고기집과 퀄리티 비교하면 그보단 나은데, 요즘은 돼지고기 구이가 맛있는 집들도 많아서 그런 본격 구이집과 비교하면 물론 그냥 평범하다. 고기 사이드로 구운 마늘, 양파, 김치, 떡이 함께 나오는데 조금씩 구움상태가 눅눅하거나 맛이 달거나 아쉽긴 했지만, 가격이 저렴하고 구성은 괜찮은 것 같다. 고기가 조금 먹고 싶은데 직접 굽기 귀찮고, 혼자 간편히 먹고 싶을 때 가기 좋다. 매장 내부에 4인 테이블이 몇 개 있고, 바타입 좌석이 있어서 혼자 식사하기도 괜찮다.",괜찮다
1736,BHC치킨,로한,# 치킨이 근처 BHC를 몇 군데 갔지만 요기만 매출 우수점포(?)가 붙어있었던 것 같습니다.치킨 먹으면서 맥주 한잔할 수 있게 테이블이 좀 있는 매장인데 잠깐 차 대기가 편해 픽업하기 나쁘지 않았어요.치킨맛은 큰 차이가 없어서 이용편한 곳에서 시킬 예정입니다.,맛있다
1737,우리집한상,삼평동민초단,맛있습니다,맛있다
1738,우리집한상,혀니,"제육볶음이 정말 맛있는 곳! 사진은 오징어, 제육 반반해서 3인분입니다. 반찬이 다양하게 나오고 대부분 다 맛있어요. 경희대 부근에서 가장 좋아하는 한정식집 중 하나입니다. 제육볶음, 오징어의 양도 제법 많아요. 주로 제육볶음을 많이 먹다가 오징어도 시켜봤는데 오징어도 맛있었습니다. 약간 카레맛이 나는 매콤함이어서 질리지 않게 먹을 수 있는 것 같아요. 좌식 좌석이 많아서 좌식 싫어하시는 분들은 좀 불편하실 수도 있겠지만 그래도 가성비 좋게 한정식을 먹을 수 있는 곳입니다. 여기서 술 한잔 해도 좋을 것 같아요",맛있다
1739,나정순할매쭈꾸미,달리자크롱,"포장 : 냉장보관은 이틀, 그뒤에 먹는건 냉동보관 추천!신설동 검색하면 꼭 나오는 맛집, 나정순쭈꾸미왜 인기많은지 알겠다. 매콤하고 알이 실한게 참 맛있었다.사진은 2인분 포장이었는데, 양이 겁나 많다. 두명이서 배터지게 먹었음.포장하면 밑반찬이 안나온걸 감안해서 더 많이 준다고 한다.맛있어서 2인분 또 포장해서 가족들이랑 나눠먹었다. 가족들이 입맛이 까다로운데 다 맛있다고, 며칠뒤에 또 생각난다고 말할정도였다. 매운거 땡길때 특히 먹고 싶어짐!다음에 신설동가게되면 또 포장해올거다 :-)",맛있다
1740,나정순할매쭈꾸미,봄잇,짱맛,맛있다
1741,나정순할매쭈꾸미,박윤수,"쭈꾸미가 먹고 싶어서 망고플레이트를 통해 찾은 곳입니다. 저희는 두 명이 가서 쭈꾸미 700g과 볶음밥 1개 볶아 먹었습니다. 깻잎에 쭈꾸미 올리고 반찬으로 주는 샐러드 넣어먹으면 꿀 맛~ (와사비 간장에 찍어먹어도 맛있습니다.)다만, 매운 음식을 잘 못 드시면 마음 단단히 먹고 가셔야할 것 같습니다. 저희가 매운 음식을 잘 먹는 편인데도 물 한 통 먹었습니다.... 그치만 여자친구가 엽떡보다 맛있다고 했습니다!! 걸어서 DDP도 갈 수 있는 거리고 쭈꾸미 먹고 싶은날 데이트하기 좋은 맛집 같습니다 추천합니다",맛있다
1742,농푸꼬지기,ustar,청량리 백화점에서 영화를 예매하고 저녁먹기 위해 방문했던 곳.비빔밥 양념장이 자극적이지 않았고 음식이 깔끔하고 정갈하게 제공되어 먹으면서는 그렇게 비싸다고 느껴지진 않았으나 리뷰를 올리는 현시점에 가격을 보니 좀 비싼감이 없지 않은 것 같다. 식당은 워낙 깨끗하고 테이블도 넓직해서 편하게 식사를 할 수 있어서 좋았던 것 같다.영업시간 10:30-20:00,맛있다
1743,태백돼지갈비,KYS,"삼겹살이 땡긴 날 우연히 들어가게 된 태백돼지갈비. 친구와 용두역 쪽은 만남의 장소였다. 그 친구 집과 중간 쯤이기도 하고 따릉이타러 가기도 좋은 곳이어서. 육전식당에 가려다 그냥 지나가다 많이 보던 데라 우연히 들어가게 됐는데 돼지갈비 집이었다.돼지갈비가 맛없기 힘든 음식이기도 한데, 양념이 제대로 되지 않으면 도루묵이라.. 여기 새로운 발견이었다. 이제 이사해서 갈 일이 없긴 하지만, 찬도 깔끔하게 나오고, 양념도 맛있고, 가성비도 좋아서.. 근처에서 돼지갈비가 땡긴다 하면 들르기 좋을 곳이다.그러고 보니 참 비냉에 돼지갈비 조합을 많이 먹었던 것 같다. 비냉은 항상 사진 찍기 전에 먹게 돼서 사진도 온전치 않고ㅋㅋ 마장동이 근처라 그런지(?) 고기가 괜히 더 맛있는 것 같다.(잘 모름. 그냥 던져봄) 친구는 어렸을 때 가족끼리 먹은 돼지갈비 맛 같다나. 그 친구도 만족스러워 하는 것 같았다. 먹고 있으니 아줌마, 아저씨들이 많이 와서.. 아는 사람만 아는 동네 맛집인가도 싶었다.",맛있다
1744,부산갈매기,ustar,장한평역에서 가까운 먹자골목에서 살짝 옆에 어두운곳에 위치한 갈매기집 포장마차 천막으로 가게 문앞을 둘러 괜히 포장마차나 대포집에서 먹는것 같은 느낌이다. 장한평역 먹자골목에 유명한 갈매기살집이 있는데 같은메뉴를 취급하길래 이집은 어떤 특색이 있나 궁금했지만 결론적으로 아무런 특색이 없었다. 고기자체는 크게 나쁘지않으나 이집만의 특색이나 특별함이 없어서 아쉽다.일요일휴무,별로
1745,일층집,촘촘,뿌대찌개ㅡ마싯어요 그 고기다진거 많이 넣어줘요,맛있다
1746,일층집,ᴘᴀʀᴋ,최고다 맛있다ㅠㅠㅠ,맛있다
1747,일층집,E.T Jun ,외대 후문에 있는 부대찌개집. 국물에 특이하게 파가 많이 들어가 있음. 그리고 베이크드빈 맛도 많이 나는게 특징. 일반 프랜차이즈 부대찌개랑은 다른 맛임. 특이하게 타이머로 조리시간을 친절하게 체크해주심. 다만 공기밥이 기본이 아니라 따로 시켜야되고 조금 비싼감이 있음. 그래도 후문근처에서 부대찌개 먹고싶을때 추천.,괜찮다
1748,일층집,*,"맛있지만 외대근처 밥집 물가를 견주면 가격이 비싸요 2인 13,000원인데 밥이 불포함되서 따로 주문하면 결국 15,000원 주변 부대찌개집들이 워낙 저렴해서ㅋㅋㅋ 오뚜기>일층집>통일부대찌개순으로 좋아요!",괜찮다
1749,해송,띵시,"가성비 ⚫️⚫️⚫️⚪️⚪️맛 ⚫️⚫️⚫️⚪️⚪️분위기 ⚫️⚫️⚫️⚪️⚪️재방문의사 40외대를 5년 이상 다닌 자 앞에 홀연히 나타난다는 숨겨진 맛집. 경희대 후문으로 통하는 언덕배기 골목 맨 안쪽에 있어 발견하기 쉽지 않은 곳임. 나 역시 막학기생 때 출석을 1번으로 불리는 자들로부터 해송을 알게 되어 우연히 방문함.해물돌솥 주문. 동네 물가에 비하면 꽤나 높은 가격이지만, 반찬들이 백반집 수준으로 실하게 제공되며 맛도 상당히 좋음. 해물돌솥 자체는 슴슴한 맛이라 계란 노른자 탁 터뜨리고 간장 솔솔 뿌려 먹으면 딱 좋음. 밥보다는 치료식 느낌... 분위기도 대학가와 어울리지 않게 깔끔한 일본식 횟집 느낌이고(상호명이 ‘@@생선가’일 것 같은) 널찍널찍 정적이라 교수님들이 사랑하는 식당이라고 함. 그러고 보니 내게 이 곳을 알려준 분도 연구실 조교 하다가 선배로부터 인수인계 받았다고 함. 여튼 외대, 경희대 분들 따숩고 알찬 밥 먹고 싶으면 한 번 방문해 보세요~",괜찮다
1750,해송,E.T Jun ,외대 후문에서 경희대 후문에서 올라가는 길에 위치하고있습니다. 카빙당 맞은편에 가정집을 개조한듯한 분위기의 식당입니다. 전반적으로 메뉴에 가격대가 있어서 학부학생들보다는 교수님이나 교직원들 대학원생들이 많이 방문하시는것 같습니다. 해물돌솥밥을 시키면 집밥같은 반찬들이랑 국을 주시고 계란프라이가 올려진 해물돌솥밥을 올려주십니다. 맛은 정갈하고 깔끔한 맛이고 기호에 맞게 간장으로 간을 해서 먹으면 맛있습니다. 가격도 8000원이면 적절하다고 느껴졌습니다. 자극적이지 않고 부대끼지않는 밥을 먹을 수 있는 곳입니다.,괜찮다
1751,해송,지슈,"깔끔한 맛!해물 돌솥밥 - 새우 오징어 등 해산물이 들어있는데, 비리지 않고 깔끔 담백했다. 별다른 소스 없이 그냥 먹어는데 심심하니 좋았다!해물파전 - 바삭하면서 맛있음! 해산물이 정말 크고 실한 것들이 들어있어서 좋았다. 양도 많아서 좋았음.가정집같은 곳인데, 학생들보다 교수님들이 많이 가는 곳. 자극적이지 않고 담백한 한끼를 먹을 수 있는 곳 같다.",맛있다
1752,해송,빈빈,맛있음 !! 질 좋은 재료를 쓰는 것 같다. 나랑 조샘은 대구지리를 먹었다.,맛있다
1753,썬더치킨,JW,학교 근처 치킨집중엔 여기가 젤 맛있다!! 오늘은 오전부터 밤까지 쭉 혼자 놀기.... 너무 좋다 공부 집어치우고 혼자노니 너무 행복ㅜㅜ,맛있다
1754,썬더치킨,yoom,저렴하고 참 맛있어용!! 바삭하고 치킨의 질도 좋아서싼 가격이라는 생각이 안들어요 개인적으로 양념강추합니다! 추천해용ㅋ,괜찮다
1755,충만치킨,깡엔,나의 최애 치킨집인데 교환학생 다녀온 후로 주인이 바뀐 것 같더니 맛이 하향조정되었다... 그리고 주인분들이 실수도 하시기도 했고^^; 그래도 맛은 괜찮지만 졸업까지 또 갈일 없을듯,괜찮다
1756,충만치킨,맛있는게최고야,충치는 사랑..♡제가 추천해서 먹은 사람들 다 맛있다함친구 한명은 이건 치킨이 아니고 요리라고 했을 정도여긴 베이컨스피니치가 짱입니당근데 간장도 맛있고 정확한 이름이 생각 안 나는데 매운맛도 맛있음곧 이사가면 충치 또 먹어야지..,맛있다
1757,충만치킨,*,"#마늘간장치킨+매콤마늘양념치킨(반반) #과일맥주(자몽,사과)충만치킨 맛있어요. 구운 치킨을 좋아하고 튀김이 크리스피한거 안좋아하는데 튀김이 맛있네요 바삭바삭한게ㅋㅋ 매콤마늘은 꽤 매워요. 나중엔 그 유명하나는 어니언을 먹어볼래요!! 양이 진짜 혜자스러워서 둘이먹으면 항상 남아요ㅋㅋ",괜찮다
1758,신가네왕코등갈비,키다리아저씨,너무 기대를 해서 그런지 맛은 보통이였다~매콤한 맛이 느껴졌지만 적당하고 담백하다^^순두부찌개가 같이 나와서 좋았다,괜찮다
1759,전통춘천닭갈비,유누,닭갈비는 늘 옳지만 여기 닭갈비 양념도 맛있고 야채랑 떡이랑 푸짐하다!! 특이하게 상추며 깻잎이며 쌈채소를 주는데 여기에 닭갈비 싸먹으면 꿀맛♥️그리고 사장님이신 것 같은 이모님이랑 왠지 가족? 친척일 것 같은 직원분 모두 친절하시고 맛있게 잘 볶아..? 주셔서 편히 먹었다. 점심때 갔더니 콜라도 서비스로 주시구... 만족스러운 한끼였다. 특별한 맛이 있는 건 아니어서 멀리서 굳이 찾아갈 필요는 없겠지만 근처면 가볼만한 곳!,괜찮다
1760,해적자연산횟집,Luscious.K,#고대 #해적수산고대앞 4거리에 있는 횟집입니다이곳은 회식으로 종종 가는 곳인데..단체로 예약하면 알아서 코스로 주세요가격은 1인데 4-5만원 선인데..1인당 가격 말씀드리면 알아서 맞춰 주시기도 합니다쯔끼다시도 많이 주시고 중간중간 서비스 안주도 잘 주셔서 술 많이 마시는 회식이라도 안주 걱정은 없는 곳이기도 해요회는 신선도가 나쁘지 않고 맛도 딱 회식 정도의 맛이라 개인적으로 가시는 건 추천 드리지 않지만 단체로는 충분히 매력이 있는 곳입니다,괜찮다
1761,로즈힐,HP7,푸짐하다.엄청특별함은 없는듯재방문의사 있음,괜찮다
1762,로즈힐,우이리,불낙전골.영화보고 늦은 점심.국물이 시원하고 괜찮아요. ^^,괜찮다
1763,가정삼계탕,망고망고,삼계탕이 먹고 싶어서 찾다가 집주위에 있어서 우연히 갔는데 여기 맛있습니다!! 삼계탕 드시고 싶다하시는 분들 여기가면 실패할 일은 없으실 것 같네요 :) 인삼주를 한잔 주시는데 저는 마시진 않고 삼계탕에 넣어먹었는데 뭔가 그런요소가 재미있었고 더 건강해지는 느낌도 났네요 ㅎㅎㅋㅋㅋㅋ닭도 부드럽고 맛있고 ㅜㅜㅜ 모르고 공기밥을 시켰는데 저희가 모르고 시킨걸 딱 어떻게 아시고 닭안에 밥이 들어있다고 많을 거라고 먹어보고 시켜보라고 하시더라고요 ㅋㅋㅋㅋㅎㅎ 예상대로 들어있는 밥 먹으니까 배가 충분히 불러서 추가적으로 시킬필요는 없었습니다. 골목 속에 있어서 찾기 조금 힘들지만 손님도 꽤 많더라고요 숨은 동네 맛집같았습니다. 다음에 삼계탕 생각날 때 또 먹으러 갈 것 같아요!,맛있다
1764,꼬기92,E.T Jun ,"원래 외대 앞에 씨씨월드가 있었던 자리에 새로 생긴 듯한 고깃집입니다. 일단 나오는 반찬의 가짓수가 많고 가격대도 200g에 1인분에 생삼겹 12000원 생목살 12000원 모둠 300g에 20000원으로 크게 비싼편은 아닙니다. 명이나물도 나오고 파무침도 나오고, 고추냉이나 콩가루 등 뭔가 이것저것 많이 나와서 고기를 쌈이나 반찬과 곁들여서 먹기를 좋아하는 분들이 좋아하실 만한 집입니다. 다만 개인적으로 아쉬웠던 점은 뭔가 좋다는 것은 다 차용해서 도입하신것 같은데 어느 하나 뭔가 특출 난 점이 없는 것 처럼 느껴졌습니다. 그렇다고 맛이없다는 것은 아니고 전반적으로 고기맛도 그렇고 후식으로 먹은 냉면들도 그렇고 전반적으로 평이했던 곳이었습니다. 사장님들이나 직원들의 서비스는 친절했습니다.",괜찮다
1765,장안동대구반야월막창,그러나,"일반 야채곱창이나 소금구이막창은 돼지특유의냄새와 질긴 식감 때문에 선호 하지 않는데, 이집 막창은 숙성막창으로 돼지가 맞나 싶을정도로 냄새도 안나고 부드러워요! 대구 스타일로 막장에 막창을 찍어 먹는답니당. 메인 메뉴에 돼지생막창외에 소막창, 매운꼼장어, 매운닭발, 오도독살 등이 있는데 매운걸 좋아하신다면 꼼장어 닭발 완전 추천해요 ㅠㅠ 그리고 해물해장라면이 너무너무너무 맛있어요.. 하지만 무엇보다 맛있는건 공기밥입미다 ㅜㅜ 웬 이상한 소리인가 하실수도 있는데 쌀이 정말 맛있어요.. 쓰면서 침이 고이네요.... 뜨거운 밥에 막창을 막장에 찍어 밥위에 올려서.. 엉엉",맛있다
1766,꾼들이 꾸운 누룽지통닭,키다리아저씨,"길을 지나다보면 통닭의 향기에 이끌리는 경우가 있죠?!이곳은 집앞이기도하고 가깝다보니 유혹이 자주 되더군요^^;;튀긴게 아닌 원적외선 옥돌?로 초벌을하고 참나무를 이용해서 훈제되어 기름기 빠진 구운통닭입니다.기름기와 수분이 빠져 건조한 닭고기 아닐까? 걱정했었으나 먹어보면 촉촉하고 부드러운 닭고기여서 좋습니다.껍질도 맛있게 구워져있고 닭고기의 누린내도 없습니다.가격도 요즘 유명한 치킨 종류를 생각해보면 괜찮은 수준이라 가심비도 좋구요~닭속에 넣었던 찹쌀,찰보리?,현미 등 꺼내어 누룽지로 만들어 주셔서 닭의 접시처럼 바닥에 깔아주십니다.매장에서 먹을땐 누룽지를 따로 먹어도 좋고, 포장해서 집에서 먹을땐 물을 넣고 끓여서 닭죽이나 누룽지탕처럼 먹어도 괜찮아요.통닭에 간이 약한편이라 고소하면서 담백하고 깔끔한 맛이 좋은편이지만 먹다보면 물릴 수 있는데... 치킨무 말고, 고추?쪽파?로 만든 장아찌가 있어서 중간중간 킥을 줍니다.요즘과 같은 시국엔 매장에서 먹기보단 포장해서 먹는게 편하네요^^",괜찮다
1767,삼보수제갈비,이제우,고기가 다른데랑 다르네요...! 좋은 고기 쓰는거 같아요 소갈비살도 맛있고 생갈비도 맛있네요,맛있다
1768,이문동그집,방글먹장군,빨리 구워줘서 짱좋음대패삼겹도 괜츈곱창전골 좀 짠편인데 그래서 내스탈소주랑 같이 먹으면 크윽,맛있다
1769,서울우담냉채족발,이리저리,냉채족발철판양파족발보쌈?두가지 시켰는데 2인분당 뚝배기 라면 하나씩 나오고 맛도 다음에 또 갈것같아요,맛있다
1770,서울우담냉채족발,뀨엥,하... 너무 젛아..... 냉채족발에 소맥....,맛있다
1771,화통삼,먹보대장,초벌되서 나오니까 빨리 먹을수있어서 좋당(나같은 돼지는 얼마나 빨리 먹을 수 있는지가 관건)고기 먹고 치즈볶음밥까지 먹어야 완성,맛있다
1772,굽네치킨,*,굽네볼케이노 배달해서 먹었는데 맵지만 괜찮네여. 치밥이 역시 쨔응. 배달 예상시간 한시간이랬는데 진짜 딱 한시간뒤에옴ㅋ.......,괜찮다
1773,우리동네연탄구이,k.,목살 삼겹살먹었는데 고기맛있어요~삼겹살비계도쫄깃쫄깃 목살은씹으면 육즙가득 . 파무침이 싱거워서 아쉬웠어요 . 맛보기로주시는 껍데기도 잘먹고왔어요,맛있다
1774,모닥불,zimzim,상추쌈 샤브샤브를 드셔야합니다 ㅠㅠ,맛있다
1775,치악산흑염소요리전문점,즌짱,"장안동에 있는 흑염소 전문점! 서울에서 흑염소 맛있게 하는 곳이 없나 고민하다가 집 근처에서 발견한 식당이에요. 몸이 좀 안 좋거나 몸보신이 필요하다 생각되면 찾게되는 곳!! 염소탕 한 그릇에도 염소고기가 충분히 들어있어요. 염소 고기를 소스에 찍어서 생강과 함께 먹으면 ㅠㅠ 맛있어요 ㅠㅠ 그리고 흑미밥이 함께 나오는데 밥 말아서 싹싹 비우면 세상,, 든든하고 맛있어요. 수육도 깔끔하고 맛있어요. (술도둑,,,) 흑염소 특유의 향이 강하지 않고, 흑염소를 못 드시는 분들을 위한 삼계탕도 있어요.",맛있다
1776,일번지곱창,로한,"# 야채곱창 술을 즐기는 편은 아니지만금요일 퇴근 후 한 주를 마무리하는 의미로 술 한 잔 하는 것이 소소한 로망이었음 마침 부산 트래킹 때 금정산성 양조장에서 사온 막걸리가 한 병 남아있기도 했고유통기한도 임박해 이번주는 요걸 마시기로 마음먹었음 6도, 8도 각 한 병씩을 양조장에서 데려왔는데지난주 6도+김치전 조합이 생각보다 좋아서 오리지널 8도는 뭐랑 마실지 고민하다 홍어무침과 먹으면 좋겠단 생각이 들었음 그러나 금요일 일이 늦게 끝나는 바람에 옆에 구에 있는 홍어집에 홍어무침을 픽업하러 다녀오기엔 시간이 늦어 노선을 곱창으로 바꿨음 과거 금요일 + 아파트 앞에 일주일에 한 번씩 오는 차에서 파는 곱창 + 만원에 4캔인 편의점 수입맥주 + 영화 한 편 or 재밌는 티비프로요 조합이면 소박하지만 나름 재밌고 낭만있는 금요일을 보낼 수 있겠단 생각이 들어 잠깐 꿈꿨던 적이 있었음 (와인 포함 한 번씩은 주종과 안주를 바꿔주면 더 좋고...!!)재택중이라 컴퓨터만 끄면 바로 이어마실 수 있게 세팅을 해놓고 싶었기에옛날에 꿈꿨던 로망도 실현시킬 겸 일번지곱창에 주문을 넣었음 포장을 하면 가게에서 먹는 것보다 1.5배(?) 양이 많다는 이야기를 어디서 들었던 터라 살짝 귀찮지만 빠르게 픽업해왔음 곱창과 함께 쌈야채도 얻어왔는데 양은 정말 많았음 그런데 돼지곱창 특유의 누린내가 나다보니 결국 누린내에 좀 덜 민감한 본인 혼자 먹게 되었음 곱창 냄새와 맛이 진하다보니 막걸리를 눌러버려 막걸리의 맛과 향을 재대로 느끼기 좀 어려웠음 주종을 시원한 캔맥으로 가던가 안주를 홍어무침으로 갔다면 좀 더 좋았겠단 생각이 들었음 양이 정말 많았음",괜찮다
1777,20년전통외대닭갈비,반말했다존댓말했다,"별찮다....매운맛 순한맛 있는데매운맛은 그냥 양념쎈거 인가보다너무 자극적이다그래도 소주안주로는 제격이다,,",괜찮다
1778,푸라닭치킨,로한,"#. 간장양념 + 마늘칩 후레이크. 닭이 조금 더 큰 듯.푸라닭 기피티콘을 선물받은게 있어 퇴근길에 전화해보니 배달은 1시간(배달료2천원?) 픽업은 20분이 걸린다고 함.배달시킬까하다 차를 돌려 푸라닭으고 감. 홀은 아주 넓진 않았지만 깔끔했고 안에서 먹는 사람들도 있었다.  (예전에 추워지기 전&코로나 심해지기 전엔 홀 밖에서 치맥하는 사람들도 종종 봤었음)블랙알리오를 주문했는데 치킨상자도 그렇고 담아주는 더스트백도 고급진 느낌ㅋㅋㅋㅋ한번 굽고 튀겼다는데 잘 구워진 오븐치킨 맛이었다. (바삭바삭 치킨 아님) 간장소스도 위에 뿌려진 마늘칩후레이크도 나쁘지 않았고 다른 브랜드치킨보다 닭 사이즈가 조금 더 큰것 같기도 했다.간장소스가 잘 베어든 닭 껍데기가 맛있었다. 살도  촉촉했으며, 간장소스가 많이 달거나 짜진 않았다. (먹을땐 못느낌) 치킨살은 같이 넣어준 소스나 간장소스 듬뿍찍어 마늘 후레이크랑 먹으니 맛있었다.",괜찮다
1779,BHC치킨,로한,"#순살뿌링클HOT, 커리퀸 오랜만에 다시 재택근무를 들어왔는데 첫날 저녁이 치킨이 될 줄이야...이전에 시켰던 지점이 친절하고 기름도 괜찮단 평이 있어서 전에 한 번 이용을 했었는데이번에 6시 넘어 주문을 넣고 일을 하고 있는데 올 때가 된 것 같은데도 오지 않아 살펴보니 주문취소...?! 혹시나 해서 다시 넣었는데 또 다시 주문취소가 되었음 이번엔 이쪽으로 넣어봤는데 다행히 주문접수가 되었음 배달어플을 사용하지 않으려고 지워버리는 바람에 네이버로 주문을 넣었음 순살뿌링클HOT, 커리퀸 주문 뿌링클 소스가 같이 왔는데 치킨만 포크로 찍어 먹다가 너무 맵고 아려서 혀가 얼얼하고입안이 홀라당 까지는 느낌이라 담에 이건 안 시켜야겠다 생각했는데찍어먹는 뿌링클 소스랑 같이 먹으니 아리고 매운게 전혀 없었음 같이 주는 이유가 있었음 커리퀸도 괜찮게 잘 먹었음",맛있다
1780,뚱보집,오유빈,인생껍데기...,맛있다
1781,돈보네 숯불고기,즌짱,"N년째 단골인 장안동 숯불고기 맛집 :)물가가 오르면서 가격이 좀 올라 1인분 9000원. 백반에 함께 나오는 밑반찬도 다양하고, 수요일 토요일엔 잡채가 나온다. 전체적으로 밑반찬이 깔끔하고 맛있는데, 특히 된장찌개가 굉장히 맛있다. 포장할 때는 된장찌개를 따로 주문해야하는데, 꼭꼭 추가해서 챙겨갈 정도로 된찌 맛집이다. 된찌만 가지고도 밥 한공기 뚝딱이 가능할 정도,,,물론 숯불고기도 굉장히 맛있다. 큼지막한 고기에 숯불 향이 가득하니 맛있는데, 쌈 싸먹으면 더 맛있다.혼밥 가능하고 전 메뉴 포장도 가능!",맛있다
1782,BHC치킨,로한,"# 뿌링클, 맛초킹(순살), 치즈볼 기프티콘이 생겨 사용차 주문차로 픽업할꺼라 근처 매장들을 찾아봤는데 생긴지 얼마안되고 친절하고 기름도 깔끔하다고 해 이용 주문은 뿌링클, 맛초킹(순살), 치즈볼 뿌링클가루도 많이 뿌려주고 양념소스도 듬뿍 묻혀서 주는듯 했음 몇 년 전(18년도 쯤) 치즈볼이 막 나오기 시작했던 때, 연말 파자마 파티에서 치즈볼이 엄청 맛있다며 꼭 먹어야한다고 해서 뿌링클이랑 같이 시켜 먹었던 적이 있었음그땐 나도 맛있게 먹었던거 같은데 요즘은 피자/치킨집 사이드메뉴로 많이 나오다보니 익숙한 맛이 되어버렸음 옛날엔 단짠하니 맥주랑 먹기 좋고 맛있다고 생각했는데 입맛이 변했는지 달고 짜고, 짜고 짠맛이 좀 느껴졌음치킨살은 촉촉했음친절한 매장이었음",괜찮다
1783,노랑통닭,미동이,옛날 통닭 느낌,괜찮다
1784,노랑통닭,평양냉면 대법관,치킨이다. 맛있다.,맛있다
1785,춘천닭갈비,유린,청량리에 닭갈비집이 여기밖에 없어서 방문오래된 맛집같아서 들어갔는데 회전이 잘 안되는지재료가 싱싱해보이진 않았네요쫄면사리 시켰는데 쫄면 그 특유의 오래된 냄새가 ㅠㅠ볶음밥은 맛있었어요,괜찮다
1786,위대한족보,우진,오픈하고 신기해서 가봤는데  족발껍질에  돼지털 잔뜩있어서 실망했고  맛도  별로였고  재미로  한번 먹어볼만하지만  재방문의사는  없음,별로
1787,위대한족보,이주현,"족발보쌈 무한리필 체인점. 일반족발, 불족발, 튀김족발, 보쌈 등이 있다. 무한리필 코스로는 금액별로 A, B, C 코스를 택할 수 있는데 뒤로 갈수록 선택가능한 메뉴 종류가 늘어난다. 튀김족발이 맛있으니 B 이상 코스를 택하는 게 좋다. 원래 기름기 많은 음식이다 보니 금방 질리는 건 어쩔 수 없지만, 전반적으로 맛도 괜찮고 실컷 먹고 싶을 때 갈만한 곳.",괜찮다
1788,보드람치킨,영영,냄새가 너무 좋아 자연스럽게 이끌려 갔습니당후라이드 기본으로 먹었는데 부드럽고 고소했습니당살짝 많이 튀겨져서 까맸지만 맛은 괜찮았어용로컬틱한 치맥집입니당,맛있다
1789,만선회세꼬시,쩝쩝석사,대방어회 진짜 맛있어요!미나리 무침도 정말 맛있어요♡,맛있다
1790,옛날할머니보쌈,E.T Jun ,"이문동 외대앞 대로변에 있는 보쌈집입니다. 비슷한 컨셉과 비슷한 상호의 보쌈집이 골목으로 더 들어가면 나오는데, 소문으로는 그집을 하셨던 분이 다른분께 넘겨주고 나오셔서 다른음식장사를 하시다가 다시 보쌈집을 하시는 거란 얘기를 들었습니다. 여튼 좋은 가격으로 든든하게 보쌈정식을 먹을 수 있다는 것은 동일합니다. 개인적인 입맛으로는 이집의 고기가 기름기가 적고 좀더 탄탄한 느낌이고 보쌈김치의 단맛이 좀 덜 한 것 같습니다. 가게가 넓어서 식사시간에 가도 자리 걱정할 필요 없고 편하게 식사할 수 있어서 좋았습니다.",괜찮다
1791,본죽,꽃같아,퇴원하고 나와서 죽을먹었는데사모님이신지 일하시는 분이 정말 너무 친절하셨다포장에 주문 오류가 있었던건 함정이지만....,맛있다
1792,마리채,즌짱,"육회 비빔밥 맛집이라는데 말 안 듣고 국밥 먹은 저는 반성합니다. 국밥도 깔끔하고 맛있긴 했는데 좀 뭔가 완전 맛있어!!! 하기엔 부족한 느낌이 컸어요. 솔직히 육회 비빔밥이 훨씬 맛있었어요. ㅠ ㅠ 속상,,, 다음에 간다면 육회 비빔밥 먹을래요 ㅠ",괜찮다
1793,순수치킨,Lydia,고마치킨 와사비간장치킨 후라이드세가지를 먹어봤는데고마 = 후라이드 > 와사비간장 순으로 취저고마는 고추마늘인데 맛있게 매콤달콤!치밥하기에도 딱 좋다!후라이드 염지는 가히...국내 최고라고 하고 싶다 ㅠㅠ은은한 생강 후추 향에 넘 부드러움배달 시킬 때 마다 시간 잘 지켜주시고매번 뜨거운 치킨을 가져다주신다.보통 여러군데 돌고 미지근 한 거 받는다....ㅠ그리고 피클에도 당근이랑 오이 색 생각해서 예쁘게 넣어주심.튀김유가 카놀라유라서....맘껏 못시켜먹지만회기 치킨중엔 여기랑 치맥파이브가 갑!,맛있다
1794,순수치킨,미동이,맛있음..❤,맛있다
1795,장군안창살숯불구이,복숭아매니아,"2002년부터 다닌 단골입니다. 여기 고기맛과 된장찌개는 최고!!!연탄불에 구워먹는 파 구이, 부드러운 안창살, 쫀득한 뽈다구살... 오래도록 한 자리를 지켜온 맛집입니다.",맛있다
1796,우뚝소곱창,윤상,장안동 골목에 숨어있는 곱창집 !!곱창도 엄청나고.. 숨어있는 모츠나베 맛집! 이거 한판이면 소주 5병은 기본으로디가!!,맛있다
1797,미식본좌,빨강코알라,"여러번 방문 후 다른 안암러, 망플 유저분들도 방문하셨으면 좋겠다는 생각에 긴 후기 작성.공간 내부는 협소하지만 한 끼는 든든히. 메인 메뉴 제외 사이드들도 훌륭하다.개인적으로는 면보다는 밥이 괜찮았음. 토마토 제육, 흔한 맛일줄 알았으나 재밌는 맛이었다.",맛있다
1798,싱싱오징어바다,Ansohwee,"체인이긴 하지만 외대에 일단 횟집이 잘 없어요...이만큼 만만하고 가성비 좋게, 가볍게 2차하러 올만한 곳도 없는것 같아요 그만큼 손님도 은근 끊이질 않음! 가게도 항상 깨끗하고 큰 티비도 있어서 올림픽이나 월드컵같은 경기볼때 매번 찾아갔던 곳이에요 맛도 언제나 변함없고 무슨 메뉴를 시켜도 실패한 적이 없어서 여기도 오랫동안 단골하고 있네요...!",맛있다
1799,대통삼,yoom,무한리필 만 2천원인 착한 식당이에요매장 넓고 직원분들 친절하셔서 기분좋아지는곳!가격이 저렴하기 때문에 고기질이 너무 좋다고 하기에는 애매한데그래도 기본적으로 나쁘진 않습니다!삼겹살 먹었는데 생각보다 더 맛있었어용근처에서 양많고 가성비 좋은 고기 원하신다면 추천!,괜찮다
1800,최원석의돼지한판서해쭈꾸미,미동이,서비스와 찬 모두 나쁘지 않았지만 고기에서 특별함을 못 찾겠다,괜찮다
1801,최원석의돼지한판서해쭈꾸미,형중,너무 비싸요고기는 되게 신경쓰셔서 구워주시는 듯 한데이정도 가격 주고 먹을 정도는 아님ㅠㅠ,별로
1802,최원석의돼지한판서해쭈꾸미,J,"양이 아주 창렬함150g 당 14,000원둘이서 밥까지해서 3만원 주고 먹었는데 먹은것같지도않음고기먹으려면 다른곳 가는걸로",별로
1803,조마루감자탕,HP7,든든한 한끼로 적합한그릇에 구천원은 약간 비싼감이 없잖아 있다.재방문의사 있음.,괜찮다
1804,진미생고기전문점,Han,제 기준 외대맛집 1순위..고기 질도 좋고 맛도 좋고달래된장찌개 너무 맛있구요여기 물냉면은 진짜 제 인생 물냉면돼지갈비에 물냉시켜먹으면여름 날수 있어여외대생들 진짜 제발 꼭가보세요....,맛있다
1805,수라간,HP7,데일리 밥집으로 무난밑반찬 복불복에 김치찌개 존맛재방문의사 있음,괜찮다
1806,천호낙지,HP7,순한맛으로 시키면 매우 먹을만한 정도이다.갈때마다 맵기 정도가 복불복이어서 대부분의 경우 순한맛을 시켜도 몹시 매우니 주의재방문의사 있음,괜찮다
1807,윤가네청국장,HP7,가성비로 가는집이었는데 일인분에 구천원이 되면서 가성비가 안좋아져버림기본적으로 인당 고등어 두마리가 나오는데 투머치제육은 안맵고 맛있다.마지막 누룽지도 꿀맛.가격이 인상되어 재방문의사 별로없음,괜찮다
1808,홍수계찜닭,HP7,무난한 찜닭특이사항 없음재방문의사 있음,괜찮다
1809,성수면옥,HP7,만두맛집재방문의사 있음,괜찮다
1810,일미간장게장,즌짱,"알이 가득 가득한 간장 게장이 먹고 싶어서 특대(12만원) 포장. 큰 놈으로 먹고 싶었지만 조금 작은 놈들 뿐이라고... 뭐 어쩔 수 없지~ 하고 사왔는데, 맛있어서 사진도 대충 찍고 먹기 급급했다 ㅎㅅㅎ원했던 대로 속이 꽉 찬 간장게장이라는 건 매우 만족! 맛은 있긴 한데... 좀 많이 짜다. 밥 비벼 먹는데 너무 짜서 밥을 더 넣게 되는... 이것도 밥도둑이긴 하네... 아무튼 예전엔 더 맛있었던 거 같은데... 싶은 아쉬움이 남는다.재방문 의사는 세모. 언젠가 또 속이 꽉 찬 간장게장이 당기면 마땅한 선택지가 없으면 먹겠지만, 다른 선택지를 좀 더 찾아보고 고민하게 될 듯.",괜찮다
1811,일미간장게장,HP7,3명이서 넉넉하게 먹으려니 음료포함 19만원이 나왔다.사실 게장은 정말 맛있었지만 합리적인 가격인지에는 의문부호.재방문의사 약간 있음.,괜찮다
1812,일미간장게장,우이리,"간장게장 중 75000가게가 잘되서 부부가 이혼하고 여자분이 바로 옆에서 서산간장게장을 한다고 들었습니다. TMI명절때면 가게문 옆에 보따리 쌓아놓고 장사했었는데... TMI2걘적으론 짜지않고 비리지않아(?) 좋아합니다. 먹기전에는 손에 묻히기 싫은데, 먹기 시작하면 멈추기가 쉽질않아요.찌개는 게맛이 나는게 게국지 같은데 달달 시원합니다.게장은 오래될수록 껍데기가 물러지면서 떫은 맛이 나는거 같아요. TMI3",맛있다
1813,일미간장게장,소미,장안동 간장게장 맛집 '일미간장게장'24시간 영업꽃게가 저렴한 음식이 아니지만 여기 간장게장은 종종먹으러갑니다. 알이 꽉차있고 짜지 않아서 밥도둑이라고 불리우는 일미간장게장. 밥 3공기 가능하더라구요??? 장안동 번화가는 아니지만 딱 크게 위치해있어서 찾기쉽습니다. 주차 가능합니다.,맛있다
1814,일미간장게장,선블리,전혀안짬 담백하고 맛있다,맛있다
1815,일미간장게장,힝구,바로 앞 건물에 있는 가게길래 가봤습니다.진짜...맛있어요...맨날 먹고 싶을정도로 맛있습니다ㅜㅜ식당이 고급스럽지는 않아도 시중에 판매되는 게장보다 맛이 좋아 괜찮아요!,맛있다
1816,일미간장게장,SEDOH AKIRA (Shin준서),#망고하이정말 맛있는 간징게장,맛있다
1817,일미간장게장,UDOEE,화사 간장게장으로 유명한 곳이 옆집에 있지만거의 맛의 차이가 없다고 해서 다녀온 곳가격이 다른 곳들 보다 싸고 서비스로 한 짝?이 더 나온다.맛은 크게 임팩트는 없었다.알의 비주얼을 보더라도 그리 탱글탱글 하지 않다..재방문 의사 없음,괜찮다
1818,일미간장게장,Roxie,"와우 존맛임!!! 사진봐도 그 때 그 맛이 생각나는군 진짜.. 돈많으면 자주 갔을 것같음.해산물.. 특히 갑각류를 굉장히 좋아하고그 중에서도 간장 게장을 너무너무 사랑한다! 어떤 사람은 너무 짜서, 또는 너무 비려서 간장게장 못 먹는다고 하는데.. 그건 내가 확실히 말할 수 있다. 제대로 된 간장게장을 못 먹어봐서 그런 것이다. 맛있는 간장게장은 절대로 짜지 않다. 이 가게가 있는 동네에 간장게장 집이 몰려있는 듯하다. 그리고 일본어도 많이 있는 걸로 봐서 일본인 관광객이 상당수 오는 듯 하다. (하긴.. 일본에 살때도 일본인들이 한국 게장에 엄지척하더라) ✔️짜지않고 딱 맛있음!✔️살이 꽉 차 있는 토실토실한 꽃게들 ✔️흰 쌀밥에 통통한 게살을 올려서 김에 올려먹으면 천국이 따로 없다. ✔️가격이 좀 부담스럽다. 어쩔수없지... (사진을 보며 침을 닦는다.. 츄릅)사진속의 게가 아마 中짜 였던것같다 7-8만원선. (사진을 보며 침을 닦는다.. 츄릅..츄릅)",맛있다
1819,일미간장게장,꽃같아,전혀 먹지도 않던 간장게장의 맛을 알게 해준 일미.제입맛엔 최고입니다비싸지만 그만큼 값을하죠!포장해서 자주먹어요,맛있다
1820,일미간장게장,민주,ㄹㅇ 비림 진짜 너무 비림 둘이서 반도 못먹었다;,별로
1821,일미간장게장,공명한맛평가,"쯔양 유튜브보고 가족 4명이 갔는데...간장게장 특대+양념게장 대 시켜서 먹었는데,쯔양 유튜브에서 본 간장게장 때깔은 않나오고왠지 오랬동안 꺼내놓은듯 윤기는 사라지고,무엇보다 맛은 그닥! 뭐? 이정도는! 그런맛이다!알은 꽉차있다!양념게장! 대박! 양념걷어내며 찾아 먹었더니 접시 절반이 양념더미!저걸 다먹으면 뱃속이....무엇보다4명이 20만원어치 먹고도돗대기 시장통, 주문은 해도 한참뒤에, 서비스는 진짜 상상하지말것!가족이라면 그냥인터넷 주문해서 집에서 먹는게!백번나을듯!",별로
1822,일미간장게장,부읍,무난,괜찮다
1823,일미간장게장,먹날두,정신놓고 먹으면 밥 한솥도 먹을 수 있음,맛있다
1824,일미간장게장,miemie93,짜지않고 비리지않은 간장게장 맛집,괜찮다
1825,일미간장게장,김미니,"참고로 저는 간장게장을 아주 좋아하는 사람입니다.1.간이 심심해서 싱겁게 드시는 분이시면 좋으실듯.   프로간장게장 좋아하는 제 입맛에는 조금 싱겁습니다.2.청결하지못합니다.   앉아서 먹는 곳인데 바닥에 게딱지가루에 먼지에 물수건 포장비닐에.. 더러워서 찝찝..   깔끔고급서비스 원하시는분은 가지마세요.3.고급진맛은아닙니다.   맛있다! 도 아니라서 그냥저냥 먹고있는데..게딱지에 밥을 비비려는순간 완전심한정도의 락스맛과냄세가.ㅡㅡ 사실 가끔 게장 먹을때 락스향 나는곳이있지만 거슬릴 정도는 아닌경우가 많은데..오늘은 완전 락스물을 게딱지에 일부러넣은듯한..ㅠㅠ 토할뻔했어요.. 근데 남편이 집은 게딱지는 락스향이 안나더라구요..게딱지 하나만 그랬던건데.. 이건 너무한거아닌지..밥맛떨어져서 그때부터 못먹었어요..ㅠ4.주차편합니다. 차댈때는 발렛해줘요.뺄때는 자기가 빼야하구요. 근데 저희차가 차고가좀낮은 외제차인데, 발렛할때부터 조심히다겠다는둥..그러더니 차뺄때도 차 타고 가서 차 확인하지말고 출발하기전에 확인하라면서.. 강요아닌 강요를하더군요.ㅡㅡ 수입차 사고건이 있었는지..엄청 예민하게구네요..",별로
1826,일미간장게장,|||||||||||||,손님이 많은 이유를 모르겠다. 간장 이외의 맛을 느낄 수 있는 간장게장.,별로
1827,일미간장게장,룡ㅇ,간장게장 먹으러는 여기만 간다 진짜 이성을 잃고 먹을 수 있음,맛있다
1828,일미간장게장,쩡ㅋ,회식으로감.=공짜로먹음 그러니맛있음 사실나는해물찜비싸게주고먹기엔지갑이조금(?)얇기때문에 내가직접은안사먹을것같다. .,맛있다
1829,일미간장게장,봉봉봉,꽃게장은 확실히 맛있어요~ 다른 반찬들은 그냥그래요. 조금만 더 친절하셨으면 좋을 듯해요,맛있다
1830,일미간장게장,WonBokyoung,간장게장 맛있어요~근데...위생은..음..해물찜.아구찜.꽃게찜.다 잘하는데해물찜시켰다 머리카락 나오고 담 방문때 꽃게찜 시켰는데 또 머리카락이....그래서 발 끊었어요...간혹 간장게장 먹고픈 날에 생각나는 집이긴 해요.게장은 확실히 맛있거든요..,괜찮다
1831,일미간장게장,키다리아저씨,가끔 게장이 생각날 때~ 동네에서 가까운 게장 맛집!관광객들도 찾는다는 이곳~!살도 가득~ 알도 가득~!! 밥 도둑은 분명함~신선하고 많이 짜지 않고~ 좋다^^먹다보니 맛있어서 게 뚜껑 비벼먹는 사진을 깜빡함;,맛있다
1832,일미간장게장,키다리아저씨,"외국 관광객들도 찾아온다는 한춘상""일미간장게장"". 게장을 좋아하는 나에겐 정말 맛집으로 인정!!!^^ 서울권에서 가본 게장집 중에 순위권에 꼽히는 곳!!  가격은 어느정도 높은편이지만 그만큼 살도 실하고 알도 듬뿍~~ 역시 게장은 밥도둑이네요^^ 배송도 한다고 하네요!!",맛있다
1833,홍곱창,백유성,"""달고 짜고 고소해. ""홍곱창을 7년동안 다녔는데 참 한결같다.지저분하고 좁던 매장이 커졌고 예뻐졌다. 서울 곳곳에 분점이 생겼다.하지만 웨이팅은 늘 그렇듯 꼭 40분을 기다리게 하는데.달고 짠 양념 범벅한 돼지막창을 먹기위해 그렇게까지 기다려야하나?라고 묻는다면 어떻게 고개를 저을 수 있겠어.초고추장양념에 무친 부추가 숨이 죽을때 쯤. 이미 먹기 좋게 익은 데리야끼 막창을 한점 집어 먹으면 그렇게 맛있을 수 없다.도저히 술을 참을 수 없는 맛.마지막 치즈 듬뿍 얹은 볶음밥은 꼭 시켜먹을 것.알아서 더 무서운 그맛이다!",맛있다
1834,홍곱창,Mark&Jacob,"경희대쪽에서 맛과 가성비를 모두 잡은 막창을 맛 볼 수 있는곳. 데리야끼막창이 시그니처이지만 소금구이를 먼저 먹어보면 이 집의 막창의 퀄리티가 얼마나 좋은지 알 수 있음. 곱창이 좋으니 데리야끼 곱창은 맛이 없을 수가 없음. 가격도 10,000원 중반이니 부담없음. 강추!",맛있다
1835,홍곱창,kkonoo,배달로 먹었는데 흠.. 왜 이렇게 유명한걸까.. 가격 대비 양이 적은가 싶다가도 먹으면 배불러서 다 못 먹긴 함.. 너무 달아욤..,괜찮다
1836,홍곱창,띵시,"가성비 ⚫️⚫️⚫️⚪️⚪️맛 ⚫️⚫️⚫️⚪️⚪️분위기 ⚫️⚫️⚪️⚪️⚪️재방문의사 70혓바닥이 민망할 정도로 노골적인 맛의 데리야끼 곱창. 자극의 끝을 보고 싶다면 홍곱창으로 오면 됨! 항상 대기가 있어 웨이팅 없이 먹은 적이 없음. 양은 적은 편으로, 대부분 매운맛과 데리야끼 반반 주문하는 듯함. 양념이 세며 단맛이 강해 한 점 먹고 소주 한 잔 털기를 무한반복하게 됨. 한 번 먹으면 당분간은 생각나지 않지만, 은근 중독성이 있어 계속 방문하게 됨. 회기지역 대학생들이라면 방문하려 애쓰지 않아도 언젠가는 가게 될 것임ㅎㅎ",괜찮다
1837,홍곱창,다다다,"매일 웨이팅 있는 홍곱창, 데리야끼 곱창이 제일 맛있는 것 같아요~",맛있다
1838,홍곱창,미동이,곱창질은 모르겠고 양념이 맛있다,맛있다
1839,홍곱창,리나,회기맛집하면 바로 생각나는 가게 !! 시그니쳐 메뉴 데리야끼 곱창은 무조건 먹어야함가게 위치 옮기고 나서 더 깔끔하고 세련되어 졌네요사람 많고 웨이팅 있는 건 변함 없지만 웨이팅 키오스크 생겨서 더 편해졌어요 ㅎㅎ 하지만 조용한 곳 원하시면 비추 ~,맛있다
1840,홍곱창,즌짱,"배달시켜서 먹었어요! 확장 이전했지만 여전히 인기가 엄청난 덕에 가서 먹는 건 참 어려워요 :(근방 배달 오는 곱창 맛집 가운데 배달팁이나 최소 주문 금액 고려해서 가장 저렴한 곳이 여기여서 놀라운 마음으로 주문했습니다. 이 날 아마 14000원 나왔을 거에요! 곱창 배달 16000원에서 20000원 잡아야하는데 저렴해서 좋았고 양도 무척 많고 콜라 서비스에,,, 홍곱창 맛이야 이미 보장되었고,,, 굉장히 탁월한 선택이 되었습니다.앞으로 종종 시켜먹을 거 같아요! 매장 방문은... 웨이팅을 감당 할 수 없어 보류 ^^....(매장 가고 싶으신 분들은.. 273 타고 고대점 가시면 그나마 웨이팅이 좀 덜 해요^^...)",맛있다
1841,홍곱창,이서현,"처음 방문했을때, 웨이팅 1시간해서 먹은 이후로.. 리뉴얼 확장도 되고 해서 좀 쾌적하게 먹을 수 있겠는데. 여전히 웨이팅이 있다. 테이블링 어플로 줄서기 하고 기다리면 좀 덜 기다릴 순 있겠다. 늘 먹는건 불막창,데리야끼 막창, 야채 곱창.. 이 세개 조합.. 멈출 수 없는 조합이다. 매장 리뉴얼과 함께 맛도 업그레이드 된 듯. 야채곱창이 막창이랑 비교해서 양만 많고 맛은 그저 그랬는데.. 더 맛있어졌다. 다만 먹고 또 포장해온건 다시 데웠는데도 식으면서 카레맛이 많이 올라와 실망.. 너무 맛있는데, 왜 늘 먹고 나면 배탈이 날까....? 저만 그런가요..",맛있다
1842,홍곱창,파워배찌당,"몇년 만에 재방문한 홍곱창! 그 당시에도 웨이팅을 했었는데, 지금도 여전히 인기 많은 회기 맛집이네요. 3명이서 데리야끼 막창 2인분 , 불곱창 1인분을 시켰습니다. 시그니쳐 메뉴인 데리야끼 막창을 꼭 추천드립니다. 저는 곱창을 좋아하고, 막창은 즐겨 먹지 않는 편입니다. 그치만 홍곱창 데리야끼 막창은 데리야끼 소스와 잘 어우러져 맛있었습니다. 맥주가 어울리는 맛이에요.불곱창은 매운 것을 잘 못 먹는 제게는 많이 맵게 느껴졌습니다. 매운 것을 잘 못 드시는 분들이라면 다른 메뉴를 드시는 게 좋을 것 같네요. 불곱창 1인분의 양이 굉장히 많았습니다. 3인분을 시켰더니 양이 너무 많아서 열심히 또 열심히 먹었지만 결국 다 못 먹었네요.",괜찮다
1843,홍곱창,따릉따릉,"• 데리야끼 막창 2인분 (1인 13,000원)맛이 없을 수 없는 소스 범벅 막창. 맛있어요!근데 시간지나면 부추랑 막창이 소스 때문인지 판에 다 달라붙어요ㅠㅠ• 불곱창 1인분 (11,000)불곱창이라는 이름값을 못 해요. 그냥 야채곱창인줄.. 별로 안 매웠어요! 그래도 맛은 있어요. 돼지누린내도 안나구 곱창 양도 많고 만족.처음에 나왔을 때 곱창 양이 너무 많아서 곱창2 막창1로 잘못 주문했나해서 물어봤는데 곱창1 막창2가 맞았어요.. 곱창 양 짱 많아요. 3명이서 먹었는데 절반은 남겼어요.ㅜㅜ 볶음밥도 못 먹음.인원수 보다 1인분 적게 시키고 볶음밥 먹는 걸 추천해드려요.",맛있다
1844,홍곱창,moooo,평일7시에 가서 한시간 기다렸어요. 차례가 되면 핸드폰으로 알려줘요. 데리야끼 막창시켰는데 바삭하고 고소하니 맛있어요. 소스도 맛있는데 좀 과하고 먹다보면 느끼해요. 볶음밥은 비추에요. 설익은 밥 먹는 느낌이에요.,괜찮다
1845,홍곱창,뎜(dyeom),"2019.10.235시 아슬아슬하게 가니까 바로 앉을 수 있었다. 한참전부터 가볼까 고민하던 곳인데 후회X데리야끼막창이랑 불곱창, 볶음밥2인분까지 26000원 나왔다. (도란도란에서 4인분 먹을돈이군...)데리야끼 막창 개존맛, 볶음밥도 참기름의 고소함(?)이 대박...맛있다. 불곱창은 ㅂㄹ 곱창도 ㅂㄹ없고 당면이랑 야채가 많다. 데리야끼막창을 위해서라면 올만하지만 굳이 곱창만 먹으려고 여기 오지는 않을 듯! 가성비 ㅂㄹㅂㄹ",맛있다
1846,홍곱창,귀차니즘,맛있어요! 다만 좀 물리는 면이 있어요데리야끼 곱창 맛있어여데리야끼 곱창 반 양념 곱창 반 좋아여,맛있다
1847,홍곱창,갈색곰도리,"처음 방문했을 때는 거의 한시간반 가까이 기다려서 먹었었는데 두번째는 늦은 밤이라 그런지 예전에 비해 웨이팅 없이 바로 들어갈 수 있었다. 데리야끼 막창이랑 통마늘 곱창, 소금구이 막창 먹어봤는데 데리야끼가 워낙 유명하기도 하고 홍곱창의 시그니처(?)라 드셔보시길 추천. 막창이 바삭하면서(살짝 질기다고 느낄 수도 있음) 소스랑도 잘 어울린다. 테이블 수가 적어서 그런 거긴 하지만 한시간이 넘도록 웨이팅할 만한 곳은 아니지 않나 싶다!",괜찮다
1848,홍곱창,하이,"장. 다양한 취향저격 메뉴, 확실히 맛있는 곱창, 다른동네사는 친구들도 빠져버릴정도단. 좁은 실내 적은 테이블, 긴 웨이팅, 불편한 대기줄 줄줄줄줄 동네 인기곱창집 타지에알려지면 내가 더사먹기 힘들지만 난 나만의 팁이 있으니까 만족ㅋ팁. 포장은 줄안서도 되고 기분탓인진 모르겠지만 양을 더많이 주신다 1인분 포장두개보다 2인분포장이 훨 많음 볶음밥대신 더주시는듯 사람많이모아 먹는다 완.전.폭.식. 난 시그니처 홍곱창이 좋지만 아이들 먹일때는 데리야키사간다 애들도 잘먹을정도인게 신기",맛있다
1849,홍곱창,망고치는치타,좁은데도 불구하고 웨이팅이 엄청 길었던집 그만큼 맛있기는했으나 위생은 별로였다... 주방에서 홀쪽으로 유리인지 플라스틱인지 투명한걸로 되있는데 기름이 껴서 보기만해도 위생 별로라고 생각됨...,괜찮다
1850,홍곱창,뽀맛홍,맛있다 ..특히 데리야끼막창 존맛탱 ㅠㅠ강추,맛있다
1851,홍곱창,먹토리,"친구들과 곱창 맛있는 집을 가려고 알아보다가 가게 되었습니다. 친구가 2번을 갔는데 2번 다 웨이팅이 너무 길어서 못먹고 왔다고 해서 웨이팅할 마음의 준비를 하고 갔어요.   아니나다를까 5시반쯤 갔는데도 가게앞에 사람들이 꽤 서 있더라구요. 대기명단을 써놓고 맞은편 까페에서 기다렸습니다. 가게 들어가기까지 거의 딱 1시간 정도 기다렸습니다.  들어갔더니 테이블 6개 정도로 작은 가게더라구요. 2명이상이서 가시면 좀 좁게 앉으셔야 됩니다.  저희는 데리야끼 막창, 야채곱창을 주문했습니다. 완전히 조리해서 주셔서 그런지 음식이 나오는데 시간이 좀 걸렸습니다.  데리야끼막창은 뭔가 비주얼부터 나 맛있어! 하는 모습이었어요.. 쫄깃하면서 냄새 안나고 데리야끼양념도 적절하게 짭짤하고 달콤해서 맛있었습니다!! 배가 불러도 계속 들어갈 맛이예요..  야채곱창은 좀 매웠지만 많이 짜지않고 납작 당면이 들어가 있는데 맛있었습니다!   마지막으로 볶음밥도 주문했는데..어쩜 여긴 볶음밥도 맛있더라구요..... 딱 그 짭짤하고 달달한 양념맛의 볶음밥이었습니다..  둘 다 양이 푸짐하고 맛있었는데 저와 같이 간 친구들은 모두 막창이 더 맛있었다고 했어요. 다음에..혹시 웨이팅을 무릅쓰고 또 가게 된다면... 막창을 더 먹겠어요!",맛있다
1852,홍곱창,김챌,데리곱창 대존맛... 기다릴 가치 있을유 대존맛 와우내,맛있다
1853,홍곱창,위대한여자,"생각만큼 막 맛있고 그런건 아니지만 그래도 경희대 앞에선 가볼만한 곱창집. 데리야끼막창이 맛있어서 유명한것 같다. 나도 다른 곱창은 별로지만 눈꽃치즈곱창과 데리막창이 맛있어서 자주 간다. 일단 데리막창은 기본으로 시키고 다른건 그때그때 꽂히는걸로 먹는다. 다만 알곱창, 불곱창은 우리동네 앞이 더 맛있어서 여기선 한번먹어보고 안시킴. 여긴 데리막창이 괜찮은 곳이다",괜찮다
1854,홍곱창,신,맛은 있었은데 웨이팅이 너무길어요 2시간 기다렀네요 ㅠㅠ,괜찮다
1855,홍곱창,핏짜,왜 인기있는지 모르겠네요.순 양념으로 곱창맛을 가렸음..별로입니다.,별로
1856,홍곱창,Chany♥,남성보단여성들이 많다...궁금해서먹어봤는데..굿이 기다릴정도까진..아닌거같은데...뭐  입맛은 다다른니깐..,괜찮다
1857,홍곱창,pink ice,홍곱창은 그냥 진리지요 ㅎ.ㅎ 최애다.매운맛 데리야끼 같이먹긩!곱창은 어쩜 이리 쫀득할까?.? 중독적이양...♡,맛있다
1858,홍곱창,먹으려고사는데요,"야채곱창은 맛은 별론데 양이 많다.(당면 야채만.)막창은 맛있는데 양이 진짜 적다. 여자 혼자 2인분 먹어도  허전. 너무나 협소한 자리, 싸지 않은 가격을 생각하면 두 번은 안 갈 집.",별로
1859,홍곱창,pink ice,바삭바삭 쫄깃쫄깃 자꾸 생각나는 맛ㅠ^ㅠ멀지만 않았어도'ㅁ'(따흐흑)@홍곱창 @회기 @경희대,맛있다
1860,홍곱창,먹구름,맛 3.7가성비 3.8분위기 2.5재방문의사.O친구가 추천해줘서 가봤는데 막 기절초풍 맛있는건 아니지만 꽤 맛있는 편이었다. 메뉴 종류가 많아서 다 먹어보고 싶은데 웨이팅 때문에 부담스러워서 언제 또 갈 수 있을지.... 가성비도 좋은데 가게가 좀 동떨어진 곳에 있고 공간이 작아서 웨이팅이 긴 편이다. 바로 건너편 카페에서 시간때우면서 4-50분 기다렸던 것 같음,괜찮다
1861,홍곱창,E.T Jun ,회기와 외대 사이에 위치한 곱창집. 불곱창이 유명한것 같지만 야채곱창과 소금구이막창 반반을 시킴. 소금구이 막창은 기본적인 맛이고 양이조금 적음. 야채곱창은 일반적인 야채곱창과는 조금 다른맛? 당면도 납작당면을 쓰고 양념맛이 일반적인 맛이 아닌 입맛을 돋구는 특별한 뭔가가 있음. 테이블위에 있는 마요네즈 소스를 뿌려먹으니 신선하면서도 맛있는 조합이였음. 마무리는 역시 볶음밥으로. 1인분이 양이 꽤나 많음. 볶음밥도 마요네즈소스랑 곁들여먹으면 진짜 맛있음. 가게는 협소하지만 내부가 깔끔하니 쾌적했음. 10시쯤가니까 곱창이 거의 다 떨어질만큼 지역 주민들이 많이 찾는 곳인것 같음.  평범한 곱창이 아닌 젊은감각의 곱창맛을 느끼고싶을때.,맛있다
1862,홍곱창,띵시,기대를 넘나 많이해서 그런가..ㅠㅠ 맛은 쏘쏘! 양이 많이 적어 다음번에는 볶음밥도 먹어야겠어욤. 대기가 기니까 다섯시 땡 맞춰서 가세요!,괜찮다
1863,신설동 부산양곱창,조선의장희빈,"신설동에 생긴 신상 #신설동부산양곱창 - 서울에서 즐기는 부산스타일의 소 양곱창- 가게 내부가 깨끗하고 직원분들이 친절하고 빠름 - 양이 많고 신선함이 느껴짐 가게 내부가 넓고 버너로 요리를 즐기는거라 테이블이 인원에 따라 분리 할수 있어요. (단체는 미리 예약 필수!)이 곳에서 제일 마음에 든 게 기본찬이 많은데 + 순두부찌개를 주고 있어요 ! 날계란톡 ! 부추,양파 장아찌,폰즈 소스,파무침,쌈채소 등등 다양하게 구운 곱창을 즐길 수 있답니다- 모듬곱창 /48,000- 계란볶음밥(치즈) /4,000- 부산냉면 /8,000모듬곱창에 염통과 특양은 따로 주어서 먹고 추가로 조리하면 됩니다. 고소한 곱과 신선하게 가져온 신설동 부산 양곱창 만의 조리기술로 누린내는 안나요.  먹고 나면 필수코스 볶음밥 아시죠?계란과 치즈 조화로 고소함을 더 극대화로 느낄 수 있는데요, 여기서 부산식 비빔 냉면까지 그냥 입을 가만히 두지 않아요 ㅋㅋ 배터진다 터져 깍두기 볶음밥도 먹어 보고 싶었는데 깍두기가 다 떨어졌다고 해서 다음번에는 마무리를 꼭 깍두기볶음밥으로 하고 싶네요 ㅎㅎ부산에 가지 않아도 서울에서 부산식 양곱창을 즐겨보는걸 추천 드려요! 서울 동대문구 보문로 12 연중무휴 16:00 ~ 23:00",맛있다
1864,신설동 부산양곱창,정은,모듬곱창(2인 기준),맛있다
1865,신설동 부산양곱창,봉식이,맛은 있는데 식당이 조금 체계없는 느낌이였다주문 후 20분도 더 지나서 나왔고볶음밥을 주문했는데 재료 소진이라고....;;집근처도 아니고 다른 밑반찬들이 그닥 매력있는편도 아니라 그냥 다른곳 갈 것 같다ㅠ 더 먹고싶었는데 추가주문하면 또 그만큼 걸릴까봐 그냥 나옴 ㅠㅜ,별로
1866,신설동 부산양곱창,문용석,"""양알못에게 딱 입문하기 좋은 양곱창집""하루에 두 번 곱창을 먹을거 같은 외모지만, 사실 나는 곱창을 먹어본 적이 거의 없다.  일단 어려서부터 우리집에는 대창, 곱창, 양대창 같은 음식을 즐기는 사람이 일절 없었다.  게다가 친구나 연인 중에서도 이러한 음식을 즐기는 사람이 거의 없었기 때문에 먹어볼 기회가 전무했다.어쩌다 가게 된 이 집은, 엄청나게 센세이션한 맛집은 아니다.  그러나 아주 깔끔하게 양대창 및 모듬 곱창을 먹을 수 있고, 깨끗하다.여성분들도 꽤 있었고, 분위기도 나쁘지 않다.  하지만, 여느 양대창집이 다 그렇듯 가격이 만만치 않다.  사람들이 어디서 돈이 나서 이렇게 양대창을 자주 먹는 것일까... 고민이 들지만, 일단 나는 올 한해동안은 먹게 되지 않지 않을까 싶긴 하다.",괜찮다
1867,허브영양족발,뿌디,"— 이 가격에 이 정도면 혜자다 —흐물거리는 따족을 좋아한다면 가볼만한 허브영양족발! 따뜻하고 포슬거리는 족발과 보글보글 끓여져 나온 순대국을 한모금 먹으면, 술이 나를 부른다........",괜찮다
1868,허브영양족발,꽃같아,내사랑 허브 족발 맛있다 가성비도 좋고 먹고가면 서비스로 주시는 선지해장국도 좋다! 막국수도 맛있고 족발자체도 맛있다 난 동네에서 여기가 으뜸이다으앙 맛있어,맛있다
1869,허브영양족발,김정연,불족에서 숯불향 확 나고 정말 갓존맛입니다..ㅠㅠ선지도 오지고 지리고 서비스같지가 않고 너무 맛나요ㅠㅠ,맛있다
1870,허브영양족발,swonique,"망플에 너무 실망하게 된 족발 베스트 23하필 애정하는 족발이 먹고싶은 날,하필 모르는 맛있는 곳이 있나 궁금했는데,하필 앱에서 족발 베스트 23을 봐서굳이 찾아갔을까느낌이 올때가 있는데, 왠지 입구에서 머뭇머뭇 고민하다 망플을 신뢰해보기로 했으나 어디서 저렴한 족발을 받아 그대로 쓰는 것처럼 정말 맛 없는 족발이고, 국수나 부추무침은 식초맛 밖에 안나고.족발뿐 아니라 전체적으로 음식을 못 하는건 이해하겠는데, 홀을 비우고 다 밖에서 놀고 있는건...기대치가 달랐으면 어땠을까...",맛있다
1871,허브영양족발,kkonoo,유명해서 갔는데.. 맛이 없진 않은데 가격에 비해 양이 적음,괜찮다
1872,허브영양족발,클짱,학교다닐때는 정작 모르다가 망고플레이트 통해서 알게된 곳. 반반족발이랑 계란찜 주먹밥 이렇게 먹었는데 나쁘지 않았다. 시장에서 볼 수 있는 족발집처럼 가게가 매우 허름한데 족발 맛집의 포스가 풍겨져나온다. 같이 나오는 선지국과 막국수는 그냥 평범했고 나는 개인적으로 불족발보다는 일반 족발이 나았다. 불족발은 별로 안매운편. 고기가 매우 야들야들해서 그런거 좋아하는 사람들은 잘 맞을듯. 집앞에 있다면 가끔 가게 될 것 같은 곳이다. 참고로 계란찜은 별로여서 굳이 시킬 필요는 없다,괜찮다
1873,허브영양족발,먹깨비 여행사,맛은 있는데 불족발은 조금 매워요불족발은 창신동 족발 맛이랑 비슷반반시키면 불족발에 비계를 많이 주시더라고요친구가 맛있다고 난리던 막국수는 매일 맛이 조금씩 다른거 같은데 제가 갔을 땐 식초를 때려부은 맛선지국은 평범한 선지국화장실 앞 자리에 앉으면 문이 열릴 때 마다 화장실 냄새를 맡게 되니 주의해야 해요,괜찮다
1874,허브영양족발,박인석,서비스로 나오는 선지국과 막국수족발 보쌈도 맛있지만 사이드 메뉴도 굿굿 :),맛있다
1875,늘봄 해물찜 & 손칼국수,Capriccio06,"해물찜 전문점으로 가족단위로 먹기 좋은 음식이기도 하고 방송에 많이 나와서 동네에서 아주 유명한 집. 가게도 넓긴한데 요즘은 포장손님도 많다. 짜고 매운 자극적인 음식인데, 필요시 미리 말씀드리면 조금 덜맵게 해주기도 하신다. 해물찜 자체가 엄청 맛있는가 하면 강력 추천하고픈 느낌은 아니고, 근처에서 약간 매운음식 먹고싶으면 괜찮다. 여러 해물이 꽤 많이 들어있고, 콩나물이 많은 자리를 차지하긴 하지만 양이 꽤 많은편이다. 가족이 좋아하는 집이라 포장해서 꽤 자주 먹는데 사진은 처음 찍어본 듯...",괜찮다
1876,늘봄 해물찜 & 손칼국수,쑤워이,비도 오구 오늘은 바지락칼국수에 해물찜을 먹기루요.  소문 대로 맛집이네요.  사람이 어찌나 많은지  주말 저녁이라 그런지 우왕 진짜 대박집이에요.    양도 많구요.   맛도 좋구요.,맛있다
1877,늘봄 해물찜 & 손칼국수,올치잘해그랫,환상의 맛있다는 아니여도 오 맛있다 이런곳ㅋㅋ종종 생각나는 집인데 양도 푸짐해서 좋아요!내용물도 실하고!! 대신 사람이 엄청 많다는점ㅎㅎㅎ볶음밥도 맛있었어요:-),맛있다
1878,늘봄 해물찜 & 손칼국수,준영,방송도 타고 줄도 길길래 맛집인줄 알았는데 칼국수는 학교 급식보다 별로였어요ㅠㅠ면이 무슨 밧줄마냥 두껍고 바지락 육수도 좀 연한편이에요.양은 많더라구요.아구찜은 아구가 쫄깃하고 괜찮은데 양념이 너무 쏘쏘..끝에 쌉싸름한 맛도 너무 강하구요. 무엇보다 맛있게 매운게 아니라 그냥 속 안좋게 매워서 나중에 배도 엄청 아팠어요ㅠㅠ매운거 그래도 꽤 먹는편인데..같이 먹을 계란찜 나왔는데 계란찜이 별로인데는 또 처음이네요ㅋㅋㅋ몸에 좋은거라도 막 넣었나...볶음밥은 꼬소하니 맛있더라구요!,별로
1879,늘봄 해물찜 & 손칼국수,봉봉봉,며칠전에 다녀온 옆에 오늘의 손칼국수집이랑 비교해드려요.칼국수는 오늘의 손칼국수 더 맛있어요.오늘은 바지락 선도가 별로인지 입벌어지질 않더군요.해물찜은 선도가 늘봄이 더 낫네요.양은 정말 깡패입니다. 해물찜 먹으려면 여기로 올것 같네요.,괜찮다
1880,늘봄 해물찜 & 손칼국수,Shinhee,칼국수도  푸짐하지만 맛있는건 해물찜. 밖에 줄이 짱 길어서 20분쯤 기다렸어요. 그래도 맛있으니깐 ㅋㅋ 양이 정말 많아서 넷이서 소자 시켰는데 그래도 충분했어요. 열무김치 탁 엊어서 볶음밥까지 먹으면  맛있어요.,맛있다
1881,엄나무집,ParkMichelle,한시간 전에 예약 해야돼요직접 담그신 김치와 짱아치들 너무 맛있어요 ㅠㅠㅠ야기 진짜 넘 맛있긔 ㅠ매번 누룽지 닭백숙만 먹다이번엔 옻닭 먹었어요  찰밥나와서그냥 먹어도되고 죽으로 끓여 먹으면 누룽지죽같이 되요,맛있다
1882,만냥회,end feel,"해산물 물회와 철판삼합을 주문했습니다.멍게 해삼과 광어 한마리를 수조에서 바로 떠서 내어 주셨습니다. 소면사리도 같이 주시는데 푸짐하고 좋았습니다. 삼합은 키조개관자,차돌박이,콩나물파무침으로 구성돼있었습니다. 고소하고 느끼한맛이 파무침과 조화가 좋습니다.※가격이 조금 높다고 생각 되어지나, 술맛 나는 곳으로 메뉴 하나하나 맛이 괜찮습니다.",괜찮다
1883,만냥회,swonique,"관자, 차돌, 파채 조합의 삼합 철판간간히 전라도식 삼합이 먹고 싶을 때 찾는 곳인데, 항상 맛이든 서비스이든 기대치에는 못 미치는 곳, 그럼에도 불구하고 한번씩 찾게되는 그런 곳",맛있다
1884,진미육가,하몽이,제주오겹살(16000) x3된장말이밥(6000) + 밥 두공2인기준 이렇게 먹었더니 딱 적당했습니다고기에 찍어먹는 갈치속젓이 제 입맛에는 고소하고 너무너무 맛있었어요그리고 갓절임…god god god 돼지고기엔 된장이 궁합이 좋으니 된장말이밥도 추천드립니다,맛있다
1885,진미육가,ustar,숯을 잘 몰라도 좋은 숯을 쓴다는걸 누구나 느낄 수 있는곳개인적으로 오겹보다는 일반 백돼지 삼겹살이 더 맛이 좋았어요 숯불향 정말 기가막히고 고기도 좋은거 쓰시는것같고 추가로 먹은 파김치전골은 시큼한게 밥도둑이 따로 없습니다. 점심에 파김치 전골 먹으러 가고 싶은데 2인이상 주문가능이라 점심에 혼밥하는 저는 아쉽습니다 ㅎㅎ,맛있다
1886,진미육가,키다리아저씨,파김치 전골에 이끌려 방문한 진미육가는 제주고기 전문으로 오겹살이나 흑돼지를 저온숙성하여 판매한다고 합니다.갈치속젓에 찍어 먹을 수 있게 준비되어 있고 기본찬도 깔끔하네요~ 파무침 많이 먹었네요:) 명의나물도 조금 나오는데 처음 이후엔 추가비용이 있구요.흑돼지오겹살에 생갈비까지 먹었는데 기본적으로 저희가 갈때만 그런건지 모르겠지만~ 기름진 지방부위가 생각보다 많았어요~적당한 느낌이 아니라 기름기가 좀 많네?라는 느낌~그렇다고 맛이 없는건 아니지만~ 기름기를 별로 안좋아하는 분들에겐 과할 수 있겠네요.고기는 부드럽고 누린내 없이 담백했습니다.파김치는 별도로 주문하는건데 고기를 먹으면서 얼큰하고 개운하게 입맛 잡아주니 좋았네요.가격대비 고기양은 적은편이지만 먹을만했구요~사람이 많지않을때에 방문해서 그런지...고기도 잘 구워주셔서 괜찮았습니다.,괜찮다
1887,진미육가,김이맛,삼겹살은 비게가득 가격은 가격대로. 비싼데 이인분먹고 배안부른데는 여기가 처음이에여 서비스도 별로! 안갈듯,별로
1888,봉화양꼬치,미콩,"교수님의 은혜로 양꼬치 배터지게 먹고 고량주 각1병 한 날 ㅎㅎ.. 이곳 단골분(a.k.a 교수님)께서 말씀하시길, 회기 근처 유명한 어디어디 양꼬치보다 이곳 양꼬치의 고기 질이 훨씬 좋다,, 비교 불가다,,, 맛있다,, 여기만 와라. 진짜 양냄새 하~나도 안 나고 그렇다고 양념 범벅인 맛도 아니었어요!!서비스로 나오는 마파두부도 맛있어서 계속 퍼먹게 되고ㅎㅎ고량주 꼴딱꼴딱 잘 넘어가더랍니다!!! 가게 내부도 널찍하고 나름 깔끔해요",맛있다
1889,봉화양꼬치,춘,경희대 근처 숨겨져 있던 양꼬치 맛집.종종 경희대쪽을 오는데 이 쪽에서 양꼬치를 먹는다면 그동안 선택은 어쩔 수 없이 프랜차이즈 양꼬치점인 심양이었다. 그러던 중 우연히 걷다가 이곳을 발견하고 오늘에야 처음 가봤는데 앞으로 이 근방에서 양꼬치를 먹는다면 무조건 여기로 갈 것 같다.그냥 흉내만 낸 곳이 아니라 중국인 동포가 하는 '전문점'이란 느낌이 들었던 것은 메뉴판을 본 후였는데.. 약간 하드코어한 메뉴명들.. 혈관 소힘줄 콩팥 개구리다리?? 중국 현지 스타일.. 이 날은 마일드하게 그냥 양꼬치와 꿔바로를 먹자 하고 간 것이었기에.. 일반 양꼬치와 매운양꼬치.. 그리고 꿔바로우를 시킴.일반 양꼬치도 시즈닝이 되어 있고 고기는 정말 부드럽다. 잡내도 하나 없고 정말 질 좋은 양고기다. 기본 시즈닝도 나쁘지 않아 쯔란없어도 맛이 괜찮지만 쯔란과 같이 먹어야 역시 중국식 양꼬치 느낌은 난다. 매운양꼬치.. 덜 맵게 해달라했는데.. 내게 딱 알맞은 알싸한 매운 맛. 이게 더 맛있다.근데 이게 막 자극적인 그런 매움이 아니라 신기하게 한국식 매운맛이랄까? 혀에 남는 은은한 매운맛같아서 아주 좋았다.. 다만.. 원래의 맵기로 주문하면 상당히 매울것 같기도.꿔바로우는 엄청 크다.. 타피오카 분말을 상당히 많이 써  두께가 확실하다. 어찌보면 찹쌀 돼지고기 빵같은 ? 근데 개인적으로 맛이 나쁘지 않았다만... 탕수육을 오로지 고기맛으로 드시는 분들에겐 비추다. 소스는 적당히 시큼달큼. 다만.. 배고플때 시키길... 양이 무지 많다.서비스 마파두부는 히든 히어로 느낌. 밥이랑 먹으면 진짜 밥도둑일듯. 그래서 배가 터져가고 있는 와중에 계란 볶음밥도 하나 시켰다.계란볶음밥.. 고소한 계란 향 풀풀 나는 딱 중국집 볶음밥인데.. 마파두부 소스를 같이 해서 먹으면 진짜 꿀맛이다..파 넣고 기름내서 계란이랑 당근에다 밥만 볶은건데 이게 마파두부랑 같이 먹으면 별미다.마파두부는 청양고추 파 당근 심플한 재료에 두부도 고급 중식당에 가면 접할 수 있는 그런 연두부가 아니라 걍 일반 보통의 두부다. 고추가루도 잘게 빻은 고급스런운 느낌이 아니라 그냥 투박한 맛과 향의 고추가루다. 그런데 약간 거친 고추가루 향이 확 오면서 매콤한게 감칠맛도 오고 참 중독성 있는 맛이다. 맛도 훌륭하고..생긴지 몇 년 된 곳인데.. 아직 많이 알려지지 않은 것으로 봐서.. 경희대생들은 양꼬치를 별로 좋아하지 않는가보다.. 하고 생각이 들었다ㅎㅎ,맛있다
1890,회기돌곱창,Foodinary_shsh,친구 추천으로 간 회기돌곱창!!기름 좔좔 살찌는 맛 가득이다!염통에 대창까지 완벽한 조합에 술이 술술 들어간다!볶음밥까지 완벽한 조합으로 회기 최애 곱창인 듯하다!곱이 실한 게 야채와 배부르게 먹을 수 있고학생들도 많이 오는 듯 하다!,맛있다
1891,회기돌곱창,E.T Jun ,"회기쪽에서는 제일 괜찮다던 얘기를 많이 들어봐서 들렀는데, 너무 기대를  많이 해서 그런지 생각보다는 그저 그랬습니다. 가격대도 저렴한 편은 아니고 평균적은 가격이고 모둠곱창 양도 적절했던 것 같습니다. 밑반찬으로 나온 파김치랑 육회를 서비스로 주시는 것은 좋은 것 같습니다. 그래도 주변에서 소곱창 먹기에는 제일 괜찮은 곳중 하나인듯 싶습니다.",괜찮다
1892,회기돌곱창,BECKHAM,가장 애정하는 곱창집.유명해지면 안 됨.이사 가기 전 일주일에 3번을 갈 정도로 쩌는 곱창!!파무침이랑 같이 먹어도 맛있고.부추랑 같이 먹어도 맛있고.육회는 서비스.캬,맛있다
1893,회기돌곱창,띵시,곱창과 염통이 딱 봐도 정말 질이 좋고 신선하다는 걸 알 수 있어요! 학생인 저에게는 꽤 비싸지만 정말 맛있어요... 특히 육회도 서비스로 주신다는 점에서 최고 개이득~~~! 후식으로 꼭 밥 볶아먹어야 함^^,괜찮다
1894,경성고기꾼,Ray,점심 메뉴 중 하나인 육회비빔밥(9000)을 먹었어요. 종종 부페에서 볼 수 있는 꽁꽁 언 육회가 나오진 않을까 걱정했는데 다행히 그렇지 않았어요. 그렇다고 정말 맛있는 육회도 아니었지만 나름 괜찮았고요. 의외로 진짜 맛있는 건 사이드로 나온 소고기 무국이었습니다ㅋㅋ음식은 전반적으로 괜찮았는데 문제는 위생이었어요. 식당에서 뭔지 알 수 없는 냄새가 너무 나서 먹고 있는 음식 맛보다도 그 냄새가 더 강렬해서 괴로웠어요ㅠㅠ 밥이 아니라 냄새를 먹는 느낌ㅠㅠㅠ 이 기억 때문에 재방문은 절대로 못할 것 같아요... 그리고 요즘 시기에 주방도 서빙도 마스크를 쓰지 않고 있는 것도 아쉬웠어요.,별로
1895,경성고기꾼,코랄,소한마리가 2만8천원. 소고기를 합리적인 가격에 먹을 수 있기 때문에 추천한다! 매번 비싼 유성집에 갈 수는 없는 거니까 소고기가 먹고싶을 땐 여기로 가면 된다ㅋㅋ육회비빔밥도 괜찮았다. 다른 식사 메뉴들에도 고기와 재료가 많이 들어가있어서 점심먹기에도 좋다!사장님이 바뀌면서 서비스도 더 좋아졌다고 들었다ㅎㅎ,맛있다
1896,경성고기꾼,조은짱,쇠고기 불모지인 이곳에서 저렴한 편으루 맛있게 로스를 먹을수 있어 좋았어요 ><,맛있다
1897,경성고기꾼,헬시또또,최고에요. 밑반찬도 너무 맛있었고 고기 정말 맘껏 먹었습니다.같이 나온 소고기무국도 정말 최고였어요.점심 메뉴로도 완벽하다던데 고기 시키니까 같이 주네요.다음엔 육회 먹으러 가보려 합니다.,맛있다
1898,신토불이,snoopy,"서비스가 좋은 곳이에요. 명절 뒤에 6명이서 왔는데. 애들이 2명 있는걸 보시더니 먼저 4인드릴까요 하고 물어보시고, 전혀 불편하지 않게 해주시더라구요",맛있다
1899,신토불이,Capriccio06,"오리고기 코스요리를 하는 체인식당. 주로 모임하기 좋게 방이 잘 되어있고 깔끔하고 큰 건물에 주차도 편한 곳. (발렛비 1천원 별도) 음식 자체가 아주 특별하게 맛있고 하지는 않지만 반찬이 깔끔하고, 인당으로 계산했을때 가격이 괜찮다. 2인부터 가능하긴 한데 4~5인모임이 제일 가성비가 좋을 듯. 인당 17천원 정도. 오리고기는 생오리구이-훈제바베큐-양념주물럭이 나오고 그외  샐러드나 양념게장, 오리탕, 막국수, 죽, 후식이 나온다. 고기외에 나머지는 구색맞추는 요리이긴 한데 양이 꽤 많아서 어른들이 좋아하시는 듯. 인원이 좀 많은 모임하기엔 괜찮은 것 같다.",괜찮다
1900,장어세상,ustar,"장한평역 바로 앞에 있어서 못찾아 갈수 없는집. 3번정도 방문했는데 통통하고 질 좋은 장어를 숯불에 구워 맛은 최고, 가격은 저렴해서 부담없이 장어를 즐길 수 있어서 너무 좋은집입니다. 반찬 종류는 많지 않았던걸로 기억하지만 장어에 더 집중할 수 있어 좋습니다. 장어탕도 맛있어서 몸보신이 필요할때 이만큼 좋은곳이 없을것 같습니다.",맛있다
1901,장어세상,YNZ,무난하게 술 한 잔 곁들이기 좋은 동네 장어집. 장어 상태가 최상은 아니어서 좀 푸석푸석했는데 동네주민 피셜로 민물장어보다 꼼장어가 더 낫다고 한다. 기본 상차림에 작은 뚝배기로 제공되는 장어탕이 은근 별미다. 꼬리꼬리하면서 좀 비릿하지만 꽤 매력있다. 밥 한공기 시켜서 뚝딱했다. 유명한 장어 맛집까지는 아니어도 동네에서 한 끼 먹기 좋은 옵션.,괜찮다
1902,송학수산,즌짱,"인테리어가 깔끔한 장안동 횟집. 아파트 단지 앞에 있음.회 5가지와 해산물 5가지가 나오는 송학 스페셜 10 주문. 기본 곁들임찬이 깔끔하고 맛있다. 특히 가자미 구이가 맛있어서 따로 추가할 정도. 최근에 어디선가 신선하지 않은 멍게를 먹고 멍게 먹기가 두려웠는데, 해산물 다 신선하고  맛있음! 회는 원래 두껍게 나오는 거 같은데, 얇게 부탁하면 얇게도 해줌. 4인 기준 양도 괜찮고, 여기에 매운탕 먹으면 딱 괜찮은 정도. 사진은 없는데 매운탕이 굉장히 맛있음. 특이한 점은 수제비 사리 직접 뜯어서 넣어야 함!주말 5시 좀 넘어서 방문하니 기다리지 않음. 6시쯤? 웨이팅 생김. + 갈수록 손님이 굉장히 많아져서 추가로 뭘 시키면 좀 늦게 나오기도....재방문 의사 있음",맛있다
1903,일번지정육식당,YNZ,저렴한 가격에 고기를 즐길 수 있는 동네 맛집! 부위별로 섞어서 소고기 1.2kg에 5만원대. 와우 가격혁명 수준이다.. 아주 상급의 고기는 아니지만 갈비살이나 살치살 등의 특수 부위는 먹을만하다. 사실 이렇게 좋은 가격이라면 불평할 수 없겠다. 냉면도 맛있었음! 가격이 좋아서 근근히 들를 것 같다. 찾아보니 다른지점들도 꽤 있는 게 아무래도 체인점인듯.,맛있다
1904,풍천장어마을,Ray,소금이랑 간장 장어구이 먹었는데 맛있었어요! 식감이 탱글탱글하다고 해야 하나 되게 좋더라고요. 그런데 소금 먹고 간장 먹었을 땐 아주 큰 차이는 못 느껴서 차라리 양념을 먹는 게 더 좋았을 거 같았어요. 다 구워서 나오기 때문에 기다리는 시간이 좀 있어도 서빙되면 바로 편하게 먹을 수 있는 거도 좋았고요.아쉬운 건 식당에서 비린내가 많이 나요ㅠㅠ 다행히 장어에서는 비린내가 나지 않았지만 먹고 난 후에 옷 같은 데에도 비린내가 많이 배서 집 가서 샤워했어요ㅋㅋ,맛있다
1905,부산횟집,플렉서,더 방문필요 회덥밥 나쁘지않았음,괜찮다
1906,한우천국,Luscious.K,"#장안동 #한우천국장안동에서 밥살 일이 있어서 장안동 한우천국으로 초대받아 갔습니다장안동에는 의외로 식당이 많은데.. 아마도 예전 유흥명소의 영향으로 먹고 마시는 문화가 발달해서 그렇지 않을까 생각이 되요어린 시절부터 장안동 지역에서 많이 활동해서 매우 익숙하 동네인데..요즘 잘 가지 않으니 식당들은 매우 생소했습니다이곳도 초대받아 간 곳이기 때문에 크게 기대는 하지 않고 방문해 봤습니다#시스템전형적인 정육점식당이에요가게 한 쪽에 정육점 쇼케이스가 있고 준비해둔 고기들이 자태를 뽑내고 있습니다벽면에 한우 1+ 등급의 소를 사용하신다고 하시는데 마블링 상태가 꽤 괜찮습니다#고기스페셜모둠과 살치살로 가져와서 먹었습니다고기의 자태가 나쁘지 않고 먹음직 스러운 마블링이 퍼져있어 은근 기대감이 상승했습니다가격도 500g에 69000원.. 100g당 13800원이니 한우 치고는 가격 참 좋습니다구워나온 고기는 1++의 부드러움에는 못미치지만..적당한 탄력감과 지방의 맛이 좋았습니다""요즘 누가 1++에 마블링 가득한 고기를 먹습니까?""우리 홀릭님들  이 말에 공감하시는지요?저는 격하게 공감합니다고기는 지방맛이 아니고 고기맛으로 먹어야 한다고 생각하기 때문에 지나치게 지방이 많은 1++ 고기는 발걸음이 거부합니다이곳은 적당한 마블링과 적다안 탄력 그리고 감칠맛 나는 근육의 맛 이 삼박자가 조화로운 곳이였습니다#친절많이 신경쓰시지는 않지만 꽤 신경써주시면서 친절하게 서빙해 주세요부름에 잘 응하시고 요청에 빠른 리스폰스가 돌아옵니다식사 하면서 가장 쾌적한 조건이지요 ㅎㅎ의외로 괜찮았던 고기집 한우천국가격도 나쁘지 않아서 회식용으로도 가족식사용으로도 괜찮을 것 같아요예상외로 이런 집에서 맛있게 식사를 하면 기분까지 좋아지는 득템의 느낌이네요",맛있다
1907,한우천국,안짠게좋아,맛있다...역시 소고기는 숯불에 구워먹어야 한다. 밑 반찬도 아주 풍족하게 잘 나온다. 건강한 샐러드류가 많이 나와서 좋았다.,맛있다
1908,용두동복집,무어라할지몰라서,"부모님과 함께 방문하여복불고기 2인분, 복튀김 소, 볶음밥1개 먹었어요!소맥을 부르는 맛입니다❤️ 건강한 맛! 다음에는 탕이나 지리도 먹어야겠어요.",맛있다
1909,대명조개구이,홍한솔이,이름은 조개구이지만 모두가 샤브샤브를 먹는다어디에서도 맛볼수없는 붕장어 샤브샤브보통 여수쪽에 가면 하모라 하며 붕장어 샤브를 먹는다.맑은국물로 하지만 여긴 된장 베이스의 진한 육수 ..!어디에도 없는맛 .한번 먹으면 소주가 쭉쭉 들어간다..가리비도 싱싱한것이 가만있으면 입을 쩍쩍 벌리고 크기도 어마어마 하다다먹고 난뒤에 미나리 육수의 시원한 칼국수 사리를 먹고마무리 누룽지는 아낌없이 육수에 부어주자..든든한 마무리 죽이 된다서울시 해산물 샤브중 단연 압도적인 맛.가격이 아깝지않다,맛있다
1910,경성고기꾼,헬시또또,"대학가 주변들에 위치한 경성고기꾼.가성비 좋게 소고기를 맘껏 먹을 수 있어서 인기 좋은 곳이에요!처음엔 소한마리를 주문해 봤었는데, 이후로 종종 방문하면서부터는 원하는 부위만으로 주문해서 먹는 것도 좋아서 이번엔 갈비살 3인분, 육회로 주문했습니다.기본으로 나오는 소고기무국 부터가 아주 진국이에요.. 점심 메뉴로도 판매하는데, 그냥 한끼 든든하게 먹을 수 있습니다. 조금 간은 짰지만, 그래도 훌륭한 애피타이져였고 입맛 다져두면 고기를 올립니다. 한점씩 올려서 천천히 먹어야 딱 맛있는 정도로 구워서 음미할 수 있어요. 그리고 불이 정말 정말 세요. 그래서 옆에 앉으면 얼굴 한쪽이 뜨거워지지만, 기름도 많이 빠져서 담백한 고기를 즐길 수 있습니다 :)) 고기 양을 조금 덜 시켰으면 라면도 주문해서 먹었을텐데! 고기로 배를 다 채워버려서 밥을 먹진 못했지만… 고기만으로 정말 훌륭한 곳 입니다!",맛있다
1911,장수한방족발,정키형,잡내도 강하지않고 깔끔해요. 같이먹는 파김치가 일품,맛있다
1912,석이네꽃닭발,ustar,무뼈닭발과 마늘양념을 한 돼지고기가 맛있는집닭발은 다 구워져서 나오고 마늘양념 돼지고기는 숯불에 살짝 더 익혀서 먹으면 된다. 닭발도 숯불에 살짝 더 익혀먹으면 맛있다.치명적인 단점이 있다면 주문하고 음식이 나오는데까지 시간이 너무 오래걸린다. 기다리는동안 지루하지 않게 해줄 뭔가가 필요하다. 맛있어서 자주 방문하지만 갈때마다 기다림이 너무 불편하다.영업시간 16:00-24:00일요일 휴무,맛있다
1913,산천가든,파랑앤홍,18-31점심 시간에 사람들이 참 많습니다연배가 계신 분들이 많으신데 점심시간이라 거의 대부분 한정식을 드십니다그.런.데.호불호가 매우 강한듯 합니다 연배가 계신분들 말씀은 귀한 나물류가 많은 한정식이라하고 제가 보기에는 간이 좀 많이 짠 비싼 백반입니다물론 구색 맞춘 반찬 가짓수는 많습니다만 메인고기도 없고 생선구이 하나로 끝에 별 특이할것 없는 MSG순두부..12.000 원이 좀 심한듯 싶네요한정식은 영 아니네요방문 비추입니다방문추천 20 %서비스 30%청결 50%주차 2대정도 가능,별로
1914,왕도숯불갈비,HP7,고기좋음딱히 특이사항은 없다재방문의사 보통,괜찮다
1915,우마양대창,YS,진짜 괜찮은 양대창집!!!!!!일단 가격이 너무 저렴해요. 양대창 좋아해서 자주 다니는데 보통 2인이가면 7~10만원 기본. 근데 여기 배 터지게 먹고 술마셔도 5만원돈ㅠㅠ사장님 남는거 있나요...❤️양대창 맛집 여기저기 다니지만 가격대비 만족도는 제일 높음..이런 집은 더더 유명해져야함,맛있다
1916,곱분이곱창,ustar,유명 유트버가 극찬한 곱창이라기에 배달 시켜본집. 코로나가 너무 심해져서 이번엔 배달로 주문해서 먹은지라 식당 내부의 정보는 없다.잡내를 찾으려 노력해도 찾을 수 없고 불맛을 내기 위해 과하게 양념이 눌린집들이 있는데 그런것 하나 없고 풍부하지만 적당한 불맛이 난다. 배달 요청사항도 잘 챙겨주신다.,맛있다
1917,빛나는바다,평양냉면 대법관,"뭐 사실 체인점이고, 투뿔한우 같은 고급체인점도 아니기에 딱 먹을만한 정도이다. 회가 싼편은 아니지만 그냥 만족하면서 먹었던 곳ㅋㅋㅋ친구들이랑 회에 쏘주 한 잔 하려고 걸어가다 들어갔는데 회 세트가 많아서 적당히 잘 먹고왔다!!",맛있다
1918,삼복한방닭한마리,경준,국물 너무 시원하고 고기 부드럽고 쪽파는 미쳤습니다. 쪽파 추가해서 드세여,맛있다
1919,총각회수산,노가리구운김,제일 좋아하는 횟집 회무침에서 사과맛 난다,맛있다
1920,육회공작소,정현용,2차로오기 매우 좋아요인테리어 벚꽃나무도 너무 예쁘고 육회랑 연어도 너무 맛있습니다,맛있다
1921,왕족,플렉서,배달전문? 같다 족발이 언뜻 단맛일듯한데 그렇지않다 간이 진하거나 달지않은 스타일보쌈도 같이 하는데 보쌈도 그닥 단맛이 없다좀식은후먹어서 정확한 판단은 아니겠지만 난 별로인듯열심히 하시는건 좋아보이고 그동네선 꽤 장사하실듯한데 난 그닥 땡기진않는다 그냥 고기씹는맛였음,별로
1922,호수갈비,HP7,근방 데일리 한식집 중 최고봉삼겹살정식 강추재방문의사 많음,맛있다
1923,유성관,kkonoo,버섯전골도 맛있고 고기도 맛있어욤~,맛있다
1924,유성관,백반남자 ,버섯불고기 맛나요 반찬도 잘나오고,맛있다
1925,갈비명가이상,Mark&Jacob,비싼 메뉴인 한우를 먹을게 아니라면 미국산이라도 대표메뉴인 궁중갈비와 이상갈비를 적극추천. 생갈비는 기대만 못한듯. 직원분들 매우 친절하고 시설도 깔끔함. 발렛직원분도 친철하심!,맛있다
1926,갈비명가이상,엄지척bb,집이 근처라 부모님이랑 단골인데남친이랑 둘이 왔더니 서비스 완전 최악이에요1층 1번 테이블 앉았는데 거기 서버분 완전 접시 막 휙휙 던지고 고기 다태우고 미안하단 말도 없고..계산할때 뭐라고 하니까 째려보질 않나.. 어이없었어요 맛은 그냥 그래요 나쁘지도 좋지도 않음,별로
1927,갈비명가이상,Luscious.K,가격이 싼 것도 아니고특별히 고기가 맛있는 것도 아니고써비스는 굉장히 어수선하고갈비탕은 딱 예상가능한 맛근데 점심손님은 꽤 많은 곳모임으로 한번 갔는데재방문 의사는 생기지 않았습니다,별로
1928,갈비명가이상,봉봉봉,진짜 인테리어가 아까운집고기 맛은 그럭저럭인데 모양만낸 음식들저는 별루였어요. 그리고 서빙하시는 분들도 친절도도 아쉽더군요.,별로
1929,갈비명가이상,WonBokyoung,고깃집서 흔히 볼수있는 야채무침이나 쌈종류가 없어서 허전하지만 동네에서 편하게 밥먹으러 가기 좋은 집입니다. 새우장도 맛있고 음식도 정갈하니 맛있게 나오고 육회비빔밥은 가격대비  굉장히 푸짐하고 맛있어요. 물도 인당 한병씩 생수로 제공되어 좋구요:),맛있다
1930,장위동유성집,Luscious.K,"#장안동 #장위동유성집""50년 기복 없는 한우등심의 유성집""장위동유성집을 처음 가본 것이 약 10년 전 고대앞이였다.당시 명인등심이나 뚜뿔등심 같이 강남을 중심으로 등심 전문점들이 성행하기 시작했는데 투뿔한우를 쓰는 곳들인만큼 가격이 만만치는 않았다.그러다 맛본 장위동 유성집은 그야말로 심플과 집중의 최고봉이라는 생각이 들었다.무채반찬 하나와 등심이 전부인 집.한우 등심을 좋은 가격에 먹을 수 있는 집.그것 만으로 유성집은 프렌차이즈화 하면서 지점을 넓혀갔다.검색을 좀 해보니 장위동유성집 본점은 1975년에 개업해 올해로 거의 50년의 업력에 육박하는 노포다.장위동에 소재해 있다 얼마 전 월곡동으로 시설 좋게 이사를 했다고 한다.본점은 아직 가보지 못했으나 여기저기 많이 있는 지점들을 통해 유성집의 감흥은 잘 알고 있는데 이번엔 기회가 생겨 장안동 지점을 방문했다.이곳 역시 인테리어는 일반 허름한 고기집과 마찬가지인데 놀랍게도 한우 등심만 파는, 메뉴는 고급식당이다.원래 유성집은 가격이 좋은 것으로 유명했으나 최근 물가 폭등으로 인해 이집의 고기도 매년 2인분에 1만원 수준으로 인상되고 있다.2022년 현재 2인분 360g에 96,000원이다. 1인분에 48,000원이니 한우 등심 치고 나쁜 가격은 아니지만 예전의 가성비 갑의 느낌은 이제 아니다.어떤 분은 반찬도 없는 곳이라 더 본전 생각이 날 듯도 하다.게다가 이집 한우를 쓴다고는 하지만 마블링 상태를 보면 1등급 수준이지 등심전문점의 투뿔 수준은 아니다.현재 사용하고 있는 도체등급에 관한 이야기가 없는 것을 보면 최고급 한우집에 비해서는 낮은 등급임을 짐작할 수 있다.장위동유성집의 핵심은 네 가지1. 화력 좋은 참숯2. 매콤한 무생채3. 든실한 한우 생등심4. 진한 마무리 잔치국수확실히 숯이 좋다. 참숯을 화끈하게 주시고 거기에 동선그릴은 열전도도가 높아 잘 구워진다.고기를 굽는 최적의 조건은 이미 완성이 됐다.무생채가 맛있다. 아주 새콤은 아니고 살짝 매콤인데 고기 먹다 입가심 하기에 좋다.다만 조금 강한 맛은 나에게는 맞지는 않는다.등심은 참 좋다.고기 땟깔 참 좋고 게다가 알등심에 떡심박이, 살치살 조금과 새우살까지 꼼꼼히 골고루 챙겨주신다.마블링 맛은 조금 약하지만 고기맛은 꽤 진한 좋은 한우가 맞다.전통적으로 유성집은 식사메뉴도 오로지 국수 하나다.근데 국물이 꼭 곰탕 같이 뽀얗고 진하다.지점마다 조금 맛의 차이는 있지만 유사한 모양이다.솔직히 가장 맛있었던 곳은  7년전 고대앞이였는데 이곳은 나쁘지 않은 수준이였다.고상하게 챙겨입고 가는 고급집은 아니지만 편안하게 가서 한우 잘 먹고 오기는 좋다.PS: 공기밥은 없고 주문을 하면 햇반을 데워주신다.PS2: 유성집은 토종한우를 사용한다고 하는데 우리 토종 한우는 황소, 칡소, 흑우, 백우 정도이니 우리가 아는 한우는 모두 토종한우의 범위에 들어간다. 특별할 것도 없다는 것은 소비자로서 알아두는 것이 좋겠다. #항상함께해",맛있다
1931,양촌리,항상^^~~~,진짜가지마세요----돈이아까워요.....너무비싸   정말입니다,별로
1932,양촌리,WonBokyoung,정육 식당 형태의 고깃집이에요.숯불 사용하고 고기는 원하는 만큼 주문하고 그램수대로 가격책정됩니다. 전에는 삼겹살은 안팔았는데 지금도 그런지는 잘모르겠어요..이집은 갈때마다 소고기를 먹게되어서...된장찌개가 없는것은 단점인데 김치찌개 푸짐하고 잘 숙성된 김치로 끓여내어 맛있구요.쌈채소 넉넉히 준비되어서 좋아요. 물김치(동치미)도 맛있습니다.,맛있다
1933,오늘손칼국수찜,yoom,"답십리 해물찜이 맛있는 오늘 손 칼국수&찜식당 내부 넓고 쾌적해요! 좌식이니 참고하세요아구찜과 해물찜이 주메뉴!바지락 칼국수도 있어 주문했는데 맛있었어요해물찜 소자로 주문했는데 산더미처럼 나옵니다낙지, 쭈꾸미, 홍합, 아귀살, 관자, 꽃게 까지 듬뿍듬뿍~혜자로운 양에 행복하고 맛도 괜찮았어요",맛있다
1934,오늘손칼국수찜,Capriccio06,"부모님이 좋아하셔서 가끔가는데 사람이 늘 많다. 요즘은 포장해서 집에서 먹는경우가 많은데 해산물 종류도 다양하고 양이 많고, 신선하다. 적당히 매콤하고 깔끔한 맛이라 먹기 좋고, 해산물 찜 다 먹고 나면 국물에 밥비벼먹기도 정말 좋다.",맛있다
1935,오늘손칼국수찜,Shinhee,"정말 맛있는 집. 오래 기다리는 거 싫어하는데 여기는 그래도 괜찮지 않을까 싶을 정도로 푸짐한 해물찜. 전복, 통 오징어, 통 낙지, 아구를 비롯해서 싱싱한 해물이 가득해요~ 콩나물도 맛있구요. 마지막에는 당연 볶음밥~ 바지락 손 칼국수도 시원하니 맛있어요.",맛있다
1936,신설홍어횟집,소미,"서울에 홍어회집은 잘 찾아볼 수 없는데요 신설동에 홍어 맛집이 있다하여 다녀왔습니다. 식사메뉴 있고 특선메뉴에 홍어가 있어요! 홍어집에 왔으니 홍어회 주문, 때깔이 영롱함..적당히 삭혀서나오니 홍어 처음 접하시는 분들도 먹을 수 있을듯합니다.",맛있다
1937,신설홍어횟집,Joo,"이집 홍어 진짜 고퀄리티....삭힘은.그리.쎄지않지만홍어의.퀄리티가.갑...물었더니 수육부터 홍어.김치까지 국내산이라고함..근데 깨알 반찬 , 서비스 나오는 것들이대단.. 하나부터 끝까지.만드시는거라하던데홍어못드시는분은.전복굴탕시켜서 식사하시구홍어매니아.분들 에게.추천 삭힘 : 중간 (초보가능)가격 : 사악 (국내산이라 그렇겠죠..)친절 : 보통 분위기 : 어린친구들이 좋아하는 술밥집 분위기는 아닌..맛 : 퀄리티 짱 시골집밥 반찬과 푸짐한 서비스!교통 : 주차가능 지히철신설동역 도보10분이라구하네용함 가보세요 60년된 홍어가게랍니당 ㅎㅎ",맛있다
1938,탕의신홍대포,즌짱,"해천탕 먹는 날 ✧٩(•́⌄•́๑)و ✧ (=과음하는 날)장한평 역 근처에 있는 해천탕집이에요! 음식이 나오기 전에 두부가 나오는데, 김치랑 같이 먹으면 맛있어요. 여기 김치가 매콤하고 달달하고 맛있어요. 빨빨 대고 움직이는 살아있는 문어 한 마리를 통째로 익혀서! 문어, 키조개, 전복, 가리비, 조개 등등 다 먹고 나면, 아래쪽에 닭 한마리가 있어요:) 닭까지 먹고 나면 칼국수는 필수입니다 (˃̣̣̣̣︿˂̣̣̣̣ ) 배가 터질 것 같아도 들어가요그리고 문어김치볶음밥은 약간 기름지지만 문어가 아낌없이 들어있고 맛있어욥 ㅠㅠ",맛있다
1939,탕의신홍대포,즌짱,해천탕 최고 사장님 진짜 ㅜ ㅜ 칼국수 사리 최고 사장님 이모님 다들 만수무강하세요,맛있다
1940,탕의신홍대포,쩡ㅋ,여기왜없징????  남친이랑 인생술집보다가 조개탕넘먹고싶어서 갓쥬 닭은맨아래그위에 조개들이한바가지 나옴ㅋ 사진에는 완ㅡ전큰 조개가없는데 그게진짜진리임ㅋㅋㅋ 국물시원하게맛있다ㅜ 먹다보면 닭나와서또먹음 그후칼국수추가하고 국물도넘아쉬워서 집에서먹으려고싸왔음ㅋㅋㅋㅋㅋ 난 만족대만족ㅋ 가격은 내가먹은 닭한마리는45000.,맛있다
1941,장수회관,꺄까꺄꺄,동네사람들만 가는 숨은 맛집이다. 외관도 내부도 다소 허름하지만 불고기랑 돌솥밥이 끝내준다! 양도 넉넉하고 밑반찬들도 다 맛있는 곳이다. 불고기로 혹시 양이 안찬다면 그냥 공기밥말고 돌솥을 시키면 찌개랑 함께 푸짐한 돌솥밥이 나오는데 단호박이랑 은행이랑 등등 건강한 부재료가 많이 들어가있어서 건강한 한끼를 먹는 느낌이다. 근처에 맛집이라고 할 곳이 딱히 없어서 여기 정말 강추:->,맛있다
1942,홍능갈비집,미동이,가격값은 못함,괜찮다
1943,홍능갈비집,프리스코,55년 전통의 (2020년 현재) 양념슻불갈비 노포!! 45년전 아버지를 따라왔던 최고 외식집의 기억.. 그 맛은 지금도 여전하다. 약간 단맛이 낮아져 요즘의 입맛에 맞춰진 느낌?! 갈비탕은 또 하나의 별미!,맛있다
1944,홍능갈비집,코랄,서비스가 식사시간에 사람이 얼마나 몰리느냐에 따라 편차가 크다.달달한 양념갈비니 당연히 맛은 있지만 분위기나 서비스에 비해 너무 비싼 것 같다. 그래서 맛있다와 괜찮다 사이!어차피 비싼 갈비 먹을거면 고급스럽고 밑반찬 제대로 나오는 북악정에 가자.사진은 홍릉갈비에 방문한 여러 연예인 사진들 중에 뜬근없이 자메즈 싸인이 걸려있는 게 웃겨서ㅋㅋㅋㅋ,맛있다
1945,미남참치,KimCassie,참치는 머 거기서 거기지 했는데 기대이상이었어요. 간장새우에 기겁하는 절 보고 서비스도 주심..:-) 참치도 곁들이 메뉴들도 계속해서 주시는데 다 맛있어요. 담엔 남자친구 데려가야겠어요ㅎㅎ 번창하세요!,맛있다
1946,돼랑이우랑이,장희,이가격에 이맛이면 지금보다 더 유명할만함,맛있다
1947,돼랑이우랑이,뿌디,"— 괜찮지만 그냥 괜찮아 —고기의 육즙이나 풍미, 상태는 매우 좋다고 평가했다. 아마도 1층의 정육점과 같은 고기를 쓴다고 들었기 때문에?원래 이 가게가 초창기에 생겼을 당시 망플 별점이 4점 후반대 정도로 굉장히 높았던 것 같으나, 뒤로 갈수록 떨어져 궁금했던 1인이었다.맛은 괜찮다. 돈까스의 정갈한 자태, 담백함, 구성, 양배추 등 모든 것이 완벽하나..서비스의 측면에서 조금 감정을 상하게 할 수 있다고 생각했다. 주관에서 비롯되어, 서비스의 질 또한 맛과 리뷰에서 빼놓을 수 없는 요소라 생각한다.",괜찮다
1948,돼랑이우랑이,Lydia,"맛있음. 히비야가 최고의 갓성비를 자랑한다면 여긴 정육점 답게 두툼~한 고기의 질로 승부를 내건다.돈까스 뿐만 아니라 우동, 피클, 깍뚜기 등...하나하나 정성을 다해 만드신게 느껴진다.겨자도 같이 주고 돈까스 소스도 달지않아서 최고.밥도 그때 그때 지어서 집밥 느낌난다.배달 돈까스는 여기로 정착~",맛있다
1949,돼랑이우랑이,유새벽,나쁘지 않았다.,괜찮다
1950,돼랑이우랑이,나영이,갑자기 급 카츠 뽐뿌가 와서 먼 걸음해서 찾아간 돼랑이우랑이! 정말 가게가 없을 것 같은 거리 2층에 있네요. 리뷰도 보고 메뉴를 고를까 했는데 그냥 느낌 가는대로 히레카츠 주문.겉보기에는 크게 특색이 있는 카츠는 아니고 와사비나 소금 등 프리미엄 급에서 나오는 그런 세팅도 없었어요. 그런데 고기 맛 자체 만으로도 매력적이더라구요! 1등급 암퇘지를 사용하셔서 그런지 얇은 튀김 옷 속을 꽉 채운 고기 질이 좋았어요. 육즙이 터질 만큼은 아니지만 적당히 저항감과 함께 촉촉함이 느껴지고 바삭한 튀김도 맛있었어요! 다양하게 즐길 수 없는 게 약간의 아쉬움이라면 아쉬움이지만 안심만의 담백함 때문에 물리는 느낌도 없었고 충분히 고기 맛으로 커버 가능한 느낌.운동을 정말 열심히 하고 온 직후였는데도 다 먹고 나서 포만감을 느낄 정도로 고기가 두툼하고 양이 꽤 되더라구요. 아주 메이저 급은 아니더라도 충분히 방문할 만한 가치는 있던 곳이라고 생각되네요!,맛있다
1951,돼랑이우랑이,HJ♥,집근처인데도 학기중에는 매진으로 먹을수가없는 치즈돈까스 드디어 먹어봤다!치즈돈까스 라는 이름답게 치즈가 많았고 맛있었는데 그럼에도 불구하고 제일맛있는건 역시 고기.이집은 정말 고기가 맛있다.치즈돈까스는 가끔씩경험해보면좋을것같지만 돈까스 그자체는 매일먹어도 질리지않을맛.우동도 맛있으니 우동이먹고싶을때들려도좋을듯!,맛있다
1952,돼랑이우랑이,grace,"저렴하게 고퀄리티의 돈카츠를 먹을 수 있는 곳이에요❤️1층은 정육점, 2층은 돈카츠 식당인지라확실히 질 좋은 고기를 쓰시는 것 같았어요!!치즈 세트는 10,000원이고,(세트에서 우동을 뺀) 치즈 가츠는 7,000원이었습니다!(이외에 모듬, 새우, 안심, 등심 등의 메뉴가 있었어요.)치즈 세트는 <치즈카츠 + 참깨 소스 베이스의 양배추 샐러드 + 돈카츠 소스(with 참깨&와사비) + 3종류의 무 반찬 + 밥 + 우동>이렇게 나옵니당.바삭바삭 아주 잘 구워진 육즙 가~득 느껴지는 돈카츠에쭉쭉 늘어나는 모짜렐라가너~~~무 잘 어우러지더라구요!!  *_*돈가츠 꼬다리가 진짜 특히정말 꼬소하고 바삭해서 좋았습니다!다만,,, 한 가지 아쉬운 게 있다면우동 간이 넘나 싱겁고 밍밍했어욥,,, 흑흑그래서 저는 담번에 가면 세트 말고 돈카츠만 있는 메뉴로 시켜먹을 것 같습니답...! 하하",맛있다
1953,돼랑이우랑이,미콩,튀김튀김한게 먹고싶어서 방문한 돼랑이우랑이! 가게이름만 보고 찾다가 좀 헤맸어요 ㅠ ㅠ 리뷰를 보아하니 새우카츠가 괜찮은 것 같아 주문했어요 새우는 다 손질하신 거여서 머리부터 먹어도 된다고 하시더라구요! 새우가 정말 통통해요 그런데 튀김옷이 살짝 두꺼운 편인지  ..? 아니면 양이 너무 많아서 그런지 먹다보니 너무 물리고 기름진맛 때문에 하루종일 소화가 안 됐어요 ㅠㅠ살짝 빨리 먹고 빠져줘야하는 분위기예요 그리고 새우튀김에 꼬치 꼽혀있으니까 드실 때 조심하세요 ㅠㅠㅠ,괜찮다
1954,돼랑이우랑이,맛되디,"<가성비 앞의 난 관대하다>거의 한 달 전 방문 리뷰를 이제야 올리는 작태에 대해 일단 사죄를 드리고.. 리뷰 시작합니다ㅎ 외대앞 근방, 돈까스 전문 식당 '돼랑이우랑이' 리뷰에요ㅎㅎ주말 오전 방문했고, 이 근방에서 학교를 다녀 일대 지리에 훤하기 때문에 금방 찾아갈 수 있었습니다. 리뷰에서 본 대로, 이층인 식당 같은 건물 바로 아래가 정육점이네요ㅎ 같이 운영하시는 것 같아요. 아마도 정육점 고기로 음식도 만드시는 시스템..이겠죠?돈까스를 먹고 싶었는데, 순간 이유 모를 충동으로 치킨까스 주문해버렸어요. 다들 그런 날 있잖아요.. 돼디보다 치킨이 땡기는..ㅋ 이 날 많이 시장하기도 했고, 리뷰에서 새우까스를 봤을 때 '진짜다' 느낌을 받았기 때문에... 새우까스도 추가주문!ㅎㅎ(혼밥입니다)먼저 치킨까스! 고기 제법 도톰하고 평균 이상은 확실히 됩니다. 눌은 튀김옷, 과한 간 같은 기본적인 문제점도 없어요. 단 고기가 살짝 뻑뻑했어요. 전 지방 없는 뻑살을 좋아해서 어지간하면 그런 느낌을 안 좋게 받아들이지 않거든요? 근데, 그런 제 기준으로도 수분기가 지나치게 없었습니다ㅠ 두번째 새우까스! 비주얼은 참 좋아요. 사진보단 적어보여도 여전히 푸짐한 느낌의 한 상이기도 해요. 사실 새우로 푸짐 느낌 얻기 어려운데, 푸짐해요 확실히.다만 맛으로는 아쉬움이 많이 느껴졌습니다. 일단 오버쿡! 새우살이 촉촉, 탱글 무엇도 없었습니다. 심지어 꼬치에서 살이 잘 뜯어지지도 않았다는; 먹을수록 좀.. 황당했어요ㅋㅋ 그리고 꼬치. 새우 형태를 유지시키고자(그럼 양도 실해보이죠) 사용하신 것 같습니다. 그런데 먹는 입장에선, 너무 거슬리고 불편했어요. 새우가 잘 튀겨져서 잘 빠졌음 문제 없었을 겁니다. 그러지 않았으니 문제...너무 단점만 많이 썼으나, 사실 이 가게 확실한 장점 하나가 있긴 합니다. 가격이 매우, 무척, 상당히 착해요. 두 메뉴 합친 가격이 이만원이 안 됩니다. 밥값술값 두루 치솟는 시대에 이 정도면 무시못할 장점이긴 해요ㅎㅎ대학가 식당답게 가성비 괜찮은 곳이었어요. 음식도 맛없다! 별로야! 수준은 아녔구요. 엄청난 까스를 기대하지만 않으신다면야, 준수하게 한 끼 해결할 수 있는 밥집인 건 확실하니.. 주변 학생이시라면, 외대 쪽서 볼일이 있으시다면 한 번 들러보세요 ^",괜찮다
1955,돼랑이우랑이,즌짱,"탈 이문동 급 맛집이라는 말씀에 고개를 세차게 끄덕일 수 있는 곳입니다. 이문동에서 이런 돈까스를 먹을 수 있다니요;_; 감격스러울 뿐입니다. 치즈가 주우우욱 늘어나는 치즈 돈까스,, 돈까스를 좋아하는 편이 아닌데 여기는 진짜 바삭하고 고기가 맛있어요,, 돈까스 고기가 맛있다는 게 뭘까 했었는데 먹고나니 이해가 되더군요 ㅠ ㅠ 추워서 배달시켜먹었는데 가서 먹어면 더 맛있을 거 같아요!",맛있다
1956,돼랑이우랑이,홍규,"인테리어 - ⭐️⭐️⭐️⭐️깔끔. 여기저기서 이쁘다고 소문난것들 죄다 끌어다가 꾸며놓은 전형적인 디스토피아적 컨셉으로 보인다. 규칙속의 불규칙. 뭐 어디까지나 내 개인적인 느낌확장 이전한지 얼마 안된듯 화환과 그에 딸린 문구가 보인다. ""돈 세다가 잠에 드소서.""친절도 - ⭐️브레이크 타임은 1500부터 1630까지.난 토요일 48분쯤 들어갔음. 홀 중간 까지 들어갔는데도 인사도 안하고 내가 먼저 ""영업하시나요?"" 하니깐 그제서야 "" 어서오세요"" 하더이다. 오픈한지 거의 20분이 다되어 갔으나 준비도 제대로 안된듯하고 내가 들어가니 그제서야 준비를 하는듯 했다.기초적인 음식 장사의 기본이 제대로 안되었다고 느낌.주문 - ⭐️메뉴는 이미 정하고 방문 했으나 괜히 메뉴판 한번 쓱 보고, ""안심세트 하나 주세요""포스를 보고 있던 직원 한명이 뒤도 안돌아 보고""네~"" 손님은 나 뿐이었고, 뭔가를 계속 하던것같은데 기분이 썩 좋지는 않았음.아무튼 그제서야 주방 직원도 모자 쓰면서 준비하고 8분쯤 걸리고 나왔다.맛 - ⭐️⭐️⭐️⭐️난 수 많은 곳에서 돈카츠을 먹어보진 않았으나, 어느 정도 맛있는것과 맛이 없고 잘 못 만드는것은 구별할 줄 안다고 생각한다.돈카츠는 잘 만든다. 잘 만드는데 잘 만드는것 뿐이다. 그냥 그 뿐이다. 밑간도 세지 않고 고기가 질기지도 않고 부드럽고, 씹는 느낌이 들지 않는다. 그냥 한입 베어 물면 끝이다. 그러나, 이 정도 하는 돈카츠집은 지천에 널리고 깔렸다. 잘하는 집이지만이문동에서는 잘하고,동대문구에서는 그냥 그러려니,서울에서는 못하는 집이라 생각한다.우동은 평범, 진짜 어디서 떼온것 마냥 전국 표준의 맛이다. 시치미를 따로 비치해줬으면 나쁘지 않았을까..?계산 -직원이 무엇인가에 화가 나거나 집 안에 우환이 있음이 분명하다.그렇지 않으면 이 직원은 굉장히 문제가 있는 직원이다.매우 많이총점 ⭐️⭐️불친절함이 맛을 싹 잡아먹어버렸다.",괜찮다
1957,돼랑이우랑이,로제아,맛은 있지만 불친절함의 끝... 이런 거 잘 못 느끼는 사람인데도 정말 서버 분이 신경 쓰이게 하시더라고요 서비스 신경 안 쓰고 맛만 중시하는 분이 가시길,맛있다
1958,돼랑이우랑이,키다리아저씨,"가격대와 맛을 적절하게 잘 살린 돈카츠 맛집!!1층에서 정육점을 운영하시며 2층에서 돈카츠가게를 함께 하신다하며, 전화를 해보면 정육점 전화한건지...돈카츠집에 전화한건지 사장님께서 물어보십니다^^ 일석이조의 효과인가요?ㅎㅎ사실 큰기대는 없이 방문했고, 분명 아쉬운 부분도 있긴하지만...전체적으로는 가성비도 좋고 우동은 뺀 가츠류는 괜찮은거 같아요^^개인적으로 우동은 패스입니다^^;;만족감을 높이기엔 단품 가츠종류를 드시는게 좋을듯합니다.정육점에서 운영하는 가츠집이라는 생각에 새우카츠는 기대 없었는데... ""새우카츠"" 드세요!!제가 새우를 좋아하기도 하지만 냉동새우튀김이 나오는곳이 너무 많다보니 정말 기대1도 없다가 반전 비주얼에 만족감 상승했습니다^^머리끝부터~ 꼬리까지 그냥 다!!! 드시면 됩니다. 무엇보다 좀 딱딱할 수 있는 몸통쪽의 껍질은 손질이 되어있구요^^ 머리와 꼬리는 살려뒀어요~ 바삭바삭하게 잘 튀겨져서 통으로 다 드시면 됩니다!!! 굿굿~안심과 등심 각각 주문했는데...적당한 두께감과 잡내없고 깔끔한 살코기~~ 너무 얇으면 씹는맛이 별로일 수 있는데...두께감도 적당히 살렸고 부드럽네요^^튀김옷은 두껍지않아서 좋지만~ 특별한 느낌은 아니였는데....안심,등심 가츠의 튀김옷과 새우가츠의 튀김옷은 약간의 차이점을 두고 튀기셨더라구요^^ (새우에 빵가루를 더 사용한 느낌)우동부터 기본찬, 야채샐러드 그리고 돈까스 소스(겨자&깨소금 조합) 까지 평범하고 남다른 점은 없어서 살짝 아쉬움은 있었으나... 등심가츠 7천원, 안심가츠7.5천원~ 새우카츠(5마리) 9.5천원의 착한 가격에 만족감 높이 먹을 수 있어서 좋았습니다.담백하게 찍어 먹을 수 있는 소금이 준비되어 있으면 개인적으로 더 좋았을거 같아요^^세트는 메뉴에 2천원 추가로 미니우동이 나오는건데....이렇게 드시면 괜찮다 느낌뿐이 안들듯하구요^^ (우동이 아쉬움;;)제가 다시 방문한다면...둘이서 새우포함해서 단품으로 3가지 주문해서 든든하게 먹을 듯합니다. 사진처럼 우동뺀 단품으로 주문하면 24,000원으로 행복한 식사가 될듯합니다^^일반 분식점이나 식당 돈까스 가격대로 괜찮은 수준의 맛이라 맛있다를 줘봤습니다^^",맛있다
1959,돼랑이우랑이,제와피,"가성비 단연 쵝오.. 외대 주변에 이런 식당이 있는줄은,, 이제서야 알게 된게 안타까워요ㅜ 세트로 해서 먹으면 우동까지 나와서 좋아요ㅎㅎ 치즈돈까스 먹었었는데 추천합니당!",맛있다
1960,돼랑이우랑이,ethanghymn,"만원 이하면서 괜찮을거 같은 돈까스나 돈카츠를 파는 가게로 생각됐었던 성신여대 앞의 제주돈카츠와 외대앞역 옆의 돼랑이우랑이 두군데 중 며칠전에 먼저 들렀었던 제주돈카츠는 분명 만원이하대의 돈까스집이라곤 생각하기 어려운 두툼하고 양질의 제주산 돼지고기를 이용한 돈까스가 아닌 돈카츠였지만 좀 급하게 먹느라 충분히 즐기진 못한 관계로 조만간 다시 방문해 볼 계획이고 오늘은 외대앞역 외대쪽이 아닌 반대편에 위치한 돼랑이우랑이에 들러봄.가게는 리뷰등에서 봤던대로 1층엔 야채가게와 정육점이 작게 위치해 있는데 이 정육점을 운영하시는 사장님이 2층에 돼랑이우랑이를 같이 운영하신다고 여직원분이 얘기해 줌.가게는 다른곳에서 이전해 왔다던데 그래선지 깨끗했음.창가에 있는 1인석에 앉아서 미니우동이 포함된 등심정식이 아닌 미니우동이 빠진 등심카츠를 주문함.자리에 앉아 물을 갖다주길 기다리는데 아무 소식이 없고 내 옆 1인석에 앉은 여자손님이 냉장고에서 시원하게 보관된 스테인리스 피처를 가져오길래 여자직윈분께 물은 셀프인가요라고 물어보니 그렇다고 해서 냉장고로 가지러가니 냉장고에 물은 셀프라고 적혀있음. 찬물이 든 스테인리스 피처를 자리에 가져올때쯤 내가 주문한 등심카츠가 나옴.여느 프랜차이즈 돈까스 집의 돈까스처럼 깨끗하게 나온 등심까스를 살펴보니 비교적 작은 사이즈의 등심까스 두덩어리와 야채드레싱이 얹혀진 양배추샐러드 그리고 맑은 우동국물, 흑미밥, 갈아진 깨와 겨자가 딸려나온 돈까스 소스, 밑반찬으로 오복채와 무와 오이절임, 깍두기가 나옴.먼저 반찬들을 맛을 보니 오복채는 흔한 맛이고, 무와 오이절임은 살짝 달달한 맛이 강조된 새콤한 맛이고 깍두기는 이런 돈까스집에서 나오는 흔한 살짝 무른 무인데 맛은 달달하거나 하지 않고 매콤한 편이었음.샐러드는 사과나 야채를 갈아넣은듯 입자가 느껴지는 드레싱인데 특별히 상큼하거나 맛이 좋거나 하진 않았고 드레싱 자체가 물이 많은건지 아니면 양배추샐러드를 촉촉하게 하려고 물에 담가져 있던걸 물을 충분히 제거하지 않아선지 샐러드를 다 먹을때쯤 아랫쪽에 있는 샐러드는 축축질퍽해서 좀 그랬음.같이 나온 우동국물은 시치미가루가 바닥에 가라앉아 있는데 서울역 근처의 춘하추우동의 우동국물보단 살짝 못하지만 아무튼 그 집의 우동국물이 생각나는 괜찮은 국물맛이어서 우동이 포함된 정식을 시켰어도 나쁘지 않았겠다는 생각이 들었음.메인인 등심카츠를 젓가락으로 집어 보니 잘 튀겨진 튀김옷으로 감싸진 등심카츠는 이 가격대의 일본식 돈까스집들에서 보는 돈까스보단 두툼한 편이고 한입 베어 무니 두들겨서 연하게 만든 등심이 아닌 듯 확실히 씹는 맛이 느껴지는 류여서 최근에 방문했던 한남동 밥한끼의 등심돈까스가 생각났는데 맛은 잡내없이 괜찮은데 개인적으론 한남동 밥한끼의 것처럼 소금을 뿌려먹고 싶은 생각이 든다거나 재방문하고 싶다는 생각이 드는 특별한 매력이 있진 않았음.전체적으로 홍대쪽과 건대쪽에 있는 가츠시같은 그 동네에서 나름 가성비가 뛰어난 돈까스를 파는 집으로 유명할 듯 한 느낌의 집이었고 식사를 다 마치고 나올때 옆 테이블의 가족손님이 주문한 새우카츠를 보니 제법 커다란 새우카츠가 5마리나 나오던데 만약에 다시 들른다면 새우카츠를 맛보고 싶음.",괜찮다
1961,돼랑이우랑이,띵시,"가성비 ●●●●○맛 ●●●●○분위기 ●●●○○재방문의사 85이무너들이 입을 모아 ""이문동에서 나올 수 있는 퀄리티가 아니다""라고 외치는 곳. 가격 대비 최상의 돈카츠를 맛볼 수 있는 곳이다. 원래 외대 정문 부근에 위치했으나 재개발로 인해 외대앞역 뒤편으로 이사했고, 더욱 널찍하고 깔끔해져 호평을 받음.안심세트 주문. 세트 주문 시 단품에 미니우동이 추가된다. 요즘 유행하는 스타일로 핏기 있게 익혀 나오는 곳은 아니다. 고기가 상당히 두툼하고 부담 없이 쫀득해 매우 만족스러웠음. 튀김옷은 야악간 두꺼움. 우동은 쏘쏘.식당명이 맘에 안 들어서(...) 안 갔던 곳인데 이 정도 퀄리티면 어디 내놓아도 뒤지지 않을 듯하다. 참고로 외대 맛집게시판에서 사장님이 불친절하다고 혹평을 받은 바 있었으나 본인 방문했을 땐 별 문제 없었음. 외대 인근에서 만원 미만으로 최고의 만족을 얻고 싶다면 돼랑이우랑이를 추천한다 :)",맛있다
1962,돼랑이우랑이,HJ♥,감히말하는 서울 최고의 돈까스집.치즈까스는 오픈직후가아니면먹을수가없다.1층 정육점 사장님의 꿈이었던 돈까스집인만큼 고기는 정말최고.재개발때문에 이사하셨는데 이사하시기전보다 지금위치로이사한이후가 훨씬더맛있어졌다.단골 정육점사장님이기에 믿고 가본곳인데 맛이 진짜최고ㅠㅠ 꼭꼭가보시길,맛있다
1963,돼랑이우랑이,골목여행,"동대문구 돈가스 원탑. 튀김옷도 바삭하고 함께 나오는 양배추 샐러드도 나쁘지 않다. 그러나 무엇보다 맘에 드는 부분은 돼지고기의 질이 아주 좋다는 것이다. 등심은 쫄깃하고 안심은 부드럽다. 정육점을 함께 하기 때문에 가능한 고기의 퀄리티라고 생각된다.깨+돈까스소스+와사비의 소스와 함께 나오는데, 와사비의 매콤한 맛이 질 좋은 돼지고기와 꽤나 잘 맞는다.치킨까스나 생선까스, 치즈 돈까스는 나쁘지도, 대단하지도 않은 무난한 편.세트를 추가하면 조그마한 미니우동이 나오는데, 2천원이라는 가격에 비해 맛이나 양은 그저 그렇다. 단무지나 김치 같은 반찬도 나오긴 하는데, 입가심은 양배추 샐러드로 충분해 손이 잘 안가게 된다. 아예 빼버려도 좋을 듯.고기가 진짜 맛있는 돈까스를 먹어보고 싶다면 꼭 한번 들러야 할 집.",맛있다
1964,언니네함바그,미동이,가성비굿,맛있다
1965,언니네함바그,우이리,"가계는 아담하고 손님은 많네요. 전화번호 적어 놓으면 연락 주시는거 같아요. 점심이라 배달 주문도 많은지 라이더 분들이 분주히 오가시네요.매콤 함바그 7800일단 가격이 혜자스럽네요. 이가격이면 왠만함 맛있다 일수 밖에 없어요. 쫌 매콤합니다. 매운 맛이 뒤로 갈수록 쌓이는데, 대신 느끼함이 거의 없어요.",맛있다
1966,언니네함바그,kkonoo,외대점이랑 비슷하고 맛있어요! 고기 실하고 소스 굳굳,맛있다
1967,언니네함바그,Jinny,점심에 먹으러 갔다가 30~40붐 기다리래서 ㅜ 이른 저녁에 사람 없을 때 갔어요! 한 5시...?저는 치즈함바그로 미듐사이즈(7.8천원) 먹었어요! 와 근데 사진에서 보이는 저 소스 만큼이 전부 치즈에요!!! 치즈덕후인 저는 대만족...ㅜㅜㅜ 토마트 베이스 소스에 살짝 매콤함이 있어서 제 입맛에도 맞았고요 ㅎㅎ 고기도 뷰드럽고 또 저는 숙주도 좋아해서 고기에 치즈에 숙주에 계란에 같이 숟가락에 올려 먹고 그랬어요! 저 특유의 튀김은 뭔지 몰겠지만 식감을 더해줘서 재미있었어요 ㅎㅎ 줄을 서는 이유도 알겠더라거요!식전에 양배추에 참깨드레싱 얹은 소박한 샐러드도 나오고 저기에 미소된장국에 공기밥도 나오는데 흑미밥으로 나와요사실 저는 넘 배불러서 공기밥도 안먹고 저 스테이크도 살짝 남겼는데 무튼 저 모든 구성이 7800원인건...최고... 맛도 가성비도 모두 챙깁니당게다가 가게까지 분위기가 아기자기하고 알바생분과 사장님 대화하시는 내용도 넘넘 재미있어서(본의아니게 엿들은거같지맘 들린걸용...ㅇㅅㅇ ㅋㅋㅋ) 편안하게 식사 잘 하고 왔습니다!!,맛있다
1968,언니네함바그,이리저리,치즈함바그 : 8000원언니네함바그 : 7500원워낙 입소문이 자자하던곳이라 기대하면서 갔는데 괜찮았어요.음식도 깔끔하고 같이 나오는 샐러드도 맛있고 심지어 밥도 백미가 아닌 흑미로 주셔서 감동!!하지만 유일하지만 정말정말 큰 단점은 김치가 중국산...ㅎ최근에 김치 일 터지고나서 도저히 중국산은 못먹겠어서... 김치는 하나도 안먹고 전부 남기고 왔네요.그래도 본 메뉴는 맛있으니까 가보실 생각있으시면 한번쯤은 방문해볼만한 곳입니다.,괜찮다
1969,언니네함바그,Ray,"배달로 매콤함바그를 먹었는데 외대점보다 더 매워서 맵찔이에겐 힘겨웠어요ㅠㅠ아무래도 그거 때문에 전체적인 만족도가 내려간 느낌이네요.그래도 샐러드도 많이 넣어주시고, 포장도 깔끔하게 잘해주셔서 배달로 먹는 것 자체에는 아쉬움이 없었어요.",괜찮다
1970,언니네함바그,guilietta,"언니네 치즈 함바그 M (7,000원) 먹었는데 양이 많고 매콤하다, 함박스테이크 위에 얹은 바삭바삭한 튀김이 식감이 참 좋다, 다만 물컵 위생이. 물컵에 고추가루가 붙어있어 한 번 바꿨는데 또 이물질이 있어서 또 바꿈. 신뢰가 안 가는 물컵의 위생 상태에도 불구하고 함바그 맛으로는 가성비 좋은 식사로 추천. 물컵만 아니였어도 평점이 높았을 수 있으나 물컵 두 번 교체한 적이 별로 없어서 냉정하게 평가",괜찮다
1971,코코니주방,맛집사냥꾼,맛은 무난. 직원분들은 매우 친절!직원분들이 활기가 있고 매우 상냥하심. 이것부터 기분 좋아진다.다만 카레 우동에서 우동 면이 좀 많이 익혀서 나오는 지라 본인의 스타일은 아님. 카레도 우리가 아는 맛. 같이 간 지인도 그럭저럭이라는 평. 맛 없는건 아니지만 맛있다도 아니다. 주변에 있으면 찾아갈 정도는 아니지만 그냥 무난함 그자체다. 가아끔 먹을 거 없을 때 갈 수 있다정도. 가끔.,괜찮다
1972,코코니주방,유새벽,적당한 일식집,괜찮다
1973,코코니주방,kkonoo,조큼 비싼 편인가 싶지만 양이 1.5인분인듯. 메뉴들이 평균적으로  맛이 다 괜찮습니다,맛있다
1974,코코니주방,프리즘,"저녁 시간대 이후, 조금 늦게 방문했는데 손님이 없어서 친구와 오붓하게 식사했습니다. 사케동(9,800원), 키마우동(7,300원), 고로케(4,500원) 주문. 당시 배도 매우 고프기도 했고 추운 날씨에 따끈한 국물이 들어오니 참 좋았다. 개인적으로 우동을 참 좋아하는데 우동 면도 쫄깃하니 맛있고 국물도 깔끔해서 좋았다. 뻥 뚤린 공간이 아니라 일행들끼리만 있을 수 있는 구조. 무엇보다 간장이 나오는 가오나시가 참 탐났다. ※ 19년 12월에 방문했습니다.",맛있다
1975,코코니주방,즌짱,"사케동, 사케낫또동 먹었는데 낫또 해동이 덜 된 상태로 나왔어요. T^T 해동만 잘 되었더라면 더할 나위 없이 만족했을 텐데 아쉽습니다.코코니 주방 음식 깔끔하고 맛난데, 주의할 점은.. 하나도 안 매워 보이는 안 강해 보이는 와사비가 무척 세요... 엄청 맵습니다... 먹다가 볼 아파서 빵구(aka 입병) 난 줄 알았는데 와사비 뭉텅이가 볼에 닿은 것.... ㅋ ㅋ ㅋ ㅋ ㅋ 와사비 매우 매우니 조심하세요!낫또의 상태와 알고도 당하는 강한 와사비 외에는 다 매우 만족스럽습니다. 아, 초생강이 나오면 참 좋을 것 같아욥,,, 초생강성애자의 작은 바람. #아무리뷰",괜찮다
1976,코코니주방,미콩,"탄탄멘과 가츠동입니다 탄탄멘은 스프는 좋은데 면이;,,, 거의 늘어난 고무줄같은 식감이에요,,, 아님 엄청 부드러운 이불 씹는 느낌..? 아무튼 물렁물렁했어요 양은 많아요!!친구의 가츠동은 무난했다고 하네요!여전히 친절하셔서 기분 좋은 곳 ㅎㅎ",괜찮다
1977,코코니주방,갈색곰도리,사케동은 그저 그랬으나 가츠동(7800)은 정말 맛있었다!! 양도 많고 무엇보나 사장님이랑 알바생분들이 너무너무 친절하시다. 갈 때마다 기분이 좋아지는 곳. 아기자기한 피규어나 간장통도 너무 귀엽고 ㅠㅠ 가츠동 땡기는 날 또 방문할 것 같다.,맛있다
1978,코코니주방,제와피,시험기간에 고통받다가 여기 연어 사케동 먹고 기분이 좋아졌던 적이 있어요.. 간장 요로코롬 뿌려서 먹으면 맛있더라구요~~ 그냥 연어가 맛있는건지.. 제 입맛에는 괜찮았어요ㅎㅎ 그리구 여기서 알바하시는 분 항상 친절하게 잘 해주셔서 괜시리 저까지 기분이 좋아지더라구욤,맛있다
1979,코코니주방,미콩,"외대 정문 바로 앞, 기대하지 않았는데 맛있어서 놀랐어요!새우카레를 주문했어요 새우가 오동통하고 큰데 진짜 이렇게 맛있을 일인지 ㅎㅎ 새우만 먹어도 배부르겠더라구요커리는 정~말 기대하지 않았어서 그런지 의외로 전문적(?)인 맛이 나서 놀랐습니다 살짝 걸죽하면서 향신료가 잘 느껴졌어요 밥을 먹지 않아 커리만 먹었는데도 마치 든든한 스프를 먹은 것처럼 든든했던!칸칸이 나누어져 있어서 마치 술집같은? 느낌이지만 나쁘지 않은 공간성이에요무엇보다도 주인분이 정말 친절하세요 ㅠㅠ 맛에서나 다른 부분에서나 불편한 점 있으면 얼마든 말씀해 달라고 하시고, 그래야 저희도 피드백을 받아 반영할 수 있다고 하시는데 ㅠㅠㅠ 전 정말 만족스러웠어서 더 드릴 말씀도 없었어요나오는데 손에 작은 서비스 하나 더 쥐어주시는 것도 따뜻했습니다ㅎ점심시간에 웨이팅하실 수 있어요!",맛있다
1980,코코니주방,즌짱,"동네에서 사케동을 먹으려고 간 코코니 주방 :)한국외대 정문 바로 앞에 있는 건물 2층에 있어요. 조금 늦은 점심시간이었는데도 손님들이 많았습니다. 다른 메뉴들도 맛있다는 이야기를 많이 들었지만,,, 둘 다 사케동이 먹고싶어서 ㅎ ㅎ ㅎ 사케동과 아보카도 사케동을 시켰어요.아보카도 사케동은 기본 사케동에 아보카도 1/4개를 잘라서 얹어서 나와요. 저는 밥이 고슬고슬하고 밥 알이 끈기가 없는 편의 사케동을 선호하는데, 여기 밥이 정말 끈기 없이 고슬고슬해서 좋았어요. 밥이 간이 되어 나오는데 약간 간이 밑 부분으로 쏠려 있어서 마지막에 먹을 때는 좀 짰어요. 간이 조금만 골고루 배어있으면 좋겠다는 아쉬움이 있어요. 요 근래 확 맘에 드는 사케동 집이 없어서 사케동 먹으러 잘 안 다녔는데 여기 사케동 정말 맛있었어요. 다음에 집 근처에서 사케동 먹고싶으면 재방문 할 거에요.",맛있다
1981,코코니주방,서울촌놈,"매운가츠동 7800에비가츠가레 8300튀김 맛집, 카레는 쏘쏘! 가성비 좋은 외대 맛집입니다아보카도명란덮밥? 이 맛있다고 해서 왔던 곳인데 제가 갔던 날은 품절이더라구요  차선책으로 시킨 가츠동이, 존맛탱!매운가츠동 - 맵진 않았습니다. 신라면 정도의 맵기? 프리미엄가츠처럼 엄청난 존재감을 내뿜는 돈카츠는 아녔지만 바삭하고 기름의 느끼함이 크지않고 깔끔한게, 잘하는 일본식 튀김집 가서 먹을 수 있는 튀김의 느낌이였어요. 이 가격대에 나올 수 있는 튀김은 아닌데 오 역시 대학로 오 이 생각을 하게 했습니다에비가츠카레 - 카레는 그냥 기대했던 그 일식 카레의 맛인데, 튀김이 기대 이상! 겉바속촉한 새우튀김을 먹어본지 너무 오래되어서 그런가 너무 맛있게 먹었습니다 :) 간도 적절해서 굳이 카레랑 같이 나오지 않아도 됐을법한 느낌의 튀김였어요. 카레랑 함께 먹을 시 약간 투머치인 느낌? 카레가 서브고 튀김이 메인인 것 같은 디쉬였어요. 그래도 서브를 남길 수는 없으니 깔꼼하게 비웠습니다. 동네에서 밥 먹을 일이 별로 없어 동네 맛집은 잘 모르는데 취준하는 동안은 열심히 동네 맛집 탐방을 해봐야겠어요. 야호",맛있다
1982,코코니주방,제이,"우케동외대 앞에 있는 일식 짬뽕&덮밥집. 내부가 넓고 4인석으로 칸칸이 방처럼 나눠져 있어 아늑한 느낌이었다. 안쪽도 귀여운 캐릭터 장식들로 꾸며져 있어서 재밌었다. 창가자리에 앉으면 외대의 외관을 감상할 수 있다. 내가 먹은 것은 육회덮밥이었는데 육회도 생각보다 많았고 간도 딱 맞았었다. 가격도 8,300원으로 괜찮은 편이었다. 사장님도 친절하시고 좋은 식당인 것 같다.",맛있다
1983,키친요로시쿠,냥냥펀치,무-난 하게 한끼 잘 먹고 온 느낌. 일본 가정식이지만 왠지 잘 차려진 집밥 먹는 것 처럼 친근한 맛이었어요. 따로 홀을 보는 직원은 없고(가게가 작아서 필요 없을 듯 싶지만) 사장님 부부 두분이서 운영하시는 것 같았어요. 그래서 그런지 음식 나오는데 꽤나 기다렸던 기억이… 기억에 남을만큼 맛있진 않았던 것 같지만 먹고나선 기분좋게 나왔던 것 같아요.,괜찮다
1984,키친요로시쿠,kkonoo,일본가정식 치고 저렴한 가격에 깔끔하고 뭔가 푸짐한 양. 분명히 샐러드가 있는데 야채가 부족한 느낌은 뭘까.. 근데 사실 매실젤리가 제일 맛있어요ㅋㅋ,맛있다
1985,키친요로시쿠,미동이,괜찮다아,괜찮다
1986,키친요로시쿠,Ray,"경희대 정문 쪽에 있는 작은 일본가정식집이에요. 자리에 비해 인기가 많아서 몇 번이고 실패한 후에 겨우 먹을 수 있었어요. 전 뭘 먹을까 고민하다 치킨난반을 먹었는데요. 닭고기가 엄청 촉촉해서 좋았어요! 소스도 적당히 상콤하니 괜찮았는데 뭔가 다른 메뉴로 먹어본 듯한 맛이더라고요. 결국 그게 뭔지는 떠올리지 못했습니다ㅋㅋㅋ 다만 꽤 괜찮은 맛인데도 끝끝내 맛있다고 하기엔 조금 부족했어요. 반찬들도 다 평범한 느낌이었는데, 매실푸딩은 좋았어요! 후식으로 먹는 매실차랑 똑같은 맛인데 식감은 새로워서 흥미로웠네요ㅋㅋ다른 메뉴도 먹어볼 의향은 있지만 언제 또 성공할 수 있을지 모르겠네요ㅋㅋㅋㅋㅋ",괜찮다
1987,키친요로시쿠,104,치킨 가라아게가 약간 느끼하다고 생각되기는 했지만 맛있었고요정갈하게 한 끼 식사하기 딱 좋습니다대학가라 가격도 저렴해서 좋았어요,괜찮다
1988,키친요로시쿠,ethanghymn,"원래는 여기 키친요로시쿠를 가려던 게 아니고, 인스타를 보다가 시키카츠라고 회기쪽에 새로 오픈한 것 같은 돈카츠 가게가 보이는데 망플엔 아직 리뷰가 없고 네이버지도에도 아직 등록이 안 되어 있어 오늘 가게가 영업을 하는지 확인 후 방문하려는데 아무런 정보가 없어 인터넷으로 정보를 찾아보니 리뷰등은 있지만 가게의 인스타 계정이나 전화번호는 안 보여 그냥 가보고 닫았으면 근처 다른 가게를 가기로 하고 출발함.가게 근처에 도착해 차를 주차를 한 후 가게 앞으로 가니 어두컴컴하고 입간판 같은게 가게 안에 있는게 보여 쉬는 날이구나 함.가까이 다가가니 역시나 닫혀있었고 전화번호는 안 보이지만 인스타 계정은 보여 인스타 계정에 들어가보니 크리스마스엔 휴일이라고 공지되어 있었음.망플을 꺼내 근처에 가고싶다에 세이브해 둔 다른 가게가 뭐가 있나 보니 예전부터 있던 여기 키친요로시쿠가 보여 이쪽으로 향함.가게 근처에 차를 세우고 가게로 걸어가니 불이 켜있고 뭔가 사람이 움직이는게 보여 영업하나보다 하고 안도의 한숨을 쉼.가게 안으로 들어가니 크리스마스인데다 점심시간이 지나선지 한가한 편이어서 2명 손님 2팀만 있었고 주방에서 요리중이던 여사장님을 보는 순간 깜놀함. 지난번 금호동 키친우라와의 사장님인 줄..키친우라와의 사장님과 한 눈에 자매인 걸 알 수 있을 정도로 똑같이 생기셨음. 헐.. 난 창가자리에 앉아 키친우라와에서도 비교적 맛있게 먹었던 쇼가야끼가 여긴 더 저렴한데 어떻게 다를지 궁금하기도 해서 쇼가야키를 주문함.물은 셀프로 두 종류가 준비되어 있는데 한 종류는 레몬이 들어간 것 그리고 다른 한 종류는 녹차가 들어간 것이어서 레몬이 들어간 물을 따라 자리로 돌아옴.조금 기다리니 주문한 쇼가야키가 아기자기한 느낌의 반찬류와 가득히 예쁜 트레이에 담겨 나옴.망플에서 미콩님의 여기 키친요로시쿠의 리뷰를 보고 키친우라와의 것과 너무 똑같아서 뭐지 했는데 자매분이 같이 장사를 하시다 각각 독립해서 영업을 하시는 거 같았음.키친우라와의 것과 똑같이 마요네즈가 곁들여지고 부추가 올라가고 깨가 뿌려진 쇼가야키, 밥, 미소시루, 튀긴 두부에 달달한 쯔유를 뿌리고 가츠오부시를 올린 아게다시도후, 참깨드레싱이 올라간 양배추 샐러드, 딜달한 앙증맞은 사이즈의 일본식 계란말이, 디저트로 메실젤리, 유자청 같은게 조금 곁들여진 무절임으로 이루어짐.먼저 샐러드를 맛을 보니 흔한 참깨드레싱이 뿌려진 양배추 샐러드로 특별하진 않은데 양배추가 마르거나 하진 않고 촉촉한 편이어서 나쁘지 않음.메인인 쇼가야키를 먼저 고기만 맛을 보니 키친우라와의 것 처럼 전분이 입혀져서 겉이 살짝 바삭쫄깃함이 느껴지거나 하진 않고 육쌈냉면 같은데서 곁들여져 나오는 목전지살을 얇게 저며 구워져 나오는 것 같은 느낌인데 좀 더 두꺼운 느낌이면서 맛도 키친우라와에서처럼 맛이 일본 느낌으로 달달짭짤하지 않고 좀 밋밋한 느낌이어서 왜 가격이 좀 더 저렴한지 이해가 되는 느낌임.전체적으로 키친우라와와 플레이팅은 거의 똑같은데 가격은 더 저렴해서 어떻게 다른가 궁금해서 들러봤는데 쇼가야키도 그렇고 아게다시도후도 그렇고 키친우라와보다 맛이 밋밋하면서 살짝 못한 느낌이어서 개인적으론 덜 인상적이었지만 그래선지 진한 맛의 키친우라와보단 왠지 우리나라 사람들은 더 좋아핢 것 같은 느낌이었고 특히나 대학생들을 상대로 하다보니 가격도 조금 더 저렴한 느낌이어서 이 근처에 왔을때 일본가정식이 맛보고 싶으면 들러볼만한..",괜찮다
1989,키친요로시쿠,골목여행,"사이드는 경희대 근처 맛집좀 다녀봤다면 익숙할 듯 한 식상하지만 알차고 메인을 잘 보조해 줄 만한 구성. 맛도 무난했다.메인메뉴의 종류 역시 익숙했고 맛도 괜찮았다. 저녁에 방문했더니 사케동과 밀푀유 돈카츠는 품절. 쇼가야키는 맛있게 먹었다. 다만 치킨난반의 튀김옷이 눅눅했던 점이 아쉽다. 바삭했다면 맛있다도 고려해 보았을 듯.전체적으로 익숙하고 무난한 퀄리티와 맛.치킨난반 및 쇼가야키 정식 각 8,500원",괜찮다
1990,키친요로시쿠,즌짱,"넘나 충격적인 비주얼의 사케동,,, 접시가 왜 꽂혀있을까요,,,, 당황스럽,,,,,, 더 당황스러운 건 사케동이 무척이나 맛있었다는 점..!연어가 갱장히 두툼하고 큰 편이고, 밥 간도 약간 상큼한 맛이 나서 입맛이 돌아요. 그리고 함께 나온 레몬을 밥과 연어에 뿌려서 먹어봤는데 이렇게 먹으니까 더 상큼하고 맛나요 :) 아, 와사비가 굉장히 센 편이에요. 와사비 좋아하고 잘 먹는데도 코 끝이 찡하고 눈물이 핑 났어요 ㅠ 그래도 최근 먹은 사케동 가운데 단연 최고였습니다!함께 나오는 반찬들도 맛있고, 계란 말이에 하트가 찍혀 있어서 귀여웠어요 ㅎㅁㅎ 다 좋았는데 공간이 조금 협소해서 웨이팅이 있다는 점과 정체 불명의 일본 노래가 흘러나온다는 점이 조금 아쉬웠어요. ㅠ ㅠ",맛있다
1991,키친요로시쿠,미콩,"◇경희대 신상핫플, 정갈한상, 배부름!, 자리 독특, 깔끔식사시간 때 되면 정말 손님이 끊임없이 들어오고, (그 짧고 바쁜 점심시간에) 웨이팅도 당연히 있습니다,,저는 쇼가야키 주문했어요보통 이렇게 한상차림을 주문하면 제가 밥을 안 먹기 때문에 좀 허전한 느낌이 드는데, 여기는 전혀 그런 감이 없었어요 진짜 배불렀던! 고기는 달착지근한 맛이 베이스지만 소스의 맛보다는 생강의 단맛이 더 강하고, 위에 올라간 부추가 균형을 잡아주기 때문에 전체적으로 조화가 좋았어요소스 올라간 샐러드 잘 안 먹는데 정말 맛있어서 다 비웠어요 계란말이는 무난하지만 두부튀김은 맛있고 미소시루..?도 깔끔했어요!룸 형태로 된 아늑한 자리가 있어요 그런데 협소한 편이고 자리가 많지 않아 타이밍 안 좋게 오시면 웨이팅하셔야 해요 그런데 생각보다 빨리빨리 빠져요!정통 일본 가정식을 바라신다면 아쉬울 수도 있을 것 같지만경희대 정문에서 정말 가까운 곳에서 이정도라면 박수쳐야 합니다",맛있다
1992,마루기,구우,외대 앞에서 뭐 먹을까 고민하다가 발견해서 들어감! 카라이시오라멘과 매운돈코츠라멘 둘 다 매운맛 1단계로 주문 ㅎㅎ +생맥주 두잔... 라멘 깔끔하고 맛있었음 생맥주도 진짜 시원! 탄산이 살아있었음 생활의달인도 나오시고 라멘 고수신 것 같았음 잘 먹었습니다❤️,맛있다
1993,마루기,우이리,"냉라면 9500히먀시쥬까를 처음 먹은게 미국 시골 마을이였는데 국물이 거의 없어서 비벼 먹는 스타일이였어요. 일본에서 먹은 것도 비슷해서 중화햄과 게맛살, 오이, 계란 지단등을 길게 썰어서 섞어 먹는 것이였어요.한국에 오니 중화냉면처럼 국물이 흥건한 스타일이네요. 마루기도 국물이 많아요. 맛은 단짠이랄까요. 은은한 단맛에 짭쪼름한 간장. 고명으로 올린 야채가 국수처럼 가늘어요.",괜찮다
1994,마루기,:),"외대 어느 골목 2층의 가게. 기본중의 기본 돈코츠 라멘으로 주문. 특별한 임펙트 없이 무난무난한 맛의 라멘. 맛, 가격, 친절도 전부 다 무난무난. 망고플레이트 3.6점 정도의 가게",괜찮다
1995,마루기,ㅇㅅㅇ,냉라면이 제일 맛있고돈코츠라면은 그냥저냥돈부리는 다른 메뉴에 비해 별루..,맛있다
1996,마루기,Hiunique,엄청 친절하시고 엄청 빨리 나와요 근데 양도 진쩌 푸짐 재료 팍팍 쓴거 느껴지고 왜 생활의 달인 나온줄 알겠어용 홍대쪽 라멘집에 비하면 베스트라고 할순 없겠지만 외대맛집중 손꼽힌다 생각해요 매운 미소 라멘은 불맛 참 좋았어요 해물도 많고 2인분 처럼 푸짐 기본 소유라멘 아주 담백하고 맑아요 개인적으로 담백한게 좋아해서 느끼한 라멘이 아니라서 저는 만족 했어요 타코야끼 6 pcs 에 3처넌 인데 가성비도 좋았음!,맛있다
1997,마루기,다다,"덮밥, 라멘, 돈가스 모든 종류를 전부 다 먹어봤다. 가츠동, 가리아게동, 에비동 다먹어 봤는데, 덮밥류는 그냥 거기서 거기임.... 골목 조금 더 아래로 가면 더 맛난 덮밥을 많이 팜. 라멘도...특별한 맛은 못 느꼈다. 그냥 친절하심. 혼밥하기 좋음. 하지만 대부분의 대학가 음식점이 그러하듯 여학생 혼자가면 양을 많이 주지 않으니, 덮밥류를 시킬땐 처음부터 밥량을 많이 달라고 할것. 라멘은...그리 맛나지 않아서 다먹지 않아 양이 부족한지 아닌지도 모르겠다.돈가스는....무난^^ 추천메뉴...없음ㅎ",괜찮다
1998,마루기,minggu,"수도권의 여러 라멘 맛집을 모두 다녀봤지만 나는 이곳의 '삿뽀로 미소 라멘'을 가장 좋아한다. 여러모로 세련된 라멘을 내는 곳은 아니지만 약간 뜨겁도록 따듯하고, 면이 쫄깃하고, 간이 좋은 국물이 늘 만족스럽고 자주 생각난다.히야시츄카(냉라멘) 달인의 집으로 TV 프로그램 생활의 달인에 나와 유명한 곳이지만 이곳의 따듯한 라멘들이 더 좋다고 생각한다.타코야키도 먹을만하다.",맛있다
1999,마루기,수현:),맛집프로그램보고 찾아간 맛집중 가장best!!가장 맛집다운 라멘집. 사진이 없어서 아쉬운데 유자라멘과 돈코츠라멘을 먹었다.시즌한정인 유자라멘은 간장베이스로 유자의 향이 상큼하고 시큼하고 시원했다. 돈코츠라멘도 훌륭하지만 다른맛집이랑 비슷한맛일듯. 배가 덜차서 타코야키도 시켜봤는데 ...음.....이곳의 유자라멘은 여름마다 생각나는 베스트다.,맛있다
2000,마루기,이상영,외대 정문에 위치한 일식집.그저 그런 라멘맛.. 덮밥류 소스는 너무달다 ㅠ,별로
2001,마루기,빅이벤트,맛남 - 특급맛집 아래 클래스 정도,맛있다
2002,마루기,띵시,가성비 ●●●○○맛 ●●●●○분위기 ●●●●●재방문의사 80다락방스러운 분위기에서 정갈한 일본가정식을 먹을 수 있는 곳! 비교적 조용하고 편안한 느낌이라 좋아하는 곳이에요~ 부타동인가? 돼지고기 숯불 정식 맛있어요! 라멘도 평타 이상~~,맛있다
2003,마루기,이수아,여기 맛있어요~!,맛있다
2004,마루기,김영민,외대에 가장 괜찮은 좋은 라멘 돈부리집,맛있다
2005,마루기,E.T Jun ,가라아게 정식 무난했음. 가격도 무난무난 외대앞에서 일식은 별로 선택권이 없기에..,괜찮다
2006,스타동,루카스,"경희대 덮밥 전문점입니다. 경희대 정문에서 회기삼거리까지 좀 많이 걸어나가야 위치하고있어요. 매장은 무인계산대로 이뤄지고 있었습니다. 가라아게, 돈까스, 규동, 사케동 등 다양한 덮밥이 준비되어있었는데 이날은 웬일인지 모밀이 먹고싶어서 냉소바(5900원)에 돈까스(2900원) 하나를 추가했어요. 두개 합쳐서 가격이 나쁘지 않습니다. 다른 덮밥류 가격도 저렴한 편이었어요. 맛은 무난한 수준이고, 가격대를 생각하면 매우 괜찮은 정도입니다. 다음에는 가츠동을 먹어보고 싶네요.",맛있다
2007,스타동,미동이,메뉴 다양해서 ㄱㅊ..!,괜찮다
2008,스타동,즌짱,"종류가 많다 뿐이지 맛의 특색은 없어요. 가끔 사케동이 미친듯이 먹고 싶으면 배달 시켜 먹곤 하지만,, 늘 다음에는 다른 데 가서 사먹는다를 생각하게 하는 곳입니다. 규동, 매운육회동 (심지어 안 매워요), 사케동, 사케낫토동, 사케아나고동 ... 많이 먹어봤는데 다들 그냥 그랬어요 ^ ^(막 맛있다는 것도 아닌데 왜 이리 많이 먹었냐고 물어보시면... 귀찮아서 배달을 자주 시켰습니다 ^^... 그리고 후회하고... 까먹고 또 시키고 ^^...)",괜찮다
2009,스타동,Ray,믹스가츠동(8500) 먹었는데 새우튀김은 여전히 맛있지만 소스 양이 너무 적어요! 처음 시켜먹었을 땐 정말 맛있었는데 한 세 번째부터는 계속 소스가 모자르네요ㅠㅠ사케동도 두 번 먹었는데 연어가 넉넉하니 가성비는 좋지만 개인적으로 홀스래디쉬 소스랑 같이 먹는 걸 좋아해서 간장 베이스인 게 좀 아쉽더라고요. 근데 검색해보니 사케동 소스는 간장베이스를 많이 쓰긴 하네요ㅋㅋㅋ카레카츠동은 반신반의하는 마음으로 시켰는데 꽤 괜찮았어요. 아무래도 냄새가 심해서 그 후로 시켜먹은 적은 없지만요ㅋㅋ결론은 걍 가까워서 의도치않게 자주 먹고 있을뿐ㅋㅋ,괜찮다
2010,스타동,ere,"접근성이 떨어지는거 빼고 다좋은 덮밥집! 혼밥하기에 좋은 장소에다 가장 합리적인 가격으로 연어를 먹을수 있는 곳이기도 함 아부리연어와 생연어 반반씩 들어있는 투동(8,900)이 최애ㅎㅎ 생연어보다 더 부드럽고 입에서 녹는 아부리를 맛볼수 있다ㅜㅜ 메뉴가 다양해서 취향이 다른 친구와 가도 부담없고 하나씩 도장깨기처럼 도전해보는것도 나쁘지 않을것 같다",맛있다
2011,돈부리청년,루카스,"카스 별점 ★★★★☆ [4/5]<외대, 경희대생들의 가성비 핫플>학생때 정말 많이 방문했던 곳입니다 .원래는 가게가 참 작았는데 장사가 잘 되더니 결국 모닝글로리 옆쪽 더 넓은 곳으로 장소를 옮기셨습니다. 좌석이 훨씬 많아지긴 했지만 점심시간에는 웨이팅이 꽤 있는 편입니다. 그래도 메뉴 및 주 고객층 특성 상 자리는 금방금방 나오는 것 같았어요. ♥사케동(10000원): 제 첫 사케동을 여기서 먹어서 사케동은 원래 다 맛있는 메뉴인 줄 착각했던 적이 있었습니다. 맛 없는 집은 상당히 맛없다는 걸 깨닫기까지는 얼마 걸리지 않았지만요...밥에 양념도 잘 됭어있고 맛있습니다. 가격도 너무 너무 착해서 사케동 좋아하시면 추천드려요. 이외에도 ♥가쯔동(7000원), ♥핫도리동(7000원), ♥오야꼬동(7000원)을 먹어봤는데 제 픽은 사케동이랑 핫도리동입니다! 나머지는 먹다보면 좀 물리더라구요. 하지만 핫도리동은 먹다보면 뭔가 가츠동이 생각나는 맛이어서 일행분과 가츠동-핫도리동 하나씩 나눠 드시거나 사케동을 드시면 좋을 것 같습니다.가끔 '돈부리 청년'이 아니라 할머니 한 분이서 조리해주실 때가 있는데 음식이 다소 늦게 나왔습니다ㅠㅠ 한 분이서 운영하셔서 어쩔 수 없었던 것 같아요. 그래서 이후 일정에 차질이 생길 뻔 했네요. 혹시 바쁜 일정 있으시면 주의하세요.",맛있다
2012,돈부리청년,kkonoo,진짜 맛있었는데 점점 맛이 없어지는 것 같은 건 기분 탓일까..,괜찮다
2013,돈부리청년,즌짱,"외대 후문 쪽에 위치한 사케동 맛집. 맛있는데,맛있다. 웨이팅 할 정도는 아닌 거 같은데 대기가 있었다. 그게 좀 아쉽 ㅠ",괜찮다
2014,돈부리청년,NP,확장하고 품질관리 안됨,별로
2015,돈부리청년,촘촘,사캐동~!~!~!,괜찮다
2016,돈부리청년,Chany♥,좁은곳에서넓은곳으로 읆겼는데도 여전히사람이많네요.맛은 다맛있고...가성비도좋고..,맛있다
2017,돈부리청년,빈빈,보이콧 하고 있었는데 당사자가 가버림,괜찮다
2018,돈부리청년,위대한망고_1289,사캐동 채고,괜찮다
2019,돈부리청년,노가리구운김,연어 대학살의 현장..,맛있다
2020,돈부리청년,먹깨비 여행사,밥 먹기 편한 구조는 아니에요겨울에 가면 외투 벗을 곳이 없어서 입고 먹어야 해요한번 다녀오면 냄새가 많이 배는 것도 참고!하지만 돈부리는 고기가 진짜 두툼해서 맛있어요 추천 :-),맛있다
2021,돈부리청년,맛있으면우는고양이,사케동 가격대비 먹을만한정도(8천원),괜찮다
2022,돈부리청년,Lee,중간에 한번 맛이 살짝 바껴서 안갈까 했는데 맛이 다시 돌아옴! 시간 잘맞춰가면 웨이팅이 없거나 웨이팅이 짧아서 금새 들어감. 가게랑 테이블이 너무 좁아서 조금 불편하지만 저렴하고 맛있다!,맛있다
2023,돈부리청년,AlexTheFood,"가격이 만원-2만원이라고 적혀있는데 핫토리동 포함한 규동, 가츠동 등 전부 6천원 정도이구 사케동만 8천원이다- 가성비가 매우 좋은 곳!양도 꽤 많아서 다 먹고나면 충분히 배부름.사람이 많아 보통 항상 웨이팅이 있고, 그것 때문에 밥 먹을 때도 먹고 바로 일어나야 함. 하지만 가격/맛/양 전부 괜찮으므로 이 정도 쯤은 감수해야 할 듯.방문포장이 되니 날이 좋은 날엔 포장해서 밖에서 먹어도 좋을 듯.",괜찮다
2024,돈부리청년,띵시,"가성비 ●●●○○맛 ●●●●○분위기 ●●○○○재방문의사 80외대 근처 식당중에서 가장 좋아하는 곳이에요~ 양도 많고, 담백한 맛에 자주 찾아요. 특히 사케동과 핫도리동을 자주 먹어요. 동기들도 두 메뉴를 가장 좋아하더라구요! 핫도리동은 매운 맛을 좋아하는 분들께 추천해드려요. 다만 좌석이 협소해 열에 아홉은 웨이팅이 필수에요ㅠㅠ 10분~15분 걸린다고 하면 30분 기다릴 각오 해야합니다... 화나지만 너무 맛있어서 용서...",괜찮다
2025,돈부리청년,E.T Jun ,돈부리 맛있습니다 가게는 협소한 편이어서 웨이팅이 좀 있는편이고 그날 재료가 떨어지면 음식을 팔지 않습니다,맛있다
2026,기석일호,띵시,"가성비 ⚫️⚫️⚫️⚪️⚪️맛 ⚫️⚪️⚪️⚪️⚪️분위기 ⚫️⚫️⚫️⚪️⚪️재방문의사 30의문만 남긴 모듬전골(을 가장한 잡탕)... 카레 전문점에서 카레를 먹지 않은 나의 잘못이겠지ㅠㅠ 일식 깔끔한 전골이 나올 것이라고 기대했는데, 무국적 정체불명 만두닭해물두부양배추국이 나와버림. 어디 하나 밸런스 맞는 재료가 없다. 그래도 카레는 인생카레라고들 하니 이문동 들를 일 생기면 재방문할 예정.",별로
2027,기석일호,영수증버려주세요~,혼밥해도 좋은 편안하고 친절한 분위기.카레가 맛있다길래 찾아갔는데 고개를 갸웃하게 만드는 맛이었다.맛이 없다고 표현하기 보단 오묘하다고 표현하는게 맞는 것 같다.아비꼬나 코코이치방야의 맛과는 전혀 다르다.오므라이스 토핑과 잘 어울려서 꼭 추가해서 먹길!카레만 시켜도 새콤한 맛의 샐러드가 함께 나온다.자주는 아니지만 가끔 생각날만한 곳.,괜찮다
2028,기석일호,맛되디,"뜨끈한 카레로 태풍 이겨내기우동 한 그릇 못지 않은 카레 한 그릇 :)여러 차례 예보와 경고 문자가 왔었던 만큼.. 짐작은 했는데 역시 엄청났죠 태풍... 이런 날은 안전하게 집콕해야하지만ㅠ... 주말엔 나가야하는 타입인지라 결국 기어나갔습니다ㅎㅎ 회기 스벅에서 쉬다보니 금방 시간이 가서 저녁 시간이 되더라구요(역시 집 밖에 있음 빨리 가는 시간 하하..). 어찌되었든 밥 때가 되었으니! 날씨에 어울리는 따끈따끈 먹을거리를 찾아 망플을 뒤져봅니다. 학생 땐 없었던 새로운 가게가 눈에 띄네요. 보자마자 오 오늘은 여기다!! 느낌이.. 그렇게 방문하게 된 곳! 바로 오늘 리뷰의 주인공 '기석일호'입니다.위치는 외대 정문에서 왼쪽으로 좀 걷다가 골목으로 빠지면 끝자락에 보이는 꽤 큰 블랙건물입니다. 이렇게 쓰니 되게 복잡해보이는데;;;  몰리고 몰리다가 있는 그 골목 쭉 올라가면 보여요(몰리고 몰리다를 모르는 분도 많을 수 있다는 걸 잊은... 죄송합니다ㅜ)주력 메뉴는 카레와 전골이고, 그 외 요리도 꽤 다양하게 갖추어져 있습니다. 날씨 영향으로 전골도 좀 땡겼으나..  어느 가게든 첫 방문은 기본메뉴!라는 신념에 따라 카레를 주문했습니다.주문메뉴카레(토핑 오무, 가라아게)카레 서빙 전 샐러드가 먼저 나오는데, 큰 접시에 엄청 수북히 주세요ㅎㅎ 맛은 평범한 편인데 드레싱이 조금 덜 자극적이었어도 좋을 것 같았습니다.카레 역시 양이 엄청 푸짐한 게 일단 눈을 사로잡습니다. 가라아게도 상당히 실하고 살이 알찬 느낌이고... 맛은 특이합니다...  그런데.. 처음 한 입에는 특이였는데 먹을수록 특별에 가까워지는.. 그런 맛이에요ㅎㅎ 일단 엄청 짜보이는 비주얼에 비해 생각보다 크게 짜지 않습니다. 재료들은 완전히 갈린 게 아닌, 식감이 느껴질 정도의 크기로 들어가 있구요. 당연히 고기, 양배추 등이 눈에 보이구 입 속에서도 확연히 느껴지는데.. 건강하고 맛있는 슬로푸드 느낌입니다. 은은과 강렬 사이의 스파이스 향이 풍부한 재료 맛이랑 적당히 어우러지니 맛있을 수 밖에요ㅎㅎ 오믈렛도 통실통실 보드라운 것이.. 단순히 토핑 역할에 그치지 않는 존재감입니다. 카레를 요리로 만들려고 나대는 오믈렛이랄까요 토핑주제에 말이죠..카레도 카레인데 사실 정말 기대 이상이었던 건 가라아게였습니다. 카레집에 오면 가라아게는 고기 보충을 위해 시키는 게 학습화된 메뉴여서 시켰을 뿐.. 전혀 기대 안 했는데... 완전 고퀄이었어요. 제가 껍질이나 비계가 많은 걸 싫어하고 뻑뻑 통살덩이를 사랑하는데, 딱 그런 가라아게였습니당... 바삭하고 씹으면 기름 쫙 나오는 가라아게가 아니었어요. 씹을 때마다 살!  살! 또 살!하는 담백하고 안 짠 가라아게.. 질 좋은 정육 느낌 뿜뿜이라 혼자 계속 감탄하면서 해치웠습니다ㅎㅎ내부엄청 크고 쾌적하고 적당히 분위기 좋습니다. 사장님 취향의 피규어들이 주방 사이드에 가득한데, 식사 공간 쪽은 또 깔끔해서 정신 사나운 느낌은 전혀 없었어요ㅎ서비스남자 사장님 진짜 형 같고 친절하세요. 반팔에 청바지로 우산도 없이 가서 그런가ㅋㅋ 아니 오는데 괜찮았냐고 물어보셨어요...ㅋㅋ아 참, 밥이랑 카레는 리필이 됩니다. 양 정말 많긴 했는데 워낙 맛있어서 저도 한 번씩 리필했다는...ㅎㅎ총평마음의 고향 회기에 또 하나 자주 갈 곳이 추가되었습니다. 공간, 음식맛, 가성비 다 있는 곳이라 아주 만족했고 기분 좋은 한 끼 마쳤어요. 맘에 쏙 드는 곳이라 부디 오래오래 이 자리 지키셨으면 좋겠다는 생각 뿐입니다. 태풍은 지나갔지만 슬슬 더 쌀쌀해진대요. 뜨듯한 카레 한 그릇으로 속 채우며 다가오는 가을을 맞이합시다 ㅎㆍㅎ",맛있다
2029,기석일호,qwert,카레가 굉장히 맛있다.나베는 그냥 그랬다.,괜찮다
2030,기석일호,미콩,"건강한 맛의 재정의가 필요한 때가 온 것 같아요특히 저처럼 스트레스 개복치들은 작은 스트레스에도 거품 물고 쓰러질 때가 종종 있거든요 수명이 정말 쉽게 닳아요,,개강하고 먹는 몇 안되는 점심 중에 이렇게 건강하고 맛없는 음식을 먹으면 학교를 때려치는게 아니라 먹는 행위자체를 때려치고 싶어진답니다가게에 들어서자마자 카레 냄새가 반겨줘요 집 올 때까지 함께하는 카레 냄새는 왜 나를 시키지 않고 전골을 시켰냐며 맴맴 맴돌아요 그러게요 변명하자면 이날 날이 좀 추웠어요 날도 춥고 가게 내부도 춥고 음식을 맛본 저도 차갑게 식어버렸어요 …부속물은 실해요 닭고기, 어묵, 두부, 곤약, 각종 야채... 재료가 이렇게 많이 들어가는데 맛이 어쩜 그리 맹맹한지는 모를 일이에요 닭육수를 안 끓이신건가? 분명 거의 조리돼서 나온 것이니 식지 않을 정도로만 끓여 먹으라고 말씀하신 것 같은데 배가 고픈 뇌가 듣고 싶은대로 인지한건가? 밥을 하도 못먹어서 드디어 미각을 잃은건가?샐러드가 자극적이어서 입맛을 돋우는데 성공했어요 그런데 한껏 돋우어진 나으 입맛이 전골 때문에 푸슈슉건강한 맛은 좋은데요 이렇게 건강한 맛 먹고 스트레스 받느니 차라리 치킨스톡!!!! 소금!!!! 조미료!!!! 기름!! 우어어!!! 하고 길티플레져 즐길래요 차라리 먹고 운동 열심히 할게요,,,, 흑흑식사 후에 배도 마음도 공허했어요사장님 위너의 공허해 부탁드려요 …사장님은 또 친절하셔서 마음이 너무너무 아프네요 엉엉엉",별로
2031,기석일호,우이리,경희대 뒷문쪽.구리에서 이사온 일본식 카레.일본식 카레의 맛을 잘살린 달달하면서 농후한 맛.(자찟 느끼할수도...)뒤에 오는 꼭 찌르는 듯한 매운 맛을 부드럽게 감싸는 오믈렛.잘 먹은 한끼 였습니다.,맛있다
2032,기석일호,여의도굴국밥,크...여기 카레 맛남. 나베도 맛남. 흙속의 진주 같은 집,맛있다
2033,기석일호,깡엔,"카레 0.8 + 오믈렛 추가 0.3나베 1.1외대 근처에서 젤 맛있는 일본식 카레집인 것 같다! 가격은 좀 비싸다고 생각될 수 있으나 카레맛이 진하고, 직접 육수를 끓여 만들어서 맛이 깊다! 오믈렛은 꼭 추가해서 먹어보기를 추천한다. 정말 보들보들하고 맛있다.나베에는 홍합, 양상추, 배추, 닭고기, 숙주 등이 들어가고 국물은 시원하고 깔끔해서 맛있다! 1인분도 주문 가능하고, 여러가지 토핑추가도 가능하다! 카레가루 토핑을 추천하시지만 깔끔하고 담백한 맛을 좋아해서 그냥 먹었는데도 맛있다.그 외 다양한 술 안주/ 요리가 있고 사케, 맥주, 하이볼 등도 팔아서 다음엔 저녁시간에 술과 함께 음식을 즐기고 싶다",맛있다
2034,마카나이,안선오,"중학생때부터 가던 추억이 있는곳처음엔 단촐한 10석 가게로 시작하며체인점도 많이생겼지만옛날 느낌과 맛(사장님의부재)로 그 맛이 없어진곳처음 먹는 사람들에겐 충분히 맛있는 라멘맛이지만이전에비해 고명의 양도 줄었고 맛도 하향됨2,3년 주기로 주방장이 바뀌었는데 바뀔때마다 맛이 달라짐특히 챠슈덮밥은 더이상 고르면 안되는 음식맛옛날처럼 사장님이 본점에서 요리하셨으면 좋겠네요",별로
2035,마카나이,탱자,라멘을 워낙 좋아하는데 덮밥도 라멘도 맛잇어용 조금 짭짤한 편인거같아용,맛있다
2036,마카나이,페이든,"돈코츠 라멘과 국물은 정말 맛있어요. 매운맛1단계는 신라면 보다 매운정도입니다.다만 계란이 완숙이고 차가워서 별로고, 라면 면발이 붙어 나와서 삶을때 신경써야할거 같아요!",괜찮다
2037,마카나이,닭발러버,제 인생라멘집!! 양이 많으신 분들은 스페셜라멘도 추천합니다 양 진짜 많아요! 차슈도 두껍고 매운맛도 조절 가능하고 국물 진짜 맛있어요ㅜㅜ 국물이 너무 중독성 있어서 면을 다 못먹더라도 밥을 가져와서 국물에 말아 먹게 돼요!,맛있다
2038,마카나이,김상균,초반에 작은 곳에서 사장님 혼자 했을 때는 계란 김치 차슈 완벽했었음....근데 지금은 김치 변하고 계란 거의 완숙 차슈 비린내 남 면은 가끔 뭉쳐서 나오기도 함 진짜 초반에는 내가 이런 맛집을 알고 있다는게 뭔가 부심이 있었는데 지금은 걍 그럼,맛있다
2039,마카나이,silvert,언제가도 항상 좋았습니다. 시립대 상권 음식점이라고는 믿을 수 없을정도.,맛있다
2040,마카나이,hollywood,그냥 한국 라멘집이에요. 엄청 흔한 맛,괜찮다
2041,마카나이,조소,이젠 멀어서 가지 못하지만 전엔 항상 가던 곳. 개인적으로 반지하돈부리보다는 마카나이가 더 취향이다. 얼큰 돈코츠 라멘 너무 좋아요!,맛있다
2042,마카나이,이주현,시립대생들이 라멘 먹고 싶으면 찾는 집복학하고 간만에 갔는데 전보단 맛이 떨어지네요몇년전엔 더 진하고 맛있었던거 같은데 으음..라멘 국물은 날마다 다를 수 있으니까요 뭐 ㅜㅜ다음에 한번 더 가봐야겠네요,괜찮다
2043,마카나이,원땡땡,"주차할 곳도 마땅치 않고 가격도 야금야금 오르지만,맛 괜찮고 양도 적당히 많아요.최근에 위생문제가 있었는데 그정도야 뭐...",괜찮다
2044,마카나이,먹구름,맛 4가성비 3.5분위기 3재방문의사 O새우냉라멘이랑 튀김덮밥 먹었는데 생각보다 너무 맛있었다. 새우가 되게 잘 구워져서 식감도 좋고 새우랑 면이랑 야채가 조화로웠음. 다른 메뉴들도 먹어보고 싶다.,맛있다
2045,마카나이,sobob,밥집이 거의 전무하던 시절 시립대근처에서 그나마 학생들의 외식욕구를 충족시켜주던 일식덮밥 카레 라멘 집. 이제는 확장도 하고 분점도내면서 커졌지만 여전히 고마움ㅋㅋㅋㅋ 내사랑 새우살 계란덮밥은 대체 언제부터 사라졌던건가... 간이센편임,괜찮다
2046,마카나이,승수 Kim,"마카나이 초창기에는 맛있었는데, 지금은 초심을 많이 잃은것 같네요.",별로
2047,마카나이,Pinguguguu,학교주변에서 가장 사랑하는 집. 먹으면 잘먹었다는 느낌이든다. 처음에 왔을 때 차슈동을 먹었는데 두툼한 차슈 덩어리가 밥위에올려져있는 것을 보고 한눈에 마음을 빼았겼었다. 그후로 여기오면 거의 차슈동 아님 차슈 정식을 먹음. 차슈정식은 밥이 따로나오고 양배추가 함께나온다. 나는 고기를 엄청 좋아하기 때문에 이 두가지가 굉장히 잘맞았지만  좀 느끼한거 싫어하는 사람들은 별로일 수 있다. 새우크림고로케덮밥도 많이 먹은 메뉴인데 이건 챠슈동과는 다른의미로 느끼하다. 차슈는 고기기름 느끼함이라면 이건 크림크림한(?) 느끼함. 어쨋든 난 크림역시 매우 좋아하기 때문에 이것도 맛있었다. 이 새우크림고로케는 덮밥도 좋지만 카레랑 먹으면 더욱더 진가를 발휘한다. 매콤한 카레를 먹다가 너무 매울때 고로케를 먹으면 느끼고소한 맛이 카레의 매운맛을 씻어준다. 여기 라멘도 적당히 한국화 되어있는듯 해서 입맛에 잘맞았다. 국물도 진하고 맛있음. 예전에 딴데서 라멘먹고 버린 입을 여기서 고쳤다. 연어는 음..잘모르겠다 그렇게 추천하진 않음. 걍 연어맛인데 딴거에비해 별로다. 연어를 좋아하는데 별로였음.,맛있다
2048,카레집,HP7,깔끔한 일식 카레 및 돈가스집이다.정석대로 나오며 특이사항없음.재방문의사 있음.,괜찮다
2049,카레집,Capriccio06,"시립대 정문쪽 카레집. 카레외에도 덮밥류, 면 요리를 판매하고 보통 정식스타일로 반찬 몇가지와 함께 음식이 나온다. 깔끔한 구성으로 튀김이나 카레 상태가 나쁘진 않은데 그렇다고 특출난 느낌은 아니고, 대학앞 식당치고는 가격대가 조금 높은편이다. 생각보다 토핑 추가가격이 좀 높고, 서브 반찬의 발란스가 안맞다고 느껴질때도 있고 (아주 조금씩 바뀐다), 메뉴별 가격 차이가 좀 애매해서 뭐지... 싶은면이 있으나 가게가 깔끔하고, 어느 메뉴든 아주 망했다 느낌은 아니고, 바 자리에서 혼자 식사하기 편해서 꽤 자주 이용했었다. 멀리서 찾아갈필요는 없지만 공간을 신경쓰는 사람이라면 근처에서 갈곳없을때 가볼만하다.",괜찮다
2050,카레집,형중,가볍게 한끼 때우려고 간 집.야외 테라스에서 먹었는데 늦봄기분 낼 수 있어서 좋았다(맥주까지 시켰으면 완벽했을텐데...)카레정식에 새우튀김 추가한 거랑 치즈돈까스 정식을 시켰다.새우튀김은 엄청 크고 바삭해서 맘에 들었다. 치즈돈까스는 튀김옷이 야악간 눅눅하고 치즈가 기대한 것처럼 늘어나지는 않았다. 카레는 무난. 떡볶이는 음...ㅠㅠ막 특별하게 맛있는 건 아니지만 그래도 괜찮은 가격에 알찬 구성이어서 가볍게 기분내며 먹기 좋았던 것 같다.재방문의사 80%,맛있다
2051,카레집,이미나리,구성이 많다 그만큼 가격이 좀 더 비싼 것 같다샐러드랑.. 떡볶이도 맛있긴하다근데 가츠동이 별로였다양파가 너무 두꺼워서씹는 내내 물컹물컹..ㅎ,별로
2052,카레집,이주현,"시립대 정문 건너편 골목에 위치한 가게. 위치는 안 좋지만 외관이 이뻐서 눈이 간다.카레돈까스정식에 계란후라이 토핑을 추가시켜 먹었다. 간단히 말하자면 그냥 그런 집. 가게 이름 때문에 정말 숨은 카레맛집이 아닐까 기대했지만, 카레는 묽은 편이고 특별히 맛있다는 느낌은 들지 않는다. 오히려 돈까스가 괜찮았다. 가격은 약간 비싸다.",괜찮다
2053,카레집,silvert,저는 두 번 먹어도 두 번 다 별로였어요,별로
2054,카레집,우미,"시립대 학생들이 부러워요~ 말그대로 정말 정식.반찬 하나하나 너무 정성스럽습니다. 이렇게나 싼데, 듬뿍 주시다니.. 소고기 잘게, 부드러운 약간 매콤 카레. 카레덕후로서 폭 빠졌네요ㅋ사진은 카레라이스 정식입니다.",맛있다
2055,카레집,돌아온 킴슐랭가이드,"평점 3/5ㅁ총평맛집 불모지라는 지리적 특성을 고려할 때 그냥저냥 괜찮은 곳ㅁ맛사케동을 시켰는데, 연어가 얼어있었다. 먹다보니 녹아서 나중엔 먹을만 했는데, 처음에는 언 연어가 아삭아삭.... 연어 크기가 엄청 제각각이다. 어떤 건 한 입에 안들어갈만큼 크고 어떤건 엄지손톱만함. 밥 밑에 깔린 소스는 적당히 짭짤했고, 무순이 많아서 좋았다. 와사비 맛도 괜찮았음. 특히 양파를 많이 줘서 아주 좋았는데, 양파도 크기가 제각각이라 먹기 불편했다. 손님이 먹기 좋에 손질해주면 좋을듯. ㅁ양연어 양 대비 밥 양이 많아 밥을 조금 남김. 전체적으로 양이 많은 편은 아님. 양 적은 여자 기준으로 배가 부르다는 생각은 안 들을 정도. ㅁ가성비사케동은 9,000원이라 조금 비싸다고 느꼈다. 시립대 앞이면 전체적으로 비싼 곳은 아닌데.. 다른 메뉴들 가격은 적당하다고 느낌. ㅁ분위기적당히 괜찮은 대학교 앞 식당 느낌.",괜찮다
2056,킨토토,Capriccio06,"대전에 본점을 둔 마제소바 전문점. 간단한 면요리 외에 돈카츠나 카레라이스 메뉴도 있다. 날도 덥고 입맛 없을 때 간단히 먹기 좋은, 약간은 자극적인 비빔면이다.일본 현지식보다는 훨씬 덜 짜고, 멘야 하나비 한국 점포에 비해서도 덜 자극적이다. 식사로 먹기엔 이쪽이 더 편하긴 했는데 마제소바 현지 음식을 기대하고 왔으면 실망 할 수 있겠다. 비빔면이라 살짝 쫀득한 면이 더 취향인데, 좋게 말하면 부드럽고 나쁘게 말하면 살짝 과하게 삶은 느낌이었다. 반숙 계란 반개가 기본으로 같이 나오고, 중간에 다시마 식초 추가해 먹거나 밥을 추가로 비벼 먹을 수 있다. 주류가 저렴하다 했는데 220ml 맥주는 정말 오랜만이다. 잔이 작아서 귀엽고 조금만 먹기는 좋은데 양이 이정도면 비싼 가격 같기도 하다.시내 번화가 같은 메뉴 보다는 가격이 저렴하지만 근처 대학가 일반 식당 가격보다는 가격이 높다. 인테리어나 주문 시스템도 일본 규동가게 느낌에 저렴한 프랜차이즈 느낌인데 (키오스크 주문에 스스로 음식을 찾아오고 먹고 나서 반납해야한다) 묘한 중간 포지셔닝이 대학 앞이라 잘 먹히고 있는지는 모르겠다. 근처면 가끔 이국적인 음식 느낌으로 먹기 괜찮을 것 같고 멀리서 찾아 올 필요는 없을 것 같다.",괜찮다
2057,킨토토,미소,카라이 소바 먹었습니다.양 많아요! 매운 마제소바 궁금해서 먹어봤는데 생각보다 매콤했습니다. 독특해서 좋았어요,맛있다
2058,킨토토,김민성,지나가다 새로 생겼길래 들어가서 먹어봤는데 일본에서 먹었던 그 맛입니다..!,맛있다
2059,킨토토,팡현,맛돌이에용~,맛있다
2060,킨토토,김건호,"마제소바랑 돈카츠 모두 특이한 소스인데, 넘 부담스럽지 않고 맛있어요! 재방문 의사 있습니다",맛있다
2061,킨토토,안수빈,너무 맛있고 인테리어도 깔끔해요!,맛있다
2062,킨토토,k.suyeon,"지나가다가 외관이 너무 귀여워서 들어왔는데, 맛도 분위기도 최고에요 !! 사실 모둠카츠가 먹고싶었는데 처음가는 음식점에서는 대표 메뉴를 먹어야하니까 ㅋㅋ마제소바로 선택해보았습니다 ㅎ.ㅎ 아니 그런데 이런맛이 !!!! 짱맛탱구리.. 내가 지금까지 먹은 마제소바는 무엇이었을까 먹고있는데도 더 먹고 싶은 맛이에여... 내일 또 와야지",맛있다
2063,킨토토,이우빈,넘모 맛있어요!!! 마제소바가 진짜 맛있어용!,맛있다
2064,킨토토,이준호,너무 맛있네요,맛있다
2065,킨토토,HG,카라이 소바와 모듬카츠 주문했는데 맛있었어요!,맛있다
2066,킨토토,먹준,대전 명물 킨토토가 드디어 서울에 생겼나고 해서 다녀왔습니다! 마제소바 여전히 맛있고 카츠도 짱짱,맛있다
2067,가야가야,ssava,맛이고 나발이고 사장이라는 사람이 너무 불친절합니다혹시 누가 시켜서 억지로 장사하시나요..?,별로
2068,가야가야,갈색곰도리,워낙 돈코츠라멘을 좋아해서 가끔 라멘 땡길 때 가서 먹었었다. 다른 분들 리뷰처럼 국물이 많지는 않다. 면이 살짝 단단하게 씹히는 느낌인데 내 입맛에는 잘 맞았다! 계란이랑 차슈 추가해서 먹으면 진짜 배부르게 먹을 수 있음 다만 가성비가 좋은 편은 아닌 듯하다. 분위기는 진짜 일본 라멘집 같고 좋지만 테이블이 몇 개 없고 좁다!,괜찮다
2069,가야가야,Ray,돈코츠라멘(7000원) 먹었는데 좀 짰어요. 전체적으로 평범한 듯.,괜찮다
2070,가야가야,뎜(dyeom),2017.06.09라멘 처음 먹어보는거라서 뭐 먹을까 고민하다가 매콤한 탄탄멘 선택.양이 적을거라는 예상과 달리 매우매우 많아서 배가 불렀다.분위기도 좋았다. 달걀 추가해서 먹을걸! 그게 좀 아쉽다,맛있다
2071,가야가야,AlexTheFood,"170512.맛 ★★★☆분위기 ★★★ 가성비 ★★☆ 재방문 의사 있음 주문한 메뉴 (1명 방문) 돈코츠 차슈멘 - 9000원 아지츠케 타마고 (하루 60개 한정) - 1000원 총 10000원예전에는 외대 앞 일본 라멘하면'마루기'가 제일 먼저 나왔는데,나는 사실 마루기를 별로 좋아하지 않는다.'일식'으로 한정지었을 때는분명 무난하고 괜찮은 식당이지만,'라멘'으로 한정지었을 때돈코츠의 진한 육수를 좋아하는 나로서는도저히 맛있다고 할 수 없는 라멘이라서...그러다 우연히 새로 생긴 라멘집이 있다고 해서혼자 비오는 날 한 번 찾아가 본がやがや (가야가야) !물론 내가 군대 다녀오고 휴학까지 했어서생긴지 조금 됐음에도 여태 모르고 있었던 것이지만어쨌든 이제라도 알아서 가게 된 가야가야!메뉴는 돈코츠와 미소 라멘,탄탄멘과 소바까지 면류를 주로 팔고가격대는 8000-9000원대.근처 경쟁집이라고 할 수 있는마루기에 비해 가격은 좀 더 높지만면류에 특화되었다는 점이 눈에 띄었다.가게는 조금 좁았지만나름 인테리어를 신경 쓰신 느낌이 났고혼밥하기 좋은 자리도 꽤 많아서 좋았다.나는 돈코츠 라멘에 차슈가 더 올라간돈코츠 차슈멘에,하루 60개 한정으로 판매하신다는아지츠케 타마고를 추가해서 주문했다.밑반찬을 먼저 내주셨는데,개인적으로는 부추절임이 꽤 맛있었다.주문한지 15분 정도 지난 후 나온돈코츠 차슈멘과 아지츠케 타마고는생각보다 괜찮았다.비슷한 가격의 홍대 라멘집에 비하면당연히 조금 떨어지는 퀄리티였지만,외대 근처에서 이 정도 라멘이라면 뭐.물론 차슈랑 타마고 둘 다 추가된 메뉴라서괜찮다고 느끼는 것 같기도 했지만,그래도 분명 마루기의 라멘보다는 나았다.몇 가지 아쉬웠던 점을 꼽아보자면차슈가 너무 얇다는 점과국물이 너무 적었다는 점.사실 국물은 먹다보니그렇게 적다는 느낌이 들지는 않았지만,타 라멘집에 비해 적어서 그렇게 느껴졌고,차슈는 정말 너무 얇았다.그렇다고 토치로 구운 흔적도 없어차슈라기엔 얇게 저민 수육 같은 느낌.그래도 개인적으로 아지츠케 타마고는꼭 추천하고 싶다.이렇게 제대로 된 반숙 계란 은근 찾기 힘든데,하루 60개 한정이라고 하니혹여 이 곳에서 먹게 된다면 꼭 추가하시길!외대앞에서 굳이라멘을 먹으려면 가야가야.솔직히 라멘만 취급하고,가격도 조금 더 비싸므로마루기보다는 더 나은 맛을 보여줬지만,그래도 여전히 타 지역 라멘집들에 비하면경쟁력이 좀 많이 떨어진다.그나마 이 곳의 장점이라고 할만한아지츠케 타마고만 해도,사실은 우마이도가 더 맛있었기 때문에...사실 외대 앞에서굳이 라멘을 먹어야 하나 싶지만,그래도 굳-이 먹겠다면일본 라멘으로 한정했을 때역시(어쩔 수 없이) 가야가야를 추천한다.* 혹여 가게된다면 돈을 조금 더 내더라도나처럼 이것저것 추가해서 먹길 바란다.추가 안했다가 별로라고 욕하지 마시길...ㅜㅠ",괜찮다
2072,가야가야,띵시,"가성비 ●●●○○맛 ●●●○○분위기 ●●●●○재방문의사 75면이 얇고 국물이 담백한 편. 돈코츠 차슈멘 속 고기는 차슈 보다는 종잇장같은 편육에 가깝지만 잡내가 없어 괜츈. 인테리어 깔끔, 일본 분이 영업한다고 한다. 라멘 이외에도 탄탄멘 등 선택의 폭이 넓다. 다만 아쉬운 점은 국물이 너무 적고 가격대가 높아 이문동 라멘경쟁에서 밀려나기 쉽다는 것.",괜찮다
2073,특별식당,북극곰,"고대에서 조용하게 일본 가정식을 먹을 수 있는 몇 안되는 집. 메인 상권에서 떨어져 있는 곳이라 조용하고, 맛은  무난하니 괜찮다. 카레는 전형적인 일식 카레이나 가성비가 좋은 것 같고, 고로케는 맥주 안주로 굳.",맛있다
2074,특별식당,준영,카레 자체만 보면 무난하게 먹을만한데 토핑까지 추가해놓고 보면 가성비가 좀 떨어지는 느낌이에요. 갠적으로는 아비꼬가 좀 더 나은 느낌이었어요ㅠㅠ 그래도 오야꼬동 파는데 잘 없어서 그거 먹으러 또 한번 올듯!,괜찮다
2075,특별식당,h,꽤 괜찮은 곳양은 적으나 맛이 괜찮고 가격이 나름 저렴,맛있다
2076,특별식당,설호,학교다니면서 가본 많은 음식점중에서 최애라 꼽을수 있는 맛집!사진은 오야꼬동이랑 사이드메뉴인 고로케인데오야꼬동 제발 먹어주세요ㅠㅠㅠ 입에서 녹는다는게 이런맛이라는걸 느낄수 있을거에요!닭고기랑 계란 둘다 뭐가 닭고기고 뭐가 계란인지 구별이 안갈 정도로 식감이 매우 촉촉하고 부드러워요. 밥알은 한톨한톨 꼬들꼬들한 식감을 자랑하고 간장소스의 맛은 딱 적당한 정도로 깔끔하게 밥과 덮밥재료들을 감싸는 맛입니다.일주일에 한번씩 다시 가고싶게 생각나는 맛이에요.시험이나 과제 때문에 힘들때마다 와서 한끼 먹고 위로받고 갔습니다. 사장님 번창하세요♥,맛있다
2077,특별식당,조은짱,음 그냥 보통이었다는 느낌..? 안주 메뉴도 시도해보고 싶네요!,괜찮다
2078,특별식당,정창환,제기동에 있는 맛집. 발리하이 옆에 위치해있는데 시바견이 킬링포인트. 5500~7000원 사이며 중간에 브레이크타임이 있다. 혼밥하기 좋은 테이블도있고 소박하니 안락함. 맛도 있음. 재방문의사 있음.,맛있다
2079,진키친,kkonoo,그냥 무난한 일본 가정식. 가격도 보통,괜찮다
2080,진키친,Ray,- 인근에서는 갈 만한 깔끔무난 일본가정식간장새우정식에 계란노른자 추가해서 주문했어요. 메인인 간장새우가 살짝 비린맛이 있긴 했지만 계란노른자랑 같이 먹으면 묻힐 정도여서 나름 괜찮았는데요. 대신 노른자 때문에 먹다 보면 좀 물리는 느낌은 있었어요. 이래서 샐러드 양이 많은 건가 싶을 정도였는데 넉넉하고 상큼한 샐러드 덕분에 물릴 때마다 잘 넘어갈 수 있었습니다ㅋㅋㅋ정식의 기본 구성은 정갈하면서 양도 충분해서 만족스러웠어요!두부 드레싱이 꿀떡 속이랑 똑같은 맛이라 조금 의외였지만 괜찮았고요. 장국은 정말 깔끔해서 좋았어요. 한가지 아쉬웠던 건 튀김이 바삭하지 않았다는 거ㅠ그래도 전체적으로 깔끔해서 좋았던지라 회기에서 일본가정식 먹고 싶으면 또 올 거 같아요!,괜찮다
2081,진키친,띵시,"가성비 ●●●○○맛 ●●●○○분위기 ●●○○○재방문의사 30기대를 많이 하고 가 아쉬웠던 곳. 12월 중순경 방문했으며, 당시에는 왼편의 옷가게와 입구를 공유하는 특이한 구조였음! 북적이는 식당과 반대로 옷가게가 너무 한산해 뭔가 민망했던 기억이 남.가라아게 정식과 부타가쿠니 주문. 동행의 메뉴였던 부타가쿠니의 경우 이게 무슨 맛이지 할 정도로 별로라 이를 권한 내가 민망해질 정도. 종잇장같은 삼겹살을 간장에 끓여 낸 요리임. 추천하지 않음. 가라아게 정식은 바삭한 닭강정 느낌. 좀 더 풍부한 맛과 가볍게 바삭한 느낌을 기대했는데 기대에 못 미침. 전체적인 찬 구성도 약간 아쉬웠고, 무엇보다도 실내가 눅눅한 느낌이 들며 약간의 냄새가 났기에 빨리 나가고만 싶었음.너무 악평을 하긴 했지만... 그래도 회기 쪽에서 일본가정식 먹고플 때 한 번쯤 방문하기엔 괜찮은 곳임!",괜찮다
2082,진키친,미콩,"한국인 입맛에 맞추어 일본식을 재해석 하였다는 진키친그냥 경험상 <재해석>한 곳은 해석하는 사람의 관점이 주될 수밖에 없어서 개인적으로 그렇게 잘 맞았던 적이 별로 없었어요유명한건 포실포실하다는 오므라이스인데 쌀을 안 먹으니 오므라이스는 글렀고, 치킨은 좋아해도 가라아게는 잘 찾지 않는데 이날은 유난히 튀김이 땡겨서 가라아게 주문그리고 역시나 ㅠ 제 입맛에는 가라아게 특유의 튀김에서 나는 양념맛이라든가 고기의 튀김정도라기에는 거리가 좀 멀고, 그렇다고 우리나라식 입맛이라기에는 가라아게와 비슷하다는 닭강정느낌도 아니고. 여러모로 애매했습니다사실 여기 가장 애매한 것은 입구인데요 옷집이랑 붙어있는데 옷집 통해서 들어와야 해요 아주 오갈 때마다 좀 민망해서••• 그리고 굉장히 협소한 편인데 테이블은 또 좀 있어서 밀착해서 식사를 해야한다는 점도 그닥 좋진 않아요",괜찮다
2083,진키친,제이,"사진: 연어장정식, 명란구이(추가)혼자 밥먹을 만한 곳을 찾다가 들어간 곳. 정말 맛있었다. 연어장이 정사각형 모양으로 접혀 있어서 씹는 맛이 살아서 너무 좋았다. 튀김들은 튀김옷이 엄청 얇긴 했는데 먹을만 했다. 연두부도 반찬으로 나오는데 소스가 호불호가 좀 갈릴 맛이다...명란구이는 처음 먹어봤는데 짭쪼름한 생선맛이었다! 가격은 메뉴 하나당8000원 초반이었다. 다음에 또 오고싶은 곳!",맛있다
2084,진키친,즌짱,"회기에 새로 생긴 일본 가정식 집. 포실포실한 오믈렛도 맛있고, 가라아게 정식의 가라아게도 겉은 바삭하고 속은 촉촉한 게 맛있습니당 ㅎㅅㅎ 다양한 메뉴와 안주 메뉴가 있어욤",맛있다
2085,아비꼬,kkonoo,토핑 관련해서는 아비꼬가 지점차가 좀 있는 듯.. 좋은 지점이라고 할 수는 없고 그냥 보통 지점.,괜찮다
2086,아비꼬,노가리구운김,아비꼬가 아비꼬지 뭐... 맛있당. 이빨 누래지는 맛,맛있다
2087,아비꼬,Lee,개인적으로 굉장히 좋아하는곳. 카레에서 깊은맛이 나고 고로케도 맛있다! 무한리필이 되는 마늘후레이크와 상에 있는 짠지(?)를 곁들여 먹으면 꿀맛!,맛있다
2088,고씨네,Ray,"카츠카레 시켜먹었는데 돈까스가 밥이랑 층으로 분리되어 와서 여는 순간 마음에 들었습니다ㅋㅋ 이런 섬세함 좋아요!그리고 돈까스를 들어올려 밥을 보니 엄청 많더라고요. 카레를 다 부어야 되나 덜어먹어야 되나 싶을 정도였는데 정답은 덜어먹는 것이었습니다.... 토핑만 추가로 시킬 수 있다면 두 번 먹을 수 있는 어마어마한 양이었거든요. 근데 카레를 부어버리면 밥이 다시 먹을 수 없는 상태가 돼서ㅠㅠ다만 카레 자체는 아주아주 무난한 체인점 카레 맛이었어요. 돈까스는 섬세함 덕에 제법 바삭하니 괜찮았고요. 맛집은 아니지만, 직장인의 점심처럼 가끔씩 근처에서 한끼 먹는 식당으로는 괜찮은 것 같아요. #아무리뷰",괜찮다
2089,고씨네,JW,갑자기 일본카레가 땡겨서 먹었는데 괜찮았다ㅋㅋ  일본카레인데 사실 코리안스타일이라 개운해서 굿!,맛있다
2090,고씨네,E.T Jun ,외대앞역에 있는 일본식 카레 전문점입니다. 맵기를 조절할 수 있는데 1정도가 즐겁게 매운맛을 즐길수 있는 정도의 맵기인것 같습니다. 돈까스카레우동은 괜찮은 수준에 돈까스가 곁들여져 나왔고 버섯 카레우동은 두세가지 종류의 버섯이 들어가서 식감이 좋았습니다.  고씨네 스페셜카레에는 새우튀김 하나와 닭튀김 2개 그리고 돈까스가 곁들여져 나오는데 튀김들의 조리 정도와 맛들이 괜찮았습니다. 그리고 아무래도 면사리가 들어가지 않으니까 카레우동보다 카레가 좀더 깔끔하고 매운맛을 내는 것 같았습니다. 전반적으로 애니메이션 원피스를 테마로 한 인테리어가 깔끔했고 젊은 직원 두분이 친절하게 응대해주셔서 기분이 좋았습니다. 가성비가 약간 떨어지긴 하지만 매운 카레가 먹고싶을때 또 방문할것 같습니다.,괜찮다
2091,고씨네,AlexTheFood,"170216.맛 ★★★분위기 ★★★☆ 가성비 ★★★ 재방문 의사 있음 주문한 메뉴 (2명 방문) 고씨네 스페셜 카레 2개- 8500*2 =17000원 총 17000원오랜만에 친구를 외대앞역에서 만났다.경희대를 갈 일이 있었는데,회기역보다 외대앞역에 내려외대를 지나가는 것이 더 빨랐으므로...어쨌든, 점심으로 뭘 먹을까 고민하다가그냥 일본 카레가 보이길래 바로 들어갔다.'일본 카레 전문점 고씨네 카레'이렇게 적혀있고,간판도 꽤 깔끔해보여서 그냥 들어간 건데,들어서는 순간 내 눈을 잡아끄는 것이 있었다.원피스라니!포스터와 피규어까지 있다니!조로 포스터가 너무 멋있어보여서몇 번을 계속 쳐다봤다.어쨌든 내 기준으로굉장히 잘 꾸며놨다는 생각이 계속 들어여기 저기 막 찍어댔다.인테리어도 잘해놓아서 꽤 넓어보였고대학가 식당치고는 내부도 꽤나 깔끔했다.가격은 거의 6천원에서 만 원 미만 정도로대학가치고 싼 가격은 아니었지만,주위 일본 카레를 파는 곳들에 비하면싸다 생각해 부담없이 스페셜 카레를 시켰다.돈까스, 새우튀김, 감자 고로케,닭 튀김(가라아게)까지 구성이 좋았다.맛도 괜찮았고.처음 나왔을 때는 왠지 적어보였지만다 먹고나니 배가 많이 불렀다.나랑 같이 먹은 애는 남겼다.물론 남자치고 입이 짧은 애긴 했지만.어쨌든 이 근처가 대학가이기 때문에가성비가 좋다 말할 수는 없지만,원피스와 일본 카레가 좋다면충분히 가 볼 만한 집인 것 같다.사실 '와, 완전 맛있다!' 정도는 아니지만타 일본 카레 체인점과 크게 다른 점이 없다.그런 것들을 감안하면가성비는 괜찮다고 말할 수 있지만,역시 대학가 물가를 또 생각하면싼 가격은 아니기 때문에 이런 면에서는가성비가 좋다고도 말할 수 없다.하지만 난 외대나 경희대 근처에서일본 카레가 땡기면 다시 여기로 올 것 같으니그 정도의 추천 정도는 해 줄 수 있다.그러니 외대생인데 일본 카레가 땡긴다면?경희대생인데 오늘 일본 카레가 먹고 싶다면?아니면 근처에서 친구와 약속이 있는데친구가 일본 카레를 좋아하는 사람이라면?한 번 가 보자.멀리서 굳이 와서 먹을 필요는 없지만,근처에 일본 카레 괜찮은 곳도 별로 없다.아, 원피스를 좋아하면분위기에 별 반 개 정도 더 줄 수 있으니분위기 ★★★★라고 생각하고 가도 좋다.",괜찮다
2092,고씨네,띵시,매운카레 전문점이지만 생각보다 맵지 않은.... 돈까스카레만 판매하지만 특별히 맛있는 돈까스가 아닌.... 매우 노멀한 식당이에요. 카레가 생각날 때 한번쯤 또 갈수도 있음!,괜찮다
2093,카빙당,이리저리,가라아게 카레 : 7000원가게가 전체적으로 분위기도 아기자기하고 깔끔해서 가게 이름 그대로 '카페를 빙자한 식당'이었어요ㅎㅎ카레도 카빙당만의 향이 담겨있어서 좋았어요,괜찮다
2094,카빙당,kkonoo,일본 카레보단 노란 카레라이스 느낌. 양이 푸짐하고 토핑이 실해서 만족스러워요,맛있다
2095,카빙당,미콩,"회기투어-1점심에 뭐먹을지 못정해서 회기까지 와준 친구와 학식대신 고른 곳ㅎ.ㅎ 친구는 더 넓은 공간이 펼쳐지는 것을 신기해했고,, 물가를 신기해했고,, 영업 끝에 새우튀김을 전파했으나,,, 아무튼 별 생각없이 찾기 좋은 곳이랍니당",괜찮다
2096,카빙당,미콩,"처음에 뭣모르고 카레우동만 시켰다가 저렴한 가격주고 배고프게 나왔는데 새우튀김 시킨 동행인의 새우를 하나 뺏어먹고 이후로 여기오면 무적권 새우만 먹어요카레는 진퉁의 맛은 아니지만 가격 생각하면,, 눈물 흘리며 절해야함 뭣보다 사장님부부내외가 정말 친절하쉽니당 ㅠ",괜찮다
2097,카빙당,나영이,"카페를 빙자한 식당, 카빙당! 경희대 후문 쪽에 위치한 대학생들의 점심을 책임지는 작은 밥집. 확실히 점심시간에 가보니 대학생들로 바글바글! 좁은 공간인 줄 알았는데 갑자기 문이 열리더니 또 다른 공간이 나오더라구요!일본식 카레에 새우튀김이 맛있다해서 토핑추가해서 먹었어요! 일본에서 카레를 안 먹어서 일본식 카레맛은 잘 모르는데 약간은 매콤한 베이스의 괜찮은 느낌이었어요. 엄청난 맛은 아니지만 무난무난 맛있던 카레! 다만 이 집에선 새우튀김이 단연 돋보이네요!! 바삭하고 얇은 튀김옷 속을 꽉 채운 새우의 식감, 온도 너무 좋았어요. 카레를 머금고 있지 않아 눅눅해질 걱정도 없어요!밥은 약간 뭉쳐져있는 느낌이라 아쉬운 점도 있었지만 정말 간단히 점심식사를 하러 온 것 이기에 아쉬움이라 하기 애매.. 심지어 가격도 너무 착해서 장점으로 충분히 커버되는 느낌!사장님 두 분 너무 인상도 좋으시고 정성스레 학생들에게 밥을 제공하는 부모님 같은 느낌!! 학교 근처에 이런 집이 있어서 부러울 따름!!",맛있다
2098,카빙당,승비리,맛있어요. 그리고 꽤 저렴해요 주인 아저씨가 너무 친절하세요왜 안가세요? 너무 좋아요,맛있다
2099,카빙당,NP,여름에 품질관리 의문,별로
2100,카빙당,qwert,진짜 가성비 갑이라고 당당히 말할 수 있음저 크기 새우튀김 3개에 2천원이면 이제 아비꼬 발길 끊습니다.돈까스는 별로였고 여기는 ㄹㅇ 카레라고 말할수있습니다가세요 여러분,맛있다
2101,카빙당,빈빈,당근맛커리,괜찮다
2102,카빙당,E.T Jun ,외대 도서관 뒷길에 있던 카빙당이 후문쪽으로 이전했습니다. 경희대 올라가다가 카페킴랩 지나서 왼쪽으로 꺾으면 지하로 안내하는 간판이 보입니다. 카페를 빙자한 식당이라는 상호처럼 카페같은 분위기에서 식사를 할 수 있는 곳이라고 소개하고 있는데 개인적으로 이전하기 전보다는 그런 느낌은 조금 덜한 것 같습니다. 장점은 편안한 분위기에서 저렴한 가격에 식사를 할 수 있다는 점입니다. 웬만하면 6000원이 안넘는 가격에 일본가정식 느낌의 식사를 하실 수 있습니다. 돈카츠는 일본식이라기 보다는 한국식 돈까스에 가까운데 크기도 크고 튀긴정도도 바삭하고 좋았습니다. 에비카레는 점도가 낮은 부드러운 카레에 새우튀김 두개가 나옵니다. 전반적으로 편안한 분위기에서 친절하신 사장님 내외가 맞아주시는 기분좋은 식당입니다.,괜찮다
2103,카빙당,촘촘,^_^,괜찮다
2104,백돈,알리미,훌륭해요 소스 피클 다 수제로 만드는데 맛잇네요 일반 로츠 시키고 친구는 스페셜 시켯는데 후회햇고요 3천원 더 내고 무조건 스폐셜 드시길 아 스페셜 먹을걸,맛있다
2105,백돈,키다리아저씨,"경남 관광호텔 주변은 다양한 식당과 술집~ 그리고 숙박업소들이 밀집된 지역인데... 대로변 경남호텔 바로옆에 화이트톤의 깔끔한 매장이 오픈해서 가봤더니 돈카츠 전문점이더라구요.건물 뒤편에 주차는 가능하지만 좀 불편한 공간이였구요~ 매장내부는 최근에 오픈해서 그런지 작지만 카페 느낌처럼 깔끔했어요.다른곳과 살짝 다른점이 있다면 로스카츠의 종류가 4가지??!! 기본 로스부터 프리미엄이라는 생특등심에 가브리살+목등심의 부위부터 스페셜이라는 일반 로스에 프리미엄 로스를 섞은 메뉴~ 그리고 모짜렐라 로스까지 4가지 있는데 사실 프리미엄과 스페셜의 큰 차이점은 몰라서 이곳에서 제일 비싼 프리미엄으로 주문하고, 안심인 히레카츠도 하나 주문해봤습니다.로스나 히레 모두 제주산 돼지고기를 사용네요^^튀김옷은 바삭한 편이지만 살짝 기름진듯했구요~ 프리미엄 로스카츠의 부위마다의 식감이나 맛은 재미있었으나 가끔씩 질긴 부분이 나와서 당황스러움도 있었습니다. 그래도 전체적으로 부드럽고 괜찮은 편이였어요^^히레카츠도 로스보단 좀더 부드러웠으나 이것역시 중간중간 치감이 걸리는 부위가 있어서 살짝 아쉬움은 남더라구요~깨와 카츠소스는 별도로 준비되어 있으며 핑크솔트와 겨자도 돈카츠와 함께 나와서 취향에 맞게 찍어 먹기엔 좋은듯해요^^  가격대도 이정도면 괜찮은 편이라 생각하는데...중간중간 손질이 잘못된건지...살짝 질긴듯한 부분은 아쉬웠지만~ 로스카츠의 조금씩 다른 부위의 맛을 경험하기엔 괜찮다고 생각해요~사는곳에서도 가까운편이라서 기회가 되면 카츠류와 면 종류도 시도해볼까 합니다. 과연 면이나 육수가 어떨지 궁금해지네요.",괜찮다
2106,백돈,Sam,로스카츠 11천원히레카츠 11천원친구랑 로스랑 히레 각각 시켜서 나눠먹너봤습니다.고기가 부드럽고 도톰해요. 개인적으로 히레는 좀 많이 부드러워서 씹는맛이 로스보다 별로인듯. 좀 퍼석한 것 같기도 하고요.로스는 그에 비해 조금 더 쫄깃한 식감도 있고 비계부위도 살짝 있어서 고소합니다.밥이 좀 꼬들하다 못해 마른 느낌인 점은 조금 아쉬움.전체적으로 가게가 주위 상권에 비해 아기자기 깔끔하게 인테리어 해놔서 좋습니다.다음번엔 프리미엄 로스카츠(14천원)를 시도해봐야겠어요.,맛있다
2107,백돈,Holly,I love it here! We've been many times as it's nearby. The katsu is always crispy and I love that pineapple is a side dish. The premium katsu is so good and sells out a lot.  It's the best katsu I've had in Seoul so far.,맛있다
2108,동경,월요일은하체,"이거 뭐죠? 완전 혜자.. 완전 바삭바삭하고 맛있었어요! 우동이랑 냉모밀도 너무 맛있었어요! 사장님도 엄청 친절하시고 음식 나오는 속도도 좋았습니다! 모밀 정식 9천원, 우동 정식 9천원! 정식메뉴일 뿐인데 거의 2인분 나온것 같아요..다음에도 올 의향 100프로!",맛있다
2109,동경,사진안찍고 먹기만하는 리뷰어,일본 가정식 돈카츠 컨셉이라 생각한다. 일식에는 문외한이라 장담은 못한다.먼저 맛에 대해 한 문장으로 함축하자면 일단 '미소야'는 이긴 집이라고 감히 자부한다.사장님 내외분(이라 추측한다)도 친절하시고 가게 분위기도 뭔가 차분한 느낌이 든다.약간 외진곳에 있어 눈에 띄지는 않지만 가서 손해보진 않을것이다.,맛있다
2110,반지하돈부리,미동이,흠..굳이란 생각이..,별로
2111,반지하돈부리,해띠,최애는 핫도리동!후문에서 가까워서 좋았다.,맛있다
2112,반지하돈부리,minarimani,저렴한 가격에 양도 많고 맛도 있고! 양념 같은 것 제품 안쓰시고 매번 연구해서 만드신다는데 그래서인지 자극적이지 않아 좋아요,맛있다
2113,반지하돈부리,이주현,"시립대 주변이 휑하지만 그래도 맛집을 꼽으라면 이 곳은 꼽을만 합니다. 가츠동의 튀김 상태, 양, 소스 뭐 하나 나무랄 곳이 없었습니다. 시립대 근처는 유난히 시간이 지나면서 맛이 변하는 곳이 많던데 여긴 변치 않길 바랍니다.. ㅜㅜ",맛있다
2114,반지하돈부리,고수추가요,"돈부리 좋아해서 여기저기 많이 다녀봤는데 가격대비 양이 진짜 많음. 메인메뉴인 가쯔동은 등심 말고 안심으로 만든 돈가스여서인지 정말 부드럽고. 사케동의 연어는 숙성이 진짜 잘 돼서 식감, 색감 모두 그뤠잇이었다. 대학가 장사라 방학 기간, 특히 겨울 방학 기간에는 학기중에 한참 손님 받을 때보다 신경을 덜 쓰는 듯 보이지만 이건 모든 대학가 식당들이 그렇기 때문에 너그러이 이해할 수 있다(특히 시립대 후문 인근은 겨울방학이 되면 사람이 진짜 없다)아 그리고 지금은 없어진 메뉴지만 마구로동에 참다랑어를 쓰길래 진짜 놀랐었다. 조그만 동네 돈부리집이면 어떤 참치를 쓰던 신경 쓰는 사람 아무도 없을 텐데 가장 좋은 참치를 받아서 쓰시길래 뭐지?! 싶었다. 결과적으로는 잘 안 나가서 없어지긴 했지만 싸장님이 메뉴 하나하나 부단히 공을 들인다는 걸 엿볼 수 있었음. 굳굳",맛있다
2115,반지하돈부리,silvert,꽤 맛있어요. 가격도 이정도 맛에 딱 적당하고 괜찮음.,맛있다
2116,반지하돈부리,승수 Kim,"시립대 인근에 돈부리집이 별로 없긴하지만...갈때마다 맛의 편차가 좀 있네요.규동과 가츠동은 괜찮지만, 나머지메뉴는 추천하기 어려움.",괜찮다
2117,코코이찌방야,임맛잘봄,프렌차이즈의 대중적인 그 맛. 카레를 좋아한다면 먼저는 명반을 찾거나 인도카레집 등등 찾다가 없어서 먹고싶을 때 무난히 먹을 만한 코코이찌~카레는 대체적으로 맛있으나 이벤트로 받은 고로케나 돈까스 등 튀김류는 기름이 좀 아쉬운~~방문한 시간이 매장 마감쯤 되어서 그런것으로 이해하고 패스!!!자주 가지는 않음,괜찮다
2118,코코이찌방야,즌짱,"멀리 가기는 귀찮고 카레가 먹고 싶을 때 오는 곳. 하프 가라아게 카레와 닭가슴살 카레를 먹었어요!늘 그랬듯이 가라아게는 맛있었어요 ㅋ ㅋ ㅋ ㅋ 닭가슴살 카레는 처음 먹었는데 닭가슴살이 결 따라 찢어놓아서 먹기 편하고 맛있었어요. 예전에는 기본 2신에 기분 따라 4-5신도 먹었는데 오랜만이라 그런가 1신으로 먹어도 맵네요 ㅠ 밥 양도 조절할 수 있는데 양이 적은(?) 저는 적게 먹을 수 있어서 좋아요. 하프 토핑이 생긴 것도 좋습니다 ㅎㅎㅎ아 그리고 코코이찌방야가 처음 들어올 때에 비해 요즘은 일본 카레 체인이 다양하고 많아져서 메리트가 좀 없는 느낌.. ㅎㅁㅎ.. 그래도 체인들 가운데서는 코코이찌방야가 제일 낫다고 생각합니단,, ㅎ",괜찮다
2119,코코이찌방야,wonder_Alice,괜차나요 . 청량리에서 밪한끼 먹기 좋은 곳 가격이 비싸다고 생각될 수 도 있지만 양이 나름 실해서 괜춘해요 . 새우랑 비프 들어간 커리가 맛있고 가라아게도 잘 튀겨낸 편이에요 .,괜찮다
2120,코코이찌방야,모모씨,남친이 추천해서 처음 먹어봤는데 맛있었어요!! 갠적으로 오믈렛 들어간 카레가 맛있습니다♡♡ 오복채는 반찬통에 꽉 채워져 있는데 전용수저로 조금씩 덜어서 카레하고 같이 먹으면 맛있어요♡,맛있다
2121,쿠마키친,미동이,그닥,별로
2122,쿠마키친,Ray,"치즈함박스테이크(9500) 먹었는데 '괜찮다'와 '별로' 사이였어요. 맛을 생각하면 아쉬운 점들이 있었지만 별로를 주긴 그렇고, 근데 가격을 생각하면 괜찮다가 과한 느낌ㅋㅋㅋ우선 함박스테이크를 튀긴 건 좋은 시도라고 느꼈어요. 게다가 소복히 쌓인 눈꽃치즈는 아름다울 정도ㅋㅋㅋㅋ하지만 함박 자체가 맛있는 정도는 아니라 아쉬었고, 소스도 살짝 밍밍해서 테이블에 있는 돈까스소스를 섞어먹었어요...가게는 깔끔하고 괜찮은데 혼밥할만한 2인석 자리는 주방과 카운터에서 가장 가까운 자리에 나란히 있더라고요. 원래 혼밥 잘해서 거기까지는 괜찮았는데 평일 저녁에 갔더니 혼밥하러 오신 분들이 꽤 있어서 다들 나란히 주방 쪽을 바라보며 밥을 먹는 게 조금 민망했어요ㅋㅋㅋㅋ",괜찮다
2123,쿠마키친,조소,"나베 땡길 때마다 가는 곳! 로제카츠나베와 오리지널 나베를 제일 애정한다. (나베 외에는 아직 먹어본 적 없음)기본적으로 달게 나오는 편이라, 매콤한 로제카츠나베를 제일 자주 먹는다.양이 작아보이는데, 먹으면 은근 배부른 집!",맛있다
2124,쿠마키친,쮜블리,"회기역쪽에 새로생긴 돈까스집! 혼밥으로 로제소스 돈까스 먹었는데 진짜 맛있네요. 인테리어 깔끔하고, 직원분들 짱 친절하고 가격도 7천~9천원 선이에요. 양배추도 진짜 짱짱 계속 리필해주세요~~~~ 회기역에 은근 맛집 없었는데 새로운 곳 발견해서 좋네요.",맛있다
2125,아키타,hyeminlee,"메뉴도잡다하고 특징 없지만, 그냥 동에 음식점 도와주는 마음으로 몇번 갔었는데 주인아줌마 서비스에 진짜 너무 실망. 포장 주문 하고 사탕껍질 하나 버리려고 쓰레기통 어딧냐고 물었는데 집에가서 버리라고 도끼눈을 뜨고 진짜 정색하며 화냄. 너무 어이없고 놀랐는데 내가 가만있으니까 옆에 애도 있었는데 애한테 좋은거 가르친다며 나한테 훈계질까지 하길래 진짜 나도 포장한거 무르고 던져버리고 나오고 싶었지만 참음. 진짜 어이없고 화났는데, 그런 서비스 정신이니까 메뉴도 그따위고 다시는 오지 않겠다고 생각함. 아줌마가 무서우니 다들 조심하세요",별로
2126,아키타,snoopy,"일식집에서 파는 짜장면, 짬뽕, 탕수육 메뉴를 보는 순간 안 먹어보고 싶었어야 했는데, 기어이 시켰더니 꼭 집에서 한 것 같은 음식들이 나왔다. 쩝 ~!",별로
2127,빨강동 39호,권오찬,"* 한줄평 : 풍물시장에서의 득템이번 주말도 여지없이 뒹굴러 뒹굴러하다가 안 되겠다 싶어 청계천 주변 산책나왔는데.. 오늘따라 왠일인지 발걸음이 황학동 풍물시장으로..이것 저것 구경하다가 망플에 등록된 우동/국수집에 왔는데, 왠걸 시장에서 득템한 기분이다.가쓰오로 국물을 낸 일본 오뎅과 유부를 근간으로 한 우동집인데, 줏대없게도 각종 생선구이와 냉면, 된장찌개와 묵무침까지 스펙트럼이 어마무시하다! 이렇게 복잡 다단한 메뉴층을 가진 식당은 모든 메뉴가 평타 이하라는게 내 경험의 소산인데..별다른 반찬은 없지만, 우동과 함께 하기엔 부족함이 없고 심지어 맛도 꽤나 괜찮다. 어느정도 수준이 올라온 휴게소 우동 대비 한 5배 정도 맛있고, 퀄리티는 10배 가량 가심비가 좋다! 저렇게 유부와 오뎅이 푸짐하게 들어간 우동이 단돈 5천원! 시판우동면 사용할텐데도 잘 삶아내어 면의 퍼짐 정도와 부드러움도 마음에 들고..# 추가잡설 1황학동 풍물시장은 판매하는 아이템별로 블럭을 색으로 지정해놨다. 식당이 자리한 블럭은 빨강동..그래서 이 식당의 이름은 빨강동 39호이다.# 추가잡설 2정종은 별로 좋아하지 않는데, 일본식 오뎅을 파는 곳답게 정종이 완비되어 있다. 심지어 정종을 거꾸로 꽂아 생맥주 케그처럼 따를 수 있는 자동기계(?)가..",맛있다
2128,텐,혀니,"경희대생들 사이에서 유명한 돈까스집입니다. 돈까스, 사케동이 유명해서 일식집이라고 생각하시면 될 것 같아요. 가격과 퀄리티가 대학가치고는 꽤 되는 편이라 밥약으로도 많이 방문했던 기억이 있네요. 매운돈까스에 치즈 추가한 걸 친구가 추천해줬어요. 매운돈까스는 그냥 맵기만 한게 아니라 카레맛이 나서 감칠맛이 나게 매웠어요. 맛있게 먹었네요. 다만 상당히 매운 편이라 치즈 추가하셔야 좀 편하게 드실 수 있을 것 같아요. 일행이 시킨 사케동도 가격대비 연어도 많이 들어가있고 퀄리티가 좋아보였습니다. 경희대 정문에서 거리가 좀 있지만 충분히 방문할 만한 식당인 것 같아요.",맛있다
2129,텐,미동이,맛은 ㄱㅊ했다ㅎㅎ,괜찮다
2130,텐,즌짱,치즈돈가스와 연어덮밥. 둘다 맛있고 괜찮음. 치즈 돈가스 소스가 좀 특이했음. 깨를 직접 갈아서 소스와 섞어 먹어야함 ㅋㅋㅋㅋㅋ 근방 직장인들과 대학생들이 몰리는 탓에 점심 때 사람 많음.,맛있다
2131,텐,kkonoo,맛있어요!! 치즈돈까스랑 생연어덮밥 먹었는데 둘 다 만원이었나 가격도 비싸지 않고 맛있었어요ㅎㅎ 다만 양도 조금 적은듯..,괜찮다
2132,왼손우동짜장탕수육,Ray,얼큰우동(4000) 먹었는데 저렴한 가격에 양도 적당하고 가성비 갑!매운 거는 못 먹지만 좀 칼칼한 게 먹고 싶어서 물어보니 매운맛 조절이 되더라고요. 반으로 줄였는데 먹기 좋았어요.그리고 특이한 게 우동이지만 우동면이 아니고 더 얆은 면이에요. 면도 국물도 특별나게 맛있는 건 아니어도 깔끔한 맛이라 가격대비 좋았어요.,괜찮다
2133,왼손우동짜장탕수육,이재윤,우동을 시켰는데 면의 두께를 봤을 때 국수나 일본식 라멘 느낌에 더 가깝다저렴한 가격에 국물도 그렇게 가볍지 않고 양도 아주 적지 않다회기에 사는 대학생들이 때늦은 점심을 해결하는 데 이만한 곳이 없을 것 같다특히 요즘 같이 추운 날에 식사까지는 아니더라도 출출하고 국물이 생각난다면 가끔 들르기에 안성맞춤일 듯 하다,괜찮다
2134,왼손우동짜장탕수육,뇸뇸이,가성비~~~~ 탕슉세트 체고..~~~~흥하세요 사장님!!bbb,맛있다
2135,마루,Ray,알밥 먹었는데 좀 많이 아쉬운 맛이긴 했지만 가격 생각하면 뭐 아주 나쁘진 않은 건가 싶기도 해요. 재방문은 안 할 거 같아요.,괜찮다
2136,마루,고바마,"가성비 좋은 맛있는 회덮밥집회덥밥, 돈까스, 닭가슴살스테이크...SET 메뉴는 우동이나 소바를 선택",괜찮다
2137,히비야,kkonoo,너무 자주 가서 별로 생각 안 나는데 또 막상 먹으면 괜찮은 그런 곳.,괜찮다
2138,히비야,즌짱,"맛은 있는데 양이 좀 적다.그래도 밥 더 퍼서 먹을 수는 있던데, 사케동 먹은 저는 맨밥만 더 먹어야 할 판 ㅎㅁㅎ..그리고 사장님이 자꾸 말을 좀 막 하시는 경향이 있어욤ㅎ..",괜찮다
2139,히비야,Lydia,"등심카츠, 사케동(연어덮밥), 치즈롤까스먹어봤는데 맛있음특히 돈까스가 부드럽고 잡내도 없이 맛있다이 가격에 수제 돈까스라니~ 훌륭하다치즈롤까스도 치즈랑 당근 양파 등이 들어가서 든든하다사케동은 좀 채소가 부족하지만 연어 선도도 굿",맛있다
2140,히비야,울나래,"덴고꾸 가츠동에 반한 저는 학교 근처에서 계속 돈부리집을 찾아다니게 되는데... 일단 카코이돈부리보단 이쪽이 더 제 취향이었어요. 다만 돈까스 자체는 카코이돈부리가 좀 더 나은 것 같아요. 그쪽이 좀 더 두툼하고 여기는 약간 비계 같은 게 가끔 씹다가 걸려서... 두 곳 모두 한 번만 가봤으니 우연일수도 있지만요. 처음 나올 땐 밥 밑에 소스가 고여있어서 짤까봐 걱정했는데 나중에 보니까 저절로 사라지는 게 아마 밥이랑 돈까스 무게 때문에 눌려서 배어나왔던 것 같네요. 계란부분은 반숙인데 완숙 위에 날계란을 좀 뿌린 것 같은 반숙이고, 완숙 부분에 팽이버섯 들어가있어요. 덕분에 돈까스는 촉촉하고 부드러운 쪽에 가까워서 제 취향이었고요. 1시쯤 갔는데 그때부터 하나둘씩 사람이 차더라고요. 그 덕분인지 거의 주문하자마자 나와서 미리 요리하는건가 싶기까지 했어요. 양은 사실 그렇게 많지 않은데, 덴고꾸가 제일 많아서 과하기 직전의 풍부한 포만감이 들었는데 여기는 살짝 모자라기 직전 같네요. 아마 카코이돈부리가 양은 좀 더 많을 듯해요. 그리고 아쉬웠던 점이, 장국이 그냥 인스턴트 우동국물 맛이네요..여긴 도장 찍어 주네요.",괜찮다
2141,키친요시노,이리저리,치킨 가라아게밀푀유 치즈 돈까스치킨난바셋다 음식 깔끔하고 맛있었어요! 특히 가라아게 튀기는 방식이 완전 제취향이었습니다ㅎㅎ 너무 딱딱하지 않으면서 부드러운?? 전 배가 큰편이 아니라서 양은 적당했고 다음번에 또 올거같아요,맛있다
2142,키친요시노,김지현,딸과의.데이트,맛있다
2143,키친요시노,Ray,사케동(9500원) 먹었는데 같이 나오는 반찬들 포함해서 전반적으로 깔끔하지만 맛있다고 하기엔 뭔가 아쉬웠어요. 그래도 이 가격에 이 정도 연어면 나쁘진 않은 거 같아요. 양은 살짝 적어서 디저트 생각이 절로 나더라고요ㅋㅋ무난하지만 깔끔한 맛이라 좀 더 맛있는 메뉴가 있지 않을까 한 번 정도 더 시도해보고 싶어요.,괜찮다
2144,키친요시노,강현준,9500원 사케동과 8500원 돼지불고기 같은 거 먹었는데 진짜 어린이정식도 이거보다 양 많을듯하네요. 안그래도 작은 돼지고기접시안에는 숙주로 밑에 깔아놔서 고기는 별로 없고 특히 사케동은 진짜 세스푼이면 끝납니다. 여기 와라비 아니니까 절대 가지마세요...진짜 양심 없습니다.,별로
2145,오늘동,당당당당,점심시간 즈음 갔는데 사람이 정말 많았다. 앞에서 웨이팅 할 때 미리 주문을 받아주셔서 좋았음 ㅎㅎ연어 덮밥도 맛있고 텐동도 맛있었다만 아주 특별한 맛은 아니고 괜찮았다! 생긴지 얼마 안 되어서 사람이 바글바글했었는데 요즘은 어떨지 또 궁금해서 다시 가볼 예정 ~~!,괜찮다
2146,오늘동,ustar,집앞에 새로생긴집이라 눈여겨 보고 있었는데 오픈한지 얼마 안지나서부터 손님이 꽤나 많길래 방문해본집. 튀김이야 뭘 튀겨도 맛있지만 이집만의 특별함을 찾기에는 다소 힘들지 않은가 싶습니다. 재료는 신선한것 같으나 튀김덮밥을 파는집이라면 기름에 특별함을 추가해보면 좋을것 같다는 생각이다.,괜찮다
2147,놀스캘리,Ray,"연어크림치즈롤(7500) 먹었는데 양은 적당했고요. 든든히 먹고 싶으면 세트 메뉴 이용하면 될 거 같아요. 연어 자체는 평범해서 특별히 싱싱하거나 맛있지는 않았고요. 넉넉한 양의 크림치즈가 덩어리로 씹혀서 맛이 강했는데 이러다보니 밥도 아니고 디저트도 아닌 애매한 느낌은 있었어요. 아, 크림치즈에 아보카도까지 있어서 좀 느끼했고요. 간단한 국물이 기본적으로 나오는 건 좋았고, 후식으로 참외를 2조각 주셨는데 맛있었습니다ㅋㅋ",괜찮다
2148,히노아지,밥이 최고,쏘쏘 9500원,괜찮다
2149,히노아지,우이리,미소 라면을 시켰는데 돈꼬츠미소라면이더군요 ㅡㅡ 맛이 달달함서 찐해 생각보단 쩝. 면은 호소면 이라 돈꼬츠 용이던데... 맛있게 떼웠습니다.,괜찮다
2150,고씨네,코랄,밥과 카레가 무한리필되는 매운 카레 체인점.매운 정도는 선택 가능하고 토핑도 원하는대로 고를 수 있다.선배가 준 팁은 여기 카레는 좀 매콤해야 맛있으니 처음에 매운맛으로 시키고 안 매운 추가 카레를 받아서 입맛에 맞게 부어가며 먹는 거다. 천재!토핑으로 추가한 소세지가 의외로 퀄리티 있고 맛있어서 놀랐다.,괜찮다
2151,고씨네,먹보대장,학교 정문 앞 몇 안되는 괜찮은 밥집 중 하나!깔끔해서 좋고 밥과 카레를 무한으로 리필해준다. 아비꼬처럼 토핑 선택 가능하고 매운맛도 선택가능점심시간대는 항상 줄을 서니 피하는게 좋음.,맛있다
2152,코바코,snoopy,처음 생겼을 때 맛은 아닌데 애들이 돈까스 먹고 싶다고 할때 바로 가기는 편해요,맛있다
2153,하카타,미동이,돈코츠미소라멘 맛있다~!,맛있다
2154,하카타,라마라마,라멘 춘추전국시대에 불모지로 남아있는회기 근처에서 유일하게 라멘을 잘하는 집입니다근처 혼* 산쪼* 같은 체인은 비교가 안돼구요...특히 혼*은...후...라멘 좋아하시는 회기러는 꼭 가보십쇼요즘은 흔한 자가제면이지만확실히 매력있게 잘 뽑고육수도 기존 하카타보다 다소 깔끔하지만 잘하는 집입니다다만 수익이 잘 안나시는지키오스크 도입하고 서비스가 부족해진 면이 안타깝네요다만 맛으로는 후회가 없는 집입니다* 건의사항(혹시 보신다면)- 라멘에 간마늘과 깨를 갈아넣어 색다른 맛을 즐기는방법을 더 잘 설명해주시면 좋을 것 같습니다- 간마늘은 없고 깨도 설명이 없으시더라구요아... 사진이 없네별로라는 리뷰가 있어 아쉬운 마음에글을 남겨봅니다,맛있다
2155,하카타,Ray,돈코츠라멘(8000) 먹었는데 우선 너무 짰어요. 짜다고 얘기해서 육수 더 부었는데도 조금 짰을 정도ㅠㅠ 차슈도 얇고 죽순도 없고 계란은 1개 다 주는 건 좋은데 차갑고 노른자 테두리는 완숙 상태였어요.교자도 제대로 못 구워서 그냥 집에서 대충 구운 군만두 같았습니다ㅋㅋ,별로
2156,지노돈까스,HP7,이 근방 데일리밥집 중 가장 맛있다재방문의사 많음,맛있다
2157,모리,HP7,"학교 앞에서 팔던 12000원짜리 돈가스 정식이 가격은 두배, 맛은 오히려 떨어지는 기적을 보고싶으면 가라.누가 사준대도 재방문의사 없음.",별로
2158,시키카츠,S,"특수부위카츠 11,000원안심과 등심 덧살이라고 한다.혜화쪽 정돈에서 등심특수부위를 먹었을 때 맛은 있었지만 너무 기름져서 조금 물릴 수 있다는 생각을 했었다.그보단 조금 더 담백하고 튀김옷과 고기의 조화도 좋았다.무엇보다 가격도 저렴한데다가 다 먹고 난 후에 서비스로 준 딸기샤베트는 참 기분좋은 한입이었다.",맛있다
2159,시키카츠,고독한애식가,웨이팅 없던 평일 점심의 시키카츠모듬카츠(로스카츠에 히레카츠 두조각 추가) 주문했는데 육즙과 식감이 아쉬웠고 기름 냄새도 살짝 거슬리는 수준. 그래도 함께 나온 파김치가 느끼함을 사악 잡아주더라,괜찮다
2160,시키카츠,정민,"아직까지 내 카츠 순위는 최강금이 1위라는 사실을 다시 한 번 느끼게 됐다.평점이 엄청난 곳이고, 대학가에 웨이팅은 당연할거라 생각하고 오후 영업시간 5시에 맞춰서 얼른 갔다. 다행히 내가 첫번째 손님이었다.특로스와 히레를 하나씩 시켰다. 공간은 크지 않았지만 정갈하고 깔끔한 공간이었다. 조용한(?)느낌으로 식사 분위기가 진행되는 느낌이다.첫번째 테이블들의 메뉴들이 동시에 다같이 서빙된다.금새 바깥에 웨이팅하는 사람들이 줄을 서기 시작했다.먼저, 내가 좋아하는 부위인 안심은 생각보다 평범했고 육즙이나 식감이 눈에 띄게 우와!싶지는 않았다. 확실히 안심은 최강금돈가스 압도적 우승 (개인취향)생각보다 얇은 조각들이었고, 일반적인 안심처럼 퍽퍽했다.조금 아쉬웠던 안심.반면에 특로스는 정말 강추하고싶은 메뉴였다.단단한 식감 속에서 느껴지는 기름진 육즙이 느껴졌다!완전 씹는 맛 최극강이었다!!!만약 시키카츠를 다시 간다면 나는 안심만 먹는데도 여기서는 특로스를 시킬 것 같다!다만, 소스나 소금에서도 조금 시키카츠만의 특제 소스나 먹는 방식이 있었다면 더 좋았을 것 같다!",괜찮다
2161,시키카츠,빨강코알라,인생돈가스. 서비스굿. 자리는 협소. 밑반찬도ㅅㅌㅊ.,맛있다
2162,시키카츠,Capriccio06,"많이 유명해져서 2호점도 생기고 식사시간에는 웨이팅이 꽤 있는 돈까스집. 근처 간김에 가봤는데 이젠 홀관리는 잘되서 가게는 작지만 웨이팅 리스트 받고, 자리나기 전에 주문받은 것 조리시작해서 자리 앉으면 요리가 금방 나오는건 좋았다.안심으로 주문 했는데 튀김 상태도 괜찮고, 고기도 나쁘지 않긴 했는데 안심이 좀 많이 얇아서 놀랐다. 위로 보이는 부분을 좀 넓게 만들려고 해서 그럴까..? 가게마다 형태가 다르긴한데.. 두께감이 좀 없어서 안심 느낌이 좀 덜나긴 했다. 메뉴 구성은 반찬 부분에서 예전과 좀 바뀐 것 같은데, 그래도 와사비랑 소금은 같이 나와서 먹는데 불편함은 없었다. 요즘 가격 인상한 가게가 많아서 그냥 기대없이 근처에서 이가격에 이정도 퀄리티면 맛있다 했을 것 같은데, 조금 기다리기도했고 유명한 집이라고 생각하고 가면 좀 더 기대치가 있어서 그런지 모르겠으나 그냥 나쁘지 않은 정도였다.",괜찮다
2163,시키카츠,클짱,"맛있다를 줄 수 밖에 없는 돈카츠집평소 돈까스,돈카츠를 아주 좋아하진 않지만 한국식 양념 범벅 분식 돈까스보다는 바삭해서 입천장이 까질것같은 일본돈카츠를 선호한다.무려 평점 4.8점이나 되는 시키카츠는 지날때마다 웨이팅이 있어서 엄두를 못냈는데 운좋게 웨이팅이 없는날 들어갔다. - 특로스카츠 정식- 모둠카츠 정식- 치즈 고로케 2개- 모찌리도후 1개- 스텔라 아르투아 생맥주 2잔성인 여자 둘이 저거 다 뿌셨음ㅋㅋㅋㅋㅋ우리가 양이 많은 건지…진짜로 다 먹었다. 로스카츠도 히레카츠도 너무너뮤 바삭하고 부드럽고 고기 누린내도 안나고! 히레카츠는 씹는다는 표현이 안 어울릴만큼 사르르 (녹진않고) 하는 느낌이랄까? 분명 적은 양이 아닌데, 먹다보면 굉장히 배부른데 마지막 조각까지 먹을 수 밖에 없는 맛있음이었다. 치즈 돈카츠를 시키고 싶었는데 소진되어 아쉬웠지만 치즈 고로케를 시킨게 신의 한 수 였다. 치즈 고로케에 들어간 몽글몽글 부드러운 치즈를 돈카츠에 올려서 먹으면 그게 바로 치즈 돈카츠! 치즈 돈카츠 없으면 치즈 고로케 주문을 추천한다. 모찌리도후는..음 비추한다. 개인적으로는 단단한 스타일을 좋아해서 그런지 흐물흐물거리는 비주얼과 식감이 더 느끼하게 만들었다.오랜만에 정말정말 맛있게 먹은 음식! 이 동네에 친구들이 놀러온다면 무조건 시키카츠로 대접해야지. 30분 정도의 웨이팅은 감수할 수 있겠다.",맛있다
2164,시키카츠,김맛,히레카츠 맛잇게 잘먹엇어요 바삭하고 담백~~,맛있다
2165,시키카츠,minji_lab,"고기 퀄리티 완벽ㅠ이곳은 동대문구에 위치한 돈가스 전문점입니다. 회기역 갈 일이 생겨 망플 리뷰를 보고 방문하게된 곳입니다! 아래 리뷰들처럼 만족스러운 식사를 하고 와서 리뷰를 남깁니당,,다른 돈가스 집과 비슷하게 크게는 로스와 히레 2가지 선택지가 있습니다. 저는 기름진 맛을 좋아해서 특로스카츠, 남자친구는 담백한 것을 좋아해서 히레카츠를 주문했습니다. 사실 가격대가 높지 않기 때문에 양에 대해서는 기대를 안했는데 특로스는 4조각, 히레는 6조각이 나왔습니다. 특로스가 조각은 적지만 두툼합니다~ 히레의 경우 정돈기준으로 보면 양은 더 많게 느껴졌습니다.고기는 진짜 큼지막하게 썰려있고 씹는 맛도 좋아서 만족스러웠습니다. 또 고기 자체에 육즙이 많아서 튀김이 약간 벗겨지긴 했지만 맛있었습니다! 바삭한 맛은 아니라 고기를 위해서 돈가스를 드시는 분들에게 더 추천드리고 싶습니다~ 이 가격으로는 기대하기 힘든 고기 퀄리티인건 확실한 것 같습니다ㅎㅎ메인인 고기말고 돈가스 소스, 들깨 드레싱이 올라간 샐러드, 무, 와사비, 파김치?, 장국이 함께 나옵니다. 또 소금도 준비되어있습니다. 한국인이라 그런지ㅎ 파김치랑 흰 밥이랑 먹는데 너무 좋았습니다. 후식으로는 샤베트가 나오는데 맛은 조금씩 바뀌는듯 합니다~ 저는 레몬과 유자 맛이 나는 샤베트를 먹었습니다! 곁들임이랑 후식까지 전부 사장님의 손길을 거쳐간 듯한 정성스러움이 느껴져 좋았습니다. 맛도 당연히 좋았습니다!역 주변도 아니고 위치가 애매한 곳이지만 저처럼 돈가스를 좋아하시는 분들에게는 방문을 추천드립니다!!",맛있다
2166,시키카츠,정뱅이,위치는 동네사람 아니면 찾아가기 힘든 위치에 있지만일본식 돈까스를 좋아하는 분이라면찾아가서 먹을만 정도의 맛있는 가게 인거 같습니다.밥은 꼬들밥이라 호불호가 갈릴 수 있지만저는 맛있게 먹었습니다.,맛있다
2167,시키카츠,김미상궁,시키에선 아무거나 시키세요,맛있다
2168,시키카츠,srm5,회기에 일본식 카츠 맛집이 있어서 너무 좋아요!고기가 진짜 두툼한데 부드러워서 신기해요 저희 엄마도 그동안 먹어본 돈까스 중에 제일 맛있다고 하셨어요 로스카츠는 지방 부분이 진짜 신의 한 수... 양도 많고 먹으면서 계속 감탄했어요,맛있다
2169,시키카츠,만종스,"오래전부터 찜꽁해놨던 시키카츠를 드디어~! 역에서는 생각보다 좀 떨어져있어 꽤 오래 걸어들어갔다 특로스와 히레를 하나씩 주문해서 친구와 노나 먹었고 딱 배부르게 잘 먹고 옴!일단 특로스는 등심에 가브리살이 붙은 부위인데 약간의 지방이 있어 부드러우면서도 쫄깃했다 예전에 다른 곳에서 로스카츠를 먹었을 때 비계부분때문에 약간 구역질..이 났던 것을 생각하면 여기는 아주 천국. 등심부분도 부드럽고 촉촉해 만족스러웠다 굿!히레는 마찬가지로 촉촉하고 부드럽긴 했으나 정돈이나 카와카츠가 약간 더 좋았던 것 같다 (로스는 여기가 훨씬 맛있었음) 그치만 튀김옷이 너무 얇지도 두껍지도 않고 맛있게 바삭해서 좋았다히말라야솔트는 뒤집으면 자동으로 갈아주는 기계가 맹글어준다 근데 이놈이 생각보다 잘 갈리진않아서 약간 탁탁 털듯이 흔들어야 소금이 나옴 암튼 좋은 고기다보니 확실히 소금+와사비 조합이 잘 어울려 좋았다 그리고 돈까스소스도 직접 만드신건지 모르겠지만 맛있었다! 소스맛이 과하게 강해 돈카츠맛을 해치는 곳들도 더러 있는데 여긴 꽤 묽은 농도에 맛은 딱 좋은 정도였다 샐러드도 비슷한 느낌으로 소스맛이 엄청 강하진않은데 느끼하지않도록 적당히 입가심하기에 알맞아서 리필도 함;ㅋㅋ후식으로 나오는 유자셔벗?도 맛있었는데 상큼해서 돈카츠로 기름칠한 입 안을 정리하기 좋았다 굿굿이 집은 이렇게 만족스럽게 먹었는데 가격조차 혜자다 이러니 평점이 높지않을 수 없지! 다음에 오게되면 치즈랑 모듬을 주문해서 종류별로 하나씩 다 먹어야겠다 아 그리고 서비스도 좋았다 전반적으로 다 만족스러웠던 집..히레카츠 (₩12,000)특로스카츠 (₩13,000).맛 ★★★★가성비 ★★★★총점 ★★★★",맛있다
2170,시키카츠,강한국,특로스 4.7/5모찌리도후 1.0/5,맛있다
2171,시키카츠,Journey,"드디어 벼르고 벼르던 시키카츠에 다녀왔다.서울에 프리미엄 돈가츠 집이 생각보다 참 많이 생긴것같은데,또 그만큼 인기들도 많아서 웨이팅이 있을것같았던것토요일 저녁 5시30분에 갔는데 앞에 3팀 정도 있었다.다행히 회전율도 빠른편이라 생각보단 많이 기다리지 않았다.특로스와 히레, 그리고 새우크림치즈카츠 이렇게 주문제일 맛있었던건 역시 특로스! 진짜 부드럽고 입에서 녹는데또 살코기의 씹는맛까지 살아있다. 왠지 모르게 우유맛이 난다.히레도 진짜 맛있는데, 약간 육즙이 살아있는듯한 부위는특로스만큼 부드러운데 반해 그렇지 않은곳은 비교적 살짝 퍽퍽하게느껴질수도 있을것같다. 새우크림치즈카츠는 기본적으로 크림치즈를좋아한다면 누구나 좋아할것같은 맛이고, 뭐랄까 빵집에서크림이 잔뜩 든 크림빵 맛인데 겉바속촉? 추천할만하다.테이블이 좁아서 이것저것 시키면 살짝 힘들수도 있다는점 말고는맛이며 서비스며 회전율이며 가격이며훌륭한 돈가스집!",맛있다
2172,시키카츠,왜말안하니,특로스카츠 맛있다!느끼하지않고 부드럽고 맛있음!,맛있다
2173,시키카츠,노요,이곳은 회기 돈까스 러버들의 한줄기 빛과도같은곳...,맛있다
2174,시키카츠,HP7,로스카츠 매우 맛있다특수가츠는 예상 가능한 맛절정은 고로케다.재방문의사 많음,맛있다
2175,시키카츠,미로,"먹어보지 못해서 맛은 모르겠습니다.다만, 늦게 가시는 분들은 대기명단 및 메뉴작성시에 주문 가능한지를 먼저 확인하시길 바라는 마음으로 후기를 남깁니다.바쁘시면 못챙기는 경우도 오늘처럼 있을 수 있으니까요.메뉴 미리 기다리면서 적어놔도 sold out 메뉴는 입장순번된 사람한테만 얘기해주셨고, 남아있는 메뉴 싫으면.. 뭐 저희처럼 오고가고웨이팅 시간 버리시는거에요보통 대기할때 미리 메뉴작성을 하는 것은입장 직전 미리 음식을 준비하여 손님 입장시에 빠르게 서빙할 수 있고재료 소진 등의 상황즈음에 손님을 어디까지 받아야 하는지 업장측에서 확인하기 위함이라고 생각합니다.여기는 미리 조리가 들어가는 것도 아니고, 대기명단을보면 어느 순번부터는 메뉴가 소진되어 주문이 안되겠다는게 계산이 될텐데원래 주문시스템이 그런건지, 오늘만 그런건지, 알바생의 실수인지는 모르겠으나 들어가는 시점과  동시에 메뉴확인하고 그제서야 두개중 하나는 안된다고 하시더라구요(보통 메뉴확인하는건 좀 미리 하지 않나요? 가게에 앉아서 주문하는거랑 다를게없는듯)소진시점을 알순없지만 상당수메뉴가 제가 도착하기 이전(8시)에 다 끝난것같았어요. 대기명단 적는 바로 옆에 메뉴판이 있는데 거기에 sold out 표시만 되어있었어도 안기다리고 다른데 갔을겁니다.  저희 순번엔 로스는 1개 남았고 그외엔 다른 한종류밖에 없었습니다.일정상 시간도 안맞고 굳이 먹고싶지 않던 것으로 바꿔 주문하고 싶지 않아 포기하여, 뒷 손님은 '희망메뉴'로 적으신 마지막 로스까스 드실수 있었네요저희가 메뉴를 변경하여 주문했더라도 뒷손님도 원하던 메뉴를 못먹는 상황인데, 그 전 손님들은 원하시던대로 드셨는지 모르겠습니다요즘은 해가져도 움직이면 너무 더운데, 이 날씨에 여길 위해 쓴 시간이 한시간반정도 됩니다. 웨이팅 좌석도 없고요. 입장순번에 없으면 불이익이니 어디 가지말고 앞에서 잘기다리셔야 합니다. 기대했던 식당이라 굳이 찾아 왔는데 그냥 근처에서 먹을걸그랬어요. 8시쯤 도착할거같아 좀 늦은 시간이라 주문가능한지도 미리 20분 전쯤 연락하고 갔는데.. 8시반까지 가능하다는 말만하셔서 다 되는줄알았죠.주문은 가능한데요. 원하는거 못드실수 있는거 유의하시고요(앞에 웨이팅 3팀정도 있었고 계속 가게앞에 서있어도 떨어진거 안알려줌. 없더라도 연락처 적어놨으니 연락해서 양해구하는게 맞지 않나 싶음)오늘 8시 이후 대기자는 특수부위? 메뉴 딱 1가지만 주문 가능했습니다.",별로
2176,시키카츠,Foodinary_shsh,"정갈한 돈까스 한상차림! 경희대생이 추천하는 유명한 맛집이라고 기대했는데솔직히 서울에서 먹은 돈까스 중에 제일 맛있었다.. ☀️로스카츠 10000원☀️히레카츠 11000원촉촉한데다 육즙이 반지르르.... 동그란 히레카츠, 길쭉한 로스카츠 둘 다 두툼하니 맛있고 엄청 부드럽다.. 돈까스가 스테이크 같았던!!비교를 한다면 히레카츠가 좀 더 육즙 가득겉바속촉이 그대로 구현된 돈까스 맛집...!아무리 생각해도 회기엔 너무 맛집이 많아...평소에는 줄을 선다고 하는데 타이밍 좋게 잘온 듯 하다☀️새우크림고로케 2ps 3000원돈까스와 별개로 이 집에서 꼭 시켜야하는 고로케,, 고로케가 고로케지 하는 그런 생각은 큰 오산이다. 안에 크림 가득이 한 입 베어물면 주르륵 흘러내린다. 함께 나오는 소스에 찍어먹으면 더 존맛...",맛있다
2177,시키카츠,핑구,"매우 괜찮았어요. 한국에서 유명한데 많이 가봤는데 제일 괜찮았어요. 반찬도 대파김치랑, 무절임이랑 맛있었어요. 제일 중요한 고기도 잡내나 비릴까봐 걱정했는데 그런거 하나 없었습니다. 가격이 저렴하다 하지만 왠만한 2만원 넘는 집보다 고기양도 질도 훌륭했습니다. 강력 추천합니다. :)",맛있다
2178,시키카츠,단율,"시키카츠_돈까스부문 상위권최근방문_'21년 6월1. 회기방면으로는 묘하게 발길이 닿지 않았다. 우연히 방문할 일이 생겨 묘한 기대감에 망고플레이트를 켜보니 역시나 내가 안가본곳은 '가고싶다'가 잔뜩 지워지지 못한채 남아있다. 그 중 고르고고른 곳이 ""시키카츠""다.2. 먼저 주차는 바로옆 유료주차장이 있다. 딱히 요금을 내주거나 공간을 보장한다거나 하지 않는다. 주요 타겟이 학생이라 큰 필요성을 못느끼는것으로 보인다. ㅇㅇ 그만큼 맛있어서 손님이 주인에게 맞춰야할 클라쓰다. 주차는 알아서 처리하자.3. 11시 15~20분 도착하니 자리가 세개나 남아있다. (총 16명좌석 중 6명 좌석이 남음) 11시 50분쯤되니 자리가 다 찼는데, 계산할때.""줄서서 먹어야할 맛인데 도대체 왜이리 한가한지"" 물어보니, 주중엔 줄이 길다고한다. 대학가라 그런가보다.4. 특로스카츠 , 히레카츠  1) 특로스카츠 : 오제제도 그렇고 여기도 그렇고 두번째 특로스카츠인데, 등심+가브리살 이다. 가브리살은 목살과 등심의 연결부위정도로 생각하면 되는데, 쉽게생각하자면 우리가 그냥 구이집에서 들어본 고기 부위는 기름비율이 좋다고 생각하면 된다. 카츠자체는 딱 좋다. 프리미엄돈카츠 중.. 가장 깔끔하단 느낌이 든다. 프리미엄카츠들은 대부분 헤비함을 극대화하여 육즙팡팡 하는 느낌인데, 카와카츠는 딱 필요한만큼 헤비하고 깔끔하니 프리미엄카츠 특유의 물림이 없다.   2) 히레카츠 : 여기는 히레가 찐이다. 참치뱃살 베어먹는줄 알았다. 기가막히게 맛있다. 돼지 육향이 팡팡 터지는데, 하.. 가장 적당하고 좋은 비율의 육향이다. 무엇보다... ㅋㅋㅋㅋ 물리지 않으며 이런맛을 내버리니.. 감동이다. 하...  3) 사이드 : .. 여긴 양배추, 드레싱, 무, 파, 미소국.. 뭐 디저트 샤베트까지. 1부터 10까지 다 마음에 든다.  5. 프리미엄돈까스를 다 먹어보진 못했지만, 내 기준으론 카와카츠와 함께 최상위권이다. 사람 자꾸 이날만큼만 와라.. 제발..※결론후... 오랜만의 감동 폭발",맛있다
2179,시키카츠,우영아빠,돈까스에 감동하긴 처음입니다.크림새우 고로케도 후식으로 딱이네요,맛있다
2180,시키카츠,뿌디,"— 윤기가 좌르르 돈까츠 —KAIST 경영대학과 근접하며, 지리적으로 접근성이 마냥 좋지 않은 시키카츠! 그러나 망플의 평점을 믿고 저녁 첫 손님으로 포문을 열었다.내부는 조그맣다. 테이블이 5-6개 남짓 되며 직사각형태로 길다. 주방 안에서 남자분이 튀김을 담당하시는 것 같았다.히레, 로스 모두 맛보고 싶어 모듬 주문1. 우선 비쥬얼이 꽤 압도적이다. 어떻게 육즙이나 윤기를 잘 살렸는지 모르겠지만, 돈까스 위에서 뻗어나오는 윤기광채때문에, 기대감을 더욱 상승시키게 만든다. 모듬의 경우 로스4조각 히레 2조각이 나온다.2. 히말라야 소금을 거꾸로 들면 기계에서 자동적으로 갈아져 나온다. 신기방기했던...!3. 자 드디어 돈까스을 먹을 차례. 돈카스 소스는 다른 집에 비해 상당히 묽은 편. 꾸덕하기보다 물처럼 톡톡 떨어지는 질감이며, 식초를 넣었는지 조금 시큼하다. 와사비+히말라야 소금 조합도 좋고, 와사비+돈까스 소스 조합도 훌륭하다.4. 이 집은 로스다...!!!!! 히레도 맛있긴 한데, 두툼하고 쫄깃함, 육즙의 미친 풍미는 로스가 더 압도적으로 뛰어나다. 고기의 질이나 지방결, 밀도도 촘촘해서, 퍽퍽하다 싶으면 촉촉함이 오고, 느끼함이 온다 싶으면 고소함이 올 것이다.너무 배부른 나머지 로스 2조각을 남기고 말았는데, 다 못먹는 배가 한탄스러웠다. 계산하면서 배불러서 못먹었다고 변명아닌 변명을 드리고 나왔었다 ㅎㅎ 성실하게 요리를 해서 장사하시는 것 같아, 더욱 번창했으면 하는 집.+ 다만 느끼함을 좀 잘 못견디는 나같은 이를 위해 파에 절인 김치 + 김치 종류가 하나 더 있었으면 좋겠다 싶었다. 파김치로만 느끼함이 다 완화되지 않았음.+ 식후 디저트도 있다 - 샤베트 종류(매달 바뀜)+ 재방문 의사 당근 있음",맛있다
2181,시키카츠,민등,6개월정도만에 다시 갔는데 상태 괜찮아졌네요사장님도 자주 보이시고 사장님 안계실때도 잘 나왔습니다회기지역 1위 할만해요,맛있다
2182,시키카츠,미동이,여전히 굿,맛있다
2183,시키카츠,이리저리,히레카츠정식 11000원모둠카츠정식 12000원맛집으로 유명한 가게답게 고기도 엄청 부드럽고 맛있었습니다. 돈까스 고기가 이렇게 부드럽기가 쉽지않은데 입에서 사르륵 녹았어요. 마지막에 나오는 블루베리?디저트도 맛있었습니다.한가지 아쉬운점은 가게가 너무 작아서 되게 애매한 시간에 갔는데도 웨이팅이 있더라구요ㅠㅠ 가게 확장만 이루어지면 진짜 완벽!!,맛있다
2184,시키카츠,사이코는못말려,맛있당!!!... 처음으로 이런..? 돈까스를 먹어보는데 양이 작아보였지만 위가 요즘 줄어들어(..) 그런지 엄청 배불렀음!..모듬카츠재방문의사 5.0/5.0~~!,맛있다
2185,시키카츠,진진쓰,못보던 돈까스집이 1위에 우뚝 올라서있길래 궁금해서 방문 해보았어요! 저녁 7시 쫌 넘은 시간에 갔더니 특수부위랑 모듬만 가능하다고 하셔서 하나씩하고 새우크림고로케 추가했어요히레는 먹어본 돈까스중에 젤 부드럽고 튀김옷이 엄청 촉촉하게 살아있는 느낌이었어요로스는 히레 다음에 먹어서 그런진 몰라도 확실히 더 씹는 맛이 있었고 이건 튀김옷 안쪽이 살짝 안익은듯한 밀가루내?가 나서 아쉬웠어요ㅠㅠ특수부위는 힘줄같은게 씹혀서 전 불호였네용새우크림고로케는 속도 알차게 들고 와사비마요랑 찰떡이라서 맛있게 먹었어요샐러드 왕창+참깨소스가 아주 맘에들었고 후식으로 블루베리샤베트 주셔서 입가심하기 딱이었어요갓성비 인정합니다!!! 히레 추천추천,괜찮다
2186,시키카츠,Lee,"이 정도 가격에 이 정도 퀄리티 돈카츠는 찾기 힘들다. 다른 프리미엄 돈카츠들은 방문 시마다 편차가 있었던 반면 여러 방문 동안 한결같은 맛이었던 것이 인상 깊다. 압도적으로 로스카츠를 선호하지만, 굉장히 부드러운 히레카츠에 비해 로스카츠는 조금 평범하게 느껴진다.저렴한 가격임에도 후식으로 샤베트까지 나와 기분 좋게 식사할 수 있었다.다만 양이 조금 아쉬웠고 위치적 장점으로 평점이 높게 잡혀있는 것 같아 괜찮다 로 평가했다.멀리서 찾아올 만큼은 아니지만, 거리가 가깝다면 기분 좋은 식사로 강력히 추천한다.",괜찮다
2187,시키카츠,최승현,이정도 퀄리티의 카츠집이 회기역 근처에 있다는 사실에 감사할 따름. 충분히 맛있긴 한데 정돈보다 맛있다 하시는 분들이 계셔서... 지점마다 다르겠지만 판교 현대백화점에 있는 정돈이 맛 분위기 서비스에서 조금씩 더 맛있다는 느낌을 받았습니다.그래도그래도아무튼간에 이런 맛집이 학교 근처에 있어줘서 고맙다는 생각을 합니다 ㅎㅎ 재방문의사 무조건 있음,맛있다
2188,시키카츠,토요미식회장,회기의 전설의 돈까스. 영등포구민에게는 조금 멀리있는 소문난 맛집이었다. 여튼 어떻게든 돈까스 한번 먹어보겠다고 월요일 퇴근하자마자 쫄레쫄레 회기까지 쫒아간 나. 그래도 충분히 그럴 만한 가치가 있는 돈까스였기에 다행이었다.위치는 생각보다 회기역에서 멀다. 15분 가까이는 걸었던 거 같다. 음식점은 생각보다 작다. 음식점 내부에 돼지고기를 손질해서 보관하는 게 눈에 띈다. 그만큼 고기손질에 자신이 있는 것일까?특수부위카츠 10000히레카츠  11000특수부위카츠 히레카츠 받아서 반띵반띵하고 로스가 포함된 특수부위카츠를 먹어봤다. 일단 튀김옷의 바삭바삭한 느낌부터 마음에 든다. 다음으로 느껴지는 건 역시 고기. 촉촉하기도 하지만 손질이 얼마나 잘되어있는지 등심이 포함된 부위인데 너무나 부드럽다. 퍽퍽함 자체가 아예 1도 느껴지지 않는 육질을 가지고 있다.그러다보면 히레가 기대된다. 로스가 이렇게 부드러우면 대체 히레는 얼마나 부드러운 걸까.히레도 마찬가지로 촉촉함과 부드러움을 마음껏 느낄 수 있었다. 고기가 로스보다 두툼하다보니 그 느낌은 더 강하게 온다. 튀김옷의 바삭한 것은 물론이다.멀리서 찾아올만한 회기의 돈까스전문점 시키카츠. 기회만 닿는다면 또 가보고 싶어지는 곳이다.,맛있다
2189,시키카츠,샨티,돈가츠 회기원탑 입천장 다 까져도 행복함,맛있다
2190,시키카츠,AlexTheFood,"#AlexTheFood #3줄요약#시키카츠 #경희대맛집 #회기맛집 #알더푸경희대⠀1. 학교 갈 일이 있어 망플을 키니 1위를 차지하고 있던!2. 가성비와 맛, 양쪽 모두 '정돈'보다 우위라서 깜짝 놀랐다.3. 산뜻달달한 무 절임과 블루베리 셔벗까지 완벽했던 곳 :D⠀___________________________________________________________* 모듬 카츠 12,000* 새우 크림 고로케 2pcs 3,000___________________________________________________________⠀[MangoPlate 4.6/5.0 | GoogleMap 4.5/5.0]맛★★★★ 분위기★★★ 가성비★★★★☆⠀* 영업시간 | 매일 11:00-21:00* 쉬는시간 | 매일 15:00-17:00* 일요일 휴무",맛있다
2191,시키카츠,박범진,회기의 최고 존엄!항상 인스타로만 보던 음식을 회기에서 맛볼 수 있어서 반가움도톰한 두께의 고기맛이 좋아!!맛대비 가격도 무난해서 더 좋은 듯!,맛있다
2192,시키카츠,셔니,가격대비 맛있어서 종종 찾습니다홀그레인 머스타드 같은 소스가 한 종류 더 있었다면 완벽할 것 같아요,맛있다
2193,시키카츠,미동이,사랑혀..,맛있다
2194,시키카츠,맛집사냥꾼 송,"사실 돈알못이라 연예인이 다녀갔다는 돈카츠집을 가도 크게 존맛이라는 생각을 느껴본적이없다ㅠ 여기는 근래에 먹은 돈카츠집중 가장 괜찮았던 곳 ! 내가 시켜먹은건 모둠카츠 새우고로케모둠카츠에 로스는 엄청 부드러운편은 아니고 살짝 단단한 느낌이였다 ! 난 오히려 너무 부드러우면 느끼하고 금방 물려서 이부분은 좋았다. 근데 기름이 많은 부위쪽으로 갈수록 살짝 질겨지고 느끼해지는 부분은 있었다. 히레는 진짜 단단하고 진한고기맛! 히레는 두조각있는게 딱 좋았다. (아 그리고 나는 양념장보다 소금이랑 와사비랑 먹는게 더 맛있었다.)새우크림고로케는 두명이서 하나씩 나눠먹기에 좋은거같다 혼자서 두개먹기에는 살짝 느끼할수있을거같다느끼한거 안좋아하는 사람은 비추! 그리고 나오자마자 뜨거울때 먹는거 추천후식으로 아이스크림을 주시는데 이런 서비스 참 좋아하는편,, 뭔가 식사가 마무리되는 느낌 맛있다와 괜찮다 사이라서 괜찮다를 주지만 회기에 간다면 가보는거 추천 !",괜찮다
2195,시키카츠,aile0,처음 몇입을 제외하곤 물려서 먹기힘든 돈가스를첫입부터 마지막까지 맛있데 먹었습니다.디저트로 나온 녹차 아이스크림까지 완벽,맛있다
2196,시키카츠,반말했다존댓말했다,사진을 꽤 많이 찍엇네용회기에선 아마 제일 맛있는 돈까스일거예여특로스 먹으려고 토요일 오픈시간 맞춰갔는데사장님이 급병원가셧다고 한시간뒤에 오래서근처까페에서 시간때우다 갔네요ㅜㅜ특로스카츠는 역시나 고기가 상당히 좋아보였고맛도 그만큼이였습니당엄청난 내공이 느껴지는 맛은 아니였지만 생맥주도저렴히 팔고 저는 좋았어요네이버리뷰보니 직원분들이 마스크를 안쓴다는글들이 있네요...; 저는 방문한지 이삼주 정도가 되어정확히 기억은 안납니다..!,맛있다
2197,시키카츠,김시웅,처음 나오자마자 고기 끝부분이 거무죽죽해서 깜짝놀랐다.맛도 만족스럽지 못했다.고로케는 맛있다.,괜찮다
2198,시키카츠,루카스,모듬카츠랑 새우고로케!저는 로스카츠가 더 맛있었고 일행 둘은 히레가 더 맛있다했어용 전반적으로 다 부드러워서 맛있었음!! 일행들은 정돈보다 맛있다함고로케는 첫입은 진짜 맛있는데 한개 다 먹기엔 좀 느끼했어요 하지만 맛있음! 후식 녹차아이스크림이 진짜 맛있었어요,맛있다
2199,시키카츠,장희,맛있다 줄은 거의 없었는데 이정도면 줄설만한 맛. 곧 줄이 생길 듯. 비슷한 스타일이 워낙 많이 생겨서 지치는 감이 있는데 이정도만해도 정말 맛있는 집. 의외로 후식도 맛있었다. 다른 사진보니 편차가 있나봄,맛있다
2200,시키카츠,준영,회기에서 핫한 돈카츠집! 6시 좀 전에 저희가 들어가고나니 딱 만석이었고 그 이후로는 웨이팅이 생겼어요. 등심 하나 안심 하나 그리고 새우크림 고로케 주문했는데 개인적으로는 새우크림 고로케가 제일 맛있었고...ㅎㅎㅎ 돈카츠는 육향이 거의 없고 뻣뻣한 느낌이 강해 아쉬웠네요.,괜찮다
2201,시키카츠,민등,정말 너무 실망했습니다작년 12월쯤 오픈한지 얼마안됐을때부터 올해 4월정도까지 2주에 한번은 갈정도로 좋아하는 가게였고 나름 단골이었다고 생각합니다. 회기에서 절대 맛볼수없는 퀄리티의 음식이었고 이 근방 음식점 중 압도적으로 원탑인 곳이라고 생각했었습니다. 갈때마다 만족했었고 여기저기 소개도 시켜주고 지인과 밥먹을 일 있으면 여기로 데려오고 그랬었습니다. 시험준비로 두달정도 방문하지 못하다가 오늘 오랜만에 방문했는데 너무 많은것이 바뀌었네요.첫번째 사진이 오늘 방문해서 주문한 특로스카츠이고 나머지는 전부 3~4월 이전에 방문했을때의 사진들입니다. 딱봐도 고기가 다른게 보입니다.. 원래는 눈으로 보기에도 고기가 촉촉해보이고 씹었을 때 고기가 머금고 있던 육즙이 적당히 나와서 부드럽게 씹히는 질감이 있었습니다.오늘 서빙받고 솔직히 충격 받았습니다. 말라비틀어진 고기튀김이 나와서 우선 비주얼에 한번 충격받고.. 양도 너무 줄어들었다고 생각이 들었는데 이건 나중에 생각해보니 너무 바싹 익혀서 육즙과 수분이 다 빠져서 이런게 아닐까 싶긴합니다.고기를 씹으니 역시 생각했던 대로였습니다. 풍미는 전혀 느껴지지않았고 육즙이 다 빠져나간 돈가스는 씹는맛도 없었습니다. 원래 부드럽게 끊어지던 돈가스였는데 너무 수분기가 없어서 마른 고기의 조직감이 그대로 느껴지면서 건조하게 끊어지더라고요. 고깃집에서 너무 익혀 육즙이 다 빠져버린 퍽퍽한 목살을 먹는 기분이었어요. 솔직하게 오늘 먹은 돈가스는 경희대 정문쪽 지하에 있는 '포보'보다 못한 맛이었습니다. 경희대 학생이시거나 회기 주민이시라면 이게 무슨말인지 아실거라고 생각합니다.. 예전에는 '정말 맛있다'라고 생각하며 천천히 먹었었는데 오늘은 그냥 빨리 해치우고 나가자는 마음으로 한 10분만에 다먹은것같아요.음식 외적으로는.. 주방에 알바두분 홀에 알바한분이 계시던데 바빠보이긴 했습니다. 근데 이전에는 주방에 사장님한분 홀에 남자직원 한분이 계셨는데 그때보다 응대속도나 음식나오는게 더 느린것같았어요.다 먹고 계산할때 알바분께 사장님 안계시냐고 여쭤보니 2호점 오픈 준비로 거기에 계속 계신다고 하더라고요.. 그래서 이런 문제가 발생한게 아닌가...ㅠ 아마 이전에 계시던 친절한 직원분도 거기 가계신게 아닐까 생각이 듭니다. 그 분은 정말 친절했는데 아쉽네요.요즘 리뷰에도 극찬이 많은데 사실 이해가 잘 안됩니다. 시간순으로 리뷰 보시면 4월정도까지와 그 이후 사진들에서 음식퀄리티 차이가 나는것을 보실수있을겁니다... 이때쯤부터 사장님이 가게에 계시지 않았던게 아닐까 생각해봅니다.아 그리고 계산할 때 맛이 달라진거같다고 하니 알바분이 어떤점이 그렇냐고 물으시더라고요. 그래서 물어보시니까 보여드려야겠다 하고 오늘 찍은 사진과 전에 찍은 사진을 보여드리니 그냥 아~... 하시고 저 멀뚱히 쳐다보시길래 그냥 계산하고 나왔습니다. 알바분이 무슨 죄가 있겠냐 싶어서.. 그분께 더 묻거나 그러지는 못하겠더라고요사장님이 2호점을 맡아서 하신다면 거기는 가볼 의향이 있습니다. 회기 본점은.. 딱한번만 더 와보고 결정할까 생각했었는데 리뷰쓰다보니까 그냥 다신 안가야겠다는 생각이 드네요 ㅋㅋㅋㅋ 하 진짜 좋아했던 가게였는데 아쉽습니다...... 앞으로 뭔가 변화가 있다면 좋겠습니다..,별로
2202,시키카츠,이주현,"로스 4조각에 히레 2조각이 추가로 나오는 모듬카츠를 시켰다. 비교적 싼 가격에 준수한 돈카츠다. 로스카츠 중에 두 조각은 자세히 보니 지방이 아닌 가브리살이 붙어있었다. 내가 알기론 가브리살 붙어있는건 특로스인 걸로 아는데 특별 서비스인지 원래 이렇게 나오는 건지는 잘 모르겠다. 그런데 살짝 오래튀겼는지 분홍빛은 없고 좀 뻑뻑해서 저온숙성의 촉촉함은 잘 느껴지지 않았다. 뭐 아무튼 그래도 맛있었고, 후식으로 녹차샤베트 아이스크림까지 나왔다. 아쉬운 점은 인력이라도 부족한건지 손님이 떠난 자리가 한참동안 치워지지 않아서 기다리는 사람들은 많은데 회전이 느리다..",맛있다
2203,시키카츠,간기,회기동에 위치한 돈카츠 전문점 시키카츠.테이블이 많지도 않은 곳이지만 이 곳의 소문을 어떻게 알고 11:30 오픈시간부터 사람들이 가득하다.안심과 등심 두가지로 역시나 승부를 보는 곳이다. 등심은 나무랄데 없는 돈카츠였다.(솔직히 말하면 나는 정돈보다도 나았다고 생각한다) 안심은 정돈이 나았던 것 같은데 이 부분은 개인의 취향이 반영된다고 생각한다. 두 곳 모두 훌륭한 정상급 돈카츠집임은 확실하기 때문에 나같은 초딩입맛 수준에서 논할 곳은 아닌 것 같다.고기의 육즙이 터지는 것부터 플레이팅까지 한상의 돈카츠로써는 이보다 훌륭한 한 조각이 없는 곳이다.추가로 시킨 두부는 두부라기보다 모찌에 가까운 느낌이다. 이 또한 초딩입맛 자극을 명확하게 해주어 꼭 한번은 먹어보았으면 하는 사이드 메뉴이다.여기서 마지막에 나오는 디저트 아이스크림이 새롭긴 하였다. 일본식이라 녹차 아이스크림을 주었던건지 마무리까지 깔끔한 느낌으로 가게 밖을 나설 수 있게 해주는 친절함이라고 생각한다.회기동에 오면 또 와볼 만한 곳이다.,맛있다
2204,시키카츠,모진수,모둠 카츠 12.0돈카츠를 무척 좋아하는 사람으로서 이렇게 저렴하고 평이 높은 카츠집이 있다는 것에 설렜다. 오로지 이곳을 방문하기 위해 회기에 놀러갔었는데값이 만원 초반이라는게 신기하리만큼 놀라웠다. 대부분 만원 중후반~ 이만원 까지 오르지 않나. 이게 바로 회기물가인가 짱 부럽다...모듬 카츠 정식을 시켰는데 여기는 로스보다 히레가 더 부드럽고 촉촉하고 맛있었다. 다만 로스는 당시 4.7이란 점수보다는 평범했다. 가격을 생각하면 당연 맛있다 of 맛있다이지만 너무 고평가되어 있어 괜찮다로 낮추었다. 사이드로 시킨 두부푸딩은 신선했다! 몰캉몰캉한 식감과 달달한 맛 그리규 와사비와의 궁합이 생각보다 좋았다. 후식으로 아이스크림도 준다.. 다시금 만 이천원이라는 가격이 감동이었다.,괜찮다
2205,시키카츠,musca,맛은 미쳤다.특로츠카츠는 너무나 부드럽다.  너무나 느리게 서빙되는건 좀 고려해야할 사항,맛있다
2206,시키카츠,고혈압은불효,특로스 먹었는데 맛있었습니다. 돈까스소스는 그냥 그랬지만 소금이 맛있었어요. 양이 살짝 아쉽지만 정말 맛있게 먹었습니다.,맛있다
2207,시키카츠,Ray,"- 맛나게 고기고기한 로스카츠에 깔끔한 찬이 어우러진 완전체 정식!- 조기 마감될 수 있으니 인스타 확인 후 방문하세요 :)4조각 나오는 등심(10000) 시켰는데 워낙 두툼한 두께라 양이 딱 적당했어요. 사실 이렇게 두툼하고 고기고기한 돈까스는 처음 먹어봤는데 숙성했는지 베어물면 탄력 있는 고기가 결대로 느껴지는 게 정말 좋더라고요!찍어먹는 건 와사비, 돈까스소스, 히말라야핑크솔트가 있는데 각각 다른 맛이라 전 계속 돌려가면서 먹었고요. 그래도 와사비는 필수! 와사비에 핑크솔트 찍어서 먹으면 좀 더 본연의 맛을 느낄 수 있는 대신 튀김 맛도 강해지기 때문에 먹다 보면 좀 느끼할 수 있는데요. 그럴 때 와사비에 돈까스소스를 찍어 먹으면 느끼함을 물리칠 수 있습니다! 돈까스소스도 직접 만드시는 건지 모르겠지만, 일반 시판 소스보다 묽고 덜 자극적이어서 좋았어요. 게다가 이렇게까지 먹었는데도 느끼할 땐 장국을 먹으면 제대로 리셋되면서 다시 와사비와 핑크솔트 조합으로 돌아갈 수 있습니다ㅋㅋㅋ장국뿐만 아니라 같이 나온 모든 음식들이 다 깔끔해서 더 좋았고요. 특히 후식으로 나오는 계란푸딩 같은 건 뭐 별 거겠어 했는데 너무 맛있어서 깜놀ㅋㅋㅋㅋ마지막으로 일하시던 남자 두 분 다 정말 친절하셔서 좋았답니다 :)고기는 좋아하지만 돈까스엔 감흥 없던 저에게 새로운 세계였고요. 돈까스가 이렇게 아른거리고 또 먹고 싶은 건 처음이에요! 대신 자주 먹지도 않던 일반돈까스는 이제부턴 아예 못 먹을 거 같네요ㅋㅋㅋㅋㅋ",맛있다
2208,시키카츠,건방진B,"가게에 들어서자마자냉장고의 돼지고기들이 방긋방긋숙성되고있는 모습을 볼수있습니다~히레카츠와 로츠먹었습니다.저는 히레카츠가 더맛있더라구용사진은 히레카츠입니다.돼지고기의 육즙이 일품이었고재방문 의사 100프로입니다 ><전 경양식보단 일본식 돈까스가 더좋더라구용와사비와소금, 돈까스쏘쓰의 조합 너무 좋아요~!",맛있다
2209,시키카츠,Grandma_taste,"고기맛 가득한 돈까스!!요즘들어 맛있다는 평이 많이 들려서 찾아가봤어요모듬카츠(12.0)로스4 조각, 히레 2조각 나오는데저는 둘다 맛있게 먹었어요!로스는 제가 자주 가는 신설동의 즐거운맛 돈가스보다 더 고기의 씹는 질감이 느껴졌어요새우크림고로케(3.0)는! 개인적으로 좀 느끼했어요안도 크림 찍어먹는 소스도 크림이어서용ㅎ요즘 즐거운맛 돈까스 웨이팅이 너무 심해져서 못가고 있었는데 이제 여기 와야겠어요!저는 개인적으로 튀김은 얇고 고기는 두꺼운거 좋아하기 때문에 맛있게 잘 먹었어요 ㅎㅅㅎ근데 고기맛 너무 많이나는거 안좋아하시는 분들은 약간 호불호 갈릴수 있을 맛..? 인것 같아요",맛있다
2210,시키카츠,우이리,부담스럽게 크네요. 입이 찟어지는줄 알았어요.고기는 두께에 비해 부드러워요. 완전 덩어리라 육즙이 터지네요.다음에 히레를 기대해 봅니다. ^^,맛있다
2211,시키카츠,은두,동네 랭킹 최상위권에 혜성처럼 등장했길래 쭉 궁금했는데 이 동네에 무슨 일이 있어서 간 건 아니고 오로지 이 집 돈까스를 먹기 위해 갔다.결론부터 말하자면 맛있다. 심지어 저렴하다. 내가 아는 돈까스집이 ㅈㄷ밖에 없어서 굳이 비교하자면 양도 딱 알맞고 그만큼 양이 적기 때문에 가격도 싸다. 다신 못 올 것 같은 위치여서 다 먹어보기 위해 모듬카츠를 주문했는데 그냥 안심을 주문할 걸 그랬다. 돈까스 부위 취향은 사람마다 갈리지만 난 안심을 더 좋아하고 모듬은 안심이 딱 두 조각 나온다 ㅠ. 등심도 부드럽긴 한데 안심은 거의 살살 녹는다. 등심3 안심3 나오면 (나한테) 딱 좋을 것 같은데 이러면 가격에 차이가 생길런지 모르겄다. 내 기준 돈까스는 다 늬끼하지만 여긴 그 중에서 느끼하지 않은 편인 것 같다. 히말라야 솔트가 따로 구비되어 있어 촵촵 뿌려먹을 수 있다. 진정한 돈까스 고수는 소금에다 먹는다는데 난 데미그라스 소스가 더 좋더라... 딴 얘긴데 샐러드 소스가 참 맛있다. 요근래 풀을 입에 댄지 오래였는데 맛있게 먹었다.또 딴 얘긴데 홀서빙하시는 직원분이 서빙 스킬(?)이 엄청나다. 손님 대하시는 모습이나 목소리 톤이 아 홀서빙 하려면 이 정도는 돼야겠구나... 싶다. 돈까스도 맛있고 직원분도 친절하셔서 참 즐거운 식사였는데 언제 또 가게 될지 모르겠다. 내가 이 동네 주민이거나 경희대 학생이면 돈까스를 안 좋아해도 자주 가지 않았을까 싶다.,맛있다
2212,시키카츠,회기동8년차,동네에서 이정도 퀄리티 있는 집을 만나게 될 줄이야!무엇보다도 고기의 질이 너무 좋고 씹는 맛이 있다.풍미를 느끼려면 소스보다는 히말라야솔트를 추천!,맛있다
2213,시키카츠,서상우,쌉존ㅁ맛 집 바로옆인데 개존맛 인정따리 부모님도 맛잇대여,맛있다
2214,시키카츠,즌짱,"우리 동네 망고플레이트 평점 1위인 곳. 1위에는 다 이유가 있는 법.평일 저녁 시간 약간의 웨이팅 후에 먹을 수 있었는데, 특로스는 품절이어서 히레와 로스 하나씩 시켰다. 튀긴 음식을 썩 좋아하는 편은 아니라서 프리미엄 돈카츠를 먹어본 적 없어 비교할 수 없지만- 진짜 맛있다. 바삭바삭하고 고기가 질기지도 않고. 개인적으로는 히레와 로스 중 로스가 더 맛있었다. 게다가 이 돈까스가 10000원, 11000원이라니... 감사합니다 인사하고 먹어야할 판.히말라야 핑크 솔트가 준비되어 있어서 찍어먹을 수 있고, 취향에 따라 소스나 와사비를 곁들일 수 있다. 후식으로 계란으로 만든 일본식 디저트가 나왔었는데, 이건 매일(?) 바뀌는 것 같고- 굉장히 작은 양에 임팩트가 강하지는 않았다. 서비스도 좋고, 친절했다. 지금도 웨이팅이 있으니.... 앞으로 더 생기겠지..? 이 점이 굉장히 아쉽다. 그만 소문 났으면. . . ㅎ",맛있다
2215,시키카츠,Kimkegaard,장점: 가성비. 만원? 정말? 당연히 다시 온다. 경희대 이런곳 없음. 단점: 로스카츠에서 아주 살짝 정말 살짝 돼지고기 냄새가 나지만 일부러 그것을 즐기는 사람이 있을것. 그것이 진정한 맛이라고.,맛있다
2216,시키카츠,키다리아저씨,"돼지고기의 숙성을 통해 맛과 부드러움이 더해지고~ 두툼한 두깨로 인해 식감과 풍부한 맛이 좋았던 ""시키카츠""경희대 상점 밀집 지역에서 살짝 벚어나 카이스트 서울캠퍼스 가는길쪽에 위치하고 있어 한적한 편이라 손님이 많이 몰리지는 않아서 안심?이 되기도 하네요^^;특로스카츠를 먹고 싶었는데 품절이라서 기본 로스카츠정식과 히레카츠정식을 주문하였습니다.우선 가츠의 수준대비 가격대가 착하게 느껴집니다. 장안동의 콘* 정도의 튀김옷은 아니지만~ 얇고 크리스피한 상태로 잘 튀겨진 카츠였구요. 둘다 식감이 촉촉하고 부드러운 느낌이지만~ 로스카츠가 좀더 씹는맛이 있고~ 지방부위도 별로 느껴지지않을만큼 깔끔하고 덜 느끼해서 괜찮았습니다. 히레카츠는 로스보다 좀더 부드러우며 육향을 느끼기에 괜찮았구요.기본찬과 미소장국도 깔끔합니다.사이드 메뉴로 새우크림 고로케도 주문해서 먹어봤는데... 겉은 바삭하지만 속은 크리미한 부드러움과 은은한 단짠의 조화가 괜찮습니다. 테이블마다 핑크솔트가 마련되어 있어 좀더 가츠의 맛을 느끼기 좋게 해주는듯하네요.별도로 나온 가츠소스는 좀 묽은편으로 개인적으로는 그냥 쏘쏘합니다. 소금찍어 먹거나 약간의 와사비를 넣어 먹는게 좋더라구요^^조리를하시는 남자사장님도 친절하고 일하시는 여성분도 친절한 편이고, 내부가 깔끔해서 좋고, 가츠집 치곤 기름냄새가 과하진 않아서 괜찮았습니다.마지막에 디저트로 주신 양갱은 양이 적어서 맛보단 약간의 기름진 음식을 정리해주는 기분으로 드시는게 좋은듯해요^^가격대비 꽤 만족스러운 가츠여서 맛있다로~#아무리뷰",맛있다
2217,시키카츠,ethanghymn,"이 가게의 로스카츠는 내가 좋아하는 볼륨감이 좋으면서 한 피스 한 피스가 제법 사이즈가 크고 고기 질도 나름 괜찮으면서 가격도 비교적 저렴한 것이어서 맘에 들었었는데 여기와 비슷한 느낌의 가게인 성신여대 앞의 제주돈카츠에 최근에 방문하려고 보니 네이버지도에 폐업이라고 떠서 가슴이 철렁했음.진짜 폐업한건진 직접 가보질 않아 확인이 불가하지만 아무튼 전활 받지 않는 걸로 보아 폐업이 맞을지도..그래서 지난 첫 방문에서 좋았던 여기 시키카츠에 다시 한 번 방문해보기로 함.점심시간 조금 전에 도착했고 이번엔 가브리살이 붙은 특로스카츠를 주문해 봄.점심시간이 가까워오자 아마도 대학생인 것 같은 손님들로 금방 가게가 꽉 참.지난번엔 좀 더 시간이 걸려서 준비가 됐던 것 같은데 오늘은 비교적 빨리 준비되어 나왔고 이번에도 4피스로 잘라져 나왔는데 잘 조리되어 가운데 부분은 핑크빛을 띠고 있음.가브리살이 붙은 로스카츠는 맛이 특별하다기보단 소고기 로스구이를 먹을때 등심 부분이 지방부분이나 막을 따라 쉽게 분리되고 각각의 분리된 부위의 식감과 맛이 다 다른 것처럼 가브리살과 등심의 다른 식감과 맛의 다양함이 재미있고 좋음.이번에도 테이블 위에 놓인 핑크 솔트를 그라인더로 갈아 적당히 뿌려서 결대로 이로 자르니 부드럽게 잘리고 특히나 가브리살 부위와 등심 부위는 쉽게 툭 떨어지듯 잘라짐.역시나 두툼한 로스카츠는 이로 자를때 입 안에 차는 느낌이 좋고 잡내는 1도 없으면서 고기 질이 괜찮으면서 숙성이 되선지 이로 자를때 저항감이 느껴지지 않고 부드럽게 잘라짐.하지만, 카츠바이콘반의 것처럼 좋은 육향이 나거나 빵가루 튀김옷이 기름을 적당히 머금어 빛에 반사되어 눈꽃처럼 반짝이거나 하진 않아 덜 멋있는 느낌이면서 식감은 살짝 까끌한 느낌임.밥과 참깨 드레싱이 뿌려진 양상추 샐러드는 한 번 리필을 해서 먹음.여기 돈카츠는 맛을 보면 즉시 소금을 찍어 먹는게 더 좋은 돈카츠라고 느껴지지만 곁들여져 나온 돈카츠 소스에도 찍어 먹어보니 살짝 묽은 제형인데 자가 제조한 느낌으로 은은히 달달하면서 뭔가 시나몬 향도 은은히 나는 느낌인데 내가 좋아하는 맛은 아니어서 한 번만 맛을 보고 계속 소금에만 찍어 먹게 됨.거의 다 먹었을때쯤 지난번과 같이 앙증맞은 미니 사이즈의 직접 만드신 밤양갱 위에 라임젤리가 올라간 걸 디저트로 가져다 주셔서 다시 한 번 맛을 보니 역시나 밋밋한 맛이어서 특별히 할 얘긴 없음.전체적으로 여기 시키카츠의 돈카츠는 뭔가 카츠바이콘반의 것처럼 좋은 육향이 나면서 빵가루 튀김옷이 멋있는 좀 더 고급의 느낌은 아니어서 멀리서 맛보러 들르는 느낌이라기보단 근처에 왔을때 일본 느낌의 두툼하고 볼륨감이 좋은 돈카츠를 비교적 저렴한 맛에 경험할 수 있어서 삼성동 히가시노와 비슷한 느낌으로 개인적으론 카츠바이콘반 말고는 다른 프리미엄 돈카츠 가게애서 맛봤던 로스카츠보단 가격 등이나 여러모로 더 만족감이 높았던 경험으로 이 근처에 왔을때 돈카츠가 생각나면 계속 들를 듯..",맛있다
2218,시키카츠,맛되디,"<안심 먹고 안심>오늘은 오랜만에 혼자 조용히 휴식하고 싶어서 맘속 뿌리 같은 그 곳, 회기를 찾았다. 아무래도 이 일대에서 학창시절을 보낸 만큼, 지금도 내 기준 최고 휴식은 회기 맛집에서 배터지게 먹고, 맛난 디저트 땡기고 코노에서 소희 시키는 것인지라ㅎㅎ오랜만에 찾아온 회기는 상권이 수시로 변하는 곳답게 그새 많은 게 달라져 있었다. 이를테면 노브랜드버거의 오픈 같은 변화가 제법 눈에 띄었음. 노브랜드버거에 잠시 발걸음을 멈췄지만 목표하고 온 곳이 명확해 그리로 향했다. 드디어 회기에도 생긴 프리미엄돈카츠집 시키카츠로!시키카츠는 여전히 오늘도 줄이 길게 늘어선 오관스시를 지나 산림과학원에 가까워지기 전, 거의 마지막 대로 식당 자리 즈음에 있다. 깔끔한 외관만큼 내부도 흠 잡을 데 없이 깨끗했다. 리뷰에서 본 고기 숙성고가 당당히 자리하고 있어 믿음도 갔고ㅋ 메뉴판을 신중히 보는 척 하다가 바로 정해온 메뉴, 히레카츠를 주문함. 손님이 나 뿐임에도 나오는 시간은 꽤 걸렸던 것 같다. 그러나! 등장한 히레카츠를 보고 생길락말락했던 짜증은 사라지고 '감수할 만 하다!'는 마음이 그 자리를 차지해버렸다. 그렇게 되는 비주얼이다. 이런 두툼함에 이런 육즙이라니!씹는 맛, 육향 전부 훌륭했고, 은근 모든 프리미엄카츠집들서 자주 노출되는 단점인 튀김옷도 완벽했다. 아래눅짐도 없었고 고기를 벗어내는 일도 없었다. 잡내는 없이 육향이 아주 매력적인 고깃덩이 맛에 소스보단 소금이나 와사비에 계속 손이 간다. 그런 돈카츠다.후식은 양갱류이고 아주 특별한 맛은 아니다. 그래도 감사할 따름이다. 이 가격 이 퀄리티에 후식까지 있다면 그 후식은 등장만으로 감사 소리 듣는 게 당연하다.사실 방문을 고민한 또다른 식당 파델라가 오늘은 예약 한 팀(거의 대관 같았다) 주문만 받는다 하셔서 방문을 결정한 곳이다. 파델라와 시키카츠 두 곳이 요즘 눈여겨봐온 회기 신생 맛집이었으므로. 오늘 파스타가 쬐금 더 끌렸어서 아쉬움이 살짝 있었는데 시키카츠를 나올 땐 기억도 안 나는 마법이,..ㅋ 그 정도로 퀄리티도 존재감도 충분히 맛있다 수준의 돈카츠였고 기분 좋은 식사였다.아, 굵직굵직 선이 굵은 미남 스타일인 사장님이 처음부터 끝까지 참 친절, 배려 넘치셨던 것도 놓칠 수 없는 만족 포인트다. 맛도 출중한 곳이 서비스까지 좋으니 재방문은 조만간일 수 밖에ㅎㅎ",맛있다
2219,시키카츠,ethanghymn,"며칠전에 인스타에선가 여기 시키카츠를 발견하고 궁금해서 크리스마스때 들렀었는데 아직 신상가게여서 별로 정보가 없어서 영업중인지 확인 할 방법이 없이 오다보니 닫혀있었고 가게 안에 세워져 있는 입간판에서 인스타 주소를 보고 들어가보니 크리스마스 연휴엔 휴일이었음.그래서, 이럴때를 대비해서 가고싶다에 있던 또 다른 가게인 근처 키친요로시쿠를 들렀었음.오늘은 특별히 휴일에 대한 공지가 없었던지라 점심시간을 좀 지나 도착하니 커플손님 한 팀만 있었고 메뉴는 볼 것도 없이 내가 좋아하는 로스카츠 정식을 주문함.가게 한편엔 인터넷에서 봤던 고기 숙성고가 보이고 숙성중인 고기들이 많음.요즘 이런 돈카츠 가게들이 많이 생기는데 돈카츠를 좋아하는 나는 좋지만 그렇다고 우후죽순처럼 생기는 텐동집들 중에 짝둥 텐동집들도 있는 것처럼 혹시나 돈카츠 유행 바람을 타고 생긴 짝퉁 돈카츠집은 아닐까 걱정도 됐음.사장님이신 셰프분은 흰 셰프 유니폼을 깨끗이 입고 계시는데 주방에선 타이머 소리가 계속 울리는데 요즘 좀 제대로 된 돈카츠 가게들에서처럼 시간을 딱 맞춰 조리하시는 모습에서 기대감이 살짝 상승함.튀겨진 돈카츠를 잠시 레스팅하셨다가 시간에 맞춰 나이프로 잘라서 접시에 올리면 남자직원분이 내 앞에 가져다 주심.인터넷등에서 봤었을때 로스카츠의 경우 4등분되어 나오길래 가게 위치등을 생각하면 덩어리가 좀 더 커야되는거 아닌가 생각했었는데 막상 앞에 놓여진 4등분의 로스카츠는 핑크빛으로 예쁘고 먹음직스럽게 잘 튀겨졌고 즐거운맛돈까스의 것이 떠오르는 덩어리 하나하나가 다 큼직하고 두툼해서 볼륨감이 좋아 그런 생각이 쏙 들어가면서 미소가 지어짐.남자직원분이 테이블 위에 놓인 히말라야 핑크 솔트를 갈아서 뿌려드시라고 설명해 주는데, 설명이 없었더라도 좋은 돈카츠는 자동적으로 소금에 찍어 맛보고 싶음.히말라야 핑크 솔트가 든 그라인더를 돌려 소금이 잘게 부서져 나온 걸 와사비 옆에 뿌려놓고 두근대는 마음으로 한 피스를 집어 소금에 찍어 맛을 보니 두툼해서 입에 꽉 차는 느낌이 좋고 잡내는 1도 없으면서 카츠바이콘반의 것처럼 거의 안심인가 느껴질 정도로 아무런 저항감이 안 느껴지는 정도는 아니지만 비교적 부드럽게 잘리면서 육즙도 풍부하고 역시나 카츠바이콘반의 것처럼 특별하게 좋은 육향이거나 빵가루 튀김옷이 멋있으면서 어느정도 기름을 머금어 반짝 빛나거나 하는 건 아니더라도 즐거운맛돈까스의 것처럼 밋밋한 맛은 아니어서 미소가 지어짐.내가 좋아하는 지방이 붙어 있는 쪽을 베어무니 크림치즈 먹는 줄.. 지방이 질깃하거나 하지 않고 부드러운 크림치즈 맛으로 느껴져 좋았음.돈카츠 소스도 있길래 찍어 먹어 봤지만 역시나 소금이 좋아 계속 소금에 찍어 먹게 됨.미소시루도 너무 밋밋하지 않고 간이 적당해 좋고 샐러드는 흔히 보는 양배추 샐러드가 아닌 양상추 샐러든데 참깨 드레싱에 땅콩가루도 들어갔는지 은은하게 단 맛도 느껴지면서 고소해서 새로움.밑반찬은 잘 안 먹는 편이지만 맛을 보니 베니쇼가도 괜찮고 무피클은 아삭쫄깃한 식감이어서 또 좋음.거의 다 먹었을때쯤 남자직원분이 밤양갱 위에 라임젤리가 올라간 거라며 디저트를 내어주셔서 맛을 보니 직접 만드신 양갱인데 은은하게 달달한데 디저트니 조금 더 달아도 좋지 않을까 함.전체적으로 돈카츠를 좋아해서 회기쪽에 신상 돈카츠 가게가 생긴 것 같아서 들러봤는데 인터넷에서 본 로스카츠가 4조각이어서 가게 위치나 가격을 생각하면 조금 더 커야하는 거 아닌가 했지만 막상 경험한 로스카츠는 즐거운맛돈까스의 로스카츠에 필적할 정도로 두툼하면서 다 큼직했고 빵가루 튀김옷이나 고기가 특별히 뛰어난 그런 건 아니더라도 좋은 고기를 사용해서 정직하게 준비한 돈카츠를 내놓는 가게여서 그런 생각이 쏙 들어갔던 기분 좋은 방문이었고 재방문하고 싶음.",맛있다
2220,시키카츠,미콩,"드디어 회기에서도! 요즘 많은 곳에서 볼 수 있는 고기 두툼 가츠를! 맛볼 수 있어요회기는 이제 다시 안 오리라 다짐하며 모듬카츠를, 그리고 뭔가 아쉬우니까 새우크림고로케를 주문했어요 그런데 제가 오픈시간에 가서 조금 기다렸더니 미안하셨는지 새우크림고로케를 서비스로 주셔서 ㅠㅠ 감사히 다 먹었습니다고기가 전반적으로 덜 익은 느낌의 색깔인데요 맛을 보니 덜익은 맛은 아니었어요! 저는 로스보다는 히레파라 이번에도 역시 히레가 더 맛있었어요 로스 비계는 씹기 힘들지 않았는데 육즙은 다른 하이클래스 ㅋㅋㅋㅋ 카츠집보다는 살짝 덜했어요! 로스는 질기지 않고 담백함이 강했어요! 그런데 생각보다 고기에서 기름맛이 좀 많이 느껴졌던것 같아요 튀김옷도 아니고 고기에서,, 육즙보다 기름맛이,,, 하지만 회기니까 이정도면 감사할 정도였어요새우크림고로케는 제 주먹만한걸 두 개나 먹으려니 좀 부담스러웠지만 사이드로 딱인 메뉴예요! 속에 들은 새우크림(?)이 진짜 부드럽고 새우도 말랑말랑 씹혀서 맛있었어요! 새우크림뭉침튀김말고 진짜 고로케느낌 제대로! 튀김옷에도 양념돼있는 것 같았어요 ㅎㅎ다 먹고나면 후식이 있어요! 저는 홍시아이스크림 먹었는데 무난무난 ㅎㅎㅎ제가 갔을 때가 생긴지 8일쯤..? 이었는데 진짜 친절하셔서 아직도 기억에 남아요! 회기근처에서 프리미엄돈까스가 끌리시는 분들께 추천드려요 ㅎㅎ",맛있다
2221,연어이야기,김♡,사진은 지워서 없네요   맛은 있으나  서비스에서 별로를 눌렀어요  전화로 주문하고 방문포장했는데 다른분거랑 잘못나간...  중이였는데 소로 ... 근데 하필  양이없다면서 있는데로 주셨는데  가격은 중자가격 그대로 받으신 ....  작년 겨울이였습니다.  이런 작은것에도 신경을 써주시면 좋을거 같아요,별로
2222,연어이야기,즌짱,"여기 연어 너무 맛있어요 (˃̣̣̣̣︿˂̣̣̣̣ )연어가 정말 맛있어요! 두툼하고 부드럽고 쫄깃하고 ... 여기서 연어 먹고 난 뒤로 다른 집 연어가 생각이 안 나요,, 35000원 대 사이즈고, 같이 주신 연어 조림도 존맛이에요 ! 생선 조림 잘 안 드시는 분도 맛있게 드실 정도로 맛있었어요 :) 사정이 있어서 포장해와서 먹었지만,, 다음엔 매장에서 연어 초밥도 궁금하고 술 마시고 라면도 먹고 싶어요!",맛있다
2223,연어이야기,봉식이,자리가 좁고 시끄러워서 포장밖에 안되는게 좀 아쉽다여기 연어는 걍 미쳤음 ㅠㅠ 같이 나오는 다른 반찬들이랑 같이 먹으면 소주 순삭... 스르륵 녹아버령...,맛있다
2224,연어이야기,koreauniv_food,"고대생들이 연어 땡길 때 방문하는 연어맛집!제기동 쪽으로 쭉 걸어 내려가다보면 아주 작은 가게를 발견할 수 있습니다. 가게가 좁아 웨이팅이 종종 있지만, 너무 늦게만 가지 않으면 금방 들어갈 수 있습니다.안암치고 비싼 가격이지만 푸짐한 연어를 받고 나면 가격에 대한 의문이 싸악 사라집니다. 와사비+간장에만 찍어 먹어도 맛있지만 타르타르 소스를 따로 받아서 먹으면 느끼함도 사라진답니다! 그리고 라면으로 해장술하면 체고! 양이 많다보니 여자 기준 최소4명은 모여야 갈 수 있어서 종종 가지는 못하지만 갈때마다 만족하고 오는 맛집입니다!다른 안암맛집 정보는 @koreauniv_food 를 참고해주세요 ㅎㅎ",맛있다
2225,연어이야기,준영,정말 궁금하던 연어이야기! 이번에 연어를 먹기로 결정이 돼서 제가 냉큼 연어이야기에서 픽업해왔어요ㅎㅎ 공간이 정말 옛스러워서 마음에 들어하실 분들도 계실 것 같네요! 하지만 저는 그래도 좀 더 위생적인 곳을 선호하기에..ㅎㅎ 어차피 테이크아웃이니까요! 소자로 포장했는데 양도 넉넉하고 연어 조림까지 들어있어 심적으로 뭔가 만족스러웠어요ㅋㅋ 연어는 한입 먹으면 정말 쫀쫀하고 은은하게 간도 되어있어서 아주 맛있었네요! 연어 조림은 그냥 고등어조림 대신 연어인 느낌이지만 사이드로 먹기에 괜찮았어요ㅎㅎ 다음에 또 찾을 듯 해요,맛있다
2226,연어이야기,우이리,생각보다 덜 느끼하고 부드러운 숙성 연어회에 놀랐습니다.가게 위치는 좀 애매하네요. 주정차하기 힘든 큰길가에 있어서 포장 픽업이 힘드네요.연어회 중 30000 &  연어초밥 18000.다음에는 회에 집중하는걸로... 초밥은 그냥저냥. 간장이 색은 진하고 덜 짜면서 달달해요. 묶은지도 맛있었어요.같이 온 연어조림이 쫌 매운데 맛 있어요. 밥도둑이라고 부를수 있을꺼 같아요.,맛있다
2227,연어이야기,Daisy,"숙성연어회(중)(3.0)사이드로 연어조림,콘치즈연어가 살살 녹는다감칠맛이 난다연어회를 시키면무려 연어조림과 콘치즈가 나온다연어조림은 냄비를 그대로 집으로 들고가서밥 비비고 싶은 맛이다이미 고파스에 탈안암의 맛으로 소문나서 웨이팅 있다",맛있다
2228,연어이야기,반말했다존댓말했다,인기 항상 많은곳!집에 포장해와서 회로 먹고 아부리도 해먹고유주초밥도 해먹고야무지게 먹었다연어 안좋아하는데도 맛있게 먹어서 맛있다로!,맛있다
2229,연어이야기,AlexTheFood,"#AlexTheFood #3줄요약#연어이야기 #고대맛집 #제기동맛집 #알더푸고대⠀1. 냠냠편지 식구들의 최애 연어 맛집 take-out.2. 다시마 숙성회라 비린 맛 없고 아삭거리는 식감이 최고다!3. 서비스로 주신 연어조림에 밥 볶아 먹으면 천국 방문 가능...!⠀___________________________________________________________* 숙성연어회 특대 50,000___________________________________________________________⠀[MangoPlate 4.5/5.0  GoogleMap 4.7/5.0]맛★★★★☆ 분위기 - 가성비★★★☆⠀* 영업시간  매일 16:00-24:00* 쉬는시간 없음* 일요일 휴무",맛있다
2230,연어이야기,미동이,맛은 있는데 안 친한 사람이랑 가면 살짝 불편,맛있다
2231,연어이야기,술상이,"연어조림이,,,,,너무맛있고,,, 망플에서 엄청 뜨기전에 와서 다행이고 연어는 숙성인게 느껴지는데 저는 흰살 숙성이 좋은것 같아요 깔끔한데 엄청 맛있다! 이정도는 아니였어요. 연어소(23,000) 콘치즈랑 조림까지면 진짜 혜자죠. 잘먹고 갑니다. 근처에 주차도 괜찮고 만족하고 가요",맛있다
2232,연어이야기,코랄,"쫄깃하다기보다는 녹는 맛의 두툼한 숙성 연어회.사이드로 나오는 연어조림이 양념이 엄청 맛있었고 콘치즈도 주셔서 좋았다.시킨 요리 중에는 연어회덮밥보다는 연어 비빔면이 인기가 있었다.간장새우도 시켜봤는데 가격대는 좀 있지만 별로 짜지 않고 살이 녹진해서 맛있었다.해물라면은 생각보다 맛이 평범해서 굳이 다시 안 시킬 것 같고, 연어초밥이 혜자로 엄청 큰 연어 피스들이 얹어져 나온다고 들어서 다음엔 그걸 시켜 먹을 거다.그런데 바쁠 때는 스토브 자리가 모자라서 열을 가해야 하는 메뉴는 못 시키는 경우가 있었다.가게가 정말 좁고 테이블이 몇 개 안 돼서 좀 정신없고 웨이팅이 생길 때도 있다.",맛있다
2233,연어이야기,ㅂㅂ,"진짜 푸짐해요,,,밑반찬 먹다가 찍혀서 사진상으로는 좀 그래보이지만연어 하나 시켰을 뿐인데 이것저것 많이 나오고연어 양도 많고 좋았습니다내부는 자리도 얼마 없고 좁아서 일찍 가지 않으면 절대 자리 없을 것 같아요.저는 수업 끝나자마자 5시쯤에 갔는데 그땐 손님이 없었습니다!보통 다들 포장해 가시는 것 같습니다.연어초밥도 시켰는데 연어가 오동통해서 정말 배부릅니다.식사용으로 드시고 싶다면 연어초밥 추천합니다!",맛있다
2234,연어이야기,메이,집근처인데 지나갈때마다 손님이 꽉차있어서 궁금하던차에 망고에서 보고 방문리뷰대로 연어가 정말 맛있어요.다시마숙성 생소했는데 부드러우면서 쫀득하고 비린맛이 일도 없음.원래연어좋아하지만 먹다보면 느끼한데여기에서는 쉴새없이 먹게되었음.운이좋아 연어머리구이도 먹었는데 남편이랑 감동해서 먹었음.부드럽고 바삭하고알탕은 포장해서 다음날먹었는데 알이 너무신선해서 부드럽고 이런맛 처음이네요.그동안 먹었던 알탕의 알은 퍽퍽했는데 새로운 경험이네요.사장님 마인드가 너무 좋은게 연어머리구이는 큰사이즈아니면 그냥폐기하신다 해서 항상먹을수있는 메뉴는 아닌듯..연어머리가 큰게 있을때만 주문가능하다는너무너무 맛있었어요.단골될것같네요,맛있다
2235,연어이야기,Mango,"숙성연어회(중): 25,000원연어초밥(10개): 15,000원맛있다~ 5월에 먹은것 중에 제일 맛있었다. 숙성 연어는 다시마로 숙성 한다는 것도 처음 알았다. 부들부들하고 향도 좋다. 연어 초밥도 같은 맛이다.사이드로 나오는 연어 조림도 맛있다. 따로 포장해가고 싶을 만큼 ㅠㅠ 따로 파는 메뉴는 아닌 것 같아 아쉬웠다.",맛있다
2236,연어이야기,주배,"4.0 / 5.0부드러운 숙성연어여기 정말 맛있어요. 숙성연어라 연어 살이 부드러운게 강점입니다. 언제 삼켰지? 할 정도로 수루룩 넘어가는 맛이에요. 비린내가 하나도 나지 않고, 정말 부드러운 회였습니다.제가 시킨건 소(1.8)인데 양이 꽤 많았어요. 또한 밑반찬으로 콘치즈가 나와서 환상의 조합이었어요..♡ 생선조림도 같이 나오는데 생선에 살도 많고, 고등어조림 맛? 이었어요.사이드로 해물라면을 먹었는데, 딱 칼칼하고, 무난한 해물라면 맛이었어요.이미 학생들 사이에서 유명해진 것 같지만, 나만 알고 싶은 맛집 중 하나ㅠ",맛있다
2237,연어이야기,헬시또또,최고에요.숙성연어는 처음인데 꼬소하니 맛있네요 :) 다이어트 할 때 가기에도 딱!연어만 시켰는데 2인이서 충분히 잘 먹었어요 !!,맛있다
2238,즐거운맛돈까스,로우니,여기 돈까스 정말 맛있습니다 잘 튀겨져서 등심이 퍽퍽하지도 않고 부드럽고 두툼하고 맛은 정말 나무랄 데가 없어요 하지만 영업시간이 오후 4시까지여서 근처 직장인이 점심시간에 가는 게 아니면 가기 힘들고 게다가 노키즈존이다 보니 안 가게 되네요ㅠㅠ,괜찮다
2239,즐거운맛돈까스,기미상궁,"""이름 그대로 즐거운 맛의 돈까스""워낙 유명한집은 웨이팅을 해야 하는지라.. 또 워낙  웨이팅을 싫어하니 이날은 웨이팅을 해서라도 이 집 돈까스가 궁금하여 혼자서 슬쩍 다녀 왔사옵니다.오픈시간에 딱 맞춰 도착하였는데 이미 자리는 만석이고 앞에 웨이팅 한팀이 있었사옵니다.30분정도 웨이팅 하고 자리에 앉을 수 있었고. 주문은 미리 받아 주셨고 앉자마자 음식이 나왔사옵니다. 큼지막하게 나온 히레 여섯덩이이온데 덩이 하나 하나가 상당히 크기가 있더이다. 베어물때 식감좋고 돼지 냄새 없고 정말 훌륭한 돈가스 이더이다.한입 한입 즐겁게 먹을 수 있는것이 '즐거운맛 돈까스' 이름처럼 훌륭한 돈가스이더이다.",맛있다
2240,즐거운맛돈까스,우이리,"로스카츠 15000지방을 원해서 로스를 시켰는데... 제꺼만 지방층이 적은거겠죠. ㅡㅡ오후 1시반, 늦은 점심인데도 줄이 좀 있네요. 지방의 고소함을 위해 등심을 시켰는데, 고기양이 어마어마한거어 비해 지방이 없네요. 그래서인지 등심인데도 쫌 뻑뻑하네요. 5~6분의 1쯤 지방이 있어야하는데... ㅠㅠ(아~~ 지방에서 살고싶다)",괜찮다
2241,즐거운맛돈까스,Capriccio06,"의외의 위치에 후기가 정말 많아서 궁금했던 돈까스집. 기회가 될 때 평일 오픈시간에 방문했는데 오픈과 동시에 만석이 되었다. 가게가 아주 작지는 않아서 (바 타입 좌석 10개, 테이블이 4개정도) 좀 늦은 순서면 첫타임에 입장해도 요리 받을때까지 한 30분은 걸린다. 그래도 이제 홀관리가 체계적으로 잘 되는 듯. 웨이팅 하면 주문 미리 받아서 요리가 빨리 나오는 것 같다. 기대가 크진 않아서 기본적인 등심으로 주문했는데, 두툼하니 꽤 본격적인 돈까스라 놀라긴 했다. 튀김옷 자체가 특별하진 않던데 적당히 바삭하고, 고기가 촉촉하니 괜찮았다. 두께가 너무 두껍게 나와서 잘 안익거나 퍽퍽하거나 할 것 같았는데 적당히 잘 익은 느낌이었고, 소금 찍어먹기 딱 좋았다. 찰진 밥이랑 한국식 된장국도 맛있었다. 양이 생각보다 많아서 다 먹으면 많이 배불렀다. 이 근처에서 돈까스 먹고 싶을 땐 좋은 선택지 같은데 멀리서 찾아오면 맛있긴 해도 너무 평범하다 생각할 듯도.",맛있다
2242,즐거운맛돈까스,고독한애식가,"돈까스 안 좋아하는데 즐맛돈 왔다가 돈까스에 푸욱 빠짐마지막 한 입까지 느끼함 하나 없음 ( ´͈ ᵕ `͈ )◞처음 방문했을 때 두툼한 비주얼에 반해 등심을 주문했는데, 대부분 안심을 주문하시더라. 둘 다 먹어보니 둘 다 맛있어서 뭔들인걸로!",맛있다
2243,즐거운맛돈까스,snoopy,"전철역 바로 앞고기 꽤 큰 사이즈양은 꽤 많음돼지고기 맛 소소서비스, 친절도 굿깍두기, 된장국은 개선 여지 있음",괜찮다
2244,즐거운맛돈까스,준영,진짜 오랜만에 재방문한 즐거운맛 돈까스! 가족들이랑 가고싶어서 몇 번 시도했었는데 세번째 방문만에 성공하네요ㅜㅜ 히레랑 로스 나눠먹었는데 이날 로스가 진짜 대박.. 육향은 히레가 더 강하지만 츄이한 텍스쳐나 튀김 옷이나 너무 좋았어요. 적당한 지방질도 좋았구요. 사장님께서는 언제나 친절하셔서 좋구ㅎㅎ 레스팅을 좀 오래했는지 템퍼가 약간 아쉽긴 했는데 그래도 맛있게 먹었습니다:),맛있다
2245,즐거운맛돈까스,만종스,"가본적도 갈일도 없는 신설동 오로지 돈까스 하나만 보고 갔다ㅋㅋㅋ 예전엔 브레이크타임갖고 저녁까지 했던 것 같은데 이젠 아예 점심장사만 한다 그래서 두시에 부랴부랴입장해 주문했다 로스와 히레 하나씩 주문해서 친구와 반반 노나먹음일단 로스는 아주 두툼하고 근데 또 부드럽다! 비계부분이 크게 돋보이지않아 맘에 들었고, 지금껏 먹어봤던 카츠집들 중 가장 로스가 부드러운 곳인 듯 싶다 단면만 봤을 땐 넘 두꺼워서 질기거나 퍽퍽하지않을까 싶은 비주얼인데 웬걸 겁나 부드러움히레는 히레답게 부드러운데 아쉬운 건 첫입 딱 먹는데 돼지 특유의 향이 느껴졌던 것이다 역할 정도는 아닌데 잉 냄새가 약간 나네? 정도의 향. 근데 또 소금이나 소스를 겨자랑 같이 찍어먹으면 잘 느껴지진않아서 먹는데 큰 문제는 없었다 그치만 안났으면 더 좋았을텐데싶은..?겨자가 강겨자라는데 그래서 조금만 올려도 확 느껴진다 역시 이 맛에 겨자먹는거지~! 라고 하면서도 코로 숨을 막 내쉬게 되는 맛ㅋㅋ 돈까스소스와도 소금과도 잘 어울린다샐러드는 흑임자드레싱같은 소스를 뿌리는데 이게 약간 끈적한 식감이 있다 맛은 괜찮음 샐러드를 너무 사랑하는 사람이라 리필도 해먹었는데 부르기도 전에 사장님께서 먼저 뭐 필요하세요^^? 하고 물어보셔서 친절함에 감탄도 하고 왔다ㅋㅋ근처에 살거나 일하면 가끔 올법한데 멀리서 찾아올 정도는 아니다 근데 로스는 정말 맘에 들어서 나중에 또 오게되면 로스로만 먹고싶긴하다 사장님 넘 친절하셔서 더 좋았던 곳.로스가츠 (₩14,000)히레가츠 (₩15,000).맛 ★★★★ (히레 -★)가성비 ★★★총점 ★★★☆",맛있다
2246,즐거운맛돈까스,또치,"여기 인스타에서 어떤 사람이 존맛이라고 해서 너무 궁금해서 달려간 곳.알고보니 점심장사만 한다고 해서 약간 당황했지만...2시쯤 방문했을때가 마지막 손님을 받는 시간같았다. 한번에 받고, 한번에 주문들어가고.친구랑 히레와 로스 한개씩 주문해서 반반 나눠먹음.고기가 엄청 두꺼워서 놀랐다.히레는 처음 끝부분만 먹었을 때 부드럽고 바삭해서 헐 존맛! 하고 먹었는데 2번째로 중간부분(좀 두툼한 곳) 먹을때 돼지고기 잡내가 조금씩 나서 어...이러고 실망했다.개인적으로 고기에서 냄새나면 입맛이 좀 떨어져서 안먹게 됨.오히려 로스가 더 맛있었던. 원래 다른 곳은 로스가 좀 질겨서 별로인데 여긴 로스도 부드럽고 지방도 적당히 있고, 잡내가 안나서 괜찮았다.같은 방식으로 조리할텐데 왜 한쪽만 잡내가 나는지 잘 모르겠지만 히레에서 냄새나서 좀 아쉬웠다.인생돈까스집까지는 아니였던 곳.",괜찮다
2247,즐거운맛돈까스,singsing:p,"드디어 입성한 즐거운맛 돈가스!세네번만에 성공한 것 같아요.. 동생의 추천으로 ㅎㅎㅎ 먹고 바로 이해가 됐어요! 안심은 촉촉한데 겉은 바삭! 너무 맛있었어요!!! 특히 등심 기름부분이 너무 고소허고, 암튼 둘다 꼭 먹어봐야합니당:) -남으면 포장도 해주세요 ㅎㅎ",맛있다
2248,즐거운맛돈까스,스틱스강에맹세하는맛집,신설동역 3번 출구 앞 즐거운맛돈까스유명한 즐거운맛돈까스! 최근에 휴무이셨다가 다시 오픈하셨더라구요?저는 줄 서서 메뉴받는 것 까지 30분 정도 걸렸어요.근데 여기 진짜.... 너무 맛있는데요? 안심을 좋아해서 안심으로 주문했는데 두꺼~운 안심 덩어리인데 하나도 안 퍽퍽하고 너무 촉촉했어요. 튀김옷은 기름에 튀긴게 맞나? 싶을 정도로 깨끗하고 기름이 느끼하게 느껴지지 않았구요.. 이거 글 적는데도 다시 먹고싶네요,맛있다
2249,즐거운맛돈까스,minji_lab,<육식파들 소리질러~~~>여긴 진짜 넥스트레벨 돈까스를 먹을 수 있는 곳입니다..고기에 진심인 분들이 방문하시면 엄청 만족 하실 것 같아요~웨이팅이 길 수 있어서 오픈 할 때 맞춰서 방문하는건 필수입니다! 기다림이 아깝지 않은 맛이니ㅠ 꼭 가보세요!,맛있다
2250,즐거운맛돈까스,HP7,먹어본 돈가스중 가장 육즙이 넘치고 맛있었음두명이 가서 반반 시켜먹으면 최상재방문의사 매우 많음,맛있다
2251,즐거운맛돈까스,밀크비스킷,평일에 가도 줄이 길어요. 오픈과 동시에 순서대로 착착 앉은 뒤에 주문 받으십니다. 고기도 부드럽고 잘 튀겨졌지만 개인적으론 튀김옷이 너무 딱딱해서 아쉬웠어요. 입 천장이 좀 아프더라고요.,괜찮다
2252,즐거운맛돈까스,happynewyear,저멀리 주차를 하고 큰 기대를 하고 찾아갔다. 점심시간 전이었는데도 웨이팅이... 그래도 서너팀 정도뿐이 없어서 편하게 기다릴만 했다. 드디어 사람들이 조금 빠지고 우리차례였고 너무 친절하게 자리안내를 해주셔서 참 감사했다. 시간이 꽤 지나서 우리가 주문한 히레1 로스1이 나왔다. 뭔가 먹어보지 않아도 푸짐하게 충실하게 만들어진 느낌이 들었다. 일단 로스는 매우 두툼했다. 육즙팡팡의 약간의 선홍색을 띄는 고기가 되게 부드러웠고 입에서 녹았다. 튀김옷도 마음에 들었고 너무 많은 육즙으로 인해 돈까스 아랫면은 눅눅해지기까지 했다. 다 좋았는데 난 육향에 약간 민감한 편인데 육향이 아주 많이나서 나중에는 좀 힘들었고 히레는 로스보다 훨씬 많이났다. 친구는 육향이 맘에 들고 고기 자체가 너무 부드러워서 100점이라고 하던데 나는 육향때문에 맛있긴했지만 그렇게 호는 아니었다. 밥도 장국도 다 맘에 들었지만 육향에서 이럴줄이야ㅎㅎㅎㅎㅎ (이걸 좋아하시는 분도 많다고 알고있다) 그래도 노키즈존으로 조용히 돈까스를 즐길 수 있는 이런곳이 있어서 좋았고 직원분들 모두가 친절하셔서 편하게 맛있게 식사할수있었다.,맛있다
2253,즐거운맛돈까스,반말했다존댓말했다,로스 히레 맥주3잔 둘이서 먹고 배터질뻔했습니다돈까스는 그래도 등심이라고들 하지만두개 번갈아 먹다보면 부드러운 히레 역시나맛있네유둘중 하나 고르기는 너무 힘드니 꼭 같이 나눠먹을 수 있는 사람과 방문하시길로스의 비계부분은 유명한 돈카츠집들과는퀄리티 차이가 있었지만 전체적으로 만족입니다크게 한입 꽉차게 먹는걸 좋아하는 저로서는 고기 두께도 완전 만족크생맥관리도 잘 되는 느낌!!아 샐러드소스 너무 시판느낌이라 아쉬웠어용,맛있다
2254,즐거운맛돈까스,빙글,"대표메뉴등심돈까스(13,000)안심돈까스(15,000)사장님이 말씀하시길 등심돈까스는 식감 있는걸 좋아하시는 분에게 추천, 안심돈까스는 부드러운걸 좋아하시는 분께 추천하신다고 하셨습니다!저희 일행은 등심돈까스 3개를 시키고, 10~15분정도 웨이팅한 후 먹을 수 있었습니다(금요일 12시 방문)혜화 정돈 먹으면서, 맛은 최고인데 양이 아쉬워서 다 먹고 또다른걸 먹어줘야 든든하다는 느낌이 있었기에, 이곳 역시도 그럴 것 같아서 2차로 먹을 메뉴를 정해뒀습니다.그러나, 생각보다 양이 많았고 돈까스 한점한점이 정말 두꺼운데 전혀 뻑뻑한 것 없이, 먹는 내내 물리지 않고 정말 맛있게 먹었습니다. 저희 일행 모두가 ""돈까스를 먹으러 온게 아니라 잘 만든 고기를 먹으러 온 것 같다""고 먹는 내내 칭찬일색이었습니다!근처 가실 일이 있으시다면 꼭 가보시는 것을 추천합니다!그러나 개인적으로는 혜화 정돈이 양은 더 적었으나, 분위기와 음식 하나하나의 맛이 더욱 우수하다고 생각하여 재방문은 하지 않을 것 같습니다.",괜찮다
2255,즐거운맛돈까스,알고싶은게많은만큼먹고싶은게많은욕심쟁이,사실 약속장소 근처에서 급하게 고른거라 별다른 기대없이 들어갔는데 생각보다 가격이 있지만 메뉴가 두가지뿐인게 뭔가 괜찮아보여서 살짝 기대가 올라감나온뒤에 먹어보니 돈값 충분히 할만큼 맛있었다 특히 일행이 시킨 히레카츠가 고기가 부드럽고 육즙이 풍부해 제일 맛있었고 로스카츠는 좀더 담백하지만 튀김이 뭉친부분이 있어 약간 아쉬웠음먹고나서야 찾아보니 이미 망플에서 유명한 맛집..어쩐지 맛있더라 ㅎㅎㅎ,맛있다
2256,즐거운맛돈까스,김수현,동네 돈까스집인데도..두번 째 방문해서 겨우 먹을 수 있었던 곳안심이 부드럽고맛있다,맛있다
2257,즐거운맛돈까스,이아영,입이 즐겁고 싶으면 걍 멀어도 가자. 신설동? 첨듣는데? 해도 가자..안심 등심 맥주 공기밥 밖에 없는 메뉴... 반반이 없다는게 슬프지만 이럴땐 나는 등심. 솜소미는 안심. 윤아 언니 등심..우선 걍 두께가 미쳤다. 이렇게 두꺼운걸 어떻게 익혔지..? 싶을 정도로 두꺼운데 진짜 어떻게 익혔을까 고민했다... 낮은 온도에서 오래튀기면 이렇게 되긴하나...?.그리고 촉촉 보들한게 진짜 와 맛있다! 생각이 팡팡 든다. 정돈 처음먹고 느꼈던 충격이 들다니... 등심은 그보다 더 촉촉하다. 대신 비계가 정돈보다 얇은게 아쉽... 하지만 내 등심 돈가스에 가브리살이 붙어있어서 그게 또 기대하지 않은 작은 당첨이였다 ㅋㅋㅋ.안심도 먹어봤는데 맛있다. 역시 뭐 안심 말해뭐해--특출나게 맛있는건 등심이 특히 더 맛있는 듯. 왜냐면 안심은 걍 자체적으로 맛있는 부위니께..신설동이라도 또 가고싶은 곳.대기 30분 했는데 아깝지가 않았다.,맛있다
2258,즐거운맛돈까스,chanwook_ie,돈카츠의 등심 고기가 벽돌처럼 두꺼운데 식감은 놀라울 정도로 부드럽다. 튀김옷이 조금 평범해서 아쉽지만 고기 맛은 다른 어느 곳보다 월등하다.,맛있다
2259,즐거운맛돈까스,추리,집 근처라 평이 좋길래 정돈을 기대하고 갔는데 별루입니다. 정돈의 50 프로 될까 말까하는 맛  한 번가고 안갑니다,별로
2260,즐거운맛돈까스,희정,제주도에서 18시간 대기하고 연돈돈가쓰를 먹었는데30분 줄서서 먹은 즐거운맛돈까스가ㅜ더 감동이였습니다두툼한 안심을 어떻게 속까지 잘 튀겼는지다시 한번 감동하며 여긴 오픈전에 가서 대기해야지안전하게 먹을 수 있어요,맛있다
2261,즐거운맛돈까스,권오훈,"망플평점이나 리뷰에 잘 속지 않는 편인데 오늘 속았다. 예전부터 가고 싶은 곳으로 찜 해두었는데, 월요일에 가서 한 번 헛탕치고 한참만에 갈 기회가 생겨 즐거운 맘으로 방문. 최근 리뷰를 읽지 않은 것이 패착이다. 추측컨데 초창기와 돈까스의 퀄리티가 달라지지 않았나 싶다. 솔직히 돈까스가 어지간해서 맛 없기 어렵지 않나?돈까스는 고기 맛이다 라고 써놓은 식당에서 이 따위 고기로 음식을 만들다니..... 등심돈까스 가장자리 지방에서 누린내가 장낭이 아니다. 누린내라기 보다는 구린내에 가까운 냄새가 난다. 지방부분은 전부 남겼다. 나머지 부분도 솔직히 돈이 아까워서 먹었지만 진짜 내 평생 먹어본 돈까스 중 거의 하위 10%다 (군대돈까스 포함)직원들 정말 친절하고, 가게 깔끔하고, 세련되게 뭔가 있어보이는 컨셉 설정으로 마케팅에 성공한 것 같으나, 장담컨데 절대 롱런할 집은 아니다. 가지마세요.",별로
2262,즐거운맛돈까스,미식가냠,기대하고 방문한 즐거운맛 돈카츠 직원분들은 매우 친절하고 서비스또한 매우만족했지만 맛은 기대이하였어요 사진으로 봤을때 크기가 큰것은 알았지만 먹기불편하였고 미치도록 부드러운 맛도 아니여서 굳이 이사이즈를 고집하는 이유가있나 라는 생각이들었습니다 샐러드 소스와 돈카츠소스도 특별함감없고 사제맛이 너무강해서 실망했습니다돈카츠는 고기맛인데 육향과 튀김옷과의 발란스도 별로였던것 같습니다,별로
2263,즐거운맛돈까스,fallinautumn,"지금까지 한 너댓번은 갔다온 것 같아요! 맨 처음 먹었을 때, 두 번째 먹었을 때가 제일 환상적이었던 거 같아요 그래도 먹을 때 마다 맛있다고 생각하는 곳..! 제일 최근에 갔다온 때에는 조금 고기 냄새가 난다고 생각했지만...ㅎㅎ 소금에 찍어먹는 게 정말 맛있고 두 번째로는 돈까스 소스와 겨자와의 조합에 찍어먹는 게 진짜 맛있고 세 번째로는 흔하지만 아주아주 맛있는 양배추 샐러드가...! 한 몫 한다고 생각합니다ㅋㅋ 아 된장국은 무였나? 그게 좀 빠졌으면 좋겠어요...ㅠㅠ 그렇지만 쿨타임 가진 후 또 다시 방문할 예정..!",맛있다
2264,즐거운맛돈까스,다뿡이,신설동   돈까스,맛있다
2265,즐거운맛돈까스,메롱,망플 상위권에 있길래 가봤습니다. 웨이팅 15분 정도하고 또 좌석에서 20분정도 기다려서 음식을 받았는데 두번째 사진을 보시면 아시겠지만 눅눅...? 그래도 두툼한 고기를 보고 기대하며 한입 먹었는데 돼지고기 잡내가 심하게 났습니다ㅠㅠ 같이간 제 친구도 고기냄새가 난다하더라구용! 저는 결국 6조각 중에 2조각 남기고 왔네요.. 재방문의사 없습니다!,별로
2266,즐거운맛돈까스,진정한 맛집탐방러,먹은지 거의 일년 됐는데 여기는 고기자체는 부드럽고 괜찮았는데 돈가스를 세워서 주셔서 (튀김옷이 아래가게) 밑으로 기름이랑 육즙이 흘러 밑에 부분 튀김옷이 바스러지고 분리되서 너무 별로였네요.. 다른 유명한 집 보면 안그렇게 주던데 .. 돈가스가 아니라 그냥 고기 삶은거 먹는줄,별로
2267,즐거운맛돈까스,Grandma_taste,"집에서 걸어서 5분거리에 있는데..최근에 안 곳망플 평점대로 맛있더라고요저는 원래 기름기 있는걸 좋아하는 편이라 등심까스를 좋아하는데(13000)기름 싫어하거나 담백한거 좋아하시는 분들은 안심 추천 드려요. 부모님들이 좋아하시더라고요(15000)전체적으로 고기가 되게 두꺼운데, 그에 비해 또 식감이 부드러워서 고기맛을 잘 느낄 수 있는 돈가스 입니다.(근데 두달전에 갔을땐 튀김옷이 얇았었는데사진보시면 며칠전 점심 끝날때쯤 갔을땐 튀김옷이 두꺼워서 좀 실망스러웠어용..맛있다 준건 두달 전 맛이 넘나 충격적으로 맛있었어서..ㅎㅎㅎ)",맛있다
2268,즐거운맛돈까스,갈색곰도리,"신설동에 위치한 일본식 돈까스 맛집! 메뉴는 안심과 등심 두 개뿐이다 전화로 미리 웨이팅을 확인하고 갔음해도 불구하고 도착했더니 그새 한 팀 웨이팅이 있었다. 그 주변에 할 것도 없는데 사람이 이렇게 많은 이유는 진짜 이 집이 맛집이기 때문,,다들 찾아서 오시는 것 같다아무튼 튀김 자체도 너무 바삭하고 고기 자체가 질이 좋은 고기를 쓴다는 게 확실히 잘 느껴진다. 특이하게 돈까쓰 소스 말고 소금이 준비되어 있는데 고기가 맛있어서 그런가 소금에 찍어 먹는 게 훨씬 담백하고 본연의 맛이 잘 느껴져서 더 맛있었다. 레몬도 같이 주셔서 레몬 뿌린 다음에 소금 찍어 먹으면 슈니첼 먹는 기분,,같이 나온 양배추 샐러드도 흑임자 드레싱 뿌려먹으면 존맛 ㅠ 등심은 확실히 안심에 비해 기름지고 두툼해서 씹는 식감이 살아있어서 좋았고 안심은 부드럽고 담백했다. 개인적 취향으로는 등심이 더 맛있게 느껴졌다! 종종 맛있는 돈까스가 땡길 때 또 방문하게 될 것 같다!",맛있다
2269,즐거운맛돈까스,Jake,이름 그대로 진짜 즐거운 맛!홀로 신설동까지 돈카츠를 하나 먹으려고 굳이 찾아간곳. 이 집은 충분히 그럴만한 가치가 있는 곳이었습니다. 아 그리고 방문하시기전에 시간 정확히 알아보시고 가셔야해요. 정말 짧게 운영하시기 때문에 헛걸음 하실수도 있으세요. 다시 본론으로 돌아가서 제가 먹었던건 로스카츠였는데 제가 기대했던 로스카츠와 상응하는 맛을 가지고있어서 너무 좋았어요. 일단 충분한 육즙과 거의 벽돌 수준의 두께가 다른 돈카츠집들과 조금은 차별화된것 같아요. 신설동에 이런 돈카츠집이 있었다니... 너무 멀어서 자주는 못가더라도 생각이 나면 종종 다시 방문해보려구요. 여기 멀더라도 꼭 한번 가보시는거 강추 드립니당!,맛있다
2270,즐거운맛돈까스,KimGanghee,황금올리브돈까스? 같은느낌,맛있다
2271,즐거운맛돈까스,미콩,"◇말모,,, 먹는 내내 진짜 즐거움, 등심 안심 모두 맛남, 배부름!, 친절먹은지 꽤나 오래 됐는데도 기억에 남는 돈까스,, 어디가 더 맛있네, 뭐가 더 정석이네 따지고 비교할 것도 없이 제 입맛에 가장 잘 맞았던 돈까스였어요 고맙게도 친구가 먼저 도착해서 웨이팅없이 바로 들어갔는데 손님들 진짜 많더라고요 아니나 다를까 먹고 있는데 금방 품절사태 일어나벌이고… 등심 안심 모두 먹어볼 수 있었던게 행운이었어요!솔직히 안심 등심 어떤게 어떤 특징을 가졌는지 세세하게 생각이 안 날 정도로 시간이 많이 흐른 뒤에 쓰는 리뷰라 묘사는 어렵지만, 아직까지도 사진을 보면 정말 맛있었지 하고 입에서 침이 고여요 인상에 남았던 점을 나열하자면 까슬하지 않은 적당히 바삭한 튀김옷과, 기분좋은 온도와 양(量)이었던 육즙, 치아에서 느껴지는 고기의 탄력성과 저항성, 그리고 부담스럽지 않은 지방층! 이 있어요 고깃덩이가 두껍고 육즙이 많아 쉽게 물릴 것 같았는데 담백한 맛과 육즙의 감칠맛이 더해져 중독된 듯 돈까스를 입에 밀어넣었어요! 너무너무 배불러서 친구에게 한 조각씩 도움을 요청했는데 친구도 포션이 크지 않아 힘들어하더라고요..^^손님이 계속해서 밀려 들어와 정신없을 법한데도 친절하셔서 더욱 즐거운 식사시간이었어요 오픈어택 필수로 노려야 하는 곳! 빠른 시일내에 재방문하고 싶어요",맛있다
2272,즐거운맛돈까스,Kuhn,신설동은 주로 서울 서쪽에 거주하고 학교다니는 제게 가까운 곳은 아니에요. 맘먹고 가야하는데 오늘 마침 저녁약속이 없어 버스타고 가보았습니다. 한 18:50 정도에 도착했고 앞에 세 팀 정도 웨이팅이 있었어요. 자리에 착석까지는 금방 했는데 음식이 나오기까지 시간이 꽤 걸렸어요.응대하시는 직원분들은 모두 친절했고 저는 맥주(3.0)를 먼저 시켰어요. 제가 좋아하는 맥스였고 300미리 밖에 안돼서 양이 조금 아쉬웠지만 한 입 먹고 헉!! 와 대박 맛있다...깜짝 놀랐어요. 냉각기를 좋은 걸 쓰는지 진짜 차가웠어요. 대형 기업의 라거 비어는 거의 2-3도에서 가장 맛있는 맛을 내잖아요? 요새 먹었던 맥주중에 제일 맛있었어요..기대감이 당연히 생기더라고요. 다들 히레를 주문하던데 전 로스를 더 좋아해서 로스를 시켰어요. 근데 카츠가 겉은 너무 딱딱한 데 비해 속은 과하게 덜익었어요. 돼지고기 덜익혀먹는것에 아무 거부감 없는 사람인데 이로 사각 잘리는 느낌이 아니라 질겨서 이가 안들어갈 정도였어요. 타이밍을 놓치셨는지 기름 온도가 안맞았던지..멀리까지 일부러 왔는데 그냥 가까운 합정 카와카츠를 가라는 것인가 생각하게되는 아쉬운 방문이었습니다. 맥주 - 맛있다카츠 - 별로서비스 - 좋다,별로
2273,즐거운맛돈까스,우챠우챠우챠챠,두번 방문만에 먹을 수 있었습니다. 일본식 돈까스에 로스 히레까스 구성으로 메뉴는 단촐합니다. 로스와 히레 두가지 주문 하고 받아보니 깔끔한 튀김옷에 색과 모양이 예뻤고 고기가 두꺼운 것에 비해 무척 부드럽더라구요~  튀김옷이 윗부분은 바삭한데 아래는 육즙이 흘러 눅눅해지는게 아쉬웠고 (이부분은 설명에도 써있습니다) 고기가 두꺼운 것에 비해 육향이 느껴지지 않는 부분도 아쉬웠습니다.. 육즙이 많이 흘러서 거의 다 먹어갈 때는 샐러드에까지 핏물이 비치더라구요.. 그걸 보니 조금 입맛이 떨어져 다 먹지 못하고 나왔습니다..  담백하고 촉촉한 고기는 좋으나 저는 좀 더 기름기가 있는 돈까스를 기대하고 간 지라 다소 아쉬웠습니다 웨이팅이 긴 편이니 방문 예정이라면 오픈 시간에 맞춰 가는것이 좋을 것 같습니다,별로
2274,즐거운맛돈까스,준영,"어쩌다 서울에서 시간이 생겨 즐거운맛돈까스 급 방문!! 뭔가 찾아갈만한게 있는 동네가 아니라 갈 일이 없었는데 이거만 먹으러 방문했고 충분히 그 가치가 있다고 느꼈어요! 6시쯤 방문했는데 가게는 딱 만석이었고 첫번째 웨이팅인 저를 뒤로 사람들이 주주죽 늘어나더라구요. 일찍 방문하시길 권장! 매장 자체는 생각보다 넓은 편이에요.  친구랑 방문해서 운 좋게 등심 하나 안심 하나 해서 나눠먹었어요. 일단 포션이 정말 엄청난데 이게 하나에 200그람?이라는게 믿기지가 않아요!! 제가 4/3인분을 먹긴 했지만 아무튼 많더라구요ㅋㅋ 등심은 다른 프리미엄 돈카츠 전문점이랑 다르게 따로 지방층이 선명히 보이는 타입은 아니었어요. 그래서 살짝 퍽퍽해보였는데 비주얼과 다르게 기름기가 고기결 사이사이마다 느껴져서 정말 부드럽고 탱탱하니 맛있더라구요!! 돈카츠는 고기맛이라고 적어놓은 슬로건을 보며 고개를 끄덕이지 않을 수 없었어요.. 사람들마다 돈카츠 취향은 다르겠지만 고기 하나만큼은 즐맛돈이 제일 맛있다고 다들 느끼실 것 같아요!!! 안심은 너무 커서 좀 부담스러웠는데 튀김옷이 입천장에 닿지 않게 눕혀서 먹으면 괜찮더라구요. 돈카츠 육즙이 이렇게 촉촉할 수도 있구나 싶었구요ㅜㅜ 아주 감히 한국의 나리쿠라라고 칭하고 싶습니다,,, 바쁜 와중에도 직원분들께서 정말 친절하셔서 좋았고 왜 사람들이 여기까지 찾아오는지 알겠더라구요ㅎㅎ 벌써 맛이 기억이 안나니 얼른 조만간 재방문을 해야겠어요!!!",맛있다
2275,즐거운맛돈까스,ching,서비스 최악이고그냥 일반 일본식돈가스,별로
2276,즐거운맛돈까스,뽀로롱,말이 필요없음 진짜 맛있는 돈까스집,맛있다
2277,즐거운맛돈까스,Hun.gry.gram,[즐거운맛돈까스].오늘 소개할 곳은 신설동에 위치한 즐거운맛 돈까스 에요!.단도직입적으로 말하면 한국에서 여기만큼 맛있는 돈까스 집 못본거 같아요염지도 완벽하고 레스팅으로 템퍼도 적당하고 튀김옷까지 완벽했네요. 거기다 친절함까지.여기서 소스 이것저것 주시는데 아무것도 필요 없습니다. 저 믿고 소금 찍어 드셔 보세요. 바삭하고 고소한 돼지고기 튀김이 소금과 만날때 퍼지는 육향과 고소함이란싹싹 긁어먹고 주방장님한테 큰 절 올리고 왔습니다.스윙스도 좋아할 즐거운맛돈까스 세상의 끝 돈까스 맛보러 얼른 달려가세요‍♂️,맛있다
2278,즐거운맛돈까스,유상호,"여기가 별로인 이유는 단 하나입니다.이건 돈까스가 아니라 수육튀김이에요.저온조리돈까스가 유행타면서 점점 이런 스타일이 유명해지고 있는데저온조리의 장점인 육즙에만 초점을 둔 나머지 돈까스, 튀김이라는 정체성은 사라지고 그냥 수비드한 안심등심수육에 튀김옷 살짝 입혀 튀겨낸 수육튀김느낌. 보쌈에다 튀김옷입혀 살짝 튀긴 느낌입니다.히레는 좀 괜찮았는데 로스는 별로였습니다.애초에 튀김으로서의 맛이 약하다보니 고기 자체의 맛이나비계의 맛으로 승부봐야하는데 비계도 그리 많지 않아서밸런스가 하나도 안맞았어요. 소스도 시판품쓰시는거 보이구요.",별로
2279,즐거운맛돈까스,형석,"개인적으로 돈까스 집 중에 현시점 정돈 프리미엄 아래로 정돈과 유일하게 견줄만한 집이 있다면 바로 여기고기 질, 튀김상태, 서비스 다 좋고 고기는 오히려 정돈보다 푸짐하게 나오는게 더 맘에든다 밥이랑 김치만 좀 더 맛있으면 그냥 완벽할텐데... 그래도 전체적으로 만족스러운 식사를 하고 나옴음식 외적으론 상대적으로 짧은 영업시간과 재료가 좀 일찍 소진된다는 점이 아쉬움 또 역에선 코앞이라 찾기 쉬우나 집에서 멀다는 단점 ㅠㅠㅠ 아 그리고 반반메뉴가 있으면 좋겠다.. 둘 다 먹으려면 둘이 가야 됨...ㅠ",맛있다
2280,즐거운맛돈까스,ethanghymn,"실망스러웠던 첫 방문 후 재방문 의사가 없었지만, 계속해서 리뷰가 나쁘지 않고, 특히나 내가 처음 방문했었을때는 인터넷에서 본 신문기사에서 고메까스라고 일식 돈카츠를 한 단계 더 업그레이드 한 돈카츠를 내놓는 가게들을 소개했던 날이어서 나도 그 기사땜에 갔던지라 그 날만 특별히 더 손님이 많았고, 당황해서 손님들을 어떻게 컨트롤 할 지 몰라서 다 받다보니 당황해서 그랬던 것도 같아서 오늘 점심시간에 재방문해 봄.요즘엔 헛걸음 하는 경우가 가끔씩 있다 보니 전화로 먼저 전활해 보고 영업한다고 해서 출발함. 점심시간때는 사람이 많을거 같아서 1시가 조금 지나 가게에 들어가니 대기손님 2명만 있어서 금방 먹을까 했는데, 지금 자리에 앉아 있는 손님들 대부분이 자리에 앉은지 얼마되지 않은 듯 다들 음식을 기다리고 있었음.지난번과 달리 이번에는 여자직원도 보이고 주방에도 남자직원도 한명 더 보이는 것 같았음. 아마도 인원을 보강한 듯..역시나 가게 분위기는 일본쪽 보단 한국쪽에 가깝고 사모님은 여전히 상냥하심.조금 더 기다리다 자리에 앉았고, 히레카츠를 주문함. 1시 30분 조금 전에 들어 온 손님은 재료소진으로 발걸음을 돌림. 안전하게 먹으려면 1시 언저리에는 와야 될 듯.. 닷찌석에는 물컵과 각종 소스등이 준비되어 있고, 피처를 가져다 주셔서 컵에 따르니 시원한 옥수수차였음. 날도 더워 시원하게 따라서 마시는데, 옥수수차의 특징인지는 모르겠는데, 혀에 살짝 달라붙는 느낌임.순서를 기다리면서 가게나 주방의 분위기를 보니 지난번처럼 어떻게든 손님을 많이 소화하려거나 돈카츠를 빨리 식히려고 부채로 부치거나 하는 모습은 보이지 않고 좀 차분하게 응대하고 음식도 준비하는 느낌임. 컴플레인을 어느정도 듣고 개선하신 듯..내 히레카츠는 거의 1시 50분쯤 나옴. 기다리는 동안 닷찌석에 써있는 안내문을 다시 한번 읽음. 육즙으로 인해 튀김옷이 눅눅해질 수도 있다고도 써있음.히레카츠를 잘 살펴보니 연한빛깔로 튀겨진 히레카츠는 충분히 식혀지고 기름이 빠지고 해서 튀김옷이 기름에 찌든다던가 아랫면도 눅눅해져 있진 않음. 첫 방문시에는 로스카츠를 먹었는데 그땐 워낙이 볼륨감이 뛰어나서 양이 많다고 생각했었는데, 히레카츠는 기대보다는 양이 그렇게 많지는 않은 느낌임.앞접시에 닷찌석 위에 준비되어 있는 소금과 돈카츠소스, 그리고 겨자를 적당히 뿌리고, 검은깨드레싱도 샐러드 위에 뿌림.먼저 샐러드를 맛을 보니 특별할거 없는 평범한 맛인데 이상하게 드레싱이 끝에 자꾸 혀에 살짝 달라붙는 느낌으로 옥수수차의 느낌과 비슷했는데 좋지는 않은 느낌이었음.다음으로 된장국을 맛을 보니 우리나라 된장국 맛으로 적당히 짭짤하고 양파나 팽이버섯등이 잘게 썰린것과 멸치조각등이 들어있음. 된장국 맛 자체는 우리나라 된장국 맛으로는 괜찮지만 일본식 돈카츠와 어울리는지는 잘 모르겠음.기대하던 히레카츠를 한점을 집어 보니 육즙이 보일랑 말랑해서 젓가락으로 살짝 누르니 육즙이 스윽하고 나타났다 젓가락을 놓으니 다시 스윽 고기속으로 사라짐. 튀김옷은 최근에 방문했던 도봉구 마쯔무라돈까스의 것과 거의 흡사한데, 에어리(Airy)해서 빙수의 곱게 간 얼음처럼 파사삭 가볍게 부서지고 색깔도 거의 똑같음.먼저 소금에 찍어 맛을 보니 잡내 하나없이 부드럽고 육즙이 나오면서 소금의 짭짤함이 좋음. 대신 거기까지임. 잡내없고 부드럽고 육즙이 나오지만 이 가게의 모토인것같은 '돈까스는 고기 맛입니다'의 고기맛이 빠져있어서 이번에 방문했던 우리동네 진미평양냉면의 제육처럼 돼지고기의 좋은 향같은게 없음. 잡내는 잘 잡았지만 대신 좋은 향도 안나서 첫 방문에서 느꼈던 로스카츠의 엄청난 볼륨감과 씹는 맛은 좋은데 풍미가 없었던 것과 마찬가지임.다음번엔 지난번에 얘기했던 기성품인 오타후쿠사의 돈카츠소스에 찍기전에 내가 좋아하는 살짝 짙은 색깔에 카레루같은 질감의 겨자가 아닌 밝은 노란색에 살짝 연한 질감의 좋아하지 않는 겨자를 히레카츠에 얹고 돈카츠소스에 찍어 맛을 보니 기성품이어선지 맛이나 소스의 질감에 감흥이 없음. 그렇게 돈카츠소스에는 두세점정도만 찍어 먹고 나머지는 소금에 찍어 먹고 일어남.결론적으로 히레카츠의 부드러움과 볼륨감, 육즙등은 나쁘지 않았지만 샐러드나 샐러드드레싱, 돈카츠소스, 겨자, 히레카츠의 안 느껴지는 돼지고기의 좋은 풍미등 어느 하나 인상적이지 않아서 별로이나 몇몇 아주 비싼가격의 가게들보단 비교적 넉넉한 양과 저렴한 가격, 그리고 지난번의 물 들어올때 노 젓자는 식의 손님응대에서 개선되어 적정 손님만 받고 너무 서두르지 않고 차분히 음식을 준비하는 점이 좋아 괜찮다로.. 대신 그만큼 기다리는 시간은 길어지는 흠은 있음. 자리에 앉아서 음식을 받기까지 30분정도 기다렸으니까.. 그래도 엉터리로 음식을 제공 받는것보단 나음.",괜찮다
2281,즐거운맛돈까스,권오찬,"* 한줄평 : 신설동역 일본식 돈카츠 맛집1. 상호명은 <즐거운맛 돈까스>인데 실제 판매하는 것은 한국식 돈까스가 아니라 <일본식 돈카츠>이다.2. 일본식 돈카츠 식당엔 거의 필수메뉴로 따라오는 카레나 에비 후라이 등은 찾아볼 수 없고, 오로지 <히레>와 <로스> 2가지 메뉴만 취급한다. 다양한 메뉴를 취급하기보다는 돈카츠 전문점으로써 전문성을 더하려는 주인장의 포석으로 보이는데 실제 개인적으로 굉장히 만족스럽게 먹었다.3. 모든 음식의 맛을 결정짓는 요소는 바로 <재료의 신선함>이라는 공식을 돈카츠에 대입해보면 결국 돈카츠는 좋은 육질의 고기에 따라 맛이 달라지는데 굉장히 두툼하면서도 육즙을 머금은 고기는 아주 훌륭했다.4. 기름을 머금은 튀김옷의 축축함과 아래로 흘러버린 육즙으로 인한 촉촉함은 당연히 다르다. 절대 적지 않은 사이즈의 고기임에도 다 먹는내내 기름내나 느끼함은 느끼질 못 했다.5. 고기의 육질이 좋다보니 소스보다는 소금에 찍어먹는 것이 좋다. 다만 동일한 음식을 동일한 루틴으로 먹기엔 지루함이 있을 수 있으니 소스와 겨자, 소금 등 다양한 방법으로 먹을 수 있게한 것은 주인장의 영리한 대처이다.실제 프리미엄 돈카츠의 대중화에 큰 영향을 미친 대학로의 <정돈>도 레몬소금, 와사비, 소스 등 여러 방법의 소스를 구비하여 동일한 음식을 다양하게 즐길 수 있도록 되어 있다.6. 영업시간은 20시까지라는데 실제 평일기준 19시정도면 물량 소진으로 손님을 더 받을 수도 없다.",맛있다
2282,즐거운맛돈까스,•Sarah•,회사 부근의 돈까스 맛집이라고 듣고 점심시간에 방문했던 즐거운맛돈까스에요- 메뉴는 두개뿐이에요. 등심 혹은 안심까스. 안심으로 먹었는데 일단 비주얼이 넘 고왔다는게 첫인상이었구요- 한입 베어물었을때의 촉촉함이 넘 맛있었어요! :) 소스에 찍어먹는 것도 맛있었지만 그 맛 그대로 즐겨도 너무너무 맛있어요~ 함께 제공되는 샐러드와도 잘 어울려요!,맛있다
2283,즐거운맛돈까스,키다리아저씨,"신설동역에서 돈까스 맛집으로 이미 알려진~ 즐거운맛돈까스!!!최근 콘반을 다녀온지 얼마 안된 시점이라 약간의 비교아닌 비교를 하게되면서 식사를 했어요.메뉴는 딱 두가지~~ 히레가츠& 로스카츠!!다양한 메뉴를 취급하는게 아닌만큼 더 집중해서 만들거란 기대감이 있었습니다.히레가츠(13,000원)튀김옷이 짙은갈색이 아닌 밝은갈색을 보이며~ 뭔가 깨끗한 느낌이 들었습니다.무엇보다 만족스러웠던건....두깨감!!생각보다 두툼해서 씹는 식감도 좋았지만...히레의 부드러움까지 좋았어요.개인적으로 히레가츠는 콘반보다 이곳!!이 더 만족스러웠네요. 살짝 아쉽다면...튀김옷이 약간 수분을 먹거나...시간이 좀 지나면 눅눅할 수 있을듯한 느낌이긴한데...이정도면 충분히 괜찮다고 생각합니다.로스가츠(12,000)이것역시 두깨감이 꽤 두툼한데...문제는 그만큼 오버쿡하지않고 가운데 속까지 잘 익히는걸 중요하게 봐야해서 불안불안했어요. 부드러움을 살리기 위해서인지....약간의 분홍빛이 감도는 상태였구요. 지방층은 상당히 얇게 들어있다보니...그 맛을 느끼기엔 어려움이 있었네요.로스가츠는 맛이나 식감면에서 콘반이 더 좋았네요.분명 돈까스 맛집이라고 봐도 되겠더군요!! 무엇보다 고기의 상태나 두깨감...맛~ 좋더군요.사람마다 각각 원하는 취향이 있으니 좋은점도 아쉬운점도 있겠지만...전체적으로 맛있다와 괜찮다 중간은 된다고 생각해요!!장국은 저녁때 먹어서 그런지....좀 짜서;; 중간중간 확인이 필요할듯하구요!! 일하시는분들 대부분이 친절해서 좋더군요^^돈까스소스는 평범해서 소금에 먹는게 가장 담백하고 깔끔했구요~~ 소스에 겨자를 넣으실때 조금만 넣어서 드셔보시고 선택하세요.겨자가 생각보다 톡 쏘는 편이라 주의!!",괜찮다
2284,즐거운맛돈까스,여행여우,정말 맛있어요 규카츠인가 하고 왔는데 다릅니다 돈까스네요고기가 두꺼운데도 부드럽게 사르륵 씹힙니다생와사비라면 정말 좋았겠지만 강겨자도 괜찬네요!,맛있다
2285,즐거운맛돈까스,깽민,"말도 안되는 두께의 돈까스 튀김옷이 젖을 정도로 육즙이 풍부해서 고기가 두꺼워도 전혀 뻑뻑하지 않고 부드럽게 씹힌다 고기 맛도 좋고 튀김옷도 나쁘지 않았다 음식을 주문하고 준비될 때 까지 시간이 좀 걸리긴 했는데 충분히 맛있는, 즐거움이 있는 돈까스였다",맛있다
2286,즐거운맛돈까스,장희,정돈이후로 새로생긴 돈까스집은 많았어도 맛있네~정도였지 맛있다! 하는 곳은 없었는데 여긴 맛있다!  매번 새로생긴 돈까스집가보고 정돈은 못따라가네라고 했는데 이번은 정돈 처음 갔을 때 만큼 좋았다.몇년전에 수유에서 할 때보다 가격은 거의 두배정도 올랐는데 맛도 두배쯤 좋아진듯.튀김옷이 살짝 아쉽지만 로스에 비계있는곳만 그나마 촉촉하고 살코기부분은 육즙없는곳 많이 봤는데 여긴 고르게 촉촉하고 히레는 정말 부드럽다. 히레만큼은 개인적으론 정돈보다 좋았다. 정돈도 부드럽긴한데 작은조각여러개 튀겨서 반잘라내는것보다 여기처럼 한덩이인게좋아서.. 가끔 바쁠땐 조리상태가 안좋을수도 있다고 함.,맛있다
2287,즐거운맛돈까스,silvert,등심 먹었고 가격대비 맛있습니다. 안즈나 정돈에비해 살짝 별로긴 한데 가격 생각한다면 오히려 더 나을지도 모르겠네요.,맛있다
2288,즐거운맛돈까스,ethanghymn,"요즘 들어 이상하게 돈까스나 돈카츠가 당겨서 여러집을 다니고 있는데, 어제 신문기사에서 고메카쓰라고 돈카츠보다 더 수준 높은 돈카츠집들에 대한 소개가 있었어서 일부러 잘 안 가본 동네인 신설동까지 와서 방문해 본 즐거운맛돈까스.오픈시간인 11시반을 살짝 넘겨 도착했는데, 2층에 위치해 있는 가게문 앞에 섰는데, 순간 살짝 멈칫했음. 대부분의 가게문이 유리로 되어있는데 비해, 여기는 일반 빌라같은데 있는 일반집의 문이었음. 거기다 문이 닫혀있어서 문에 영업시간 안내같은게 붙어있긴 하지만, 혹시 가게가 아닌건가 하면서 문을 열었더니 다행히 가게였던..거의 11시35분쯤 도착했는데도, 테이블좌석 5-6개와 다찌에도 손님이 거의 차 있었음. 11시40분경에는 좌석이 다 차고, 대기손님이 생기기 시작했음.대기좌석이 있는데, 대기손님의 입장에선 가게안에 앉아서 기다리는 곳이 있어서 좋겠지만, 식사하고 있는 손님의 입장에서는 대기손님이 많다 보니, 좀 시끄럽기도 하고, 어수선하기도 하고, 쫓기는 느낌도 들어 편하게 식사하기에는 좀 그랬음. 맛집으로 알려져서 원래 매일 점심시간이면 이렇게 손님이 많은건지, 아니면 나처럼 신문기사를 보고 오늘따라 많이 온건지는 모르겠음.가게 분위기는 이런 두툼한 일본식 돈카츠를 파는데 라기엔 직원분의 대응이나 가게 분위기등이 일본느낌이라기보다는 한국느낌에 더 가까웠고, 가게에 쌓여있는 오타후쿠사 제품의 돈카츠소스는 기성제품이기에 전문점이라는 기대감이 살짝 하락.로스카츠를 주문하고, 먼저 온 손님부터 순서대로 나오다보니 기다리는데, 돈까스는 고기 맛입니다라고 써 있기도 하고, 요즘 전문점등에서 많이 보는 맛있게 먹는 방법등이 써 있기도 하고, 주방에서 갓 튀겨나온 두툼한 돈카츠를 커다란 중식칼로 서걱서걱 써는 걸 보니 기대감이 다시 살짝 상승. 대략 10분-15분쯤 후에 로스카츠가 나옴.여기저기서 핸드폰으로 사진 찍는 소리가 들림. 나도 사진 몇장을 찍으면서 고기 단면을 찍으려고, 한 피스를 젓가락으로 들어올려 옆으로 뒤집었는데, 사진을 찍으면서 보니, 아랫면의 튀김옷이 고기와 분리되어 있어서 일단은 사진을 찍으려고 젓가락으로 고기와 붙도록 누른 후 사진을 찍고 보니, 사진 마지막에서 세번째, 두번째에서 보이는 것처럼 아랫면이 축축했음. 이건 뭐지 하면서 일단 소금을 찍어 한입을 베어 무니 아랫면이 물기로 축축했음. 헐.. 아마도, 손님이 많다보니, 주방에서 여러 손님의 접시를 준비해놓고 식으라고 부채를 부치면서 돈카츠를 준비해도 돈카츠전문점에 가면 돈카츠가 눅눅해지지 않도록 돈카츠를 올려주는 돈카츠망에 올려진 채로 있는 시간이 어느정도 있는데다가, 마지막 사진에 있는 돈카츠망을 보면 접시의 바깥부분이 윗쪽으로 올라와선지 돈카츠망의 받침이 한쪽에만 있다보니, 갓 튀겨나온 돈카츠의 열기가 잘 배출이 안되어서 돈카츠 아랫부분이 습기로 금방 축축해지는거였음.사진에서 보다시피 단면이 핑크빛이 살짝 돌지않고, 그냥 흰빛에 가까웠는데, 소금을 묻혀 한입 베어무니, 질기지는 않고, 두툼해서 씹는맛은 있는데, 살짝 오버쿡 된건지, 퍽퍽하진 않고, 촉촉한 편이나, 그렇다고 육즙이 팍 나오거나 하는 그런건 아니었음. 맛도 그냥 무(無)맛으로 나쁜냄새가 안나는 건 괜찮으나, 돼지고기의 좋은 풍미도 없어서 아쉬웠음.양배추샐러드의 경우도 참깨드레싱을 끼얹져서 섞지말고 그냥 먹어야 아삭하다고 설명도 되어있어서 나름 기대를 했는데, 평범한 드레싱은 제쳐두고라도, 샐러드가 어느정도는 살짝 물기가 있어서 상쾌한 샐러드의 느낌이 있어야 되는데, 좀 마른 느낌이어서 이것도 그냥 그랬음. 미소시루는 살짝 간이 센데, 내가 좋아하는 색깔이 좀 더 갈색빛이 진하면서 꼬릿꼬릿한 맛이 나는 미소시루는 아니었고 그냥 무난한..밥도 손님이 많아서 미리 떠 놔선지 살짝 마른 느낌. 거기다, 밥은 더 달랠 수 없고, 추가로 주문을 해야되는 듯..고메카쓰라고 신문기사에 나서 기대를 하고 일부러 먼 동네까지 와서 맛 봤는데, 두툼해서 씹는맛이 있는 걸 제외하면, 너무나도 기본인 돈카츠의 튀김옷이 바삭하지 않고, 아랫부분이 습기로 눅눅해진다던지, 좀 마른 샐러드 등등 전체적으로 인상적이지 않았고, 기사에 나왔던 다른집들도 방문하는게 망설여짐.재방문의사는 없음.",별로
2289,즐거운맛돈까스,썬썬,처음 방문하기 전 검색했을때 가격을 보고 이 동네 돈까스집치곤 비싼 가격 아닌가 싶었는데 한 입 먹어보고 그 가격이 수긍갔던 히레가스!!!,맛있다
2290,즐거운맛돈까스,식객,개인적으로 소금에 찍어 먹는게 제일 맛있었어요~양은 적어보였는대 먹다보니 절때 적은양도 아니였어요,맛있다
2291,즐거운맛돈까스,양심껏씁니다,깔끔.정갈.고기에 충실한 매우 고퀄의 돈까스! 그러나 바삭한 튀김옷이 다소 까슬했고고기가 너무 크게 썰어져 나와 먹기가 불편했다고기의 질은 매우 좋은것 같았으나 다소 오버쿡된 느낌도 있었다. 아 그러나 정말 깨끗하고 양심적이며 건강하기까지 한 고기튀김집임은 분명하다...!!!! 결론: 좋은음식인것 같은데 조금 섬세해지면 좋겠다.  재방문의사 있음.,맛있다
2292,즐거운맛돈까스,LJH(임지훈) / NR,이 맛이 왜 이 가격이지? 놀라웠다2~2.5만원이 넘어가는 곳들과 비교해서도 전혀 달릴 것이 없다. 가격 좀 올리셔도 난 사먹음히레가츠 먹었는데 첫입에 너무 부드러워서 바로 두번째 입을 먹었다. 정말.. 맛있다.....깔끔한 인테리어에 혼밥친화적이다.퇴근길 가끔 들릴 듯. 만족,맛있다
2293,즐거운맛돈까스,KYS,"수유에서 유명해 신설동 쪽으로 옮겨온 '즐거운맛돈까스' 위치도 찾기 쉽다. 서브웨이 2층에 위치! 브레이크 타임 끝나고 바로 가려고 했으나 늦어져서 그래도 6시 전엔 도착했는데 안심이 다 떨어졌다고 했다. 여긴 등심과 안심만 파는 진짜 딱 돈가스 집이라 선택의 여지가 등심밖에 없어서 아쉬웠다.일행 셋이서 모두 등심을 시켰는데, 결론은 맛있었다. 튀김옷이 엄청 얇진 않았지만 입천장이 다 까질 정도는 아니었다. 근데 돈가스 자체도 크고 물론 고기가 두툼하긴 해서 좋았지만, 먹긴 좀 힘들었다. 그리고 여긴 소스보다 소금에 찍어먹는게 더 맛있었다.일행에게 소개받아 간 곳이었는데 만족스런 식사였다;) 다음엔 안심을 먹어보고 싶다.",맛있다
2294,오관스시,돼니,첫 오마카세 입문 가게⭐️⭐️⭐️⭐️⭐️대학생이 먹기에 가성비다또한 맛도 겸비했다.요즘 스시가 기본 12500원 혹은 14000원대를 웃도는데 돈을 더 주고 차라리 오관스시에 가서 여유를 즐겨보는 것도 좋다! 스시에 술은 필수! 청하와 곁들여 먹으면 아주 좋다당일 현장 웨이팅이 조금 있어서 기다렸지만 충분히 기다려서 먹을만한 곳,맛있다
2295,오관스시,준영,"가성비가 정말 좋은 오관스시! 추가 피스로 계속 먹다보면 또 아닌 것 같기도 하지만 일단 캐주얼하게 먹기 좋아서 전반적으로 만족스러워요ㅎㅎ 웨이팅을 일찍부터 바깥에서 해야하는게 조금 고통스러운데 그래도 먹고나면 굳굳ㅠㅠ 가지스시가 대체 뭘까 궁금했는데 겉은 파삭하고 속은 촉촉한게 진짜 맛있더라구요ㅋㅋ 오도로 같은건 조금 질긴 감이 있었고 개인적으로는 고등어, 관자, 방어가 괜찮았어요.",맛있다
2296,오관스시,최연웅,하나하나 맛있다!,맛있다
2297,오관스시,크로노스,5/3,괜찮다
2298,오관스시,Lydia,늘 줄이 길던 오관스시 방문!투명칸막이 있고 QR체크하고 앉으면 된다.점심시간에 가게 앞에 주차도 가능함런치 ₩15000젊은 쉐프님 답게 빠른 속도로 후루룩 초밥을 쥐어주신다.다른 리뷰들처럼 샤리가 굉장히 새콤달콤하다.그리고 아부리가 많고 세다..마지막에 나온 마구로츠케가 살짝 아쉽고 밥알이 축축해질 정도.이 두 점 빼고는 나머지는 만족.칸파치;잿방어참돔과 쪽파연어생새우시마아지:줄눈전갱이아부리한치아부리연어다마고야끼네기토로구운가지마구로츠케 2점으로 마무리된다.구운 가지도 아부리를 강하게 해서 바삭하니 고소한 식감이다.개인적으로 가장 높은 점수를 주고 싶은 건 계란!도쿄에서 먹던 달달~하고 촉촉~한 계란말이 맛이었다.너무 반가워서 추가로 주문했다.₩15000의 가성비는 훌륭하지만여유롭게 식사를 할 수 있는 분위기는 아니다.다음엔 저녁에 한번 방문해서 어떤 구성으로 나오는지 먹어봐야겠다.,괜찮다
2299,오관스시,윤환,"회기에 위치한 유명한 초밥집. 워낙 유명한 곳이라 맛집이라 소개하기도 머쓱하지만 몇년간 꾸준히 방문하고 있는 곳이라 적는다.​젊은 셰프님이 혼자서 운영하시는 곳으로 저녁 20,000원에 오도로를 포함하는 기적같은 구성의 오마카세를 제공한다. 초밥을 내실 때마다 이름과 먹는법을 가르쳐주시고 몇번만 방문해도 기억하시는 등 굉장히 친절하신 편이다.​저녁에는 12피스가 나오고 대부분의 초밥집들과는 달리 우동이나 디저트는 나오지 않는데, 오히려 잘하지도 못하는 생색내기용 곁들이 메뉴보다는 초밥으로만 승부하는 것 같아서 믿음직스럽다. 양이 조금 부족할 수 있으나, 피스당 1000-3000원 사이에서 추가주문이 가능하다.​샤리는 어느 한 맛이 튀지 않고 무난하게 네타와 조화를 이루는 편이고 초밥이 무너지지 않으면서 입에 넣는 순간 쉽게 퍼질 수 있게 적절히 쥐어져 있다. 가게에서 제공하는 간장이 굉장히 묽은 편(아마 별도로 만드시는 듯 하다)이라 간장을 찍은 곳만 짜지지 않아서 좋았다. ​메뉴 구성은 계절에 따라 두세가지 정도가 바뀌는데, 언제 방문해도 가격대에 비해 과분할 만큼 좋은 구성이다. 가격의 제한 때문에 고정되는 메뉴들이 있지만 같은메뉴여도 맛이 점점 좋아지는게 느껴져서 언제 방문해도 질리지 않는다.​최근 몇년 사이 오마카세가 선풍적인 인기를 끌면서 5-10만원대의 스시야들이 우후죽순으로 생기고 있다. 그러나 가끔 큰마음을 먹고 방문해봐도 값비싼 생선을 사용하고 비쥬얼만 그럴듯 할 뿐 기본도 안되어있다고 느끼는 경우가 많다. 오관스시는 기본에 충실한 완성도 높은 초밥을 제공한다는 점에서 언제나 만족스러운 식사를 할 수 있는 곳이다.",맛있다
2300,오관스시,KimGanghee,대학생이 먹을수 있는 초밥중에는 아주 합리적인 선택,맛있다
2301,오관스시,Zi Ching,인생의 스시 맛집입니다 ^^ 사장님이 너무 친절하시고 정도 많으시고 스시도 너무 맛있어서 두달에 한번씩 가는 편입니다. 방어 / 가지 / 참치초밥 제일 맛있는 것 같아요~완전 강추입니다 :),맛있다
2302,오관스시,미동이,가지까지 먹게 해도 사랑혀..,맛있다
2303,오관스시,말차,대학가에서 볼 수 있는 초밥집 중에 가성비가 훌륭하다다만 밥에 식초가 너무 많이 들어간다. 회상태가 괜찮은데도 불구하고 밥이 너무 새콤해서 생선맛이 잘 안느껴질 정도.혹시 생선 상태가 안좋을 때 가리려고 듬뿍 넣으시는 건가...생선상태는 좋은데. 초가 많이 들어가선지 밥의 찰기도 강한 편. 초를 조금 덜 넣으면 좋겠다,괜찮다
2304,오관스시,마네,솔직히말해 샤리상태는 영아니다 스(식초간)이 너무쎄서 네타맛이 다가려지고 너무 질은데다가 모양도 안나오고 자꾸흐트러진다 샤리는 아무래도 셰프님이 직접하시는건 절대아닌듯그래도 이정도 가격대엔 괜찮은거같아서 맛있다를 줫다네타 신선도는 괜찮은거같다 재방문의사는 없지만 같은 가격대에서는 비교할수없는건 맞는거같다기존오마카세를 생각하고 오시는분들은 실망하실것깉지만 그냥 초밥드시러오신분들은 상당히 맛있게 즐길수있을것같다(P.S.되게 빨리빨리진행하신다),맛있다
2305,오관스시,혜화얌냠이,"도대체 이 가격에 어떻게 이게 가능한 걸까요.? ㅠㅡㅠㅠ 광광 ㅠㅠ 감사합니다.. 감사합니다..런치 스시 코스요리가 15,000원! 그냥 동네 초밥집 가격인데 말도 안되는 맛이다 ㅠㅠ 오로지 오관스시에 가기 위해 아침부터 남자친구를 끌고 회기로 고고! 그러나 평일 런치임에도 오픈시작 딱 맞춰 갔더니 첫 타임에 들어가지 못 했다. 아주 일찍 오지 못할 거라면 대략 50분에 한 타임이 끝나기에 끝나는 시간에 맞춰오는 것 추천.. 바로 앞에서 잘린 우리는 50분을 풀로 기다려야 했다. 한번에 최대 10명 수용.웨이팅 중간에 다른 집 갈까하다 오기로 버텼기에 얼마나 맛있나 보자 하고 벼르고 있었다. 그치만 첫 피스 먹고 무장해제.. 레몬 제스트를 올린 광어가 시작이었는데 상큼한 맛이 임팩트가 있어 첫 피스로 아주 알 맞았다. 이날 먹은 거 중 상위권!그 뒤로 도미-연어-새우-방어-한치아부리-연어아부리-계란-참치 다진 것??-참치오도로 2피스-가지까지 총 12피스가 나왔다. 다녀온 지 꽤 되어서 기억 남는 거만 꼽자면 연어, 오도로와 가지!!였다. 가지가 정말 예상밖으로 맛있어서 깜짝 놀랐다. 구운 가지였는데 향도 좋고.. 처음 먹어본 맛.. 약간 아쉬웠던 점이라면 샤리가 질었다는 거. 그치만 그외에 모두 훌륭했어서 흠도 아님..10명의 손님들을 셰프님 혼자 응대하느라 거의 초밥 빨리만들기 진기명기쇼를 볼 수 있는데, (생활의 달인 나오셔야 할 듯..)  이야기를 나누지는 못했어도 셰프님의 쾌활하고 밝은 에너지를 느낄 수 있어서 기분도 좋았다! 담에 디너도 가보고 싶고.. 이번 방문을 계기로 초밥에 빠져버린 거 같다 ㅠㅠ!",맛있다
2306,오관스시,샐리,드디어 방문. 광어에는 유자를 뿌려 유자향이 향긋~도미 그리고 연어 초밥은 살짝 새콤한 편이었어요. 생새우는 꼬리까지 떼어서 주셔서 먹기 편했어요. 그리고 방어에는 파튀김을 넣어서 바삭하게 씹히는 식감이 맛있고 식감도 좋았어요..ㅎㅎ연어아부리에는 레몬즙을 뿌려서 주셨어요. 상큼 발랄~~~ 저는 연어 특유의 향이 싫어서 익힌것은 싫어하는데 레몬 덕분에 맛있게 먹었어요. 그리보 참치갈비살을 다져서 초밥을 주셨어요. 그리고 가지에 불향을 내서 주시네요. 그리고 마지막 참치. 가성비 좋고 입에 감기는 초밥이네요. 따로 간장은 필요없는 간이었습니다. 맛있어요. 근처에 오실 일 있으면 꽄 들러보세요~,맛있다
2307,오관스시,꾸꾸룰루,정말 맛있었어요 ㅜ ㅠ 줄서서 기다린 보람이 있었어요입안에서 사르르 녹습니다..개인적으로 방어랑 가지가 너무 맛있었어요!!,맛있다
2308,오관스시,야옹,하나씩 주는데 아주 애가 탑니다. 맛도 있지만사장님의 초밥에 대한 연구와 애정이 전해져서돈이 아깝지 않습니다! 가지초밥도 넘나 별미!!!,맛있다
2309,오관스시,매남이,"방금 다녀왔는데 정말 괜찮았어요!! ㅎㅎ워낙 알려진 집이라 웨이팅은 각오하고 갔구.. 한 20분 조금 넘게 기다린 듯 합니다!!원래 스시에 대해서 잘은 모르지만, 생선도 살살 녹고~ 무엇보다 가지가 진짜 대박 ㅋㅋㅋㅋ 하나 더 추가해서 먹었네요~진짜 스시집 치곤 훌륭한 가성비 맛집이라 생각합니다!!",맛있다
2310,오관스시,SW,"가성비 괜찮다고 해서 줄을 30분을 서서 들어간 곳!근데 너무나 충격적...?? 일단 정리해서 써보면1. 맛의 조화가...ㅠㅠ밥맛이 너무 세요..회의 맛을 밥의 새콤함이 뚫고 나옵니다..생강 또한 맛이 너무 세서 먹어도 개운하지가 않아요ㅠ그냥 다 세요!!2. 회가 아니라 구운 생선...??!!처음에 많이 놀랐습니다... 회를 구워서 줘서...회 자체가 얼마나 맛있는 음식인데 그걸 구워주다니요?솔직히 신선하지 못한 걸 사용해서 구워주나 싶은 의심이 들었습니다.3. 양이 무엇....양이 너무 적어요... 햄버거 세트도 혼자서 다 못먹는 저로서는 양이 이해가 안 갔습니다. 여기는 후식으로 오는 곳인가... 12피스인데 여기에 두 피스는 계란초밥이랑 가지튀김초밥입니다... 후...점심으로 가면 15,000원이니 그나마 먹겠다만...저녁으로는 20,000원인데.. 먹을거라곤 된장국뿐입니다... 우동같은거로 배를 채우고 싶어도 메뉴가 없어요...ㅠㅠ결국 다 먹고 나와서 다른 식당을 또 들어가서 먹었습니다ㅎㅎㅎㅎㅎㅎ가성비 맛집은 진짜 아니고.. 그냥 스시집입니다..어쩌다 평점이 4.5가 되었는지...",별로
2311,오관스시,건방진B,꼭가세요!오마카세 이가격 어디없습니다!사진은 오도로재방문 3번째중... 맛 ❤️❤️❤️❤️❤️가성비 ❤️❤️❤️❤️웨이팅 기본 30분~45분포장 15분,맛있다
2312,오관스시,ㅇㅇ,웬만한 판초밥집 가도 열두피스 먹으려면 만삼천원은 내야하는데 이곳은 진짜.. 웨이팅이 길어지기 전에는 일주일에 두세번씩 갔는데 한 번도 질린 적이 없어요 물론 5만원 10만원 오마카세를 생각하고 가면 안되지만 일단 밥 간을 한 초가 정말 맛있고 입안에서 생선이 씹을 필요없이 흝어지는 느낌 최고.. 런치 끝에 주는 참치미니덮밥도 맛있어요 이게 등살이라 주도로 하나 추가하면 마무리가 좋습니당,맛있다
2313,오관스시,kkonoo,진짜 말도 안 되게 저렴하게 스시오마카세를 먹었네요. 가격대비 맛있어요!,맛있다
2314,오관스시,걸어다니는 망고플레이트,"가격대비 괜찮은 오마카세 그러나 구운 스시가 많은게 아쉬운 집점심 15,000 저녁 20,000으로 적당한 가격에 형성 되어있지만 토치로 구운 스시가 너무 많아서 아쉬웠어요 저는 생스시를 좋아해서!하나하나 만들어 손님들 앞접시에 하나하나 올려주세요.이 초밥은 간장 찍지말고 드세요, 이건 찍어드세요 이런거도 다 말해주시고 저희는 계란 초밥을 하나 더 시켰었는데 서비스로 주셨어요웨이팅이 너무너무 길어서 정말 적어도 5:30까지는 도착해야하는 집이었지만 거의 1시간 정도 기다려서 들어갔고 맛은 웨이팅에 비해 아쉬웠던 느낌이었습니다성게초밥은 같이 갔던 친구는 신기한 바다맛이라고 했고 저는 좀 오래됐지만 비싼 치즈맛이라고 느껴졌어요저는 고등어 초밥이 맛있었는데 그 반정도만 익힌 살코기가 너무 야들야들해서 좋았습니다그 밖에도 유자청을 올린 스시는 입에 넣자마자 유자청맛이 올라와 잘 어울렸고연어는 생연어를 좋아해서 구운 연어가 아쉬웠습니다참치 오도로도 괜찮았구요총 12pcs가 나오고 저는 배불렀어요!그러나 1시간씩 웨이팅을 하며 먹을맛은 아니었습니다사장님도 친절하시고 유머있으시고 그랬습니다",괜찮다
2315,오관스시,황대관,"무성한 소문을 들은 오관스시... 안암 친구집에서 잠을 얻어 청해서 눈 뜨고 바로273버스를 타고 갔습니다.아쉽게도 회포를 풀다 아침에 잠이 들어서 오픈시간 전에 가지 못 하였고, 사장님께 부탁드려 포장했습니다.경희대 캠퍼스 잔디밭에 있는 탁자에서 먹었는데, 만오천원이라는 가격은 우동, 생선구이 등의 서비스가 없다고 감안해도 아주 훌륭합니다.다만, 아이러니하게도 매장 내부가 너무 협소하여 오마카세이지만 포장이 더 나을 것 같아 보였습니다.제가 계산을 할 때 사장님께서 카드결제를 위해 위치한 자리가 한 팀의 다찌를 가려섰고, 이에 초밥 잡으시는 분이 사장님 뒤에서 손을 주욱 뻗어서 접시 위에 미는듯 던지는듯 놓으시더라구요.. 한 분이 10명에게 오마카세를 해 주어서인지 뛰어다니시면서 한 점 한점 나눠주시는 것을 보며 오마카세가 아니라 차라리 6피스씩 두 번에 나누어주면 어떨까 싶었습니다.개인적인 의견은 굳이 한 시간가량 기다려서 먹느니 도착 2,30분 전쯤 전화드려 포장 후 경희대의 예쁜 경치와 함께 먹는 것이 더 좋을 것 같습니다. 맛은 연어초밥이 살짝 아쉬운 것 빼고는 진짜 좋습니다ㅎㅎ",맛있다
2316,오관스시,upscale,"오관스시는 추천합니다.왜 줄 서는지 알겠어요.샤리는 단데 식감이 좋아요밥을 잘 쿡하십니다. 니기리도 좋고요.그런데, 초밥이 좀 많이 달아서 흰살과는 안어울렸어요.하지만 12 피스 중에 6피스가 훌륭했습니다.생새우,가지,계란,추토로,오토로,연어 등이 좋았어요.단 맛이 나고 기름진 네타와 조합이 아주 좋았어요단지 쉐프님과의 교감을 전혀 못하는 시스템이 아쉬웠습니다.초밥만 먹고 나오기는 아주 훌륭합니다.!배 부르려면 24피스는 먹어야 할듯 합니다.예약 안하는 시스템은 신선하고 좋았어요!",맛있다
2317,오관스시,소yun,런치 오마카세 15.0이 가격에 오마카세를 즐길 수 있다는 건 거의 혁명이다.  야부리 해주는 스시류에서 불맛 충분히 느낄 수 있었고 네타의 신선도도 전체적으로 가격대비 좋았다. 잿방어가 매우 맛있었다. 추가로 주문한 오도로가 조금 비렸지만 기본 구성 자체로 매우 훌륭하다.,맛있다
2318,오관스시,박소정,"회기 최고의 맛집.웨이팅은 길지만 더 기다려도 괜찮다.이 정도 가격에 이런 퀄리티, 다른 데서 먹기 힘들다.다른 지역 스시 맛집 가도 오관스시만 못하다.",맛있다
2319,오관스시,ere,"여기 진짜 맛있음ㅠㅠ 막입이라 처음엔 초밥이 다 거기서 거기아니냐고 생각했으나 한번 이곳을 방문한 이후 그생각 바꿔버림ㅎㅎ 특히 참치뱃살... 난 참치가 이렇게 맛있는건줄 처음알았음; 그동안 먹은것은 가짜냉동참치였음을 깨닫게 해줌.. 그리고 극 고기파로 인생을 살아오면서 이렇게 맛있는 가지초밥은 먹어보질 못함 인생 헛살았다 진짜주인분도 넘 프로패셔널하심 소금간을 했으니 간장찍지 말고 먹어라, 뭐뭐랑 곁들여 먹으면 더 맛있다 등등 그 스시를 최상의 상태로 입에 넣을 수 있도록 해주심!경희대 주변은 음식가격이 저렴한 편이고 거기에 익숙한 사람들이 많음 그럼에도 불구하고 식당 오픈때부터 서서히 유명세를 타고 아직도 웨이팅이 있는곳... 이정도면 말 다했지ㅜㅜ 꼭 드세요",맛있다
2320,오관스시,이주현,"가격만 보고 정말 오마카세가 맞나 싶었다. 런치 1만5천원, 디너 2만원의 오마카세가 또 있을까? 예약은 안 되고 오픈 전부터 기다려야한다. 런치 타임이 11시반부터라서 좀 일찍 11시 10분쯤 갔는데 앞에 7명이나 있었다. 그리고 5분 후 내 뒤로 10명이 넘게 늘어섰다. 좌석이 10개 정도라 좀만 더 늦었으면 첫 타임에 못 먹을뻔했다ㅋㅋ 문이 열리고 손님들이 자리에 다 앉으면 안쪽부터 하나씩 초밥을 내어준다. 광어부터 시작해서 농어, 연어, 도미, 참치 등으로 총 12p다. 초저가 오마카세지만 역시 일반 캐쥬얼 초밥집과는 확연한 차이가 난다. 입에서 사르르 녹는다. 전부 만족스러웠지만 의외로 기억에 많이 남는 것 중 하나는 한치였는데, 내가 아는 한치가 맞나 싶을 정도로 쫄깃하고 맛있다. 후반에는 가지초밥이 나오는데 은근 별미다. 가지를 싫어하는 친구도 매료시켰다. 아쉬운 점은 셰프님이 너무나도 분주하다는 점. 역시 고급 스시야처럼 셰프님과 여유롭게 얘기하며 먹기는 힘들다. 그리고 그 날만 그랬을 수도 있지만 샤리가 약간 질척했다. 그래도 엄청난 가성비를 보여주는 곳임은 확실하다.",맛있다
2321,오관스시,뿔뿔,"스시 오마카세를 즐기지 않는 나로서, 이곳이 그렇게가성비가 폭발하는 곳인지 실감 못했다. 스시 맛 잘 모르는 내가, 방문을 통해 느낀 장점은 구성이 좋은 것 같다 정도. 솔직히 말하자면, 가게가 조금 조촐하다. 배경은 케이팝이 나와 정신없이 분주하고 좌석이 불편하다. 가성비가 흐른다해도 이런 분위기나 플레이팅이라면 오고싶지 않다.",괜찮다
2322,오관스시,AlexTheFood,"#190607바나 #MD일기#오관스시⠀오랜만에 방문한 경희대에서 제일 먼저 찾은내 대학생 시절 원픽 스시 집★⠀처음 이 곳을 알게 되었을 때는블로그에 극찬으로 도배되어 있길래블로그 협찬을 주었나 보다 생각했었는데,⠀신명나게 까려 방문하여 한 입 먹은 뒤바로 이 곳의 팬이 되어버려 나 역시블로그에 극찬으로 도배했던 그런 곳 :)⠀반 년만의 방문이라 가격이 올랐을 줄 알았는데런치 15000원 / 디너 20000원이라는말도 안 되는 가성비를 아직도 유지하고 계시더라.⠀새우꼬리까지 손으로 직접 까서 나오는 것도,토치로 아부리하셔서 고소한 한치도,대학생 시절 감탄했던 가지도 여전히 맛있었다!⠀상태가 좋다하셔 추가 주문한 오도로도 녹았고우니도 위의 숯 소금과 함께 입에 넣으니입에서 아주 바다가 펼쳐지는 마법...⠀식재 본연의 맛을 살리는 곳이라기 보다는한정된 비용으로 낼 수 있는 최고의 맛을보여주기 위해 연구한 곳이다- 강추★-⠀#오전 #런치오마카세 15000 ★★★★☆",맛있다
2323,오관스시,여진,2만원에 가성비 좋다.여성이고 식당가면 밥한공기 못먹는데 12피스는 좀 모자란 감이 있긴하다.평점이 높다고 맛에 큰기대 하기보다는 이정도 가격의 오마카세를 먹을 수 있다는데 의의를 둔다(오마카세와 그냥 세트피스의 중간정도의 느낌)맛에 큰 기대를 한다면 실망할 수 있다.적당한 퀄리티의 스시다!다만 밥이 좀 질어서 아쉬웠다.,맛있다
2324,오관스시,참외,"런치 1.5, 디너 2.0이라는 상당히 낮은 가격에 높은 수준의 초밥코스를 맛볼 수 있다. 디너에 방문했는데 최대 10명까지만 들어갈 수 있으므로 서두르는 것이 좋다. 보통 디너 오픈 20 분전부터 줄을 선다. 우니와 참치(주도로, 오도로)가 정말 맛있다.맛 4.5/5친절 5/5위생 4.5/5가격 4.5/5",맛있다
2325,오관스시,* Y _,5/5점가격이 너무 착한데 그에 비해서는 정말 훌륭한 퀄리티여기서 먹고나서 스시 오마카세 먹으러 다니기 시작했을정도가까이에 있으면 꼭 가보시라 하고 싶다,맛있다
2326,오관스시,Seyeon.Y,"학생들에게는 베스트 오마카세 아닐까저녁 오마카세 2만원. 평일 저녁 비가 오는 날이었고 브레이크 끝나기 15분전에 갔을 때는 우리 밖에 없었는데 15분 사이에 줄이 길어졌다. 매장은 한번에 10명 이상은 들어갈 수 있을듯기대가 크면 실망할 수도 있겠지만, 가격대비 만족할만한 곳. 2만원에 우니, 가지 등 다양한 초밥을 맛볼 수 있었다. 내가 가장 맛있게 먹은 것은 가지랑 연어! 훈제연어 좋아하는데 맛있었다>_<초밥만드시는 분 젊어보였는데 신기했다",맛있다
2327,오관스시,정뱅이,계절별로 오마카세가 다르다고 하네요.저렴하게 오마카세를 즐길 수 있는 곳 입니다.맛있게 먹었습니다~,맛있다
2328,오관스시,맛있는것만먹는인간,맛잇어ㅠㅠㅠ,맛있다
2329,오관스시,silvert,런치로 갔고 특히 연어 광어 방어가 맛있어서 이것만 추가로 더 시켜서 먹었습니다. 나머지는 그냥 괜찮은데 이건 엄청 맛있었습니다. 전체적으로 맛있다 입니다. 게다가 가격까지 완벽.. 학교 근처에 이런 스시집이 있다니 놀랍습니다 줄만 없으면 또 갈거같아요,맛있다
2330,오관스시,akkkkke,2만원으로 초밥치고 싼 가격이지만 샤리도 네타도 특별한 맛이 전.혀. 없고 대충 만든 느낌이라 (실제로 대충 만든다. 오른손으로 토치 잡고 20초 넘게 아부리 하면서 왼손으로 아까미를 간장에 담그고 도마 정리하고 있었음) 같은 돈으로 근사한 파스타 한 그릇 먹는 게 더 만족스럽다.+아부리를 지나치게 세게 해서 고등어초밥이 고등어구이 맛이 났다. 재료 신선도에 자신이 없는건지...,별로
2331,오관스시,혁명적스시,"1. 맛초밥 하나하나에 특징이 잘 잡혀있다. 상큼한건 상큼하게 기름진건 기름지게, 그 맛을 극대화 시켜 저렴한 가격이 무색한 맛을 낸다.2. 미스터 초밥왕미스터 초밥왕을 보면 저렴한 횟감을 다양한 방법으로 가공하는 장면이 자주 나온다. 비록 생선 그 자체의 맛은 최상급 횟감을 따라잡을 수 없더라도 다른 장치를 통해 엇비슷한 맛을 낼 수 있다는 것이다. 나는 오관스시에서 이런 느낌을 받았다. 횟감 그 자체는 당연히 평범하다. 이 가격에서 나올 수 있는 횟감이다. 하지만 평범한 횟감을 잘 보완하는 숨겨진 비법이 있어보인다.3. 인상 깊었던 초밥가지초밥 - 가지를 원래 먹지 못한다. 고소한 냄새가 나서 먹어보았다. 가지를 먹게 되었다. 끝고등어초밥 - 추가 주문이 안된다고 한다. 저녁타임에만 나온다. 고등어회는 비려서 싫어한다. 안비리도 고소했다. 끝",맛있다
2332,오관스시,장희,12피스 1.5만 예약은 불가하고 오픈 전 부터 기다려야한다. 토요일 한시간전에 갔는데 그정도로 일찍 갈필욘없었고 30분전에가도 첫조엔들어갔을듯. 그때그때 쥐어주시는데 만드시는분 혼자 너무바쁘셔서 힘들어보였다. 샤리가 좀달고 질척했지만 가격생각하면 불만을 가질수가 없었다 ㅎㅎ의외로 가장 기억에 남았던건 가지초밥. 무슨 가지가 나와 이러고 있었는데 생각보다 맛있어서 인상적이었다.,맛있다
2333,오관스시,Jㅐ,"회기역에 위치한 스시야 “오관스시”. 생활의 달인에서 소개된 집이지요. 말도 안 되는 가격으로 오마카세를 즐길 수 있는 곳. 맛만 생각하면 괜찮다인데 가격 생각하면 맛있다 안 주기엔 양심이.. 좋다 : )‘오전(12개)’. 15,000원이라니.. 진짜 사장님이 미쳤어요도 아니고.. 다찌 10자리 정도 있는 넓지 않은 스시야인데 쉐프님 한 분께서 엄청난 속도로 스시를 쥐신다. 거의 뭐 손이 안 보일 정도.. 한분이서 하시는데도 오래 기다린다는 생각 안 들 정도로 회전도 빠름. 물론 미리 회를 다 떠놓으셨기 때문이기는 하지만 놀랍다 정말ㅋㅋ 스시 맛은 초딩입맛이면 정말 좋아할 만한 스시. 밥이 물기도 많고 상당히 새콤달콤해서 맛있다ㅋㅋㅋㅋ 자꾸 물이 먹히긴 했지만 자극적이게 맛있는 초밥이었어요!! 회도 은근 괜찮음ㅋㅋ 참치도 나오고, 아부리된 한치도 나오고. 가지 초밥이 은근히 맛있어서 놀랐음ㅎㅎ웨이팅 정말.. 오픈 30분 전부터 줄이 생기더니 길어지더라구요ㅋㅋ 그럴법도 한 게 가격이 이 가격이니.. 대학생 때 알았으면 자주 찾아갔을 것 같아요. 정말 회기러분들 부러워졌다..",맛있다
2334,오관스시,권오찬,"* 한줄평 : 어떻게 이런 가격의 스시가 가능한지?!요즘은 젊은 일식 쉐프들의 독립으로 엔트리급 스시 레스토랑의 런치 코스를 2만원대에도 만날 수 있다지만, 오관스시의 런치 가격은 12pcs 기준 1.5만원이다. 전체적인 단가를 보완해주는 역할을 하는 가지와 계란말이 피스가 있고, 앵콜 스시도 없지만! 전체적인 밸런스와 구성이 좋아 굳이 의식하지 않는다면, 그리고 코스의 단가를 생각한다면 전혀 문제가 되지 않는다.젊은 쉐프 한분이 초밥을 쥐고, 부모님께서 이런 저런 보조를 하시는 것으로 보이며 그날 그날의 재료 상태에 따라 좋은 초밥 피스 한두점이 나오는 듯 싶다. 오늘의 Best는 방어와 연어 아부리..오관스시 쉐프의 장기가 아부리인 것 같은데, 중간 이후 나오는 연어와 한치, 가지 피스의 적당한 불향이 인상깊었다.아쉬웠다기 보다 서운했던 점은..우리 아이에게 주는 초밥의 네타가 약간 찌끄러기를 얹어주는 듯한 느낌이 들었다는 것! 계란말이도 끄트머리 작은 부분이였고, 초밥의 중간 부분의 샤리가 드러날 정도로 네타가 해져있는걸 본지라..# 꿀팁10석 다찌 규모의 작은 가게다보니 매시간 30분마다 1시간 단위로 손님을 받는다. 오픈 전 대기하거나 10분쯤 가서 줄서 있는걸 추천한다.",맛있다
2335,오관스시,AlexTheFood,"#180906바나#오관스시최강의 가성비를 자랑하는 오마카세 스시야!!!⠀여기는 경희대 맛집이 아니다.오마카세라는 경험을 15000원에 할 수 있는 곳이우리나라 또 어디에 있을까☺⠀진심 전국의 모든 사람들이 알아야 할 곳이다.포스팅마다 칭찬을 넘어 신격화 되어있길래광고인가 의심하고 갔지만... 의심한 내가 바보였다.⠀망고플레이트 4.2점이던데 최소 4.5점은 넘어야 함☺맛과 가성비도 물론 뛰어나지만 이 가격에오마카세를 경험할 수 있다는 것은 엄청난 행운이다ㅜㅠ⠀앞으로 일주일에 한 번씩 방문할 예정.눈치보여서 추가주문 못 했는데,다음에는 오도로도 꼭 먹어봐야지...★-⠀#오마카세 오전 15000 ★★★★☆#스시 #스시오마카세 #경희대스시 #경희대초밥",맛있다
2336,오관스시,Jun,"이전까지는 스시라는 음식 자체를 그렇게 좋아하지 않았는데, 오관스시를 가보고 난 뒤로 초밥먹으러 가자는 말을 먼저 꺼낼 수 있는 사람이 됐다.스시 하나하나가 입에서 녹는다. 친구들이 회기 맛집을 추천해 달라 하면 고민없이 말해 줄 수 있는 가게.",맛있다
2337,오관스시,C H,전체적으로 입 안에 사르르 감기면서 맛있습니다. 개인적으로 국이 깔끔하면서 정말 맛있네요. 맛도 분위기도 좋았습니다.,맛있다
2338,오관스시,마시쪙,크 맛있다 정말어떤 분 말대로 연어는 약간 비릿한데다른건 되게 맛있당나에겐 약간 양이 부족해서 더 추가해서 먹었지만배 뚜들기며 나왔당 ㅎㅎ,맛있다
2339,오관스시,포노포노,회기 근처의 스시집은 다 섭렵했었는데내 기준 가장 맛있는 곳!!!남자친구는 스시래가 더 좋다고는 했지만 (가성비)나는 여기가 더 맛있었닿ㅎㅎㅎㅎㅎ굉장히 고급스러운 스시를 대학가에서 먹는 느낌??만족스러웠닿ㅎㅎㅎㅎ^ㅠ^,맛있다
2340,오관스시,9호선 급행,"여기 맛있는 편입니다. 주인으로 보이시는 한 분이 다찌 전부를 도맡아서 세팅부터 스시 만들기까지 다 하시느라 조금 버거워 보이기도 하지만, 스시 맛은 더할 나위 없이 괜찮았습니다. 다만 점심에는 10피스인지라 성인 남성에게는 양이 조금 적은 것 같네요.",맛있다
2341,오관스시,KimRyu,7시쯤 가서 저녁스시먹었는데 주문을 하면 바로 하나하나 만들어주신다. 회도싱싱하고 밥도 맛있고 오늘 스시 처음 먹는 친구 데려갓는데 팔에 소름돋앗다고 ㅋㅋㅋ 오버하길래 뿌듯,맛있다
2342,스시선생,햄니,"재방문~~ 특선초밥이랑 새우튀김마끼, 날치알마끼 먹음! 지난번에 먹은 선초밥보다 특선초밥이 더 맛있다. 뭐랄까 숙성된 회의 맛을 지대로 느낄수 있었다. 넘 맛있어서 동생이랑 감탄하며 먹음..(근데 모든 초밥이 감탄할 정도는 아님, 예를들어 그냥 새우초밥이나 조갯살..?있는 초밥은 평범하다. 그래도 다른 생선회초밥은 넘나 맛있 ㅠㅠ) 마끼도 진짜 맛있다! 추천한다.. 사장님이 마지막 초밥 원래 한개인데 나랑 동생 둘다 맛보라고 한개 더 서비스로 주셨다 ㅠㅠ 짱..ㅠㅠ 만족스런 식사였음..",맛있다
2343,스시선생,예송이,회기 근처 분위기 좋고 깔끔한 초밥집마감 사십분 전에 갔는데도 친절하게 눈치 하나도 안주셔서 넘 감사했다. 특선초밥(12.0)이랑 우동세트(11.0)을 주문했다. 나무 도마같은게 아니라 접시에 담겨저 나오는게 좋았다. 갠적으로 나무 식기보다 더 위생적인 느낌.낯선 비주얼의 초밥이 인상적이었다. 간장 양념이 필요없는 피스를 설명해주시는게 되게 친절하다고 느껴졌다.우동이 특히 감동적이었는데 초밥집의 일반 우동 퀄리티(휴게소 우동에 급하게 뿌린 고춧가루 맛)가 아니라 진짜 괜찮은 우동이었음!재방문의사 ooo,맛있다
2344,스시선생,최연웅,여기는 진짜 맛집임,맛있다
2345,스시선생,햄니,"경희대 초밥!하면 무조건무조건 추천받는 곳, 학교 다닐때부터 동기+선배들에게 소문을 익히 들어왔었다… 4학년이 되어서야 가보다니..!!!!! 일단 가게 분위기가 아담하고 정감하다. 진짜 ‘일본 스시집’ 같은 느낌!!! 가장 많이들 시키는 메뉴를 시켰는데 (이름 기억안남..) 맛있었다! 살짝 구운연어 초밥.. 이게 젤 맛있었던듯!! 다른메뉴도 다 먹어보고싶당..시간이 없어서 조금 정신없이 먹었는데 다음엔 더 푸짐하게 시켜서 여유있게 음미하며 먹을거다ㅠㅠ",맛있다
2346,스시선생,noname,광어+연어 10개 17000원모듬 초밥 12개 15000원진짜 정성들여 만든 초밥이고 재료 신선하고 맛있음.잘 숙성시킨 느낌을 받아서 괜히 줄서는 곳이 아니다 싶음,맛있다
2347,스시선생,미동이,괜춘!,괜찮다
2348,스시선생,Jinny,"망플 평이 괜찮길래 회기에서 가봤는데 왠걸! 여기 정말 맛있군요!스시 하나하나 버릴 게 없고, 아쉬운 맛 나는 피스가 없었어요!물론 친구랑 둘이 나눠먹는 바람에 제가 모든 피스 다 맛 본 건 아니긴 한데 ㅋㅋㅋㅋ 애초에 하나씩 다 다른 거 나오는 데는 첨인걸요?!후기 중에 연어롤 먹으라고 하신 분 말 믿고 연어롤 시켰는데 안시켰느면 후회할 뻔... 여기... 연어 참 맛집입니다... 연어스시만 시켜도 정말 맛있을 것 같아요!!",맛있다
2349,스시선생,단이,"<<회기에서 초밥 먹고싶다면, 스시선생으로~! 하지만 후식은 필수..!!>>회기에 있는 초밥집 가운데, 맛있고 밥약장소로 유명한 스시선생! 왔다갔다 하면서 봤었을 때 항상 앞에 웨이팅이 좀 있었는데, (매장이 작은 편이에요) 5시 반에 가니까 웨이팅 없이 바로 입장 가능했습니당~~선초밥 10피스를 주문하였고 9피스 먼저 주셨어요! 설명도 친절하게 해주시고, 무엇보다 제가 왼손잡인데 왼손잡이인거 고려하셔서 초밥 세팅하셨다고 말씀해주셨어요...ㅠㅠ!! 여기서 완전 감동이었습니다 흑흑 스시의 회는 정말 저엉말 신선했어요!! 회의 신선한 맛이 하나하나 다 느껴졌고, 밥알도 갈라지지 않았어요! 보통의 스시집에선 간장찍으면 밥 갈라져서 먹기 힘들잖아요 ㅎㅎ 하지만 여기는 밥알의 뭉침(?)이 단단했답니다@.@감탄하며 먹으니 정말 순삭이었어요...ㅎ 마지막 한피스는 따뜻한 상태로 먹을 수 있게 다 먹고 주셨어요 :)정말 맛있지만, 양이 좀 적긴 해요ㅠㅠ 그래서 후식까지 먹어야 좀 든든한 감이 있습니다 ! 신선한 초밥을 먹고싶다면 다들 스시선생으로 갑시다~!~!~~",맛있다
2350,스시선생,먹짱,넘 당연한 맛집이라 후기 남기기도 민망...ㅎㅎ 생선 다 맛있고 다양하게 나와서 넘 좋아요~~ 지인 놀러오면 데려가기 좋답니당!,맛있다
2351,스시선생,미동이,무난하게 맛있다,맛있다
2352,스시선생,wonder_Alice,샤리의 질이 완전 별로.. 회가 숙성된 느낌이라 찐듯한데 밥도 간이 덜 되어있고 질다입에 들러붙는 느낌,별로
2353,스시선생,Ray,초밥 10피스가 나오는 선초밥(12000)을 주문했어요. 기다리는 동안 깔끔한 샐러드랑 그냥그런 장국이 먼저 나왔고요. 저희 4명이 런치 첫 손님이었는데 초밥 나오는 데 시간이 꽤 걸렸습니다. 초밥 나올 때 어떤 초밥인지 설명해주시면서 간장을 안 찍어먹어도 되는 거랑 먼저 먹으면 좋은 걸 말씀해주시는데요. 설명도 잘 해주시고 왼손잡이 일행의 초밥 방향은 반대로 놓아주시는 게 아주 디테일이 살아있는 서비스라 깜놀했어요ㅋㅋㅋ초밥은 전체적으로 깔끔한 맛이지만 맛있다고 하기엔 조금 부족한 느낌이었고요. 양은 많이 적어요ㅠㅠ전체적으로 괜찮긴 한데 굳이 또 와야 할까 이런 생각이 드네요.,괜찮다
2354,스시선생,소현,이 집 초밥 맛있다 우선 이 집 초밥은  밥 양이 적어서 우선 좋다  그리고 회가 신선하다 같이 간 언니 입이 예민한데 뭔가 시제품 하나도 안쓰고 직접 재료 손질해서 만드신거 같다고 했다 나는 그런거 절대 못느끼는 막입인데... 재료가 신선하다는 정도는 느꼈다~ 또 갈거 같다 !,괜찮다
2355,스시선생,silvert,딱 이 정도 가격의 스시집치고 맛있는 편입니다. 어찌보면 혹평이지만 가격을 생각하여 합리적으로 나름 맛있게 먹을 수 있다 정도로 봐주시면 좋을것같습니다.,맛있다
2356,스시선생,주배,"4.2 / 5.0이렇게 신선한 초밥은 처음 먹어봐요,.회기에 괜찮은 스시집이 많다는 얘기를 듣고 방문하게 되었습니다!제가 여태껏 먹어본 스시에 대한 평가를 아주 바꿔놓은 식당이었어요.아 진짜 맛있는 스시는 이런거구나.. 라는 생각을 하게 만든 곳이었습니다.주문한 것은 우동, 모듬튀김, 선초밥이었어요.1. 선초밥진짜 너무 싱싱해요.그리고 회가 너무 쫄깃쫄깃해서 놀랬습니다.밥 간도 정말 잘되어있고, 야들야들한건 야들야들하게,쫄깃쫄깃한 식감을 살려야할 땐 쫄깃쫄깃하게!정말 맛있게 먹고 왔습니다.제가 여태껏 먹어본 스시는 정말 아무것도 아니었어요...☆2. 모듬튀김일본식 튀김 답게 튀김옷이 살아있는 튀김입니다.식감이 바삭바삭한게 포인트에요.재료도 알차고 신선해서 정말 맛있게 먹었습니다.3. 우동우동은 크게 특별하진 않지만 그래도 맛있게 먹고 왔습니다!전반적으로 모든 메뉴가 평균이상, 그리고 깔끔하고 담백한 맛이었어요. 너무 좋았습니다.이 곳에서 진짜 맛있는 스시는 이런거구나,. 라는 생각을 했고 가격도 전반적으로 착한편이라 앞으로 정말 맛있는 스시를 한번 먹으러 가야겠구나 라는 생각을 하게 된 곳입니다.가성비도 잡고 맛도 잡은 스시집이에요.아무래도 자주 갈 것 같습니다.",맛있다
2357,스시선생,IBBIE,4인이었는데 제가 왼손잡이인걸 말하지 않아도 아시고 왼쪽으로 플레이팅 해주셨어요! 그걸 보고 친구 세명이 너 왼손잡인거 처음 알았대요...,괜찮다
2358,스시선생,혼밥이 일상,혼밥 난이도 : 하주문하고 나서 4-50분 정도 기다렸다(미리 오래 걸린다고 공지해주셨음!)바테이블에 앉아서 바로 앞에서 초밥 만드는게 보였는데 손이 엄청 바쁘게 움직이셨다쉴새없이 계속 초밥을 만드신다맛은 기다린 보람이 있을 만큼 좋았다특히 참치초밥 두 개가 배고플 때 제일 처음 먹은거라 그런지 인상적이었다12000원인 10피스짜리 시켰는데 구성도 괜찮고여자인 내 기준으로는 기분좋은 포만감이 느껴진다경희대 부럽다,맛있다
2359,스시선생,여니,여기 연어롤이 대박 맛있어요! 그래서 근처 갈때마다 가게되는 곳 ㅎㅎ 연어초밥 연어롤 다 드셔보세융ㅎㅎ,맛있다
2360,스시선생,한조,스시 종류가 구성은 괜찮다고 생각한다동네살면 가끔 방문할듯! 일반 동네 초밥집보다야 맛있음 오관이랑 비교하면 오관이 조금 더 ㅋㅋ,맛있다
2361,스시선생,ㅎㅎ,"❗맛 7/10❗재방문의사 X맛집이라고 해서 가봤는데,,물론 나는 음식을 그냥 내 입맛으로만 평가해서 다른 사람 입에는 어떨지 모르겠지만... 밥알이 너무 따로 노는 느낌이었다. 회의 맛보다 밥알이 따로노네,, 가 느껴졌음그래도 구운 연어초밥은 맛있다. 근데 지금까지 다른 곳들도 구운 연어초밥은 다 맛있었던듯.대학가니까 주변에 가성비 좋은 다른 식당을 가겠다!전체적으로 굳이 웨이팅까지 할 정도는 아니었음!",괜찮다
2362,스시선생,즌짱,"맛있다는 이야기는 자주 들었는데 가본 적이 없었던 스시선생... 최근 동창들 인스타그램 피드에 급격히 올라오기에 궁금해서 방문했습니다.평일 오픈 시간에 맞춰 갔는데 손님들이 줄줄이 들어오는 것을 보고 아 여기는 찐이다 싶었어요. 기대하며 선 초밥을 주문했습니다. 혹시 못 먹는 것이 있는지 하나 하나 물어보고 조절해주시는 점이 좋았어요.초밥이 나왔는데 새우 꼬리가 잘라져 있었어요. 먹기 편하라고 배려해주신 게 .. 작은 거지만 기분이 좋았어요. 또, 어떤 어떤 초밥이 간이 되어있는지 알기 쉽게 알려주시고 불에 구워 나오는 마지막 피스는 따뜻하게 먹을 수 있도록 마지막에 따로 나오는 점도 좋았어요.그리고 이 건 왼손잡이인 동창의 피드를 보고 알았는데, 손님이 왼손잡이인지 오른손잡이인지 보고 그거에 맞춰서 초밥 방향을 바꿔주신다고 해요. 손님에 대한 관심과 배려가 가득한 곳이구나 생각했어요.게다가 맛도 좋아요! 특히 참치가 맛있었어요 ㅜ 전체적으로 신선하고 간이 되어있는 것은 간도 적당하고 가격 대비 정말 정말 훌륭해요.그런데,, 앞선 다른 분의 리뷰와 동일하게 아쉬운 점은 밥 양이 정말 적다는 것입니다. 여러 이유로 입맛이 없던 터인데 양이 적다고 느낄 정도였으니.. 다른 분들은 여기서 초밥 드시면 배가 안 부르다고 생각하실 수 있을 것 같아요. ㅎㅎ.. (그럴 때는 미니 소바 추천해요! 일행이 시켜서 맛 봤는데 소바도 맛있어요. )",맛있다
2363,스시선생,LeeHyun Pa,"두번 갔는데, 그때마다 만족스러웠답니다.재미있는 메뉴들도 있지요.",맛있다
2364,스시선생,이층오빠,서비스 최악 앉자마자 메뉴 안되는게 있으면 설명을 해야 할텐데 그런게 없다기어이 주문을 하고나니 그제서야 된다 안된다도 아니고 된다 안된다 소리를 몇 번이나 물어봐야 알아들을 수 있게 이야기한다 물론 태도는 이야기 할 것도 없고다시는 안감누가 점수를 이렇게나 후하게 줬는지 이해가 안된다,별로
2365,스시선생,좋군,이가격에 이퀄리티면 최상급 좋은간장 쓰시는듯,맛있다
2366,스시선생,아르투아,가게가 너무 작아서 그냥 지나칠 수 있음. 골목 들어가다 보면 초록초록한 샐러드집 근처에 있습니다일단 들어가자마자 알바분들이 참 친절하심. 메뉴 말씀 드릴 때도 혹시 못 먹는 회는 없는지 여쭤봐주심. 특선 초밥(15000) 2개를 시킴.회가 쫄깃하다 못해 이에 다 낄 지경이였음..! 회랑 밥 사이즈가 넘 차이나서 거의 회가 밥을 감싸고 있어요 ㅋㅋㅋ 여기 오기 전에 홍루이젠 샌드위치 하나 먹고 와서 그런지 되게 배불렀음ㅠㅠ 거의 다 먹었을 때쯤 구운연어회나오는데 화룡점정..불맛이랑 소스 조화가 기가 막힘. 근데 마지막으로 먹었던 장어가.. 너무 비려서...(꼬리였음) 뱉고싶었어요; 많이 안먹어봐서 여기만 그런건지는 잘 모르겠음. 나중애 갈땐 장어 못먹는다말해야겠음ㅎ재방문 의사 있음.,맛있다
2367,스시선생,서교동,"가성비 굿 초밥집~!!선 초밥 (10,000) . 특선초밥  (13,000) . 냉모밀 (5,000)주문.이 가격에 이 정도 맛이! 하며 감탄할만큼 훌륭했다.따로 나온, 살짝익힌 연어 뱃살초밥은 최고였음.밥 양이 적은편이지만 오히려 개인적으로는 그래서 더 음미하며 먹을 수 있었던듯!딱 한가지 아쉬웠던 점은, 광어에서 다소 흙 냄새가 났다는 점. 하지만 나머지 연어 참치 등 모든 초밥은 좋았음.재방문의사 100%",맛있다
2368,스시선생,조소,가끔 가는 스시집. 일단 비린내가 안나고 못 먹는 거 있으면 친절히 다른 걸로 주신다. 플레이팅도 깔끔하게 잘 나온다. 스시종류 전부 다 맛있는 편!,괜찮다
2369,스시선생,kkonoo,초밥치고 저렴하고 비린내 안 나고 무난한 편이에요~ 근데 맛에 비해 웨이팅이 길어요.. 양이 적어보이는데 또 먹으면 배가 부르더라구요ㅋㅋ,괜찮다
2370,스시선생,jhjh,가성비따졌을때 서울에서 가장 괜찮은 스시집이다. 만원대 스시집중 최고!,맛있다
2371,스시선생,AlexTheFood,"170327.맛 ★★★★분위기 ★★★ 가성비 ★★☆재방문 의사 없음 주문한 메뉴 (2명 방문) 특선초밥 2인분 - 13000*2 =26000원 총 26000원경희대, 그리고 회기역 근처에서꽤 유명한 초밥집,'스시선생'.사실 말로만 들었지방문은 처음해봤다.가격대도 대부분 만 원 초반으로대학가의 무난한 초밥집 가격.우리는 배가 고팠으므로둘 다 '특선 초밥'을 주문했다.하지만 이것은 엄청난 실수였다...처음 들어와서 앉았을 때만 해도샐러드 소스와 간장이 둘 다꽤 이쁜 병에 들어있어서 좋았다.왠지 모르겠는데이제 사진 찍는 게 습관이 되다보니그냥 이뻐 보이면 좋아진 것 같다.제일 먼저샐러드와 장국이 서빙되는데,지금 생각해도 정말 웃긴 게,최근 1년 동안 초밥은서현역의 호시 초밥이나강남역의 호우 초밥밖에안 먹어서 그런 건지,뚜껑을 덮어서 나오는 장국을너무나도 당연하게 우동으로 착각해서저 뚜껑을 열고 굉장히 실망을 했었다.식지말라고 덮어주신 사장님의 배려가나에게는 실망으로 이어진 안 좋은 예...어쨌든 몇 분 지나고 난 후금방 서빙된 특선 초밥.아직도 기억에 남는 건 서빙할 때손님이 오른손잡이인지 왼손잡이인지확인한 후, 먹기 편하게 놓아주셨던 것.그리고 먹기 편하게새우 초밥의 꼬리를 잘라서 주셨던 것.여러개의 생선살이 뭉쳐있어서간장을 찍어먹기 힘든 초밥에는위에 간장을 뿌려서 주셨던 것.마지막 1pc 였던 연어 타다끼 초밥은따뜻하게 서빙하기 위해손님이 다 먹은 뒤에 바로 만들어 주셨다.장국의 뚜껑부터 초밥 하나까지배려가 느껴지는 초밥집.식지 말라고 장국에 뚜껑을 덮고,먹기 편하게 간장을 미리 뿌려놓고,새우 꼬리를 잘라서 내주고,타다끼 초밥까지 따뜻하게 내기 위해다 먹은 후에 바로 토치로 구워서서빙하는 초밥집이 또 어디에 있을까.정말 모든 것 하나하나에배려가 느껴지던 초밥집이었다.하지만 나는 재방문 의사가 없다.이유는 딱 하나,양이 정말 적다.초밥의 밥인 샤리,위의 주재료인 네타,둘 다 맛있게 먹었지만,둘 다 정말 적고 얇다.어느 정도로 적냐면다 먹고 혼자 버거킹에 가서콰트로치즈 와퍼를 먹을 수 있을 정도.하지만 양이 적은 여자분들에게는정말로 무한 추천을 하고 싶은 곳이다.왜 이렇게 유명하고,망고플레이트에서의 점수도 높은지바로 알 수 있었던 초밥집.근처에 살지 않더라도,충분히 시간을 내서 들려볼만한정말 괜찮은 초밥집이라고 생각한다.재방문 의사의 기준은어디까지나 나의 개인적인 기준이니,꼭꼭 들려보시길.",괜찮다
2372,스시선생,키다리아저씨,"많은분들이 내가 회는 못먹는 줄 알지만...적당히 맛만 보고 많이 먹지만 않을 뿐~ 못먹는건 아니다^^ㅋ2월 중순쯤? 오랜만에 방문한 스시선생~몇달만에 방문하였는데 셰프님께서 기억을 해주셨다. (키가 커서 기억하시는걸까?^^;;ㅋ)오마카세는 없지만 바에 앉아 먹는게 좀더 신경 써 주시기도 하고~ 보는 재미도 있어서 좋다.이번에 주문한 메뉴는 ""스페셜 초밥""12p (20,000원)하고~ ""미니 사시미"" (10,000원).그날그날에 따라 좋은생선이 있으면 추천도 해주신다고 한다.미니사시미는 나에게는 알맞는 양으로~좋은 수준의 신선함과 두툼하게 나와서 씹는식감도 쫀득하고 좋았다.스페셜초밥은 확실히 좀더 좋은 재료로 선택해서 만들어주신 느낌이 든다. 우니도 올려주시고 참다랑어도 좋은 부위로!!!셰프님이 혹시 못먹는거나 좋아하는 생선이 있는지 물어봐 주시기도 해서 좋았다.2만원에 괜찮은 수준의 초밥을 맛볼 수 있어서 좋았고~ 각각 다양한 질감과 맛을 느낄 수 있었다. 막바지에 셰프님께서 주신 연어 아부리초밥과 계란초밥~ 역시 맛났다~ 계란초밥은 정말 부드럽고 촉촉해서 카스테라 먹는 기분이다^^작고 아담한 초밥집이지만~ 가끔 갈때마다 가성비도 좋은편이고 맛도 좋고~ 셰프님도 신경써 주시는 기분이 들어서 좋다.",맛있다
2373,스시선생,피글렛,"맛있어요 근데 전반적으로 음식이 정말 느리게 나옵니다웨이팅도 없는데 거의 웨이팅을 한만큼 기다렸네요그리고 이건 사장님 잘못이 아니라 알바생분 잘못이지만특선초밥 하나, 사시미 이렇게 시켰었는데 초밥이 저희보다 한참 늦게온 옆테이블로 가더라구요옆테이블로 초밥이 하나 먼저 나왔고 그다음에 초밥 나온것도 옆테이블 주더라고요여기까지는 짜증이 나지만 사람이 실수도 할 수 있으니까요 이해를 할 수 있는데 옆테이블에 먼저 가져다주는걸 두번이나 빤히 보고있는데 사과도 없고요.. 설명이라던지요ㅜㅜ 그냥 아...! 하고 마시더라고요;;음식이 정 말 로 느리게 나왔는데 옆테이블이 두 접시나 먼저 받는걸보니... 먹기도 전에 짜증이 나더라고요ㅜㅜ 속좁다 생각하실지 모르겠지만 전 이런거에 몹시 예민합니다 솔직히 불쾌했네요나중에 ""순서가 꼬여서요 많이 기다리셨죠"" 하는데 이건 사과가 아니지 않나요.... 게다가 이미 맘이 상했고요무튼 음식은 정말 맛있게 먹었고 사시미와 초밥을 먹는 순간 풀리긴했지만 대처가 많이 아쉽네요특히 연어 사시미는 비싸지만ㅜㅜ 최고였어요 다음에 사케마시러 가고싶네요음 초밥은 제가 스시사사꼬를 자주 다니는데 비슷비슷했습니다 가성비 좋지만 우와 여기 진짜 맛있어 이만한 초밥집 없어 이정도는 아녜요그치만 근방에서 젤 괜찮다고는 생각합니당 전 스시래는 별로였거든요",맛있다
2374,스시선생,qwert,왠만한 스시집 다 가봤는데 진짜 제일 맛잇음!! 세트 시키면 한피스 정도는 따로 주시는데 훈제연어 입에서 살살녹는다는게 뭔지 알려주는 맛입니당~~ 계란초밥도 ㄹㅇ 카스테라 맛 나요 장어도 이렇게 맛잇는 장어 처음 먹어봄 장어 원래 싫어하는데다 맛잇지만 연어가 개꿀!! 연어만 시켜드시는 분들이 더 많아요,맛있다
2375,스시선생,키다리아저씨,경희대와 외대 중간쯤 ~ 골목에 위치한 스시선생!!바를 선~ 날 생~을 사용한 선생으로 정직하고 신선한 재료로 스시를 만들겠다는 뜻이란다^^지나가던 길에 가게안에 사람들이 많기에 도전해보겠다고 들어간 곳인데 검색을 해보니 이미 어느정도 맛집으로 알려진 곳이였다!!신선한 재료로 손빠르게 초밥을 쥐시는 모습이 인상적이였으며~ 씹는맛이 쫀듯할 정도의 두께로 썰어주신다. 회를 즐겨하지 않는 나도 든든하고 맛나게 먹고왔을 정도!!!무엇보다 연어 아부리초밥이 아주 맛났다~모듬 튀김도 깔끔하고 담백했다~,맛있다
2376,스시고이,jy,집앞에 오마카세라니 가봤는데. 기대를 너무 많이 한건지 좀 아쉬웠고요. 초밥먹고싶을때 가벼운마음으로갈정도. 멀리서온 친구데리고 갔는데 살짝아쉬웠어요. 퇴근하고 혼자서 먹기에는 또 괜찮을것같아요.,괜찮다
2377,스시고이,눈이베롱!!!,여기 정말 괜찮음!! 회기 주변에서 어느정도 괜찮게 먹고 싶다 하면 여기 추천할 것 같으무ㅠ디너로 먹었는데 가격은 정말 저렴한데 정말 잘 먹었음!주인분 직원분 모두 친절하시고!가게가 좁은 편이라 예약을 하는 게 좋을 것 같다!하여튼 편한 분위기에서 기분 좋게 식사할 수 있는 곳!대충 떼우지 말고 좋은 거 많이 먹고 건강합시다~~|||,맛있다
2378,스시고이,Ray,"특별히 오마카세가 먹고 싶었던 건 아니고, 퇴근 후 지친 몸을 이끌고 초밥을 먹기 위해 헤매다 들어간 곳인데요. 재료 소진으로 타이밍 좋게 제가 딱 마지막 손님이 되었습니다ㅋㅋㅋ메뉴는 2만원에 사시미4p+초밥12p+미니우동이 나오는 고이 디너! 실제로는 서비스로 마끼까지 나왔고요. 기본적인 생선초밥보단 특이한 소스가 발라져 있다거나 뭐를 얹은 변형된 형태의 초밥이 더 많아 오마카세를 접해보지 못한 저는 오마카세는 이런 건가 신기했는데요ㅋㅋ 하지만 실제로 맛있는 초밥은 몇 점 없고, 대부분 무난무난해서 아쉬웠어요. 그러니까 오마카세를 먹으러 간다는 것보다는 그냥 이 근처에서 가볍게 싸게 초밥을 먹는다는 마음으로 가야할 것 같아요.",괜찮다
2379,스시고이,네루야,저녁세트 2만원짜리를 먹었다.무난했으나 너무 무난했다. 2만원의 가격이라면 글쎄...나쁘지 않은 초밥집,괜찮다
2380,스시고이,필터커피처돌이,이문 회기 라인의 정말 괜찮은 스시집 가성비와 생선 선도가 몹시 좋다 아쉬운 점 굳이 꼽으라면 샤리가 조금 질척한 편이라는 거사장님 내외분도 친절하시고 맛도 좋고 매우 만족스러운 한끼였다,맛있다
2381,스시고이,미동이,가까운 오o스시보다 퀄리티가 좋음,맛있다
2382,스시고이,세상의 모든 음식을 정복하겠어,와 핵존맛이예요!!진짜 부드럽고 참치 보통 냉동많이쓰는데 이 집은 냉동아님. 모밀도 맛있고 사장님도 친절하세요 ㅎㅎ 재방문의사 200프로입니다!!,맛있다
2383,스시고이,므쉐리 코코,"시간이 좀 지난 관계로 정확한 명칭은 기억나지 않지만, 토요일 저녁 6시 반경에 웨이팅 없이 바로 들어가 가장 대표적인 코스(사시미 4점, 초밥 12개, 우동)을 시켰습니다. 인당 25.0의 가격대에는 꽤 만족할 만한 퀄리티였습니다.위장이 작은 사람 기준으로는 우동과 서비스(마지막 사진)로 나오는 것까지 먹는다면 과식한 듯한 포만감 느낄 실 수 있습니다. 보정 없는 사진에서 보이는 비쥬얼 그대로 부드럽게 녹습니다. 다만, 회 두께 대비 밥 층이 두터운 편이라 아쉬운 감이 좀 있습니다.",맛있다
2384,스시고이,silver star,참치초밥 특히 너무 맛있다줜맛탱사장님 개조아너무 좋아사랑해욥친절한 사장님초밥이 특히 줜맛탱,맛있다
2385,스시고이,제한제한,매우친절합니다. 하지만 친절하시기만합니다.샤리 떡진정도가 거의 마트초밥수준.. 마트초밥상위호환 서비스만점 이라고 보시면됩니다. 네타는 기억도 안남 맛없는거 사진 안찍어서요..,별로
2386,스시고이,배동이,"원래 가고자 했던 식당이 오늘 휴무라 들어가게 되었는데, 정말 맛있게 먹고 나왔습니다. 밥알이 하나하나가 고슬고슬 맛나고 횟감의 종류가 다양한건 아니어도 기본에 충실한 싱싱하고 탱글한 맛이었어요~ 횟감 위에 조금씩 다른걸 얹어주시는데 다양한 맛을 즐기고 왔습니다 ^^ 다음에 또 방문할게요~",맛있다
2387,스시고이,띵시,"가성비 ●●●●○맛 ●●●●○분위기 ●●●●○재방문의사 85가성비 폭우 쏟아지는 오마카세 특구 회기! 인근의 오관스시와 쌍벽을 이룬다는 스시고이에 방문함. 전날 예약을 해 두니 맘에 드는 창가 자리를 주셨음.점심 오마카세 12피스가 15000원이라니... 회기 초밥집들의 혜자로움에 익숙해지다 보니 버르장머리가 나빠질 것 같다. 흰살생선 몇 피스에서 약간의 비린맛이 느껴진 건 아쉽지만, 대체적으로 구성이 만족스럽고 맛의 조화도 좋았음. 샤리는 적당히 달며 밀도도 괜춘. 다만 이 가격이면 같은 가격의 차칸스시 특선초밥을 먹을 듯함. 회가 더 두툼하며 비린 맛이 없기 때문. 최근 차칸스시 주방장이 바뀌었다는 소문을 들어 재방문을 미루고 있지만...흡흡... 여하튼 스시고이 역시 듣던 대로 굉장히 가성비 좋고 분위기가 깔끔해, 다른 동네 사는 친구가 회기에 놀러 오면 데리고 가고 싶은 곳임.",맛있다
2388,스시고이,키다리아저씨,"경희대(서울) 인근 골목길에 위치한 스시/초밥집으로 런치1.5/저녁2.0의 저렴한 가격대에 즐길 수 있는 ""스시고이"" 입니다.대학가여서 그런지... 인근 유명 초밥집인 오*스시로 인한 가격형성인지는 모르겠지만~ 부담없이 즐기기 좋았어요.사시미와 스시 두가지로 구성이 되어있어서 취향에 맞게 선택하시면 되구요~ 런치와 저녁의 가격대는 5천원 차이지만~ 저녁때엔 사시미 4p가 추가적으로 제공되는 부분이 있으니 참고하시면 좋을듯합니다^^ 저는 사시미 보단 스시쪽이 더 좋아 스시로 선택~  4p사시미와 12p 스시...그리고 동절기 우동이 제공됩니다.광어 참치 방어 새우 연어의 구성으로 나왔으며, 아부리가 많을거라 생각했지만~ 한피스 뿐이 안나온 점을 생각하면, 신선도나 관리 부분에서 좀더 믿음이 가더군요.같은 생선이 자주 올라오긴 하지만~ 명란/ 백김치/ 유자 등을 사용해서 약간의 변화를 주었네요^^초밥 밥의 경우 약간 따뜻한 느낌이였고, 스시에 올려진 생선들의 두께감이나 크기는 적당한 정도였어요. 스시가 나오는 속도감도 적당하고, 몇번째인지...이게 어떤재료인지 중간중간 설명해주셔서 편하게 식사하고 왔습니다.우동도 생각보다 국물 맛이나 면발의 탄력이 좋았으며, 사과채를 넣어서 만든 김마끼도 괜찮았어요.사이드로 주문한 게소가라아게(오징어다리튀김)은 딱딱하지 않고 겉바속촉하게 먹기 괜찮았습니다.주변 핫 스시집인 오*스시와 비교를 한다면, 오*은 다양한 재료사용 대비 아부리 스타일이 몇점 있는 반면, 스시고이는 아부리보단 비슷한 생선에 약간씩의 변화를 준 느낌이 더 들고, 계란, 가지 등 생선이 아닌 재료를 사용해서 다양한 맛을 원하면 오*스시가 좋을 수 있으나~ 생선을 더 주거나 새우장 등을 좋아한다면 스시고이도 만족스러울거라 생각합니다.2만원으로 깔끔하고 부담없이 먹기에 좋은듯합니다.맛있다와 괜찮다의 중간은 된다고 봅니다^^",괜찮다
2389,스시고이,갈색곰도리,"왜인지 경희대 근처에는 가성비 좋은 오마카세 스시집이 많다! 원래 가려던 곳이 마지막 주문이 끝났다고 하여 방문하게 된 스시고이. 고이 런치는 15000원으로 스시 12pcs와 우동이 나오고 같은 구성에 사시미가 네점 더 나오는 고이 스시는 20000원이다! 스시 구성까지 똑같은지는 잘 모르겠으나 나는 사시미가 나오는 스시로 주문해봤다. 먹다가 참다랑어 배꼽살과 방어 배꼽 사시미(10000)를 추가로 주문했다!우선 네 피스짜리 사시미에 대해 얘기하자면 광어 엔가와 두점과 일반 연어 두점이었는데 소금과 와사비를 찍어서 먹으라고 하셨는데 그렇게 먹으니 맛있었다! 하지만 스시 구성이 똑같다는 전제하에 5천원을 더 주고 굳이 고이 스시를 먹을 바에는 고이 런치를 시키고 따로 사시미를 시켜도 좋았겠다 하는 생각이 들었다. 다른 분 리뷰를 보면 연어 뱃살 두점과 일반 광어 두점이었는데 그 때 그 때 상황에 따라 다른 것 같다.스시는 전체적으로 신선하고 저렴한 가격에 비해 퀄리티가 굉장히 좋았다는 생각이 든다! 특히 광어 상태가 굉장히 좋았는데 가게 앞 수족관을 보면 광어도 작은 광어가 아니라 대광어였다. 하지만 한편으로는 광어가 너무 많이 나온다는 생각이 들기는 했다. 광어, 광어 지느러미, 유자 광어, 명란 광어, 묵은지 광어까지 광어만 총 5개가 나온다. 그 외에는 방어, 참치, 참치 뱃살, 초새우, 간장 새우, 양파와 사과소스가 올라간 연어, 구운 연어가 나오는데 개인적으로는 방어와 참치 뱃살, 간장 새우가 맛있었다. 몇몇 네타는 살~~짝 해동이 덜 된 느낌도 없지 않아 있었지만 그래도 전체적으로 맛있게 먹었고 만족스러웠다!사시미는 때에 따라 피스의 수가 바뀐다고 하셨는데 우리는 참다랑어 배꼽살 8pcs, 방어 배꼽살 8pcs 총 16점을 먹었다! 참다랑어는 너무 얇고 양이 적어서 살짝 아쉬웠지만 워낙 비싼 부위이니 그러려니 했다. 반면에 방어 배꼽살은 두툼하고 기름져서 너무너무 맛있게 먹었다. 만원에 이 정도면 진짜 잘 나오는 것 같다 :)세트로 나온 우동도 마지막 마무리로 맛있게 먹었고 사시미를 안먹었어도 충분히 배불렀겠다는 생각이 들었다. 다음에도 기회가 된다면 재방문하고싶다!",맛있다
2390,스시고이,즌짱,"저녁 오마카세 2만원-사시미 4점이 먼저 나오는데 소금에 찍어 먹는 게 상당히 맛있었어요. 광어, 광어 지느러미, 광어 묵은지, 광어 명란, 연어, 참치, 참치 뱃살, 새우, 새우장 등 신선하고 맛있는 스시 12피스를 먹었어요. 이후에 모밀과 사과로 만든 마끼까지 나옵니다.만족스럽게! 맛있게! 먹었어요. 더 추가해서 먹고싶은 생각도 있었는데, 일행이 배부르다고 해서 멈췄습니다. 런치는 15000원이라고 하니 또 와서 먹고싶어요.",맛있다
2391,스시고이,Lydia,입소문난 골목길 스시고이친절한 사장님 부부가 맞아주심오관스시를 안 가봐서 모르겠지만 스시고이도 꽤 맛있었다일단 생선이 선도가 좋았고 히말라야소금과 와사비를 주셔서 처음에 나온 회 맛을 잘 느낄 수 있었다밥알은 살짝 고들하면서도 단맛이 적어서 네타(생선및스시재료)를 방해하지 않음먹다가 맛이 좋아서 일본술도 주문함ㅋ다 부드러운 종류인데 가장 단맛이 적은 센을 주문6천원으로 가격도 부담없고 혼술하기 딱 좋음어디까지 나온건지 설명도 다 해주심 미니우동도 과하게 달거나 짜지않아서 괜찮다재방문의사 100%사진은 중간에 못찍은 것도 많지만 배불렀다,맛있다
2392,차칸스시,구우,"가성비 스시집 중 최고! 회기 쪽에 갔다가 초밥이 급 먹고 싶어져서 막 찾았어요. 그러다 발견한 곳! 경희대 쪽에 가깝고, 대학교 상권이라 그런지 가성비 좋은 집들이 많아 보였는데 그 중 하나! 웨이팅할만큼 인기가 많아보이더라구요! 아담한 가게이고, 일반 테이블 자리랑 다찌자리가 있어요. 저는 다찌 자리에 착석..!  너무 저렴한 가격에 샐러드, 죽, 우동까지 나오는 초밥 풀 세트를 즐길 수 있어요..! 샐러드와 죽을 먹으며 기다리다보면 초밥 5피스 정도가 먼저 나와요. 딱 봐도 신선해 보이는 재료.. 회가 너무 신선하고 쫄깃하고 탱탱하고 맛있었어요. 샤리도 간이나 양이나 딱이었어요!  다 먹고 올려두면 다음 남은 피스를 마저 준비해주시는데, 눈앞에서 슥슥 회를 손질하시는게 신선도나 청결에 정말 믿음이 갔습니다... 게다가 저희끼리 이야기하고 있으면 셰프님께서 한 마디씩 툭툭 던지시거나 저희가 궁금해하는거 대답도 해주시고 서비스가 거의 오마카셐ㅋㅋㅋㅋㅋㅋ기다리고 있으면 우동도 나와요! 우동으로 입가심하고 나머지 5피스 먹으면 갓성비 오마카세 코스 끄읏 근처 가면 또 들를 것 같아요. 맛이나 청결이나 서비스나 구성이나 다- 좋았던 곳! ❤️",맛있다
2393,차칸스시,차칸스시 ,감사합니다,맛있다
2394,차칸스시,사이코는못말려,특선초밥!!맛있어요!! 연어가 기름져서 진짜 맛있습니당연어 맛집서비스 다 주시는 것 같은데 연어찜? 도 맛있었구요!!,맛있다
2395,차칸스시,미동이,하 사랑혀,맛있다
2396,차칸스시,루카스,"평소 좋아하는 데라 일행들도 멀리서 왔는데 맛은 있으나 서비스가 너무 실망스러웠어요친구들도 다 음식주시는 분 화나신 것 같아서 무슨 말을 못하겠다고 할정도로.. 음식이 매우 늦게 나오는건 기본이고(다 먹고 나왔더니 한시간반 지나있었음)튀김이 나왔길래 무슨튀김이냐 물었더니 ""그냥 생선이요."" 이렇게 답해서 정말 깜짝놀랐습니다 저도 눈이 있는지라 포유류 튀김같아보이진 않았는데 ㅎ""우동 나올거니까 자리 비워두세요""라고 정말무섭게; 말하셔놓고 한참을 기다려도 안나와서 그냥 포기하고 계산하는데 우동에 관한 얘기 일언반구도없이 그냥 계산해주시고ㅎ 사실 저희가 가서 너무 즐거웠던것같음 ㅎ정말 안좋은 리뷰 웬만하면 안남기는데 같이 갔던 일행들도 이건 꼭 리뷰 남기라고(물론 안좋은) 당부해서 남깁니다생일쿠폰 무슨 모찌리도후주길래 갔는데 멀리서 온 친구들에게 미안한 일만 생겼던 경험",별로
2397,차칸스시,상훈,제일 좋아하는 단골 스시집여러 종류의 네타가 구비되어 있으며 가격도 합리적임,맛있다
2398,차칸스시,Lydia,"급 망플켜서 간 차칸스시언니네함바그도 이 골목에 있고 청량초 뒷쪽 숨은 맛집거리인듯특선스시 12피스 15000원 주문주문하면 죽, 샐러드, 장국을 내어줌. 무난함첫번째 나온 판은 굉장히 마음에 들었다꼬리 길게 나오고 단맛 강한 샤리(밥) 안 좋아하는데 여긴 생선살이 두툼하고 밥을 감싼다. 들었을 때 질질 생선살 안 흐르는게 좋았다.선도도 굿. 아쉬운 건 간장짜지 않으니 붓으로 듬뿍 발라서 먹으라던데 기꼬만간장 달라고 하고 싶었다.두번째 나온 스시는 다른 리뷰들처럼 좀 헤비함.장어랑 돔은 정말정말 맛있었다!!근데 새우장이 웬말인지...한국에 새우장 열풍이 아직도 안 식었나 ㅠㅠ그냥 단새우나 계란말이로 바꿔줬으면 좋겠다고 생각했다간장, 모밀이 별로여서 괜찮다로서비스도 홀에서 일하시는 분 빼고는 친절함이 1도 안 느껴져서 괜찮다로테이블 자리 있는데도 혼자 왔다고 카운터 자리에 앉으라고 하시면 그만큼 친절해야 되는거 아닌가. 같은 가격에 더 친절하고 우동 맛있는 스시고이에 한표.",별로
2399,차칸스시,달팽이,경희대 공연보러 갔다가 들었어요 일요일 11:50 쯤 도착했는데 바로 옆이 교회라 조금만 늦었어도 못 먹을뻔 ^^ 자리가 협소해서 밖에 웨이팅 많으면 불안불안 ㅡㅡ스시는 맛있어요,맛있다
2400,차칸스시,띵시,가성비 ⚫️⚫️⚫️⚫️⚪️맛 ⚫️⚫️⚫️⚫️⚪️분위기 ⚫️⚫️⚫️⚪️⚪️재방문의사 100회기 지박령에게는 은혜와 같은 곳. 외대-회기 근방에서 가장 맛있는 초밥집. 오랜만에 와도 회가 뚠뚠해 좋았다. 다만 특선이 15000원인데 우동까지 먹어도 배가 차지 않아 슬펐음. 휵+두 번째 플레이트 구성이 다소 헤비해 첫 번째 플레이트와 균형을 맞췄으면 좋겠다는 개인적인 소망...,맛있다
2401,차칸스시,NP,맛있는데 가끔 불친절,맛있다
2402,차칸스시,띵시,"가성비 ⚫️⚫️⚫️⚫️⚪️맛 ⚫️⚫️⚫️⚫️⚪️분위기 ⚫️⚫️⚫️⚪️⚪️재방문의사 100회기 근방에서 몇 안 되는, 정말 맛있는 초밥을 먹을 수 있는 곳. 청량초 근방에 위치해 있으나 주요 맛집거리와 동떨어져 있어 찾기 어려우니 지도를 보고 찾아가는 것이 좋다.14000원 특선초밥 구성이 아주 좋다. 6피스 6피스 나누어 서브되는데, 첫 플레이트는 대부분의 초밥집들이 그렇듯 선어와 참치 연어 등으로 구성되어 있고 두 번째 플레이트는 아부리되거나 간이 된 초밥들로 구성되어 있다. 딱히 좋아하지 않는 찐새우나 타마고가 없어 맘에 들었다.구성은 그때그때 조금씩 달라지는데, 이 날은 청어가 좋은 것이 들어와 청어초밥이 한 피스씩 제공되었다. 기름지고 뭉근한 식감이 아주 좋았다. 원래 비린 초밥을 입에도 대지 못하는데, 얘는 약간의 비린 맛이 감칠맛을 배가해 주었다.그 외 연어뱃살, 구운 가지초밥 등이 아주 좋았고 나머지도 신선하고 맛있었다. 실은 외대 회기 근방의 초밥집들은 초배합도 못 맞추고, 가격에 비해 횟감이나 초밥 구성도 형편없는 경우가 많다. 때문에 접근성은 떨어지지만 공강이 널널하면 무조건 여기로 올 것 같다. 복학하면 단골집으로 삼을 식당이 생겨서 좋다.",맛있다
2403,차칸스시,yooniikim,다른 초밥집들이 다 문을 닫아서 우연히 들렸는데 유레카였다!!!!!!경희대 근처 초밥집을 거의 다 가봤는데 또 가고싶다 라고 생각이 든 몇 안되는 집임!!!정식메뉴를 시켰는데 생선의 퀄리티가 매우 좋았다. 왜 안유명한지 잘 모르겠는 기분..?너무 구석에 있어서 그런가,맛있다
2404,차칸스시,이재민,솔직히 이 동네 초밥집중 가성비 최강이 아닐까 생각한다. 여러명이서 가면 서비스 메뉴도 잘 주신다. 생선도 두툼하고 맛남. 솔직히 리뷰가 이렇게 적은거 보고 많이 놀랐음!!,맛있다
2405,닛시스시,고독한애식가,"올해는 회찔이 극복하고 싶다닛시스시 디너 77,000원 몇번 안 가본 오마카세 중 닛시스시 샤리가 유독 맛있다. 예약도 비교적 쉽고 가격에 비해 구성도 만족. 참치도 세 피스 정도 나오는데 저는 참치를 안 먹어서 사진에 없어오 (•'-'•)",괜찮다
2406,닛시스시,Jolly,"포장초밥치곤..오마카세를 하던 곳이라 기대를 많이했는데 포장은 생각보다 별로..ㅋㅋ 포장초밥치곤 가격도 꽤 나가는데 별로 만족스럽지 않았어요 전갱이, 시메사바, 삼치, 전어, 잿방어 등 다른 초밥집에서 보기드문 어종이 많은건 좋았으나 맛이 없음ㅋㅋ 고등어랑 전어는 특히 비리더라구요그냥 은행골 초밥이나 포장해먹는게 훨씬 만족스러웠을거같아요 오마카세 후기는 괜찮아보이던데 포장은 아예 다른 재료를 쓰나봐요 포장은 추천드리지 않아요",괜찮다
2407,닛시스시,홀릭,"런치 오마카세 250002021년 3월에 새로 인테리어하고 메뉴도 리뉴얼 하신걸로 알고있다, 그래서 이전 리뷰보다 다찌가 훨씬 고급스럽고 좌석도 꽤 넓음 정말 너무 맛있고 가성비도 미친 오마카세메뉴 구성도 알차고 다양하게 준비해주셨고 무엇보다도 맛이 있어 완벽한 한 끼였다다 너무 맛있었지만, 특히 기억에 남는거는 건 생참치 속살 (아카미 즈케... 즈케 인것같다! 속살이라고만 얘기 해 주셔서 장담 못함 ㅎㅎㅎ)이랑 마지막에 나오는 아나고!참치는 구성에 따라서 안 나올 수도 있을것 같지만, 정말 산미 향 감칠맛 부족한게 없었다!! 간장향도 참치부위랑 궁합이 너무 잘 맞아서 엄청 맛있었다 아나고는... 여기서 식사를 하는 이유가 될정도! 퐁실퐁실 부드럽고, 달고, 너어어어어무 맛있었다! 내주시기전에 토치로 데워주시는데, 먹기 딱 알맞은 온도로 데워주신다 (본인은 다른곳에서 한번은 너무 식은 아나고, 한번은 너무 갓 튀겨 뜨거운 아나고를 먹어서 - 이렇게 온도를 잘 맞춰 주신게 감동 포인트였다)흑 ㅠㅠㅠ 진짜 너무 맛있어그리고 쉐프님이 입맛에 잘 맞나고 중간에 확인도 해 주시고, 친절하셨음 다음엔 디너를 먹어봐야겠다!영수증 받아오는거 깜박해서 네이버 리뷰를 못써서 슬픈 마음에 망플에 리뷰 올림 ㅠㅠㅠ 진짜 와... 못해도 달에 한번은 먹으러 가야하는 맛",맛있다
2408,닛시스시,키다리아저씨,"맛과 질      : 29/40  가격/가성비: 17/20 위생/서비스: 16/20위치/분위기: 6/10개성          : 6/10총점      74/100 재방문 : NO주문메뉴 : 저녁 오마카세동대문구에서 2.5의 싼 가격대 오마카세를 운영하는 스시야가 몇 곳 있는데....신이문역 근처에 있는 ""닛시스시""를 가봤습니다.가격대가 저렴하다보니....이지역 주변에서 배달이나 포장을 하는 손님도 많은거 같구요~작은 매장이여서 홀 손님은 미리 예약으로 운영한다고해서 예약하고 첫타임에 방문했어요.내부가 깔끔한 느낌은 아니여서 좀 아쉬웠지만 가격대가 그러니 이해하며 음식을 기다렸어요.광어, 도미뱃살, 광어지느러미, 방어, 참치속살, 고등어,참치뱃살, 단새우,오토로&우니, 계란, 한치, 연어아부리, 방어&연어 미니덮밥 순으로 나와서 구성은 가격대비 괜찮은 느낌이였어요~하지만 초밥을 쥐는분은 한분이며 서빙하시는 여성분이 계시긴하지만, 배달, 포장, 홀을 커버하기엔 좁은 식당내에서 너무 정신없는거 같아요~생선들 대부분 괜찮은 상태였는데...우니는 유난히 좀 비릿하고 쓴맛이 나서 아쉬웠네요. 그냥 가볍게 스시를 먹기에는 무난하지만, 비슷한 가격대에 좀더 깔끔하게 먹을 수 있는 스시야도 있다보니 개인적 취향에선 살짝 밀리는 느낌이네요~가까우신 분들은 한번쯤 경험해보는것도 나쁘지않습니다.",괜찮다
2409,닛시스시,ssava,무조건 믿고 가는 곳입니다.,맛있다
2410,닛시스시,혼밥하는뚱이,저렴하지만 진짜 맛있고 무엇보다재료 질이 좋아요!플러스 셰프님께서 항상 웃으시면서기분좋게 접대해주세요집 근처에 있으면 매주 갈거같아요!,맛있다
2411,닛시스시,하비스트,감동해서 울었습니다,맛있다
2412,닛시스시,푸딩파이,진짜 맛있어요. 이 정도 가격에 이렇게 맛있는 오마카세를 먹을 수 있다는 건 축복입니다ㅋㅋ 다만 가게가 좁아서 꼭 예약을 하고 가시는 걸 추천합니다.,맛있다
2413,스시해나루,미동이,회기에 다른 맛있는 초밥집 많습니다굳이 여길..?,별로
2414,스시해나루,백반남자 ,경희대에 와서 우동과 스시를 먹었는데 맛있고 든든하니 좋네요.,맛있다
2415,스시해나루,좋군,저가캐쥬얼스시 쏘쏘 스시선생이 더나은듯,별로
2416,스시해나루,ㅋㅡㅋ⚘,맛있었어요  달콤촉촉퐁퐁냠냠  든든한 초밥 흐헤헤 2차도 가는중,맛있다
2417,스시해나루,네아이파파❤️,경희대 스시집 중에서는 평타 이상인 곳입니다.애들과 종종 가는 편인데 해나루세트는 가성비가 좋은 편이고 개인적으론 모밀세트(9000원)을 추천합니다.모밀도 넉넉하며 스시는 6개가 나옵니다.생각보다 모밀 맛이 좋아서 놀랬네요 ㅋ스시는 꽤 괜찮습니다. 회도 큰 편이고 상대적으로 밥양이 적어 회 맛을 잘 살려냅니다. 점심엔 대기가 좀 많은편이지만 2시쯤 되면 한가하네요.,맛있다
2418,스시해나루,cconni,생선이 엄청 신선한지는 잘 모르겠고 그냥 흔하게 만날 수 있는 중저가 초밥집.,괜찮다
2419,스시해나루,이재윤,꽤 생선들이 신선했던 걸로 기억함. 근데 사람들이 줄을 많이 서서 기대를 많이 해서 그런지 적당한 정도였음.,괜찮다
2420,스시해나루,승수 Kim,리뉴얼해서 넓어진 해나루. 회기근처에선 괜찮음,괜찮다
2421,스시해나루,카시오14자리,가성비 좋고 초밥도 괜찮다!구성도 알참!!,괜찮다
2422,스시해나루,qwert,경희대 앞 스시천국임,맛있다
2423,스시해나루,모모씨,가성비 킹!!! 스시집입니다ㅎㅎ 외대점에도 2호점이 오픈했지만 저의 단골은 경희대점입니다ㅎㅎ 스시가 정말 맛있지만 갠적으로 김치냉모밀이 맛있는집이에요!! 여기가면 꼭 김치냉모밀을 꼭 드시고 오세용☆ 이날은 그냥 냉모밀이 먹고싶어서 먹었지만..하하,맛있다
2424,스시해나루,뀨엥,스시래 왜가는지 잘.. 여기가 은근 숨겨진 경희대의 호야,맛있다
2425,스시해나루,E.T Jun ,초밥도 맛있고 냉모밀도 맛있어요 가게가 조금 비좁긴하지만 괜찮음,맛있다
2426,완미,므ㅏ,2022년-! 내부 조용하고 너무 맛있어요  주방도 깨끗하고 다 맛있었어요 번창하셔가지구 오래오래 운영하셨음 좋겠다ㅠㅠㅠ답십리 술집 중 탑 탑 검증 완료 믿고 가십시오 동네 토박이 올림,맛있다
2427,완미,로한,"[혼술]# 홍게살 누룽지탕, 돼지고기 치즈춘권 + 스윗마마 + 아이스크림드뎌 금요일!원래 혼술은 안하지만, 오늘은 조용히 혼술이 좀 하고 싶었음당근에 혼술하기 좋은 곳으로 완미와 주영이네 실내포차가 언급되길래 나중에 필요할 때 가보려고 킵해놓고 있었는데 드디어 오늘 하나 꺼내 썼음오늘은 완미부터완미는 오고가며 본 적이 있던 가게였는데올드한 좁은 골목에 혼자 젊은 감성으로 있길래 좀 쌩뚱맞다고 생각하던 가게였음밥집인지 알았는데 알고보니 술집이었고 또 이 가게가 내가 킵해놨던 완미였음야근하고 밍기적대다 10시 반 ~ 11시쯤 도착커플손님 한 테이블 있었음젊은 사장님께서 코로나백신 2차까지 맞았는지 물어보시고 QR을 직접 확인하시길래 살짝 놀랐음그냥 네이버 QR 내밀었다가 백신접종이력 확인되는 QR로 다시 보여드렸음열체크까지 확실하게 하시는데' 아 사장님 엄청 꼼꼼(마음 속으론 깐깐)하시네...' 생각했음주방도 깔끔했음혼자 가볍게 먹기좋은 걸로 추천을 부탁드렸으나음식추천을 안하신다고 해 그냥 홍게살 누룽지탕을 주문했음(요걸 많이 드시는 듯 했음)술을 잘 하는 편은 아니라서도수가 낮고 알콜향이 많이 안나고여자들이 부담없이 즐길 수 있는 걸로 추천을 부탁드렸음사실 스윗마마가 도수가 제일 낮아(5.5도) 요걸  좀 생각하고 있었는데사장님께서도 스윗마마를 이야기하시길래 요걸로 고!했음사과로 만들었는데탄산이 있어 약간 스파클링 와인 느낌도 나고 나쁘진 않았으나한모금 마셔보니 오늘은 술이 잘 받는 날은 아닌듯 해 돼지고기 치즈춘권을 추가 주문했음리뷰를 보니 홍게살 누룽지탕을 많이 드시는듯 했는데완미에서 유일하게 국물이 있는 요리다보니 그런 것 같았음전분을 풀어 걸쭉하게 만든 누룽지탕이 아닌육수에 간장을 푼 가벼운 느낌에 누룽지탕이었음술 마실 때 따뜻한 국물이 있는걸 좋아하기에 잘 먹었는데 술은 거의 안마시고 누룽지탕만 먹은 듯춘권은 된장으로 맛을 낸 돼지고기에 치즈를 넣어 만들었는데 한 입 베어물때 된장향이 입안을 싹 감돌았음이후 녹은 치즈가 주르륵 늘어지는데 된장과 치즈 조합이 조금 독특하단 생각이 들었음N리뷰에서 사장님이 무뚝뚝하단 글을 봤었는데 나는 크게 못느꼈음유쾌하고 유머러스한 분은 아닌 것 같지만조근조근 차분하게 대화를 이어가는 친절한 사장님인 것 같았음늦은 밤 하루를 마무리하며 조용히 술 한 잔 하길 원하는 손님한텐 좀 더 좋을 수도... 안주 두 개를 거의 다 먹고도 330ml 술 한 병을 다 못 비워내 추가 안주를 시킬까 고민하고 있었는데사장님께서 서비스 디저트를 주심요거트와 크림이 들어간 아이스크림이었는데크림의 부드러움보단 얼음입자가 느껴지는 샤벳에 더 가까운 아이스크림었음맛이 산뜻해서 입안을 싹 정리해주는 느낌이었고슬슬 취기가 오르고 있었는데 시원한 아이스크림이 들어가니 나른, 몽롱함도 잡혔음술이 반 정도 남아있었는데 아이스크림을 안주삼아 먹으니 술이 술술 들어갔음한 주 넘 정신없었는데 요렇게 혼술을 해보니 나쁘지 않았음여자 혼자 가도 안전하고 재밌게 혼술을 즐길 수 있는 곳인 거 같았음안주를 소량으로 다양하게 주문할 수 있어 나처럼 술보단 안주빨이 필요한 사람이 가면 좋을 듯술은 전통주(지역특산주?) 위주메뉴판은 많아서 일부만 찍음취중리뷰 끝-",맛있다
2428,완미,맛있으면 우는애,역시 존맛태애앵❤️조용하고 분위기도 좋고 너무너무너무 맛있어요코로나 시국에 관리도 너무 잘해주시는 것 같아서 믿음이 갑니다ㅜㅜㅠㅋㅋㅋㅋ,맛있다
2429,완미,맛있으면 우는애,이틀만에 또 왔어요 ㅠㅠㅠㅠㅠㅠㅠㅠㅠㅠㅠㅠㅠ답십리 ZIZON임 ㅜㅜㅜㅜㅜㅜㅜㅜㅜ 잘 먹었습니다 ㅜㅜㅜㅜㅜㅜㅜ,맛있다
2430,완미,맛있으면 우는애,탈답십리의 맛.....진짜 다 맛있어요ㅠㅠㅠㅠㅠㅠㅠㅠㅠ유자향나는 완숙 토마토 진짜 미쳐버린 맛인데시즌한정이라 넘 아쉽구 옥수수 튀김도 시즌메뉴라 아쉬워요ㅠㅠㅠㅜㅜㅜㅜㅜㅜㅜ 크림치즈 김도 짱 맛있어욤조용하고 분위기도 좋고 80-90s 추억팔이할 비지엠도 맘에들구 다좋아요ㅜㅜㅜ 십점만점에 오조오억점!!!!!!!! ♥,맛있다
2431,완미,투명한반창고,두번째 찾은 완미. 술이 아니라 음식 때문에 찾고싶은 느낌을 이번에도 받는다. ㅡ액젓믹스의 향이 가득한 계란죽은 동남아 음식의 느낌이 나지만 향에서만이고 맛은 흔히 먹는 계란죽. 특히 등푸른 생선살이 씹히는건 하이라이트.ㅡ당근 맛은 거의 느낄 수 없었던 당근카스테라. 밀가루 없이 계란으로 만든 카스테라라서 부드러워 폭신폭신한 식감이 일품. 낱개 주문이 가능한 단호박(춘권)튀김은 그냥먹으면 단호박의 달달한 맛으로 먹을 수있다. 추가 주문인 녹인 고르곤졸라치즈를 푹 찍어 먹으면 치즈의 쿰쿰한 풍미가 가미된다. ㅡ메뉴 가격 생각하면 찾아갔던 택시비 충분히 빠지고도 남는다. 이집의 단 하나의 아쉬운 점은 숨어 있다는 것.,맛있다
2432,완미,투명한반창고,"우리술을 마셔볼 수있는 공간이 생겨 가본 답십리 완미. 오픈 한달 정도의 따끈따끈한 가게. 중요한점은 일요일영업.ㅡ담백한 맛과 오리의 향이 그대로 전해졌던 오리가슴살냉채. 야채를 싸서 먹으면 건강해지는 맛. 된장과 겨자가 섞인 소스는 만능. 이 뒤로 먹은 요리와도 잘 어울렸다.ㅡ바삭하고 짭짤한 맛에 맥주와 잘 어울릴법한 닭목살튀김. ㅡ삶은 두부에 실파를 송송히 얹힌 두부요리는 담백하고 은은한 소금간이 있는 편한 맛. 전통주와 잘 어울린다.ㅡ바삭한 식감의 껍질과 부드러운 살, 양념이 은은했던 연어뱃살양념구이.ㅡ알감자를 통채로 튀겨내 소금이나 산초에 찍어먹는 알감자튀김. 튀김느낌은 잘 안나는 편ㅡ돼지고기 보다는 표고버섯과 새우의 풍미가 가득했던 완미식 튀김만두. 부드럽게 터지는 표고버섯과 새우도 식감의 포인트. ㅡ혼자와서 먹을 수있는 양과 공간이 좋은 곳. 전통주도 잔으로 판매하는 종류가 꽤 된다.",맛있다
2433,주수사,Ansohwee,"학교다닐때 정말 후배를 아끼다못해 사랑해야지만 데려가는곳, 그게 아니라면 교수님을 따라가야만 먹을 수 있다던 소문만 무성하던 곳그 후광이 있어서였는지 처음 먹었을때의 감동은 아직도 잊혀지질 않아요 예전에는 꽁치구이를 기본으로 주셨는데 최근엔 연어머리구이로 바뀌었더라구요별다른 설명없이 턱턱 내어주시는 투박한 초밥이 너무나도 매력적이에요 특히 회가 정말 두툼~~~해서 입이 작은 사람은 한입에 먹기 버거울정도그만큼 씹는맛이 있습니다^*^사장님내외분..특히 남자 사장님께서 언뜻 무뚝뚝해보이시지만 말씀이 없으셔서 그렇지 정말 친절하시고 정감있는 곳이에요사심만으로는 맛있다로 하고싶지만 때에따라 편차가 좀 있는편이고 요즘의 넘쳐나는 많은 스시야와는 결이 많이 다르다보니..괜찮다로!",괜찮다
2434,주수사,Wchelin,"묘한 매력이 있는 스시.외대 앞에서 유일하게 먹을만한 스시야. 외대 앞에는 초밥집이 몇 개 없고, 캐주얼 초밥집만 있다. 주수사는 그 중 투박하지만 주방장의 스시에 대한 고집이 느껴지는 곳이다.네타도 두껍고, 샤리의 양도 많지만 묘하게 맛있다. 샤리가 입에서 부드럽게 풀리는 정석적인 느낌의 스시는 아니지만, 네타와 샤리의 조화가 풍성한 느낌을 준다.투박한 느낌을 좋아하시는 분들께 추천.",맛있다
2435,주수사,JJ,맛                ★재방문의사 ★도타와 샤리의 불균형을 원칙으로 삼는곳.도타가 무조건 크고 커야한다!! 가 가게의 특징.회를 먹으러가는건지 초밥을 먹으러 가는건지 모르겠다.같은 가격이면 차라리 회를 사서 먹겠다.,별로
2436,주수사,E.T Jun ,"외대 정문에서 회기쪽으로 조금 올라가다보면 나오는 초밥집입니다. 확실히 캐주얼한 초밥집 느낌은 아니고 다른 초밥집처럼 초밥외에 이것저것 나오는 것도 별로 없습니다.주문을 하면 꽁치구이가 기본으로 나오고 다이쪽에 앉으면 사장님이 접시에 몇점씩 올려주십니다. 이 집은 생선살이 매우 두텁고 식감이 좀 있는 편이라서, 호불호가 좀 갈리는것 같습니다. 대신에 다 먹으면 확실히 배가 부르고 든든한 느낌입니다. 초밥상태에 비하면 가격대도 그다지 비싸지 않습니다. 두툼하고 씹는맛이 있는 생선이 올려져 있는걸 좋아하거나 배부르게 초밥 드시고 싶으신분들에게 추천할만합니다.",괜찮다
2437,주수사,촘촘,근처에서 제일 그럴듯한 스시집이지만 이 생선이 뭐냐고 물어봤을 때 웅얼거리시던 사장님....,별로
2438,주수사,맛있는게제일좋아,스페셜모듬초밥(12p).꽁치구이+미소된장국이 먼저 서빙된다. 인상 깊은 맛은 아니었음.모듬초밥에 못 먹는 초밥이 많아서 스페셜로 시킴! 회알못인 나는 흰살생선과 연어밖에 못먹는다 ㅋㅋㅋ 왕 큰 숙성회가 밥알 위에 얹어져서 나온다. 이가 안 좋은 사람은 못 먹을듯. 초밥보다 회를 좋아하는 나는 너무 좋았다♥ 쫄깃함보다는 쫀득한 식감이 강했다. 밥알은 목구멍으로 홀홀 넘어가고 회는 입에서 쫀독쫀독하니 계속 씹을 수 있었다. 특히 숭어 너... 너무 맛있잖아???다 먹고 배 두들기면서 나왔다. 내 기준 이 근처 최애 스시집이다!,맛있다
2439,주수사,빈빈,맛있어요,맛있다
2440,우마스시,최고,점심특선으로 먹었어요 초밥을 별로 않좋아하는데 먹고 회가 살살 녹아요 진짜 맛있어요 서비스로 튀김도 주시고 점심특선으로다가 가격도 괜찮아요 사장님도 친절하시구 점심때 가서 그런지 웨이팅이 있어서 놀랐어요 맛집 짱입니다#먹어서응원 #맛있다,맛있다
2441,우마스시,아기돼지삼형제,회도 신선하고 깔끔하다♥동네에 이런 스시 맛집이 있음에 감사하다:),맛있다
2442,우마스시,채찬병,가성비 되게 좋음. 특히 삼인 세트가 가성비가 미침.세명 이상에서 가면 무조건 삼인세트는 시키고 보는게 좋음.,맛있다
2443,우마스시,주미,기대안하고 갔는데 가성비 짱 !!! 특 스시 존맛입니다요 그리고 서비스 진짜 많이 나와요!!알밥에다가 연어 머리구이에 우동에후식으로 영양갱!!! 서비스 더 있었던거같은데 넘 많아서 기억안남아무튼 추천!!,맛있다
2444,우마스시,배배,"특초밥 13,000원짜리 시켰는데 가격에 비해 구성이 좋은 것 같아요 ㅎㅎ 초밥 퀄리티도 괜찮네요서비스로 마끼랑 양갱도 주셔서 잘 먹고 나왔습니다",맛있다
2445,우마스시,wonder_Alice,겨울엔 방어이렇게 방어를 먹을 수 있어 행복했다...☺️,맛있다
2446,우마스시,키다리아저씨,답십리 사거리 / 답십리 시장 근처의 아담한 스시집.근처 직장인이나 동네주민들에게 인기가 많다고해서 평일 저녁인데도 약간의 웨이팅을 했어요.아무리 바빠도 테이블 정도는 깨끗하게 닦아 주셨으면 좋겠는데...너무 지저분해서 직접 다시 닦았네요;스페셜(1.6)과 특(1.3) 우마스시 각각 12p씩 그리고 냉모밀(0.6) 주문했어요.우선 회가 도톰하고 생각보다 사이즈도 크게 나왔으며 신선해서 좋았고~ 초밥의 밥맛도 약간의 달큰한 맛과 밥알의 식감이 괜찮더라구요.근데 초밥의 밥이 너무 흐트러져서 뭉침이 약한지... 젓가락으로 집을때마다 풀어져서 먹기 힘들었어요ㅠㅠ 손님이 많아서 빨리 만드시느라 그런건지는 모르겠지만... 맛은 괜찮았는데 편한 식사는 아니였네요.초밥만으로는 식사량이 부족할듯해서 냉모밀로 입가심도 하고 서비스로 주신 마끼와 아담한 양갱으로 마무리할 수 있었네요.일반 동네의 초밥집으로는 가성비도 괜찮고 맛도 무난한듯~^^ 동네사람들이 이용하기 괜찮은 곳이라고 생각합니다.,괜찮다
2447,우마스시,라이언,"전농동에 새로 생긴 맛집초밥, 회덥밥 다 맛있어요서비스로 마끼도 주고가격대비 맛이 너무 좋다는저는 한달에 두번이상은 꼭 들름",맛있다
2448,우마스시,chochokong,"나가사키짬뽕이 정말 맛있다. 초밥과 회에 아낌없이 썰어올리는 두툼한 생선살도 최고.저녁이 되면 동네 골목답지않게 늘 웨이팅이 걸리는데, 덕분에 재료소진과 회전이 빨라 신선한 음식들을 먹을수있는게 장점이기도 하다. 점심에 정식 하나를 먹어도후식으로 마끼와 직접 만든 양갱을 주시는 친절한 서비스정신이 돋보이는 곳이기도 하다.",맛있다
2449,우마스시,wonder_Alice,내 사랑 최애 동네맛집평일 이른 저녁에 방문해 모듬과 특모듬을 시켜놓고 말없이 흡입하면 그만인 곳.와사비 듬뿍 올려 입에 넣고 우동국물이나 미소시루로 마무리해 주면 또 스트레스가 이렇게.날아가는.곳가끔 주시는 연어머리 or 도미머리 서비스가 또 안올 수 없게만드는 곳.한결같은 서비스로 아마 이사가기 전 까지는 계속 찾을 듯 하다,맛있다
2450,우마스시,wonder_Alice,동네에서 시내 수준의 초밥을 먹을 수 있어 항상 인산인해인 곳. 가게 오픈때랑 비슷한 품질을 유지해서 여전히 사랑받는 곳이다. 모듬초밥은 1만원부터 16천원까지. 평일에는 점심특선이 괜찮다.저녁에는 사시미 모리사와세로 한 잔 곁들이기 좋으며 식후에 내주는 수제 양갱이 더더 매력있는 동네 맛집.오래 갈 동네 음식점이다.,맛있다
2451,인우초밥,므ㅏ,시장 안에있는 초밥집준비시간 끝인 4시방 땡하고 들어갔는데 바로 손님이 왔었다 이런 시장안에 이런 초밥집이 !? 계란초밥을 좋아해서  특이아닌 일반 모둠으로 시켜먹었다 코스요리처럼주시니 시장에서 장보다 급 대접받는 느낌직원분들이 너무 친절하시다,맛있다
2452,인우초밥,chochokong,위치 가격 기대에 비해 좋은 퀄을 보여주는 곳맛의달인 같은 만화에 나올것 같은 느낌이다.(어?이런곳에 이런초밥집이?)생각보다 맛있었고 생각보다 사람이 많았으며 (웨이팅도 봤음!)친절함에 기분좋게 잘 먹고온 곳 조만간 기회가 되면 한번 더 가보고싶은곳,맛있다
2453,인우초밥,키다리아저씨,"재래시장 안에 상당히 아담한 사시미/초밥 집이다.허름한 식당 분위기이고 시장 사람들도 많이 찾아오는듯하다. 고급스러운 분위기 절대 아님!!개인적으로 회는 즐겨하지 않지만~ 궁금해서 방문했는데... 우선 사시미가 신선하고 두툼하니 좋았다!! 무엇보다 가격이 너~~무 착하다^^이 가격에 얼마나 남는게 있을까??생각이 들었다.섞어서 사시미 10,000원~ 광어, 연어, 방어, 문어, 방어살구이가 나오는데 딱 1인이 먹기 좋게 나온다.신선하기도 하고 식감도 좋았으며~특히 방어와 연어 그리고 문어가 맛났다. 살짝 새콤한 백김치와 함께 먹어도 맛있었다. 왕새우튀김10p 12,000원~ 바로 튀겨 먹으니 바삭바삭하고 고소한맛이 굿!! 아쉬운 점이라면 새우가 좀 두툼했으면 좋았을텐데 ㅠㅠ 가격을 생각하면 이해가 되기도 한다^^;;초밥은 특초밥 12p 10,000원으로 대부분 생선위주였고 밥이나 생선의 사이즈가 아담한 편이지만 괜찮다 정도의 보통 수준맛이다.개인적 입맛의 수준으로 회를 평가하기엔 부족하겠지만...사시미가 굿인듯하다^^초밥은 의외로 평범!! 물론 가격은 엄청 저렴하지만 고급 스시집을 생각한다면 당연 비교가 안되고...가벼우면서 저렴하게 스시를 먹기에는 참 좋은곳이라 생각한다.가격은 너무 저렴해서 가성비로 본다해도 맛있다로 해줘야할듯!!다음에 다시 방문하게되면 사시미는 꼭 먹을듯!!!참고로 여기서 ""시사모""를 드시는 분들이 많다는 소문이 있어서 다음 기회에 시도해 볼까 생각 중이다.",맛있다
2454,마루,동티모르,특출나게 맛있는 정도는 아니지만 가격대비 좋다고 생각합니다. 가장 기본인 오천원짜리 회덮밥도 어지간한 횟집 회덮밥에 안 모자랍니다.,괜찮다
2455,스시긴,silvert,맛있어요,맛있다
2456,스시긴,서박,"2017년에 달에 한번씩은 간거 같다. 12/30에도 찾았다.집에서 한시간 거리인데 동네 스시집에서 맛 본 뒤에 더 스시긴까지 찾아가게 됐다.엄청 맛있다고 할 수 없을 수도 있지만, 실망시킨 적은 한번도 없다.예전에는 추천 같은 것을 먹었는데 그다지 좋아하지 않는 것도 있어서 얼마 전부터는 원하는 것만 주문해서 먹고 있다. 광어지느러미, 연어뱃살, 간장새우, 구운새우는 존맛이다 정말!!샤리의 양이 적은 편이기도 하지만 위에서 볼 땐 몰랐는데 입에 넣고 나면 씹히는 살이 두텁다. 솔직히 연어두께 너무한거 아닌가 싶었지만 씹는 동안 마냥 행복할 뿐~구운새우는 쌓아두고 먹고 싶은 맛이지만 나오자마자 먹는게 제일 맛있으니까 하나씩만 주문~~2018에도 매달 갈 것 같은데 ㅎㅎㅎ",맛있다
2457,스시긴,갈매기의친구새우깡,"초밥을 아주 좋아하는데 집근처에 없어 슬퍼하다 생긴데다 맛있기도 해 환호하게 만든 동네 첫 초밥집이기도 하고, 스시긴이 스타트를 끊은 후 그 근처에 꽤 많은 초밥집이 생겼던걸로 기억한다.정말 손님이 많다. 초기 입소문을 타기도 전부터 단골이었는데 자주 갔어도 있는 듯 없는 듯 먹고 나오는 타입인데도 기억해주셨지만 다이어트로 인해 발길을 꽤 길게 끊고 살이 많이 빠져 외모가 바뀌자 알아보지도 기억하지도 못하셨다ㅎㅎㅠㅠ..  서론이 길었지만 평을 하자면 맛있다.다만 셰프님이 두분이신데 같이 간 일행이 초밥이 많다고 줘서(각각 다른분이 만들어주셨다) 어쩌다보니 두분이 만든 초밥을 나란히 먹게됬는데 물론 두분 다 훌륭하게 만드시긴 하지만 다른 한분이 특출나고 내 혀가 간사해 아주 맛있는걸 먹었더니 살짝 덜 맛있는 걸 먹고는 잘 먹다가 별로라고 느끼는 바람에 살짝 묘한 기분이 들었더랬다.또 초기여서 그러셨던건지 꽤 서비스가 후하셨던걸로 기억하는데 오랜만에 찾으니 매우 바빠지신데다 퀄리티도 초기와 똑같지는 않아 자주 가지 않는다.(요즘 가지 않아 사진도 조금 옛날것..) 끝으로 갈수록 별로라는듯 적기는 했는데 아니다. 아주 괜찮다!, 매우 바빠져 초기보다는 떨어진 퀄리티로도 근처 초밥집 가뿐히 넘어서는 맛!! 추천합니다!",맛있다
2458,스시긴,경쓰,"일단 만원대의 가격으로 저렴하다. 초밥이 맛나고 특히 연어초밥이 정말 맛있다. 연어, 장어롤도 비리지도 않고 소스도 맛나고 들어간 재료들이 푸짐해서 맛있다. 알밥도 추천!! 가게가 작은 편이고 주말엔 열지 않아서 아쉽다ㅠㅠ 가성비 좋은 동네 숨은 맛집♡♡",맛있다
2459,스시긴,서박,세번째 방문~ 맛있어요.새우장도 광어지느러미도 장어도모든 초밥들이 맛있었은데 특히나 소고기구이랑 연어초밥이 짱짱 맛있어요.집에서 멀지만 자꾸 가고 싶어요^^작은데도 사람들이 많고 늘 기다리는 사람이 있어요.,맛있다
2460,스시긴,키다리아저씨,아담하고 작지만 깔끔한 일식~!! 가격대비 괜찮은 초밥을 만들어 준다~^^ 신선한 재료를 사용하고~ 초밥을 먹기에 부담스럽지 않은 가격대~^^ 단골이 되면 서비스도 잘 챙겨준다는 소문이~~ㅎ,괜찮다
2461,알래스카에서온연어가맛있는집,이영은,다시마 숙성 연어라니? 너무 맛있잖아 밖에서 볼때는 영업을 하나?하는 생각이 들었는데 늘 영업중이시다. 요새 비싸다는 연어를 하나도 비리지 않게 맛볼 수 있는 고려대역 찐맛집!! 그리고 기본으로 나오는 고등어조림이 읭..? 너무 맛있쟈나.. 기본 찬이 너무 맛있고 혜자여서 바로 소주 한병을 시켜버렸다. 계란찜은 계란 10개는 풀어놓으신 것 같다. ㅋㅋㅋㅋ 완전 강추!!,맛있다
2462,알래스카에서온연어가맛있는집,뎜(dyeom),2021.07.12엄마랑 방문한 연어식당.둘이서 연어초밥2인분+아부리초밥1인분+막걸리1병 주문해서 먹었다. 둘이 배불리 먹을 수 있는 양!(현금결제가 더 싸다.)아부리초밥이 뭔가했는데 불에살짝 구운 연어였다.1인분씩 시켰다가 둘 다 너무 맛있어서 뭘 추가주문할지 한참 고민했다. ㅋㅋㅋㅋ연어가 넘나 도톰하고 맛있어서 막걸리가 쭉쭉 들어간다. 재방문의사 완전 많이 있음♡,맛있다
2463,알래스카에서온연어가맛있는집,페이든,연어도 두툼하니 정말 맛있고 초밥도 최고입니다^^항상 연어 생각나면 방문하는 집이에요ㅎ 추천합니다,맛있다
2464,알래스카에서온연어가맛있는집,조은짱,말이 필요없죠 간장새우도 꼭 드세요,맛있다
2465,알래스카에서온연어가맛있는집,뵤뵤,존맛탱..양도 괜찮고 넘 맛나유..중짜 머거씀 ㅠ,맛있다
2466,알래스카에서온연어가맛있는집,진리지안,"기본으로 나오는 쑥갓이랑 연어무조림이 맛있다! 다만 연어 양이 너무 적다.. 사진이 대자(30,000원)인데 너무 적음ㅎㅡㅎ 맛은 평범한 연어맛..! 동태찌개는 만원인데 가격치고 나름 양도 많고 괜찮음",괜찮다
2467,알래스카에서온연어가맛있는집,진호,연어존맛 밤에 사람 마늠 #사진은_테이크아웃,맛있다
2468,육회한연어,Marr,연어 3점 먹으면 질리는 나는 육회는 참 좋아하는데 같이 있으니까 참 좋았다. 육회 물리면 연어 먹고 그러다 연어 물리면 육회 먹고. 사실 술 한 잔 걸치면서 먹으면 물리지도 않는다 ㅎ.ㅎ,맛있다
2469,육회한연어,미동이,아..,별로
2470,육회한연어,NP,갈수록 맛없는 연어 줌ㅋㅋㅋㅋ무한리필이라고 하지를 말던지 기분이 나쁨ㅋㅋ,별로
2471,육회한연어,kkonoo,육회가 먹고 싶었는데 육회가 워낙 비싸니까.. 9900원이라는 여기로 갔어요. 육회 살짝 기름지긴한데 저렴하게 잘 먹었어요bb 저렴해서 당연히 미국산일 줄 알았는데 와규래요..ㅋㅋ,괜찮다
2472,육회한연어,AlexTheFood,"170410.맛 ★★★☆ 분위기 ★★★ 가성비 ☆ 재방문 의사 없음 주문한 메뉴 (2명 방문) 무한 연어 2인 - 14900*2 = 29800원 총 29800원이번에 정말짜증나는 경험을 하나 했다.연어를 진짜 좋아하는데 내가 양이 많으므로가끔 생각날 때면 근처에 있는무한리필 집을 찾아가고는 하는데,이번에는 회기역 파전골목 바로 앞의'육회&연어'를 가게 되었다.(구 상호명은 '육회한연어')3시에 오픈인데 우리는5시 반쯤 들어갔다.그래도 우리가 첫 손님!메뉴판 볼 것도 없이바로 '무한연어'를 주문했다.육회는 별로 좋아하지 않으므로 Pass.샐러드가 먼저 나왔지만,전혀 특별할 것 없는 그냥 샐러드여서한 입 먹고 손도 안 대었다.샐러드 먹을 시간에간장과 초장을 세팅하고화장실 가서 손도 씻고 오니,바로 나온 연어회!역시 무한리필집이라도첫 번째 접시는 퀄리티가 좋다.연어 찍어먹는 소스와 날치알,그리고 연어 싸 먹으라고 김까지 주셨는데,생각보다 손이 잘 가지는 않았던 것 같다.오히려 같이 나온 김치전과오징어 튀김, 감자 튀김이 좋았다.물론 배부르게 만들어서연어를 덜 먹게 하려는 속셈인 것을 알지만,그래도 맛있으니까...사진으로도 그렇고 실제로 봐도그렇게 맛있어 보이는 비주얼은 아니었지만,생각보다 꽤 맛있게 먹었다.그렇게 10분만에 다 비우고바로 첫 번째 리필!알바하시는 분께서 바로연어가 올라와있는 도마를 들고 와서두 줄을 깔아주셨다.보통 무한리필 집을 가면일부러 리필을 늦게 해주기도 하고,리필시 퀄리티가 낮아지기도 하는데,이 곳은 바로 리필도 해주고퀄리티도 달라지지 않아서 정말 좋았다.이 때까지는.배고팠던 남자 두 명이었으므로역시 10분만에 첫 리필을 다 해치우고두 번째 리필을 요청하였으나,두 번째 리필은 무려40분이 지나고서야 나왔다.설마 40분이겠냐고?ㅇㅇ. 맞음. 40분ㅇㅇ. ㄹㅇ.ㄹㅇ 40분. 증거있음 ㅇㅇ.폰으로 리필이 나올 때마다 사진을 찍어서사진 정보에 찍은 시간이 다 나오더라.항의를 안 했냐고 물으신다면...우리 뒤의 테이블은 주문한지 30분,하지만 연어가 나오지 않고 있다.우리 옆의 테이블은 기다리다 지쳐그냥 짜증내고 계산 후 나가버렸다.결국 우리도 기다리다 지쳐계산하고 나와버렸다.솔직히,이 날 무슨 일이 있었겠거니 싶다.설마 고의로 식당 내 모든 사람들에게그렇게 쩔쩔매며 컴플레인을 받았을까.분명 사정이 있었겠지.하지만 아무리 생각해도그 정도를 기다리게 했으면,죄송하다고는 해야 하는 거 아닌가?하다 못해 음료수라도 한 잔,아니면 그냥 돌아다니면서 손님들한테죄송하다고 한 마디는 할 수 있는 건데,아무 말 없이 그냥 40분 동안계속 앉아있게 하는 것은대체 무슨 심보인지...앞으로 연어가 땡겨도여기만큼은 절대 안 간다.진짜 절대 안 가.친구랑 둘이다짐에 다짐에 다짐에 다짐에다짐을 하고 나왔다.솔직히 무한리필 집 치고퀄리티는 괜찮은 편이었다.그래도 안 가.",별로
2473,육회한연어,E.T Jun ,"회기역 근처에 있는 연어회 무한리필집. 모든 식당이 그런건 아니겠지만 일단 무한리필 식당은 좀더 깐깐하게 들여다보게 됨. 무한리필을 시키진 않고 육연세트를 시킴. 육회는 양념이 달달하니 괜찮았고 연어회도 내 생각보다는 맛있고 괜찮았음. 다만 연어가 느끼해서 무한리필이라 하다러도 많이는 못먹을 것 같았음. 생양파, 날치알, 무순등 다양한 재료랑 곁들여 먹을 수 있어서 좋았음. 연어 좋아하는 사람들에겐 가성비가 좋을 것 같음.",맛있다
2474,우시라멘,추진단장,뭐야 여기 맛있네...마늘라면(이름까먹음) 시커매가지고 비주얼이 약간 장벽인데 맛있어요매운라멘은 맵기조절 됨!!! 난 맵돌이라 5단계 했는데1n 단계까지 가능하대요(마라탕느낌남)회기 이문 치고는 가격이 비싸지만...가게가 넓고 깨끗해서 갈만합니당!!!!!!!,맛있다
2475,우시라멘,즌짱,아이오아이 유정님 삼촌분 가게.체인이라 크게 기대 없었는데 성신여대점과 비교했을 때 외대점이 훨씬 맛있다. 왜일까... 큼저렴한 가격에 평타 이상의 맛.,맛있다
2476,우시라멘,숨,여기진짜 대JMT,맛있다
2477,우시라멘,뎜(dyeom),2018.05.13사실 전에 갔던 가야가야를 가려고 했는데 문닫았길래 주변 라멘집 찾다가 여기로 결정했다.가게 내부는 협소하다.. 후기보니까 아이오아이 유정 분의 삼촌이 하는곳이라던데 정말 가게 곳곳에 슬로건같은게 많았다.매운 돈코츠라멘으로 결정. 매운단계를 15단계까지 0.5단위로 정할수있다고해서. 4단계했는데 넘 매웠고 다음에 먹는다면 아마 2단계정도 먹을듯하다. 맛있는 만큼 사람도 많았다.,맛있다
2478,우시라멘,그믐린,"야끼차슈라멘 매운맛으로 주문하면 불맛 입혀진 두툼한 통차슈와 함께 먹을 수 있어요. 예전에는 3단계로 먹었는데 어느 순간부터 좀 매워져서 이제는 2단계로 먹어요. 주기적으로 땡겨서 한 달에 두 세 번 정도는 꼭 가요. 좀 짠 편인지 여기 라멘맛에 입맛이 익숙해지니까 다른 데 라멘은 영 싱겁고 밍밍하게 느껴지더라구요. 목이버섯 좋아해서 목이버섯 고명으로 올라오는 거 너무 좋아요ㅋㅋ 다른 메뉴는 연어덮밥, 참치덮밥, 차슈덮밥 먹어봤는데 참치덮밥은 그냥저냥이고 연어랑 차슈는 맛있었어요. 오늘 또 먹으러 가야징",맛있다
2479,우시라멘,E.T Jun ,외대 정문쪽 일본라멘집입니다. 몸짱쭈꾸미 바로 옆집이라 찾기쉽습니다. 매운 돈코츠라멘이 제일 기본 메뉴입니다. 맵기단계를 1단계 부터 15단계까지 설정할 수 있는데 2단계가 신라면 정도의 매운맛이라고 합니다. 그리고 0.5단계 단위로도 주문할 수도 있습니다. 주문방법은 테이블에 있는 쪽지에 원하는 라멘과 맵기단계를 적어서 전달하는 방식입니다. 주문부터 물이나 밑반찬까지 전부 셀프입니다. 1.5단계를 시켰는데 돈코츠 라멘국물에 빨간 고추기름이 떠있는 스타일입니다. 생각보다 은은하게 계속되는 매콤함이어서 제 입맛에는 좋았습니다. 고명으로는 목이버섯이 들어가 있는점이 특이했습니다. 차슈는 불맛이 입혀져 있는 스타일은 아니었지만 나쁘지 않았고 반숙계란이 들어 있는것이 맘에 들었습니다. 그리고 특이했던게 밑반찬이 단무지랑 볶음김치였습니다. 볶음김치를 라멘집에서 보기 힘든데 조합이 나쁘지 않았습니다. 덮밥류나 카레종류를 먹을때도 좋은 조합이 될것 같습니다.마지막으로 계산하고 나갈때는 사탕을 줍니다. 재밌는 점은 사장님이 프로듀스101 출신 최유정의 삼촌분이라 가게 곳곳에 관련 굿즈랑 사진이 걸려 있습니다. 팬이시라면 한번 방문해보시는 것도 좋을 것 같습니다.,괜찮다
2480,키세츠,kkonoo,이것저것 많있는 메뉴가 많아용,맛있다
2481,은행골,슈슈,"초밥은 다 먹어버려서 사진이 없어요ㅠㅠ은행골 제가 좋아하는 초밥집 중에 하난데 역시 최곱니다.오픈 초기보다 더 맛있어진 것 같아요.사진은 매장에서 구매한 간장새우입니다! 장새우 초밥이 맛있어서 사왔는데, 가격도 15미에 12000원으로 저렴해요! 굿굿",맛있다
2482,은행골,루카스,특선 특상 특미..? 하나씩도로가 젤 맛있음 연어두 맛있다! 두개가제일맛있었음기본으로주시는 우동은 그냥그럼계란초밥이랑 참치를저민것...?서비스로주셨다,맛있다
2483,은행골,Ray,"셋이 가서 각자 특선초밥(15000) 시키고, 추가로 도로초밥(27000) 하나 시켜서 나눠먹었어요. 이렇게 먹으니 배부른 걸 보면 특선초밥만 먹으면 바로 디저트 먹을 수 있는 정도로 적당하게 배가 차지 않을까 싶네요.도로초밥이 먼저 나왔는데 진짜 맛없어 보여서 당황했지만 비주얼과 다르게 제일 맛있었어요ㅋㅋㅋ특선초밥은 꽤 괜찮았지만 구성이 다채롭지 않은 게 아쉬워서 이 가격 주고 또 먹긴 힘들 거 같고요ㅠㅠ초밥에 딸려나오는 우동은 큰 냄비로 하나 나왔는데 정말 그냥그런 맛이었어요. 기본적으로 나가는 거라고 크게 신경쓰지 않는 거 같아요ㅋㅋ",괜찮다
2484,이상준초밥,muk_so.o,점심시간에 가니까 자리가 얼마 없었다.모듬 초밥/ 모듬 초밥에 아부리 생선 있는거 너무 좋아하는데 여긴 2피스라니~~ 대체적으로 무난하면서 맛있었지만 제일 맛있었던 건 아부리 연어 초밥이랑 연어초밥이다. 이 집은 연어가 맛있는 집인 것 같다. 밥 양은 적지 않으며 초밥 회도 살짝 도톰한 편이라 초밥만 먹어도 배부르다. 사진은 없지만 우동도 짭짤한게 괜찮았다!무난했던 초밥집!,괜찮다
2485,이상준초밥,서현,"커플세트 26000(초밥20, 뚝빼기김치우동or모밀, 새우튀김2)모듬초밥 10000(초밥10, 미니우동)테이블에 간장, 락교, 등이 있고 생강이나 단무지는 직원분께 요청하면 주십니다~~외대역앞에 저렴한 가격에 초밥 먹기 좋은곳!!매장이 아담해서 점심 시간에 금방 만석이 되더라구요~ 화장실은 외부에 있고 제로페이나 카카오페이는 ×!!",괜찮다
2486,이상준초밥,E.T Jun ,초밥정식,괜찮다
2487,이상준초밥,배구,처음엔 가격에 놀라고그다음엔 구성에 퀄리티에 놀랐어요ㅠㅠ진짜 이렇게 가성비 좋은 초밥은 처음입니다. 보통 만원어치 초밥 하려면 어떻게든 따온 생선 달걀 넣어가며 구성 맞춰야할텐데.. 와진짜감동받아서 다먹고 넘 맛있게먹었다고 주방에 감사인사 드리고왔어요ㅠㅠ 진짜 구성도 알차고 밥알도 살아있고 회도 부드럽고 부족한 점이 없습니다. 집앞이었으면 맨날갔을듯ㅠㅠ♥️추천해요저 초밥이 각각 만원이었습니다 ㅎㅎ,맛있다
2488,도모다찌,먹토리,"회기 쪽 저렴한 이자카야를 찾다가 가게되었어요.  몰랐는데 가보니 백종원의 골목식당에 나오는 피자파스타집이 있는 골목..ㅎㅎ사람들이 줄 서 있길래 뭔가..싶어서ㅎㅎ;; 줄 서 있는 사람들과 상관없이 저희는 이자카야로 들어갔습니당.ㅎㅎ  저희는 술집에서 먹을 수 있는 매운홍합오뎅탕, 소고기타다끼, 한치를 주문하고 나중에 오돌뼈 주먹밥과 오꼬노미야끼를 주문했습니당.  저녁 7시 이전에 주문하면 안주가 7000원이었고 7시 이후는 10000원이었습니다. 저희는 7시 이전에 가서 7000원에 먹었는데 가성비 아주 좋았어요!  오뎅탕은 국물떡볶이의 국물같은 맛으로 칼칼하면서 맛있고 양도 많았구요, 타다끼는 양이 적긴 했지만 맛있었고 오돌뼈 주먹밥, 오꼬노미야끼 다 기본 이상은 하는 맛이었습니다!   나중에 9시 넘어가니 꽤 넓은 식당 안에 자리가 다 차더라구요.   가격도 괜찮고 맛도 좋은 이자카야를 찾으신다면 추천드립니다! 저도 다음에 친구들과 술마시고 싶을 때 가자고 하려구요^^",맛있다
2489,전농초밥,Capriccio06,"초밥도 괜찮지만 후토마키가 맛있는 곳. 배민에서 포장 주문 할 수 있어서 근처 갈 때 미리 주문해두면 픽업이 편리하다. 동네에 있는 조그만 가게라 먹어보기전엔 좀 비싸지 않은가 했는데 가격만큼 요리도 괜찮았다. 시내  초밥이 그만큼 더 많이 비싸서... 가게는 리모델링 하고 바좌석은 없어지고 테이블이 3개정도 있다. 가게 비었을때도 바쁘시던데, 포장 손님도 많은 것 같은 가게.",맛있다
2490,전농초밥,Capriccio06,"동네에 있는 테이블 3~4개 정도인 작은 초밥집인데 후토마끼 평이 많이 좋아서 신기해서 몇번 주문해봤었다. 그냥 동네에 흔한 저가 초밥집이랑 비교하면 가격대가 조금 높은데 생각보다 더 퀄리티가 괜찮았다. 일식 경력이 오래되신 사장님이 내신 가게라는데 위치가 매우 의외이긴한데 맛이 괜찮아서 가끔 생각난다. 최근에 가게 수리후 가격이 조금 올랐는데 아직까지는(?) 접근성이 괜찮으면 이용할만한 가게인 것 같다. (멀리서 찾아올필요는 그다지...) 운영시간이 생각보다 짧은데 런치 이후에 브레이크 타임이 있고, 저녁도 식사시간 조금 지나면 마감한다. 장사가 꽤 잘되는 듯.",맛있다
2491,카츠마론,키다리아저씨,"집에서 걸어가기엔 애매한 위치에 돈카츠 맛집이 생겼다는 소식을 듣고, 주차도 된다기에 차끌고 방문했는데....건물 앞쪽에 자리가 있어야만 주차가 가능한 그런 건물이라 좀 불편함이 있어요.매장은 아담한 편이고 4테이블 정도 있었던거 같아요^^ 인근에서는 꽤 입소문이 났는지...단골손님이나 배달주문도 꾸준히 오더라구요.안심카츠와 치즈돈~그리고 세트구성도 되는데 모밀,우동,쫄면 선택이 됩니다. (미니사이즈)기름진 음식을 먹으니 뭔가 좀 매콤새콤한게 당겨서 미니쫄면 구성으로 주문!돈카츠는 겉 바삭하면서 속은 촉촉하고 부드럽게 씹히는 치감이 괜찮아요.모짜렐라 치즈도 폴란드산 제품을 쓰신다고 메뉴판에 적혀있던데...맛과 풍미도 좋은편이라 한몫하네요.와사미& 소금과 함께 먹으니 소스 찍어 먹을때 보다 더 깔끔하고 담백해요.세트구성의 미니쫄면은 살짝 간간한데 돈카츠와 먹으니 톡 쏘는맛과 매콤함 때문에 느끼함을 잡아줘서 좋네요. 맛있는 돈카츠집이 다양하게 많아지면서~ 좀 평범하게 다가오긴 하지만, 그래도 동네에서 이정도 맛과 가격대면 괜찮은곳이라 생각합니다.",괜찮다
2492,카츠마론,ㅇㅅㅅ,장안동에서 제일 맛있는 일식돈까스 집인것 같아요!,맛있다
2493,한톨vol.1,Festina Lente,"밥 한끼를 해결하는데 깔끔하고 세련된 분위기를 지닌 공간에서 이렇게 가성비 좋은 식사를 할 수 있다는 게 정말 좋았습니다. 낙삼덮밥 정식이라는 낙지볶음과 삼겹살구이가 들어간 덮밥 메뉴를 시키니까 미역국을 비롯해 실한 밑반찬들이 나왔고 다 맛이 좋았습니다. 게다가 밥과 기본 반찬은 전부 리필 가능했습니다. 맛도 좋았는데, 양도 부족하지 않으니 좋아하지 않기가 어려울 듯 합니다. 오후 5시부터는 술집으로도 기능합니다.",맛있다
2494,스시사이젠,허모과,오 가격도 괜찮구요! 친절하세요맛있는데 먹느라 사진못찍음ㅜㅜ,맛있다
2495,오꼬네,존맛탱구리,"자주가는 닭꼬치 집 사장님이 너무 친절하시고 착한가격, 두툼하고 맛있는 닭꼬치10년전 옆에 작은가게에서 시작하여 맛과 서비스로 답십리최고의 술집으로 자리잡음 최고!!",맛있다
2496,호박식당,먹보대장,"뭣보다 24시간이라서 좋다. 된장, 계란찜 다 맛있고 고기는 야끼니꾸 그리고 기본 소고기류도 다 맛있당. 도시락은 사이드메뉴 주제에 기대 이상",맛있다
2497,우마이,키다리아저씨,"가격도 저렴하게 특초밥 12p 13,000원~ 모듬초밥 10p 10,000원?~ 가격대비 신선하고 먹기 좋은 크기라 좋다~밥의 양은 적고~ 회의 크기는 적당한 수준~^^근처에 있는 스*긴 보다는 조금 괜찮은 느낌이였다.",괜찮다
2498,모코모코,이리저리,마제소바 돈카츠 정식 10900원깔끔하고 맛있다!! 물론 마제소바 면이 메밀면이 아닌건 조금 아쉽지만 가격대비 양도 많고 깔끔,맛있다
2499,모코모코,핑구빵,탈회기의 맛. 곧 회기 최고 맛집 중 하나로 손꼽힐 것 같다.마제소바도 돈카츠도 정말 맛있다.양도 많은 편이라 혼자 마제소바돈카츠 정식을 다 먹는게 조금 버거울 정도.배부른데 너무 맛있어서 남기기가 싫었다ㅠ,맛있다
2500,사보텐,HP7,못해도 평타는 치는 사보텐시그니처 안심카츠를 먹었는데 무난.시그니처 등심이 더 나은듯.재방문의사 있음.,괜찮다
2501,스시와다,이준영,안암 스시집 중에서는 (그나마) 제일 맛있는 편인 것 같다,맛있다
2502,홍대개미,즌짱,"진짜... 쓸까말까 고민하다 쓰는 리뷰...분명 매장에서 나가는 연어는 생연어였는데.... 심지어 메뉴판 사진도 생연어... 다른 지점에서 먹은 것도 생연어인데..... 왜 내가 포장해온 연어는 훈제연어인가.... 나는 이 훈제연어 덮밥을 먹고자 굳이 연어 추가를 해가며, 언제 나올지 모르는 포장을 한참 기다려가며, 여러 차례 불러도 눈 앞에 서있는 나를 무시하고 가던 직원분들을 경험해가며, 나보다 늦게 주문한 매장 손님은 한참 전에 음식이 나왔던데 무슨 일이 일어났는지 알 수 없는 채로 시간과 돈과 감정을 낭비한 건가.... 깊은 고뇌와 ... 짜증과 ... 분노를 느꼈습니다.. *^^*그럴 거면 마트에서 훈제 연어 한 팩 사가서 먹는 게 나았겠죠^___^ 다시는 안 갈 거에요. 누가 간다 그러면 도시락 싸들고 다니면서 말리고 싶네요.",별로
2503,경호야,kkonoo,가격 대비 괜찮은 초밥집. 서비스도 이것저것 나와요,맛있다
2504,사시미래,아기새,"회기에 있어서 아쉬운 맛있는 회❤️!! 2인 세트가 4만원 대인데 제대로 된 회 한접시랑 오뎅탕+a 가 나오는 참 괜찮은 밥집 겸 술집이었어요!일단 회는 숙성회라서 그런지 두꺼워서 그런지 식감이 굉장히 좋은 편이었구 비린내 1도 없이 맛있었어요/ 같이 나오는 오뎅탕, 마끼, 물회 등등은 맛있는 건 아니었지만 배채우기 좋았구요! 약간 분위기는 바닷가 근처 횟집같은 느낌이라 삭막한 도시에서 포항같은데 온 기분내기 좋을듯 해요! 저는 왕추천이요, 회기 갈 일 있으면 다시갈래용",맛있다
2505,쏭스호루몽데판야끼,띵시,가성비 ⚫️⚫️⚪️⚪️⚪️맛 ⚫️⚫️⚪️⚪️⚪️분위기 ⚫️⚫️⚫️⚫️⚪️재방문의사 10애들 맛. 맥주 없이 먹을 수 없는 단맛임. 양도 너무 적고 숙주만 그득이라 배가 차지를 않음. 내장 먹으려면 차라리 근처 홍곱창을 가는 게 나을 듯함. 분위기는 깔끔하고 좋아 대학생들끼리 간단히 한 끼 때우러 가기에는괜찮음. 좋은 기회로 저렴하게 먹을 수 있었으나 제 값 주고는 절대 가지 않을 곳임.,별로
2506,호시,루카스,"경희대주변 괜찮은 이자카야! 왜 아직 리뷰가 없는지 모르겠네요 안주 퀄리티 괜찮고 문열고들어가면 생각보다 넓은 공간이에요 물론 객관적으로 테이블이 몇개 없긴 하지만 안주가 괜찮아서 용서 가능한 그런,,? 음악도 괜찮고 데이트 하시는 분들이나 대학생분들도 친구분들끼리 오셔도 후회 없으실 것 같습니다! 가격대도 무난해서요 안주도 하나하나 신경쓰시는게 느껴집니다!",맛있다
2507,연어사랑,zimzim,진짜 맛있고 ㅠㅠ 늘 신선하고 셀프초밥이랑 먹으면 더 맛있어요!,맛있다
2508,꼬다야,로한,옛날사진 정리하다 발견한 장안평 꼬다야친구랑 전농동 은하곱창에 갔다 운동삼아 장한평까지 걸어 갔었는데 한 잔 더 할 곳을 찾다 들어간 곳이 꼬다야였음일단 가게가 크고 깨끗하고 깔끔해보여서 들어갔었음사진은 요거 하나밖에 없는데음식은 번화가 이자카야 술집에서 먹을 수 있는 익숙한 맛이었음(골목에 숨어 있는 작은 이자카야말고)손님이 많아 시끌시끌했음,괜찮다
2509,이자카야 경,빈빈,메로 머리 구이 갈비 같다 살코기는 닭고기같다. 신기한 생선,맛있다
2510,"유초밥, 돈까스",HP7,골목식당 연돈 이후로 국내 모든 돈가츠집이 상향평준화된듯재방문의사 보통,괜찮다
2511,스시코야,Jake,가격이 싼건 다 이유가 있었다.솔직히 별로를 줄까하다 그래도 이 가격에 바라는게 많은것도 코미디다 싶어서 괜찮다를 줬다. 무엇보다 가장 좋은건 소주를 판다는 사실. 하지만 참이슬 파에겐 아쉬울수도 있는게 처음처럼이랑 진로이즈백만 판매한다ㅠㅠ. 디너 39000원이라는 가격에 이 구성이면 정말 극찬해야할만하나 맛으로만 본다면 일반적인 초밥집 그 이상 이하도 아니기에 평가하기가 굉장히 어렵다. 엔트리급 스시는 여전히 잠실에 세이류 정도가 좋았던것같다. 혹시 스시에 한국 소주가 생각나시는분들은 한번쯤 가보시는걸 추천드린다. 하지만 맛이 궁금하다던가 하시는분은 굳이? 라는 생각을 하게 된다. 돈은 아깝지 않았으나 좀 아쉬운 부분이 많았던것은 사실,괜찮다
2512,스시코야,준영,"엄청 만족스러운 곳은 아니지만 가격대를 생각해보면 방문할 가치가 있는 곳! 판 초밥 집에서 오마카세로 바뀐지 얼마 안됐는데 좋은 가격대 덕분인지 벌써 핫하네요. 오픈 초기에 방문해서 런치에 방문했는데도 사시미를 서비스로 받았어요! 당일 예약은 이때도 거의 불가했으니 지금은 더 어렵겠죠..? 단새우랑 청어가 괜찮았던 기억이고, 안키모에 네기도로도 좋았어요. 가라아게나 전복죽 같이 든든한 것들도 같이 나와 포만감이 그나마 좀 차더라구요. 그래도 양은 확실히 좀 적은 편!",맛있다
2513,스시코야,북극곰,"신답역에 위치한, 이번에 새로 오픈한 곳인 스시코야에 다녀왔다. 디너로 방문했는데(39000원), 가격적 메리트가 확실한 곳은 맞지만 아쉬운 부분도 좀 있었다. 스시 오마카세 입문하기에는 좋은 곳일듯!사장님이 판초밥집에서 일하다가 새로 업장을 여신 걸로 알고있는데, 그러한 부분이 샤리에서 느껴졌다. 샤리 기리를 오래하셨나 많이 질었는데, 힘을 너무 주고 니기리를 하시니 과하게 뭉쳐져있다는 느낌을 받았다.구성은 코스트 내에서 다채롭게 하시려고 노력하신 것 같았다. 니기리 중 참돔이 제일 괜찮았던 것 같다. 약간 과숙성의 뉘앙스였는데 뭉쳐진 느낌의 샤리와 조합이 괜찮은 것 같았다. 아카미즈케도 코스트 생각하면 기대를 상회했던 것 같다. 가격이 절대적으로 저렴한 것은 맞으니, 카운터스시를 입문하기에는 좋은 곳 같다!",괜찮다
2514,스시코야,토요미식회장,"답십리역과 신답역. 역에서 다소 거리가 있는 아주 생뚱맞은 위치에 괜찮은 스시오마카세가 생겼나 보다. 런치오마카세 가격대가 29000원. 정말 후덜덜덜한 금액이다. 그냥 작은 스시집보다도 싼 스시 오마카세라니.일단 바테이블에 자리가 은근히 많고 우리 외에도 손님들이 많았다. 혼 손님도 있었고 커플도 있었다.코스가 시작하자마자 전복내장 죽이 나왔다. 감태가 나왔는데 눅진한 맛이랑 밥의 식감 감태의 고소함이 뒤섞인 은근 괜찮은 맛.그리고 정말로 바로 스시가 나온다.광어, 도미가 차례로 나왔던 걸로 기억하는데 이 또한 부드러워서 전형적인 선어 느낌이다.장국이 된장 느낌의 시원하고 구수한 느낌이 강해서 괜찮았다.다음은 방어. 식감 또한 부드럽고 좋다. 전갱이는 껍질이 같이 나와서 생선살만 나온 스시에 비해 맛이 은근 다른 느낌. 쪽파 생강이 올라가 맛의 포인트를 주기도 했다. 날개오징어는 다른 것들과 달리 쫄깃한 식감이 살아있는 편. 거기에 귤의 상큼함과 짭쪼름함이 약하게 덧 입혀져 나름대로 괜찮았다.새우스시는 도톰하게 살이 많아 풍성했고 새우 향이 맛있게 느껴졌고참다랑어 아카미 와사비를 얹어 먹었다. 부드러우면서도 살짝 쫀득한 느낌. 단새우도 살이 은근 많은 편이고 눅진하고 물컹한 듯 쫀득거리고 살짝 짭쪼르하기도 한 맛.아귀간과 네기도로마끼도 은근 매력적이다. 특히 아귀간의 맛이 강하고 눅진하게 느껴져서 기억에 남는다.가리비관자는 직화를 한 훈연함과 쫄깃하고 살짝 고소한 맛도 살짝 느껴져서 좋았다.우동은 뜨끈한 우동인데 은근 식감도 있는 편. 시제품 면이겠지만 생각보다 맛있다. 국물도 시원하다.후토마키는 연어 참치 다시마끼 새우튀김 등이 들어가서 큼직하고 굉장히 풍성한 느낌. 한입에 먹기는 다소 힘들다. 특히 꼬다리는 더더욱.워낙 풍성해서 포만감도 주고 맛도 다양하게 느껴진다. 그 중 참치 맛이 매력적이고 마지막에 확 와닿는 새우튀김의 바삭함. (개인적으로 연어 별로 안 좋아한다.)그 다음엔 살짝 생뚱 맞을 수 있지만 치킨가라아게.과하지 않은 뜨끈하고 바삭한 닭 튀김이다. 소스와 시너지가 은근 좋다.마지막 코스는 쌀알이 알알히 씹히는 느낌이 인상적인 리소 아이스크림. 시원하고 깔끔한데 중간중간 씹히는 쌀알의 질감이 매력 포인트다.재미있는 건 스시 오마카세를 내가 딱히 즐겨 찾지 않았지만 가본 곳 중 스시의 비중이 가장 높았다. 거의 80% 이상이었달까? 맛이 하나하나 다 막 개성이 넘치는 스타일은 아니고 맛이나 식감이 살짝씩 비슷한 느낌이 있다. 그리고 간이 살짝 강하지 않고 슴슴 밋밋한 기분도 조금 들긴 하다. 하지만 가격을 생각하면.... 가격대를 고려한 퀄리티는 굉장히 놀랍지 않을 수 없었다.",맛있다
2515,스시코야,류청하,"밋업으로 방문한 소형 오마카세 스시코야.사실 가격대가 예전에 가본곳보다 낮아 크게 기대하지 않았는데 굉장히 알찬 구성이라 놀라웠다.순서는 대략광어-돔-방어-전갱이-날개오징어-흰다리새우-아까미 -단새우-네기토로&아귀간 마끼-가리비관자-우동-후토마끼-가라아게-디저트 순이었다.샤리가 부드럽게 풀어지고, 네타도 적당한 두께들이어서 기본은 확실히 갖춘 곳이라는 느낌이었고, 특히 쪽파와 생강을 얹은 전갱이, 월귤소금을 얹은 날개오징어는 코스트내에서 참신한 맛을 잘 이끌어냈다는 생각이 들었다.아귀간과 네기토로 마끼도 고급화된 참치마요같은, 익숙하면서도 새로운 느낌으로 굉장히 좋았다.다만 마늘생강절임을 얹은 방어는 마늘맛이 너무 강해서 방어맛을 중화시키는 느낌이 아쉬웠고, 구성 순서에 있어서도 진한맛-깔끔한맛-진한맛 이런 순을 의도하신듯한데, 미스가 좀 있는듯 했다. 마끼다음 관자는 불향을 입혔다지만 좀 밀리는 감이 있지 않나.....또한 시판인듯한 가라아게 맛을 시치미청양마요네즈로 차별화하려한 느낌이었는데 크게 임팩트있진 않았고, 후토마끼 끝부분이 터진다거나하는 부분부분 미숙한 점이 보이는 것이 아쉬웠다.그렇다 할지라도 이정도 가격대에서는 대적할 식당이 없는 가성비 최고의 스시 오마카세가 아닐까. 친구들과 편안하게 드시고 싶거나 혹은 스시 오마카세가 궁금한데 가격대가 부담됬던 분들이라면 강력 추천!",맛있다
2516,스시코야,Special U,"역시 겨울엔 스시를 많이 먹어야한다! 월요일에도 런치 오마카세를 먹었는데도 오마카세는 항상 기대된다. 좋은 상태의 스시를 바로바로 먹을 수 있어서 좋다! 이 날은 에단님 크롱님 카프리님(?)의 리뷰와 가격이 정말 좋아서 밋업을 열게 됐다. 밋업 당일에 캐테에서 다른 날 예약해보려고 했는데 주말은 벌써 예약이 다 차 있다. 가격도 좋고 맛도 괜찮아 조용히 입 소문 타는 중인 것 같다. 광어- 도미- 미소시루-방어-전갱이-날개오징어-흰다리새우-아카미-단새우-네기도로/안키모-관자-우동-후토마키-가라아게-쌀 아이스크림순으로 나왔는데 제일 맛있었던 건 네기도로/안키모, 단새우, 아카미였다! 네기도로랑 안키모의 꾸덕함과 녹진함 그리고 달달함이 정말 넘맛! 네기도로랑 안키모를 같이 먹으니 맛이 더 극대화되는 것 같았다! 네기도로의 네기는 보통 파를 의미하는 걸로 알고 있었는데 쉐프님이 참치 갈빗살을 긁어낸 걸 의미하기도 한다고 하셨다.단새우도 녹진한데 입에서 녹아서 넘 좋았고 젓가랏으로 집어서 소금찍지 말고 꼭 젓가락에 소금 묻혀서 단새우에 콕콕 찍을 것! 젓가락으로 집고 소금 찍다가 놓쳤다 ㅠㅠㅠ 아카미는 역시 참치라서 맛있고 부르러웠다.구성 중 읭?스러웠던 메뉴는 영귤 소금이 올라간 날개오징어 한치같이 생겼는데 물컹 미끌거리는 심각에 무맛인데 약간 솔의 눈(?) 솔방물 맛이 나는 특이한 맛(?) 약간 싸한 맛이었다. 아직도 무슨 맛인지 모르겠다.전체적으로 가격대에 비해 만족스럽게 먹을 수 있었고 이 날 재밌는 에피소드가 있어서 밋업 내내 즐겁게 식사할 수 있었다. 쉐프님 접객도 편안해서 좋았다. 마지막으로 나온 쌀 아이스크림도 쌀 알갱이가 씹혀서 먹는 재미가 있었다.",맛있다
2517,스시코야,몰강이,"런치 오마카세 (29,000)구성: 전복내장죽, 광어, *도미+쪽파, 방어+마늘간장, **전갱이+쪽파&생강, 날개오징어+영귤소금, 흰다리새우, *간장에 절인 아카미, *단새우, **아귀간&네기도로, 관자, 우동, 후토마키, 치킨 가라아게, *리조 아이스크림(쌀)밋업으로 방문한 스시코야! 13분 정도 일찍 갔는데 원래 5분 전부터 입장 가능이지만 날이 추워서 그런지 들여보내주셨어요. 대신 그 이후로 문을 잠그셔서 뻘쭘하게 혼자 앉아서 멍~ㅋㅋㅋ 그 이후에 똑똑똑 문 두드리는 소리와 함께 손님들이 들어오시고 ~ 저 원래 오마카세 먹을 때 얌전한데(ㅋㅋ ㅋㅋ) 재밌는 에피소드 덕분에 식사하는 내내 분위기가 밝게 흘러갔어요.전복죽 이후에 사시미 없이 스시가 쭉- 나왔는데 처음에 샤리 간이 약해 개인적으로 좀 아쉬웠으나 이후 쪽파, 마늘간장, 소금 등으로 간을 맞춰주셔서 맛있게 먹을 수 있었어요. 특히 전갱이와 쪽파, 생강 조합이 참 좋았고 쫄깃쫄깃 씹는 맛이 좋았어요! 제일 맛있게 먹었던 피스 중 하나입니다. 날개오징어위에 올라간 영귤소금은 매력있었는데 오징어 자체는 쫄깃했지만 약간 수돗물 맛(?)이 나서 아쉬웠어요. 사심가득 아카미는 간도 맞고 부드러워 맛있게 먹었고, 차애 아귀간을 네기도로와 같이 주셔서 넘 감동했어요... 근데 아귀간의 임팩트가 강해서 따로 먹었으면 더 좋았을 것 같아요!! 두 번 감동하게... 단새우도 적당히 달달하며 녹진함 폭발했고 소금 찍어먹으니 더 맛있었어요! 관자는 레몬즙을 과하게 뿌리거나 와사비가 심하게 들어가는 곳이 많아 오히려 눈살이 찌뿌려진 적이 많았는데 여긴 그러지 않아  좋았고, 후토마키는 셰프님께서 꽁다리 먹을 분을 선착순으로 구하셨는데 홀릭분들이 또 재빠르게 ㅋㅋㅋㅋ크기도 적당하고 새우튀김이 바삭바삭해서 맛나게 먹었어요. 치킨 가라아게도 특별함은 없었지만 바삭함이 좋고 마요소스 찍어먹으니 진정한 맛없없..! 그리고 후식으로 나온 아이스크림을 보고 당연히 바닐라 아이스크림인 줄 알았는데 뭐가 막 씹혀서 여쭤봤더니 쌀알이라고!! 리조아이스크림이라고 해요. (리조또 할때 리조라고 합니당ㅋㅋㅋㅋ) 식감도 좋고 고소해서 맘에 쏙 들었습니다!",맛있다
2518,스시코야,Capriccio06,"후기도 좋고 가격대도 무난해서 가볍게 방문했었는데 생각보다 괜찮았다. 코스 구성도 알차고 종류별 스시 퀄리티를 유지하는 부분이 참 인상적이었다. 처음에 회를 두점 주시고 그 다음 스시가 타마고까지 12개 정도였던 것 같다. 5~10만원대 스시야처럼 퀄리티가 아주 높은 스시를 기대하는 것은 말도 안되고, 그냥 그 가격대를 생각했을때는 기대 이상이었다. 네타 자체의 퀄리티가 엄청 좋을 수는 당연히 없는데, 적당한 조합의 양념을 잘하는 느낌이다. 예를 들어 도미 (쪽파), 광어 (마늘간장), 청어 (쪽파 생강), 오징어 (영귤소금) 이런 페어로 나오는데 맛 자체가 아주 세지는 않지만 적당히 잘 어울려서 네타 퀄리티를 좀 더 낫게 느끼게 만드는 느낌이랄까. 샤리 자체에 간이 세거나 뭔가 기교를 부린 느낌은 적고, 양 자체도 적은편이긴 한데 네타랑 조화가 좋았다. 코스 구성하시느라고 전채요리에 죽, 식사로 가라아게, 우동, 후식(아이스크림) 같이 주시는 것 같은데 양이 많아지는 느낌이긴 했다. 그리고 무엇보다 주류가 저렴하다. 동네 주민이면 가볍게 반주하는 느낌으로 가면 참 좋을 듯. 처음에 문자 예약받다가 이제 캐치테이블에서 쉽게 예약할 수 있다. (선금 1만원) 처음엔 점심,저녁 29천원 이었는데, 새해부터는 저녁은 39천원으로 바뀌고 메뉴가 좀 바뀌는 듯. 동선 맞으면 가끔 가고 싶은 곳._____추가_______요즘은 인기가 많아진 듯 한데, 예약시간대에 가면 인원이 많아서 그런지 스시가 좀 밀려서 나오는 듯. 지인이 근처갈 때 예약해줬는데 전체 구성 다 먹고 나서 말고, 스시만 보면 샤리도 양이 적은데 좀 뜨문뜨문 나오니까 먹는 내내 배고픈 느낌이었다고... 조금의 인내심이 필요한 가게가 되었다.",맛있다
2519,스시코야,달리자크롱,"[ 내 생애 첫 오마카세, 스시코야 ]사람들이 왜 오마카세를 좋아하는지 알겠다. 천천히 음미하면서 먹을 수 있고 셰프가 하나하나 설명해주시니 맛이 더 잘 느껴진다. 지브리 배경음악과 함께 남자친구와 조용하게 얘기하면서 먹을 수 있다는 점도 참 좋았다.  • 스시오마카세 단일메뉴 1인 29000원 현재 런치와 디너 가격이 똑같지만 추후에 변동할 예정이라함! 현재 예약제로 운영하고 있고 셰프님이 재료를 거의 인원수에 딱 맞게 준비하신다고 한다. 그래서 예약금은 1인당 만원이 걸려있다.• 메뉴구성전복죽-도미-청어-된장국-4일 숙성된 광어-쪽파가 들어간 도미-간장마늘이 올라간 광어-쪽파생강이 올라간 청어-연귤소금이 올라간 날개오징어-참다랑어 등살-단새우-흰다리새우-참다랑어뱃살-간장을 바른 가리비관자-구운연어-계란다마고-치킨 가라아케-바닐라 아이스크림- 인상깊은 메뉴들 위주로 적어보겠습니다(^0^) 처음에 전복죽으로 위를 든든하게 채운뒤, 오픈이벤트로 도미와 청어 한점씩 나와서 입맛을 돋구고 기대감도 함께 상승했다. 두근두근. 사실 오픈이벤트로 먹은 청어 한점은 살짝 비린맛이 많이 났는데 스시로 나온 청어는 쪽파생강이 올라가서 비린맛을 다 잡아주었다! 생강 맛이 그렇게 강하지도 않았는데 잘 어울린다.   다음 연귤소금이 들어간 날개오징어! 연귤이 엄청 상큼하고 오징어가 쫀뜩쫀뜩해서 입에서 촥촥- 감겼다. 연귤소금 개발하신건지 넘 맛있었음! 개인적인 생각이지만 연귤소금이랑 청어도 잘 어울릴듯하다. 참다랑어는 뭔들. 등살이랑 뱃살이 간격을 두고 나왔지만 둘다 완전 부드러웠다. 등살은 와사비를 올려 먹으니 더 풍미가 살아났다. 뱃살은 등살보다 기름이 많아서 더 부드러웠다. 더 오래 먹고 싶었는데 사르르 녹아버렸음.  단새우 이름은 달아서 단새우라고한다. 처음 알았다. 통통하고 입안에서 촥 감긴다. 소금을 살짝 뿌려먹어도 맛있다고해서 똑같이 해보니 맛났다. 내입맛엔 흰다리 새우보다 훨씬 맛있었다. 연어는 바로 앞에서 토치로 구워주셨다. 굽는걸 보는 재미도 있었다. 구운연어스시는 처음 먹어봤는데 이것도 나름 맛있군. 연어를 구우니 고기에 가까워진 것 같다. 계란이랑 치킨 가라아케는 주방 안에서 여자 직원분이 해주셨는데 음식 솜씨가 상당하다. 계란다마고 달고 맛나서 토스트가 갑자기 땡기는 맛이었다. 치킨 가라아케도 갓구워져 나왔는데 튀김도 적당하고 바삭바삭해서 2개만 있는게 아쉬울 정도였다. 메인 메뉴로 따로 파셔도 될정도였다. 새콤달콤 타르타르소스와 사시미 청양고추를 넣어서 만든 소스라는데 치킨이랑 잘 어울렸다. 소스를 안좋아하는 나도 막 찍어먹을 정도였다. 마지막 바닐라아이스크림까지! 완벽하게 마무리 할 수 있었다.  처음 먹어본 오마카세-너무 좋은 기억으로 남았고 만족스러웠다. 셰프님께서 원래 초밥집을 운영하시다가 오마카세 가게를 열고싶다는 꿈으로 1년동안 준비하셨다는데, 잘 될 것 같다! 정성껏 재료를 준비하는 모습이나 초밥을 만드는 모습까지 음식에 대한 애정도 느껴졌다. 아직은 서툰것도 있지만 시간이 가면서 더 자리를 잡을 것 같은 기분- 잘되셨음 좋겠다!^_^",맛있다
2520,스시코야,ethanghymn,"이 가게 역시 인스타에서 광고로 접했는데 리뉴얼 후 오마카세 가게로 새롭게 오픈을 한다고 하길래 망플에 등록도 하고 가게가 있는 동네가 동대문구여서 동대문구에서 만났던 콘반이나 엔토츠야에 대해 좋은 이미지가 있다 보니 뭔가 비슷한 경험일까 싶기도 하고 의욕 뿜뿜일 때 들러보고 싶어 오픈일 첫 타임에 들러보기로 하고 예약금 1만원을 입금하고 컨펌을 받음.비가 오고 바람이 불어 날씨는 좀 그랬지만 이런 날씨여서 한적하게 즐길 수 있겠다고 위로를 하며 오픈시간인 11시 40분 조금 전에 도착해 미닫이문일 것 같은 가게문을 옆으로 미는데 안 밀려 아직 오픈 전이라 잠겨있는 건가 잠깐 헤맸는데 문을 앞으로 미니 열려서 헐함.들어가자마자 벽이 있고 벽을 따라 우측으로 들어가 턴을 하니 인스타에서 봤던 공간이 나타났고 예약자 이름을 확인 후 맨 안쪽 자리로 안낼 받아 앉음.손님은 나를 제외하고 가족으로 보이는 3인 한 팀이 있었고 카운터 위에 놓인 피처에서 시원한 헛개차를 따라 마심.오너 셰프분이 와사비와 가리, 히말라야 핑크 솔트를 준비해 주시고 연어와 참치, 아보카도가 들어가고 고소한 참깨 드레싱 맛의 뭔가 하와이에서 맛보는 포케 느낌도 드는 아보카도 샐러드와 미소시루를 여점원분이 가져다 주심.원랜 내어드리는 게 아니지만 첫 날 첫 스타트여서 서비스로 내어주신다고 하신 거의 1센치쯤 되는 두께의 기름기 뿜뿜에 맛도 좋았던 방어 뱃살을 사시미로 내어주시는데 손이 살짝 떨리셔서 긴장하셨나 보다 함.이어서 소금을 찍어서 드시라고 안낼 해주신 도미도 사시미로 내어주셨는데 비교적 밋밋했음.스시는 약한 소금간 샤리에 쪽파가 들어간 3일 숙성된 광어로 스타트를 했는데 이어서 다시 한 번 스시로 내어주신 도미도 그렇고 흰살 생선은 비교적 밋밋해서 인상적이진 않음.다음으로 내어주신 마늘간장을 바른 방어 등살은 처음에 서비스로 내어주셨던 뱃살만큼은 아니더라도 여전히 기름지고 맛도 좋았고 원래는 청어를 이어서 내어드리려고 했는데 오늘 준비가 안된 관계로 식사 후 제일 좋았던 피스를 말씀해 주시면 말씀하신 한 피스를 내어주시겠다고 안낼하심.영귤발효소금을 올린 찐득한 식감의 날개오징어도 괜찮았고, 레몬즙을 뿌린 아마에비는 충분히 단맛이 나진 않는 편이었지만 츠케한 마구로 아카미는 나름 좋음.여점원분이 뒷쪽 주방에서 열심히 튀기신 아마도 제품인 것 같은 시즈닝이 된 치킨 가라아게를 달달한 맛의 마요네즈 베이스 소스를 곁들여 내어주시고 이어서 다시 스시로 나름 수분감이 괜찮았던 흰다리 새우, 방어 뱃살만큼이나 기름기 뿜뿜이어서 좋었던 츠케한 마구로 주토로, 불향과 달달함이 좋았던 아부리한 가리비 관자, 아부리를 너무 살짝만 해선지 차라리 안 하는 게 나았을 것 같이 느껴졌던 연어로 스시는 끝이 남.김이 솔솔 올라오는 타마고야키는 달달함이 은은하지만 질감이나 맛은 좀 덜 고급지게 느껴졌고 식사로는 표고버섯으로 육수를 낸 우동이 나옴.초반에 청어가 준비가 안돼서 대신 맘에 들었던 스시를 말씀하시라고 하셔서 옆 자리의 가족 손님들은 나도 역시 좋았었던 방어를 모두 얘기하고 난 방어만큼이나 좋았고 강남의 흔한 스시집에선 단가 때문에 앵콜 스시에서 제외하는 경우가 많고 아주 예전에 신라호텔 아리아께에서 한 피스 부탁드렸었는데 몇 만원이었던 기억이 있는 마구로 주토로를 부탁드리니 두툼한 네타를 올려 흔쾌히 내어주심.다시 한 번 맛봐도 기름짐이 좋고 고급진 맛인데다 달달함까지 느껴져 역시 좋구나 하고 디저트로는 시나몬 슈거로 가볍게 코팅된 호두가 올라간 아마도 코스트코 제품인 것 같은 바닐라 아이스크림으로 마무리를 함.오너 셰프분께 가게 이름인 코야의 뜻을 문의하니 한문의 의미 그대로 작은 집이라고 설명해 주시고 자리에서 일어나 예약금 차액만큼을 결제하고 가겔 나옴.전체적으로 지난번에 신촌 하늘초밥을 들렀었을 때 얘기했었던 것처럼 스시가 먹고 싶다고 매번 힘들게 예약을 해야 하는 강남 비싼 스시집 말고 편하게 들를 수 있는 스시집도 좋아 그런 가게의 느낌일까 싶어 들러봤는데 가격대가 가격대인지라 좀 더 고급 재료를 안 쓰는 거나 스시의 전체적인 수준, 덜 고급진 기물과 가게 분위기, 수수한 손님 응대 등은 강남 고급 스시집과는 차이가 있지만 비슷한 가격대의 하늘초밥이나 스시 소우카이처럼 너무 기교가 들어간 타입의 스시가 아닌 것도 좋았고 네타를 모두 두툼하게 썰어내주셔서 다 먹고 나니 충분히 배가 불렀어서 여러모로 엔트리급 스시집 중엔 맘에 들었어서 재방문하고 싶어 맛있다로..",맛있다
2521,와레와레쿡,로우니,이곳은 숙성회 맛집입니다 튀김류와 숙성회는 진짜 이동네 탑이라고 생각해요 특히 등푸른 생선류 청어회 싫어하던 일행도 이곳에서 청어회 삼치회 고등어회는 진짜 비리비도 않고 눅진한 기 맛있다고 먹어요ㅎㅎ 그리고 저는 여기 새우튀김 왕추천!! 진짜 새우튀김 꼭꼭 드셔주세요,맛있다
2522,와레와레쿡,Mistletoe,하이볼도 맛있고 안주 퀄리티도 괜찮은 술집막 존맛 이정도까진 아니지만 전반적으로 안주가 맛있다집앞이라면 최애 술집 될듯,맛있다
2523,와레와레쿡,병살타,이 곳의 유일한 단점은 낮술을 할 수 없다는 것이다.,맛있다
2524,와레와레쿡,미동이,너무 기대했나봅니다ㅜㅠㅜㅜ,괜찮다
2525,와레와레쿡,맛되디,"<고등어잔치>어김없이 돌아온, 아지트 식당 와레와레쿡 리뷰. 인스타를 통해 좋은 재료가 있을 때마다 올려주시는 공유글을 늘 확인하는데, 이날 인스타글의 주인공이 고등어였다. 고등어라니! 안 갈 수 없더라. 오랜 고등어 금어기로.. 대략 몇 달 간, 단골이자카야들에서 고등어메뉴는 주문불가였거든ㅜ 얼마나 반갑던지! 퇴근하자마자 바로 튀어갔지뭐ㅎㅎㅎ도착해서보니 오늘의 메뉴는 척봐도 좋아뵈는 고등어사진을 올려주신 만큼, 고등어소바, 고등어봉초밥, 고등어회였다. 줄곧 먹고팠던 봉초밥과 고등어회 주문ㅎ봉초밥은 전부, 고등어회는 일부가 토치로 그을려 나와서, '응? 아주 신선한 고등어는 아닌가?' 잠시 의심했는데 걱정과 달리 신선눅진 맛있는 고등어였음. 고등어와 찰떡궁합인 생강이 두 음식 모두 적절히 들어가 있어 비린내가 올라올 틈을 1도 안 주고 있는 게 좋았고.. 그러면서도 고등어 특유의 강한 감칠맛, 찐한 향은 충분히 터져나오는 것도 정말 좋았다. 개인적으로 고등어는 사시미계의 치즈같은 존재라고 생각한다. 다른 회들에 비해 향, 맛, 모두 확실히 강한, 다소 꼬리한 재료기 때문. 해서 고등어는, 꽤 대중적인 식재료임에도 사시미재료로는 까다로운 점이 많은 재료기도 하다.물론 실력 있는 요리사들은 어떤 재료가 주어져도 답을 찾는 분들이라, 감칠맛, 눅진한 풍미 등의 장점은 극대화하고 느껴질 수 있는 비릿함은 확실히 잡은 양질의 고디요리를 내는데, 이날 사장님이 해주신 음식이 딱 그랬다. 그렇게 양질의 고등어음식들로 한바탕 고등어잔치를 마치며 배도 땅땅히 채우고, 금어기동안 차올랐던 고등어 향한 갈증도 싹 가라앉힘ㅎㅎ오랜만에 찾아가도 변함없이 반겨주시고 그날그날 최고 좋은 재료로 손님이 정말 맛있게 드시기만을 바라며 정성껏 요리해주시는, 또 맛은 어떤지, 요즘 일은 어떤지 꼭 물어봐주시는 인간미, 프로의식 다 갖춘 여기 와레와레쿡 사장님이 난 참 좋다. 그런 사장님이 계신 곳이어서 와레와레쿡도 참 좋다. 여러 새로운 식당을 찾아다니고 있고, 또 다닐 거지만.. 이집만큼은 못 끊고 있고 앞으로도 계속 그럴 예정인 이유다.ps)난 이날도 술은 안했지만 잠시나마 술..시킬까? 고민하게 했던.. 녀석이 있었으니ㅎㅎ 오랜만에 왔다며 서비스로 주신 무어란. 진접 만든 어란을 얇게 까낸 무에 붙여 주셨는데 크.. 별미였닷!!!",맛있다
2526,와레와레쿡,맛되디,"<나트륨님이 보고계셔>좀 조심해야 하는 이유도 있고, 버릇화했더니 익숙해진 것도 있어서 거의 모든 음식을 싱겁게 먹는 게 습관이 되었고 짠맛에 약해졌다. 사오년전만 해도 엽떡은 주 1회 필수였고 매운 라면집도 정말 자주 가던 나인데 지금은... 엽떡 순한맛도 짜다고 난리치고ㅋ 보통 식당들의 파스타, 피자에도 짜! 소리부터 내는 경우가 많아진 걸 보면 진짜 신기할 따름ㅎㅎ. 싱겁게 먹는 게 전보다는 훨씬 익숙해진 거겠지..그러나.. 저염쟁이두 사람이다ㅎ 가끔 짭짤폭탄이 생각나는 건 사람이라면 당연한 것 아니던가. 특히 최근 너어어무 빡센 업무와, 퇴사자 땜빵을 모두 소화하느라 정신없이 두 달 남짓을 흘려보낸 내겐... 간절했다. Na님... 나트륨님이...(요 몇 주간 리뷰를 계속 못쓴건 리뷰권태기였어서가 아님ㅜ 정말 넘 눈코뜰새없이 바빴던 탓ㅜ)나트륨 보충을 어디서 할까가 또 은근 고민이긴 했다. 다들 알다시피, 짜고 맛있는 곳이 어디 한둘이어야 말이지ㅎㅎ 육가공품도 땡기고, 양념갈비도 끌리고, 매운 낙지볶음도 생각나고.. 많이도 떠올렸고 고민했다 꽤 긴 시간...ㅎ결국 찾아간 곳은 마음의 고향, 회기의 단골집 '와레와레쿡'! 출중한 음식 솜씨에 성품까지 좋으신 사장님도 오랜만에 뵙고 싶고, 그날그날 좋은 재료맛을 한껏 살려 만들어주시는 이집 메뉴들도 그립고 해서ㅎㅎ 오늘 가겠다 전화 한통 드리구 퇴근하자마자 찾아갔다.이날 추천메뉴 보자마자 날 잘 맞춰 왔다 싶었던 게.. 이름만 봐도 맛있게 짤 것 같은 메뉴들이 많았다ㅎ 그 중 네 가지, 슈토(참치내장젓갈)광어사시미에, 새우장, 광어튀김, 참소라초회 주문하고 짠음식에 빠지면 안되는 공기밥까지 주문함ㅎ규칙적인 칼질 소리, 언제 들어도 경쾌한 튀김소리를 브금 삼아 설레는 맘으로 기다리길 이십분 정도했을까. 첫 타자 슈토광어사시미와 참소라초회가 등장했다! 영롱한 자태 뽐내며... ^^슈토는 이날이 첫 경험. 광어회에 안 찍고 그것만 몇 점 밥이랑 먼저 먹어보았고.. 바로 알 수 있었다. 이놈, 술을 빨아먹는 놈이란 걸. 안주로 최고일 것 같은 감칠맛에 짭쪼롬함이었달까. 잠시 잔술 하나 시킬까 고민도 했다가.. 그래도 이날은 식사하러 간 거였으므로! 담백한 광어회, 뜨끈한 흰쌀밥만 곁들여 먹어치움. 광어에 살짝 발라 그대로도 먹어보고, 뜨거운 밥에 광어와 같이 올려서도 먹어봤는데 전부 좋았다. 짠맛은 오롯이 슈토가, 부드럽고 적당히 쫀득한 광어가 식감과 담백, 은은한 향을 도맡아 밥과 어우러지니 맛없없일 수 밖에ㅎ참소라초회는.. 짜게 먹으리라 벼르고 가 시킨 메뉴치곤.. 사실 크게 짜진 않았던 녀석. 짜기보단 식초, 카보스의 상큼시콤한 맛, 향이 지배적인 슴슴한 초회였어서ㅎㅎ물론 짜지 않았을 뿐 맛은 이 녀석도 최고였다. 일단 소라가 씹을 때마다 질 좋은 게 느껴졌고 식감이 부위마다 달라 어디는 전복내장처럼 눅진하고, 어디는 야들야들하고, 또 어디는 꼬득꼬득했다. 오이에 크게 싸고 밥에 올리고... 정말 맛있게 먹음ㅋ두 메뉴 먹으며 공깃밥 한 그릇을 그냥 다 먹어버려서 한 그릇 추가할 때 즈음, 세 번째 메뉴도 등장했다. 바로 광어튀김! 지난번 먹은 우럭튀김과 비슷하게 중화풍으로 튀겨낸 광어살들이 매운 소스에 반쯤 담겨져 나왔는데, 이번엔 소스에 마라를 살짝 적용하신 건지 먹을수록 조금 얼얼해지는 느낌이 있었다. 개인적으로 이 날 먹은 메뉴들 중 가장 맛있었음! 벌건 용암같은 소스에 듬뿍 적셔진 숙주, 버섯을 두툼한 광어튀김과 같이 먹으니 그렇게 합이 좋을 수가 없더라. 다 먹어갈 무렵에는 입술이 꽤 부어있었지만ㅋㅋ 맛있는데 뭐가 문제랴ㅋ 국물 약간씩 밥에도 비벼 남은 광어살 조자려넣고~ 매콤광어튀김덮밥 만들어먹는 방식으로! 맛있게 마무리했다.마지막 메뉴로 등장한, 가장 기대하지 않은 새우장조차 맛있었으니.. 껍질, 대가리가 그리 억세지 않아 벗기지 않고 의적의적 통째 씹어먹었는데 요게 신의 한 수였다. 청양고추 매운만만 살짝씩 올라오는, 짠듯 짜지않은 간장과 새우대가리가 이에 부서지며 쮹쮹 뿜어지는 들큰한 내장, 쫀득탱글탱글한 새우 살이.. 물론 따로따로도 뭐하나 맛있지 않은 게 없었지만 하나로 뭉쳐졌을 때 폭발하는 감칠맛이 정말 좋았던 것. 그간 와레와레쿡을 뻔질나게 찾으면서도, 다소 평범한 메뉴라는 이유로 새우장은 시키지 않아왔었는데.. 앞으로는 올 때마다 새우장은 기본으로 시킬 거 같다. 어디에나 있는, 누구도 만족스러워하지 않는 새우장들과는 확실히 달랐음!새우장과 광어튀김으로 천천히 남은 밥을 정리하고나니 배가 터질 듯 불렀고 목도 살짝 근질근질했다. 나트륨이 충분히 보충되었다는 신호로 느끼며 기분좋게 일어났던 듯ㅎㅎㅎ짠 반찬들만 잔뜩 시켜 백반 뿌리뽑고 오니 괜히 그간 쌓인 스트레스도 같이 날아간 기분이다. 이 맛에 소금쟁이 식생활도 해주는 거지ㅎ 나트륨이 현대인에게 제일 독이라지만.. 만병의 원인이라지만.. 하루정도는 이런 짠맛잔치를 벌여보자. 힘들었던 프로젝트, 과제, 팀플, 미팅을 끝낸 직후라면 더더욱! 나트륨이 널 다시 웃게할 지니!",맛있다
2527,와레와레쿡,맛되디,"<좋은 음식과 불쾌한 식사>학생 때부터 단골이어서 꾸준히 들르게 되는 와레와레ㅎ. 이 가게에서 제일 애정하는 메뉴인 굴후라이 혼밥하러 다녀옴 ^^회기역 2번 출구의 작은 이자카야로 고정 메뉴가 없는 건 아니나, 제철재료 사용을 원칙으로 하시기에 재료수급으로 그날그날 메뉴가 정해지는 경향이 크다. 모든 메뉴가 평균 이상은 되는 편. 특히 괜찮은 메뉴는 쌀쌀한 철이면 돌아오는 굴튀김, 중화풍 터치를 가미해 소스에 담가나오는 우럭튀김!단골집인 걸 감안하면 꽤 오랜만에 방문했는데도 격하게 환영해주시는 두 분사장님ㅎㅎ 인사 드린 뒤, 오늘의 메뉴판을 죽 스캔하다가 '모듬사시미', '굴후라이' 두 가지에 밥까지 주문해보았다.모듬사시미를 주문하면, 다른 오늘의 메뉴를 구성하는 싱싱한 재료들까지 썰어내주시는데, 오늘은 생굴과 청어, 문어였다ㅎ 그 외에는 기본 구성인 참치, 광어, 연어. 여전히 도톰하고 맛있었다. 개인적으로 가장 좋았던 건 생굴로, 작지만 향이 진한 굴이라 작은고추가 맵다는 말에 딱 맞는 녀석이었음.항상 실패없는 굴후라이 맛은 이번에도 그대로! 바삭바삭하면서 비린맛은 없는 농후한 굴즙이 빵가루와 함께 부서져 입안을 가득 채우니.. 이건 뭐 맛없을 수 있나ㅎ 처음 두 알은 온전히 굴맛에 집중하며 먹었고, 나머지는 타르타르 소스를 더해 깨샐러드와 같이 먹었다. 정말 맛있게 잘 먹은 기억 :)다 좋은데 사장님 두 분의 친구로 보이는 다른 손님 하나의 민폐가 너무 심각했다. 계속 ㅅㄲ, ㅅㅂ, ㄴ 등 온갖 욕설을 고래고래 내뱉질 않나, 열심히 장사 중인 사장님께 계속 선배부심 부리며 시비 걸 질 않나...가관은 난 새우 좋아하는데 왜 계속 새우 안주냐고 소리지를 때였다. 내가 너 있어서 여기로 왔자너! 그 정도 못해줘?? 이러면서 시끄럽게 구는 꼴이라니. 사장님 두 분과 어느 정도 친한 사이인지 모르겠다만, 두 분이 정말 안타까웠다. 적어도 상식 있는 사람이라면 친구가 하는 식당일수록 안 그러게 되지 않나...ㅋ음식은 여느때처럼 최고였으니까 이번에도 '맛있다'에 이견은 없다. 주변 상황이 지나치게 막장이라 썩 기분 좋은 식사는 아니었으나.. 그건 사장님 탓이 아니기도 하고. 굳이 사장님 책임을 따지자면 너무 착하시다는 거..?ps) 서비스로 완전 시골에서 공수하셨다는 갓김치를 주셨는데 톡 쏘는게 맛있었당ㅎㅎ",맛있다
2528,와레와레쿡,맛되디,"누구에게나 이성적인 평가가 어려운 단골식당 하나씩은 있을 것이다. 보통 학생 때부터 단골인 집인 경우가 많은데, 내게도 그런 곳이 있다. 오늘 리뷰의 주인공, 와레와레쿡!형제로 추정되는 남자 사장님 두 분께서 운영하시는 회기역 2번 출구 쪽 자그마한 이자카야다. 노랑, 파랑으로 된 외관이 단촐하면서도 눈에 잘 들어와 찾기도 쉬움ㅎ 제철 해산물들로 구성된 안주, 식사류를 주로 취급하시고 오늘의 메뉴는 그날그날 달라진다.주문메뉴 - 모듬사시미, 모듬튀김, 베리사와, 하이볼사시미 구성은 오징어, 소라살, 광어, 연어, 참치 등살, 단새우, 고등어였다. 워낙 그날그날 가장 좋은 재료들로 내주시기 때문에 믿고 시키는 아이. 구성 해산물들 전부 좋았으나, 단새우가 역시...ㅎㅎ 달다! 달아ㅋ모듬 튀김은 오징어, 새우, 쑥god, 고구마, 팽이버섯, 양파, 표고 등이 튀겨져 나온다. 새우튀김 맛있는 거야 두말할 것 없고.. 이 메뉴의 진가는 야채류 튀김들에 있다. 식감, 채즙이 보존된 바삭한 튀김은 밥 반찬으로도 최고인지라ㅎㅎ 공깃밥을 부르는 메뉴임! 나 역시 밥 한 그릇 시켜서 고로아저씨 코스프레로 마무리했다...ㅋ하이볼과 사와는 무난무난하다. 애초에 술보단 음식이 더 맛있는 곳이고.. 술집이지만 술 안 시켜도 전허 눈치 안 주시니 패스해도 좋을 듯 하다.회기에서 살다시피했던 학생 시절, 중간 고사 기말 고사가 끝났을 때는 꼭 여길 왔었던 것 같다. 본인이나 친구 생일 때도 종종 찾았고ㅎㅎ 쉽게 말해, 대학생 시절 다니던 단골집들 중 기분, 돈 모두 내고플 때 가던 곳이었다. 당연히 이 집에서 쌓은 추억도 적지 않다. 공부 안 해서 자연히 망한 시험을 교수님 탓 하며 술잔 기울였고, 소개팅도 했고, 이별에 아파하는 친구를 달래줬었다. 이 외에도 셀 수 없이 많은 대학 시절 경험들을 함께한 가게다.그 땐 세상에서 젤 맛있는 곳이었는데 이제는 객관적으로 더 맛있는 곳들이 있다는, 아니 많다는 건 안다ㅎㅎ 그러나.. 기억으로 추억으로 얽혀있는 곳이라 그런 걸까.. 언제 와도 이 곳에서의 식사는 참 각별하고 의미가 있다. 이번 방문에서도 역시 느꼈음. 평범한 모듬 사시미, 모듬 튀김인데... 내게는 정말 맛있는, 행복해지는 음식들이었다. 옛 생각에 젖는 아저씨로 만들어준 음식들이기도 했고ㅋㅇㅋ잡설이 길었으나.. 회기 일대에서만큼은 괜찮은 수준의 이자카야인 건, 객관적으로도 분명하다ㅎ 이번에는 없었지만 곧 돌아올 굴튀김이 이 집의 시그니쳐. 정말 맛있다! 굴튀김 먹으러 곧 재방문할 예정괜찮다일 수 있는 곳이나.. 내겐 언제나 만점이고 맛있다인 곳ㅎㅎㅎ",맛있다
2529,와레와레쿡,맛되디,"회기 주변 혼밥이나 혼술할 때, 가장 자주 가는 곳인데 이제서야 리뷰 올리네요ㅎㅎ 회기에서 보기 드문 고퀄 이자카야로, 다양한 제철 해산물을 사용한 맛 좋은 일식, 퓨전 안주들을 합리적인 가격으로 먹을 수 있는 곳입니다. 그날그날 재료 수급 현황에 따라, 추천 메뉴가 달라지는데 오늘은 통우럭 튀김이 올라 있더라구요ㅎㅎ주문한 뒤 나온 통우럭 튀김은 중식 생선 요리와 일식의 퓨전 느낌입니다! 통째 튀긴 우럭살은 쫀득쫀득하구 곁들이로 나온 볶은 야채, 데쳐서 식힌 콩나물의 식감도 훌륭해서ㅎㅎ 역시 실패 없는 맛이었어요. 튀김이 얼큰한 소스에 반신욕하고 있는 상태로 나왔는데 중식 소스 같기도 동남아풍 소스 같기도 한 이 소스가 참 입맛을 돋우더라구요ㅋㅋㅋ 생선 근성 있게 발라먹는 편이 아닌데.. 오늘은 고독한 미식가처럼 밥도 추가해서 살 한점 안 남기구 해치웠습니다ㅎㅎ 보통 술을 드시는 분들이 많이 찾지만, 저처럼 밥 추가해 먹으면 한 끼 식사로도 좋은 메뉴가 많은 곳입니다. 이상 오늘의 마지막 끼니를 함께한 곳, 와레와레쿡 리뷰였습니닷 ^^",맛있다
2530,와레와레쿡,Ansu,아래 쓰신 분이 잘못 쓰신 것 같은데 회기역 2번출구이다. 사장님 너무 친절하시고 음식도 맛있다. 맥주 대신 매실 사와 시켜서 먹었는데 정말 매실+위스키향+약간의 탄산 최고~ 친구들은 사시미 세트인가 ? 먹었는데 신선하고 맛있었다고 한다! 두 번째 사진은 라면샐러드인데 회를 못먹는 날 위한 안주였다! 라면 생면에 참깨드레싱 느낌으로 묻혀져있고 간도 짭쪼름한게 아주 처음 맛보는 맛이라 해야하나? 하여튼 맛있었다 자주 가고싶은 곳이다,맛있다
2531,와레와레쿡,아몬초코,친구랑 가끔 가는 와레와레~치즈모찌리도후샐러드정말 맛있다 ㅎㅎ 또 먹고싶당..,맛있다
2532,와레와레쿡,KimYeong-Ju,왜 여기가 안뜬건 의문.. 회기 이자카야의 한줄기 빛,맛있다
2533,와레와레쿡,지나야,회기역 1번 출구.주변 식당 중에 제일 깔끔해요.사장님이 친절하시고 서비스가 좋아요^^이자까야지만 주로 저녁식사 하로 가는 편이라..ㅎ전골류에 공깃밥 추가해서 먹었어요. 명란구이는 처음 먹어봤는데 많이 짜지도 않고 밑에 깔린 양파채랑 같이 먹으니 맛있었어요.이날은 생선구이를 서비스로 주셨어요.일부러 찾아갈 정도는 아니지만 근처에 있다면 가볼만 해요.일요일은 휴무.,괜찮다
2534,대왕참치회기,jy,룸이라 프라이빗해서 좋았고. 추운데 바닥 따뜻해서 좋았어요. 회기에서 참치회먹고싶을때 딱입니다. 참치는 느끼했던기억있어서 한동안 안먹었었는데 다시 눈떴어요. 아주 특색있다거나 그런건아니지만 저는 잘먹고 왔어요.,맛있다
2535,청담이상,minbbb,아니....너무....맛있어요........... 회기에서 이런곳 찾기 힘든데 이자카야 무조건 여기에요,맛있다
2536,두접시,준영,회기에서 먹으려던 곳이 만석이라 급히 찾은 곳ㅜㅜ 급히 들어온 것 치고는 너무 깔끔하고 맛있고 직원분들 서비스도 좋으셨어요!  먹고 나오자마자 든 생각은 이런 회기 대학가에서 저렇게 서비스하려면 교육을 얼마나 받았을까..싶더라구요. 사시미 모리아와세랑 생산 머리조림 먹었는데 생각보다 머리에 살도 넉넉해서 먹을게 많았어요. 사시미도 전반적으로 굳굳. 비린 피스만 없어도 충분히 성공적이라고 생각해요ㅋㅋ 오픈한지 오래는 안된 것 같은데 인기 많아질 것 같은 곳!,맛있다
2537,큰손참치,YNZ,참치포장 전문점. 사실 셔벗같이 나오는 냉동참치는 그리 팬이 아니지만 여긴 해동이 굉장히 잘되어서 맛있었다. 모둠세트가 있는데 참치 뱃살 등살 황새치 뱃살 등 골고루 넣어 포장해준다.  간단한 안주로 안성맞춤. 가격은 250g 28000원 / 450g 48000원 / 650g 68000원.,맛있다
2538,스시요비,LSY,"비싸긴 비싼데 맛은 평균이하. 접시가 먹을만한건 6,8000원이고 다 안나가서 덮여져있고...ㅎㅎ삼만원 둘이 내고 배고파서 그냥 옆집에서 밥한끼 더먹었어요",별로
2539,스시카야논데,난감,"늘 배부르고 알딸딸한 시간을 선물해주는 논데. 장안동에서 종로로 이전 예정!이전 전 마지막 방문일 것 같고, 이전 후는 16석 규모(!)라고 하니 조금 예약이 수월해지지 않을까하는 기대감이 있습니다. - 디너오마카세(₩52000, 주류 필수-잔술 2잔)옥수수 스리나가시-부시리사시미+흑임자소스-나메로우-전복술찜-가리비우니크림-난반즈케-백골뱅이조림-안키모-전갱이튀김-(니기리)능성어,대뱃살,전갱이,아까미즈께,도미-☆단새우우니-가지튀김-☆사바이소베마끼-잿방어,민물장어-교꾸-튀긴 후토마끼-청국장솥밥(오차즈케)-흑임자 아이스크림  개인적으로 저는 양 많고 술 곁들이기 좋은 집을 좋아해서 가던 가게를 또 가게 되더라고요. 그래도 달마다 방문하는 것 치고는 메뉴의 변주가 있어 늘 새롭게 먹을 수 있는 곳. 이번 방문에서는 청어가 없어서 조금 아쉽긴 했는데, 대신 고등어로 한 이소베마끼가 비린 맛도 없고 기름져서 좋았습니다. 논데는 바리바리김을 쓰는데 그 단맛과 바삭함도 제 취향에는 딱 좋은 듯 합니다.  양이 적으신 분은 솥밥까지 드시려면 샤리를 살짝 줄이시는 것도 추천. 이미 인기가 많은 업장이지만 접근성이 좀 낮은 지역에 위치한 것이 매번 아쉬웠는데 종로로 확장이전 하신다고 하니 더 가기 편해질 것 같습니다. 애주가 겸 스시러버에게는 괜찮을 선택일지도. 다만 스시오마카세의 정석이라기보다는 스시+이자카야의 네이밍처럼 술집이라는 개념으로 접근하면  더욱 특색이 드러나는 곳이라는 생각입니다. 22-115",맛있다
2540,스시카야논데,진꿀이,진짜 배터지기 직전까지…7월 10일까지만 영업하시고 종로로 이전하신다고ㅠ내가 또 종로 좋아하는건 어케 아시구장안동의 스강신청을 만들어주신 스시카야 논데..!스시와 맛있는 사케 한잔도 너무 좋았다.맛있고 맛있었습니다~,맛있다
2541,스시카야논데,난감,"• 술 애호가에게는 아주 좋을 선택! 오랜만에 장안동 논데에 다녀왔습니다. 대관 손님과 함께한 시간이라 아주 많은 사케를 마신 긴긴밤이었네요(26번짤, 끝에서2짤). 현재는 디너2부로 운영 중(주말 1부 5시, 2부 7시 30분). - 디너오마카세(₩52000, 주류주문 필수) 주류주문이 약간 이 업장의 진입장벽인 듯 한데 1인당 잔술 2잔/2인 사케 1병주문 필수로 운영되고 있습니다. 매장 보유 사케 종류가 다양한 편이나 가격대가 좀 있으니 미리 보고가시는 걸 추천드립니다. 옥수수스프+연근튀김-(사시미)도미☆,참치-(츠마미)게살, 찐전복과 게우소스-가리비+우니크림-흑골뱅이와 당근퓨레☆-난반츠케-전갱이 나메로우☆-가지조림-(니기리)청어☆, 오도로, 고등어, 도미, 전갱이- 단새우우니-복어튀김-게르치, 아나고-튀김후토마키-라...라면...! 아무래도 주류필수업장 답게 술을 부르는 술안주류가 많은 편이고 매번 새로운 시도를 많이하신다는게 느껴집니다. 원래 이 집의 트레이드마크는 청국장솥밥인데 어제는 단골들 대관이어서 대신 라면...이 나왔습니다(ㅋㅋ). 가격에 비해 다양한 재료와 뿌리와사비를 사용하는 점도 강점. 약점을 찾자면 주류주문정책이나 이건 개인의 선택문제인 듯 하고, 둘째가 업장 위치지만 그것을 상쇄할만큼 늘 만족스러운 식사를 할 수 있는 곳입니다. 추천! 22-99",맛있다
2542,스시카야논데,준영,인스타에서 게릴라 이벤트 열어주셔서 생참치 업어왔어요! 100키로짜리라고 하시던데 뭐 사실 이게 큰지 작은지는 잘 모르겠어요. 저보다 무거우니 큰거겠죠? 냉동 안한 생참치라 그런지 정말 부드럽고 기름지고 맛있었습니다ㅜㅜ 양도 넉넉해서 좋았고 배꼽살이 많아서 서걱서걱 기름 부분 식감이 진짜 좋았어요. 다음에는 오마카세 먹어보고픔!,맛있다
2543,스시카야논데,난감,"크리스마스 이브를 장안동 논데에서...!♡이번 크리스마스 식사를 많이 고민하다가, 결국에는 짝꿍과의 좋은 추억이 있는 논데에서 보내기로 하고 설레는 마음으로 방문하였습니다. 차가 정말 많이 막혀서 많이 늦은지라 사진이 조금 생략되있는 것들이 있어요. 츠마미가 다 나온뒤에나 도착했으니.. 죄송스럽기 그지없었습니다. ㅠㅠ - 디너오마카세 장어를 올린 스프, 해조류무침, 장어양념구이, 안키모를 올린 샌드☆, 전복과 게우소스 사시미(방어, 참치) 스시-도미, 스페인산참치, 방어, 전갱이 우니에비, 가리비+우니크림, 시라코동☆, 굴튀김, 네기도로 튀긴 후토마끼, 청국장솥밥+오차즈케, 흑임자아이스크림스시카야라는 이름답게 주류도 필수이지만 술을 부르는 구성입니다.어제는 시라코를 내주셨는데 처음 먹어보면서도 크리미한 맛이 아주 맘에 들었습니다. 곁들인 술은 화요 키소주 38이었는데, 좀더 시원하게 마실걸 하는 생각이 있었지만 늦은 주제에 그런 생각은 사치였다고 생각합니다.지난 번 방문 이후로 그래도 몇몇 오마카세를 가보았지만 그래도 논데의 분위기는 최고입니다. ٩( ᐛ )و 단언컨데 더 번화한 동네에 있었다면 정말 지금도 힘든 예약이 더더더더더더 터졌을 거에요.",맛있다
2544,스시카야논데,북극곰,"100리뷰는 내가 가장 애정하는 스시야인 논데에게.호방하게 내어주시는 친절한 우현일 셰프님, 적당히 캐주얼하고 술 잘 들어가는 분위기+츠마미들, 그리고 좋은 가격. 6개월 전 첫방문이었는데 벌써 5번이나 다녀온 곳이다.동북부 스시야가 아직은 부족한데(최근 여러군데 생기고 있음..!), 몇 년 전부터 동대문구 장안동은 이곳과 엔토츠야가 당당히 자리잡고 있다. 논데는 디너 5.8이라는 가성비에 정말 푸짐한 코스를 제공한다. 주류 필수로 운영되기에 가능한 가격이다. 나는 항상 갈 때마다 1인 1병씩 마시고 있다ㅎㅎ이전엔 이자카야, 심야 식당으로 운영했었는데 나오는 코스에서도 이를 엿볼 수 있다. 처음엔 일본식 스리나가시를 제공하고, 이후에도 이자카야에서 단품으로 내줄법한 요리들을 내주신다. 또한 초반에 내어주시는 우나기도 개인적으론 인생 우나기이다. 완전 부드러운게 한 번 찌고 나서 오븐에 구우신게 아닌가.. 싶음. 여기는 항상 첫 피스에 강하게 임팩트를 주는것같다. 이날은 오오토로를 호방하게 한 점 내어주셨다. 우선 샤리 얘기를 하면 적초를 배합하여 특유의 향이 있고, 간이 꽤 있는 편이다. 그래서 기름진 네타와 히카리모노에 잘 어울린다. 그래서 첫 점의 임팩트가 매우 강하다. 참치에서 뿜어져나오는 강한 맛과 강한 샤리. 강+강. 행복해지는 맛이다.니기리가 나오다가도 츠마미가 계속 나온다. 성게크림+가리비는 고소달달 맛있는 맛이고 삼치가라아게는 진짜 존맛.. 수준급 튀김에 여기 타르타르소스가 진짜 맛있다.또한 여기의 시그니쳐인 단새우+ 우니… 단새우 4마리에 성게가 크게 2스푼…. 우니도 쿰쿰하지는 않은게 적당히 괜찮았고 이거 한피스가 만원은 족히 하겠다는 생각이 들었다.마무리 후라이마키도 좋았고 청국장솥밥 또한 시그니쳐인데, 고소하니 맛있고 오챠즈케하면 해장까지 된다ㅎㅎ아무래도 도봉구 주민으로서 접근성도 좋고 가격도 좋은데 맛은 더더 좋아서 최근에 여러번 방문했던 것 같다. 최근엔 다양한 팝업행사도 하시던데 이젠 다시 심야 식당도 하시면 좋을 것 같다는 욕심..ㅎㅎ 아무튼 정말 애정하는 스시야이다..!",맛있다
2545,스시카야논데,북극곰,"갈때마다 너무 행복하고 또 약간은 알딸딸하고 어지러운…스시카야논데 오늘도 혼자서 방문! 이번이 4번째 방문인듯 싶은데, 맨날 혼자서 왔네… 다음엔 친구들 덷꼬 오던가 어머님을 모시고 오던가 해야지…원래는 레오 사케를 마시려고 했으나.. 한 인친분께서 1인 1병 하기에는 달달한 술이 좋을거라고 권해주서ㅎㅎ 그리고, 메뉴판을 딱 피자마자 보이는 할로윈 한정 사케..!! 이걸 주문할 수밖에 없었다ㅎㅎ사케는 설명에 써있던데도 배 향과 시트러스 향이 약하게 느껴졌고, 그에 더하여 다이긴죠급 답게 누룩 향도 느껴져서 식중주로 길게 달리기에도 안성맞춤이었던 것 같다ㅎㅎ논데를 자주 방문하게 되는 첫번째 이유는 다채로운 구성이다. 처음 나오는 버섯 스리나가시부터 날 웃음짓게 만든다.. 그리고 넘쳐나오는 츠마미들.. 오늘은 우니이쿠라메밀소바와 우나기가 특히 인상깊었다. 우나기는 진짜 나중에 한판 따로 포장해가고 싶더라…첫 니기리로 나온 브란지노는 조금 아쉬웠는데, 두번째 니기리로 나온 오오토로는 완전 환상이었다.. 또한 논데의 적초 샤리는 히카리모노와 더 진한 하모니를 보여주는데, 그래서 역시 아지와 사바 역시 진한 맛 + 적초의 쿰쿰함에 말 그대로 환상이더라…단새우니는 그냥 짱이었고.. 마지막 오챠즈케로 해장까지 완벽했다!! 다음에도 또 와야지ㅎㅎ",맛있다
2546,스시카야논데,ustar,이렇게 저렴한 가격에 이런퀄리티가 가능한것일까요..? 개인적으로 강남 15만원대 오마카세보다 이집이 오히려 입맛에 맞는듯 합니다. 재료에 정말 돈을 아끼지 않는다는게 느껴집니다. 가게 앞 마스코트 레오도 너무 순둥순둥하고 귀여워요 ㅎㅎ 조만간 또 방문 해야겠습니다 ㅎㅎ,맛있다
2547,스시카야논데,북극곰,"이런 곳의 리뷰가 적다니.. 모든 맛집이 망플에서도 붐비는 것은 아닌것같아요. 디너오마카세 5.8에 이렇게 나오는 집 서울에 극히 드물 것 같습니다. 강북지역 주민으로서 이쪽 지역의 망플리뷰가 더 많이 쏟아졌으면 하는 바램이에요.정말 괜찮구요, 5만원 이하 오마카세로 입문을 하신 분에게, 그 다음 단계로 조심히 권해드립니다. 그리고, 술 좋아하시는 분에겐 더 적극적으로 권장하고 싶어요. 사케 리스트 진짜 괜찮은것같습니다. 전 저렴이로 마셨는데도 괜찮네요. 사장님 인스타 보면 사케 선별 열심히 하시는거같더라구요.",맛있다
2548,스시카야논데,영쯔,장안동에서 찾기 힘든 오마카세 그리고 아주 맛있네요. 양이 정말정말 많아요! 재료를 아낌없이 정말 팍팍 넣어주시는 듯 해요. 올해 초에 다녀온 사진인데 샤리가 너무 맛있는 스시뿐 아니라 츠마미부터 요리까지 하나하나 신경을 많이 쓰신 듯 해요. 식사 내내 정말 배부르고 맛있었습니다. 만족스러워요!,맛있다
2549,스시카야논데,춥고배고픈대학원생,"총평: 동대문구에 있는 몇 안되는 오마카세. 꼭 가볼만한 저렴한 가격에 훌륭한 구성. 하지만 재방문 의사는 미묘. 가격도 좋고, 고래바 등 기타 가게와 콜라보도 하시는 셰프님의 열정도 대단하다. 소문을 듣고 2주에 걸쳐 2번 예약을 해서 갔다왔는데, 25000원 런치에 시마아지와 우니까지 나오고 소문대로 좋은 가게였다.  하지만 아쉬운 면도 있었다. 먼저 네타의 숙성도가 좀 부족한 것 같았다. 그리고 셰프님이 니기리를 너무 오래 하셔서 그런건지, 아니면 사용하시는 적초의 문제인건지 샤리와 네타와 조화롭기보다는 따로 놀았다. 이 부분에서 맛있다!라는 평가를 내리기는 어려웠다. 그래도 좋은 네타를 쓰시기 때문에 나쁘지 않았다.  부메뉴는 훌륭했다. 특히 스시카야논데가 가라아게산도 맛집이라고 해도 될 정도로 아직까지도 기억에 남는다. 다만 대창탄탄멘은 맛도 미묘했고, 오마카세 구성과도 어울리지 않았다. 너무 기름지고 맛이 강렬해서, 면요리를 넣는다면 차라리 라멘으로 바꾸는게 어떨가 싶었다. 그래도 25000원의 가격임을 고려한다면, 동대문에 거주하는 주민이라면 꼭 한번쯤은 가보기를 추천한다.",괜찮다
2550,스시카야논데,쩡ㅋ,"여기참말로조아함~~ 가시게된다면 소고기오무라이스와 우동, 그리고 회종류(초밥도추천!) 드시기를♥",맛있다
2551,히노하루,준영,"만족스럽다가도 아쉬운 점이 좀 있었던 디너 오마카세-마음에 들었던건 안키모에 싸먹은 광어, 기름기 넉넉하던 방어와 오도로, 금태 구이 덮밥 정도였어요. 아쉬운건 맥주 안되는거랑 하이볼 산토리 위스키 없는거ㅜㅜ 그리고 전갱이 무침에서 비늘이 두번이나 나와서 괜히 찝찝했구, 청어 이소베마끼는 먹었던거 중에 잔가시가 제일 많았어요. 잔가시가 너무 많아서 같이 간 분들께 여쭤보니 저랑 다른 홀릭분 한분만 잔가시 많았던 듯ㅠㅠ 찬사의 후기가 너무 많았어서 기대가 컸는지 생각보다는 아쉬움이 남던 방문이었어요ㅎㅎ",괜찮다
2552,히노하루,블링블링,저녁때 가게된 히노하루 오마카세. 주택가 뒷편에 위치해있다 딱히 기억에 남는 피스는 없지만 인상적이었던 건중간중간에 예쁘게 디쉬로 나와서 비주얼만큼은 리드미컬하면서 심심치않아 좋았다는 것!사시미가 맛있었고 나머지는 그냥 그랬다중간에 고구마가 나와 좀 뜬금없었는데 ㅎㅎ 지인이 보내주셨다고.. ㅎㅎ 맥주도 한 잔 마시고 싶었는데 그날만 딱 안 들어왔다고;;쉐프님은 설명을 많이 해주시는 스탈이나 화이팅 넘치는 스타일은 아니시고 조용하시고 딱 메뉴 설명만 해주신다.그리고 다른 곳에서는  오마카세가 아무리 길어도 1시간 반을 넘어본 적이 없는것 같은데 딱 채워서 2시간을 먹었다 양도 엄청 많다디너에 한 타임만 받으신다고 한다 때문에 먹고도 술마시면서 시간을 더 보내고싶다면 괜찮을 것 같다하지만 딱히 와 맛있다~~하고 감명받은 정도는 아니라 재방문은 안 할듯 싶다,괜찮다
2553,히노하루,Ray,"디너 오마카세(70000)로 다녀왔는데 초밥 코스가 아니라 요리 코스 같은 건가 할 정도로 앞에 스몰디시류가 자꾸 나와 신기했어요. 그렇다고 초밥이 적게 나오는 것도 아니고요. 그냥 전체적인 양이 많은 편인 듯! 하지만 맛은 대체로 너무 무난해서 굳이 7만 원이나 주고 먹어야 하나 싶었어요. 요즘엔 제대로 된 걸 먹든가, 아니면 아예 안 먹는 게 낫다는 극단적인 외식 방침에 빠지고 있어서 더 그런 것 같습니다ㅋㅋㅋㅋ아직 해산물 맛을 잘 몰라서 사시미에서 큰 감흥을 못 느끼는 편인데, 여기는 사시미가 꽤 괜찮았어요. 근데 같이 나온 아귀 간은 처음 먹어본 거라 보통 어떤 맛인지는 모르겠지만, 뭔가 군내 같은 향이 섞여 있어서 좀 아쉬웠고요. 의외로 판나코타가 디저트로 나왔는데 달콤하니 맛있었어요!반대로 최악이었던 건 튀김! 튀긴 거 맞나 싶게 너무 흐물흐물하고요. 안에 뭐가 들긴 한 건지, 도대체 뭔 맛인지도 모르겠더라고요. 그리고 초반에 나온 게살젤리도 맛없었어요. 돈 내고 먹는 음식은 웬만하면 다 먹는 편인데, 이 2개만큼은 그냥 남겨야 할지 굉장히 고민될 정도였어요.서비스는 신규 업장이라 그런지 아직 손발이 안 맞는 편. 셰프님이 작은 실수들이 나올 때마다 농담으로 무마하시려고 하는 거 같은데, 그래서 그냥 같이 하하 웃고 나왔습니다ㅋㅋㅋ",괜찮다
2554,히노하루,ethanghymn,"이 가게 역시 인스타에서 광고로 접했는데 곧 오픈하는 것 같았고 망플엔 아직 등록도 안 되어 있어서 등록도 하고 코스트코를 가는 길에 들러보기로 하고 예약하는 방법을 보니 인스타나 네이버에서 예약 문의 후 예약금 2만원을 입금하고 확정을 받는 방식이었음.2만원을 입금한 후 인스타로 예약 확정 메시지를 받고 코스트코 상봉점을 가는 길에 점심을 먹으러 들러봄.네이버지도에서 가게 위치를 대강 봤어선지 뭔가 신축 건물 1층쯤에 있는 가겐가 보다 했는데 막상 네이버지도에서 안내하는 가게 위치쯤에 도착했는데 비교적 허름한 건물 뒤 언덕 윗쪽으로 안내를 해서 여기가 맞나 다시 한 번 네이버지도를 확인하면서 언덕을 오르니 지난번 회현카페에서와 비슷하게 오래된  단독주택의 1층에 위치한 히노하루의 일본어 간판이 보임.주차는 가게 옆에 한 대가 가능하다고 안낼 빋았었고 좀 일찍 도착한지라 주차 후 잠시 차 안에서 기다리는데 커플 손님이 가게 안으로 들어가길래 따라서 가게 안으로 들어서니 자리를 안내 받고 앉으니 시원한 말차를 내어주심.커플 손님이 셰프분을 아시는지 전에 모구모구에서 뵀었다고 하니 알아보시는 느낌이었음.좌석은 여섯 석이었고 나를 포함해서 네 명의 손님이 도착했고 두 명 손님 한 팀이 20분쯤 늦을 것 같다는 연락을 받으시곤 점심이 시작됨.먼저 연어알과 표고버섯이 올라가고 은행이 들어있던 처완무시가 나오고 이어서 전채로 사과생강소스가 뿌려진 다시마 숙성을 2일 했다는 광어 지느러미, 도미 뱃살, 그리고 아귀간, 새우, 밤으로 구성된 게 나왔고 그 중엔 광어 지느러미와 도미 뱃살이 맛이나 식감이 나름 좋았음.이어서 적된장으로 끓여서 은은한 산미가 괜찮고 부드러운 젤리 같은 호로록하는 식감이 재밌는 우리나라 말로는 순채고 일본말로는 준사이인 연못 같은 데서 자란다는 식물이 들어있는 미소시루가 나옴.스시는 도미 등살을 스타트로 광어, 유자 즙을 뿌린 쫀득함이 괜찮았던 날개 오징어, 기름기는 아직 많이 올라오진 않았던 방어 뱃살, 소금 간을 하고 참깨 소스를 곁들였지만 질감이나 여러모로 제일 별로인 느낌이었던 튀긴 아나고, 맛이 좀 별로여서 간을 하셨다던데 그래선지 우니 자체의 녹진한 맛은 없더라도 맛이 나쁘지 않았던 우니가 올라간 아마에비, 레몬 즙을 뿌린 10월이 제철이어서 오토로만큼 기름이 가득 올라 가장 맛있을 때라고 설명을 해주신 오늘의 베스트였던 전갱이, 토치로 아부리한 고등어 봉초밥, 단가 때문인지 좀 얇게 써신 크리미한 맛의 참치 뱃살, 의욕이 넘치시고 아직 가오픈이어서 긴장을 하셔서 너무 참치를 많이 넣어 옆구리가 터져 죄송하다고 하신 참치 마끼, 질감이나 맛이 특별히 인상적이진 않았던 우나기, 참치 마끼 옆구리가 터져서 죄송한 맘에 내어주신 쫀득함이 좋았던 학꽁치로 마무리를 함.식사로는 우리나라 말로는 그리운 우동인 나츠카시 우동이라고 이름을 붙이신 쫀득한 식감의 우동을 내어주셨고 국물을 표고버섯을 구워 내셨다는데 그래선지 깔끔하면서도 감칠맛이 좋고 조그맣게 썬 가마보꼬와 버섯이 고명으로 들어가 있음.마와 생선살이 들어간 다테마끼는 촉촉은은히달달해서 괜찮았고 마무리로 타피오카 펄 레이어가 올라가고 꿀을 뿌려 마무리한 판나코타가 나왔는데 꿀의 달달함은 좋았지만 판나코타 자체는 밀도가 높은 편이어서 질감도 그렇고 맛은 좀 떨어지는 느낌이었음.전체적으로 인스타에서 광고로 보고 신상 가게인 것 같아 의욕 뿜뿜일 때 들러보고 싶어 코스트코를 가는 길에 들러봤는데 가격대도 그렇지만 살짝 아쉬운 샤리 상태도 그렇고 고급 느낌의 스시를 내놓는 가게이기보단 오늘 맛봤던 스시 중 특히나 전갱이의 경우 흔한 스시 사이즈의 두 배쯤 되는 볼륨감이었을 정도로 볼륨감도 좋고 맛도 적당히 괜찮은 스시를 내놓는 가게였고 아직은 가오픈중이지만 점차 나아지길 바라는 맘을 담아 맛있다로..",맛있다
2555,히노하루,즌짱,"감히 돌곶이 최고의 맛집이라 하고 싶다. 사시미와 초밥 12피스가 나오는 모구모구 패밀리를 포장해와서 먹었는데 생선 하나하나가 다 부드러웠다. 특히 한치(?)가 굉장히 쫄깃쫄깃하고 맛있었다. 별 기대 없이 먹었다 너무 맛있어서 놀람 ㅎ.. 아, 그리고 장국이 나가사끼 짬뽕 국물로 나오는데 맛있다. 홀에서 먹을 때는 소량의 면도 주신다고 하니 코시국이 끝나면 가서 먹고프다. 코시국 덕에(?) 집에 박혀 지내면서 초밥이 먹고싶어도 배달 오는 곳 중에 괜찮은 곳이 없다 싶어서 참았는데 앞으로는 무조건 여기서 먹기로..!! ㅎㅡㅎ",맛있다
2556,히노하루,갈색곰도리,"먹을 게 별로 없는 돌곶이에서 내가 가장 애정하는 맛집 중 하나. 혼밥도 자주하고 모듬, 스페셜, 연어, 사시미, 덮밥 안먹어본 게 없을 정도로 즐겨찾는 곳! 난 주로 스페셜(15000)이나 연어초밥(16000)을 먹는데 이 집은 특히 연어가 맛있다 ㅠㅠㅠ 같이 나오는 국물도 너무 맛있고...저렴한 편은 아니지만 밥양도 딱 알맞고 회의 신선도도 웬만한 초밥집들보다 훨씬 신선하다!(다만 살짝 아쉬운 점은 요새 예전에 비해 스페셜초밥 구성이 퀄리티가 조금 낮아졌다 그리고 여름에 가끔 참치회가 비린 적이 있었다,,)",맛있다
2557,히노하루,Hiunique,기본만 시켜도 넘나 훌륭기본1 스패셜1 시켰으나 기본만 시켜도 도톰함 밥을 부드럽게 얹혀주무로 젓가락질은 잘 해서 드셔야함와사비 진하지 않음 코뚤리는 맛음 아님 간장도 약하면서 달달하고 부드러움 사골국물 같은 걸 주는데 이름은 모름 ㅠㅠ 이게엄청 맛있음 리필했었음!!!!!동네앞이라 큰 기대 없이 갔는데 역시망플임 작은 곳인데 평일 9시쯔음인데도 장사 잘됨 외대앞쪽 보다 더 나은듯 :),맛있다
2558,히노하루,돌곶이서식중,숙성회 퀄 괜찮음. 돌곶이에서 유일하게먹을만한 초밥집.  이문동 로지스시보다 낫다.  자리가좁은데 2호점이 석관초앞에있음 3명넘어가면 2호점으로,맛있다
2559,히노하루,김영민,늦은 시간까지 초밥을 먹을 수 있는 석관동 맛집초밥도 제법 괜찮은 집입니다퇴근길에 주린 배를 초밥으로 채우고 맥주 한 잔하면 피로가 확 풀립니다,괜찮다
2560,엔토츠야,Pyongchang,강북 오마카세의 자존심이라는 블로그 평을 봤는데 가히 어울리는 칭호입니다! 동대문구에 이런 우아한 오마카세가 있어서 너무 행복하네용. 서래마을 등 강남쪽이랑 견줄만해요. 미들급 오마카세입니다!,맛있다
2561,엔토츠야,ethanghymn,"점심을 먹으러 어디리도 나가고 싶어서 홍대 카츠오모이에 가서 돈카츠를 먹을지 아니면 연남동 다인에서 새로 내놓는 내가 좋아하는 메뉴인 나폴리탄 스파게티를 맛볼지 고민하던 중에 인스타를 보니 여기 엔토츠야의 피드에 점심 예약이 취소되어 2자리가 났다고 올라왔길래 한 자리도 가능한지 문의를 하니 가능하다고 하시고 12시 반까지 오시면 된다고 해서 이미 나가려고 준비는 하고 있던 터라 차를 갖고 바로 출발함.여기 엔토츠야는 전에 콘반을 방문하면서 같은 듀펠센터 지하에 스시야가 새로 오픈하길래 가격도 점심엔 3만원인가 했었어서 한 번 들러야지 하고 있었는데 콘반은 아직 그대로 있지만 카츠바이콘반이 우리 동네에 새로 오픈하면서 더 이상은 듀펠센터에 잘 안 가게 됐어서 점차 잊혀지는 느낌이었음.난 스시집은 물론 내 돈을 주고 먹었던 건 아닌데 아주 예전에 스시가 유명한 조선호텔 스시조와 신라호텔 아리아께만 가봤었고 워낙 옛날이어서 갔었었다는 것만 기억에 있을 뿐임.차가 거의 막히지 않아 듀펠센터 앞에 도착하니 12시 20분쯤이었고 엔토츠야로 통하는 길쭉하고 오래된 나무문은 열 때 끼이익하는 소리가 나서 어렸을 때 즐겨했던 비디오게임인 바이오하자드가 생각났는데 문을 열고 지하에 있는 가게로 내려가는 느낌 역시 마찬가지임.코로나 19로 인한 거리두기 때문인지 손님은 나를 빼고 5명이었고 편한 자리에 앉으시라고 셰프분이 안낼해주셔서 자리에 앉아 적당히 시원한 차를 따라 마시고 물을 부으면 부풀어오르는 물수건으로 손을 닦음.먼저 특별함은 안 느껴졌지만 스시집에서 나오는 수준으로는 느껴졌던 차완무시를 제일 먼저 내어주시고  츠마미로 내장이 곁들여진 전복술찜을 내어주셨는데 충분히 부드러웠지만 맛은 밋밋한 편이어서 미들급 스시야여선건가 함.첫 피스로 원래는 도미 뱃살이 나가는데 도미 뱃살이 모자라서 대신 자연산 참가자미 지느러미를 내어주셨는데 첫 피스라 기대를 하면서 입에 넣었는데 즉시 느껴지는 짭짤함과 고슬한 게 아닌 설 익은 게 확실한 그래선지 부드럽게 풀어지지도 않았던 샤리와 흰살 생선인 참가자미 지느러미와의 완벽한 언밸런스함에 티를 내진 않았지만 인상이 찌그러지는 느낌이고 이게 실화인건가 함.여기가 지금 슈퍼마켓 스시도 아니고 회전스시집도 아닌 그래도 점심에 44,000원이면 특히나 동네를 생각하면 미들급 정도는 될 텐데 이럴수가 있나 하고 뭔가 첫 피스만 그런 거겠지하며 다음에 내어주신 자연산 참가자미를 맛봤는데 같은 느낌이어서 이 시츄에이션을 어떻게 받아들여야 하는 건가 함.이어서 내어주신 아카미는 등푸른 생선이어선지 흰살 생선보단 사리와의 언밸런스함이 살짝 덜 느껴지는 느낌이었지만 말 그대로 살짝만 덜 느껴지는 느낌이어서 첫 스시집의 경험이 영 아니네 함.이때쯤 옆자리의 여자손님이 샤리가 좀 짭짤한 거 같은데 좀 덜 짜게 가능한지 셰프분께 얘길하니 셰프분이 그러시냐고 하면서 샤리를 한두 번 맛을 보더니 뭔가 샤리의 상태가 별로인 것 같다고 얘길하셔서 속으로 샤리의 상태도 체크가 안 된 건가해서 깜짝 놀람.다음으로 라임즙이 뿌려나온 한치는 부드러운 식감은 좋았지만 여전히 샤리 때문에 맛있겐 안 즐겨짐.이어서 참치 뱃살과 관자가 나왔는데 참치 뱃살은 지방의 부드러움에 앞의 피스들에 비해 그래도 나은 느낌이고 관자는 부드러우면서 은은한 달달함도 느껴져 나름 좋음.구운 참치 뱃살도 괜찮았고 단새우는 세 마리나 올라간 건 좋았지만 맛은 비교적 밋밋했음.다진참치살마끼는 아무래도 즈께의 느낌이어서 샤리의 짭짤함이 더 이상 크게 두드러지진 않아 나름 괜찮고 이어서 내어주신 새끼복어튀김은 특별함은 없지만 볼륨감이 나름 좋음.활대게찜마끼는 활대게의 촉촉함과 부드러움은 좋은데 내장의 풍미가 약해 비교적 밋밋한 느낌이었고 원래는 저녁에 나가는 건데 여유가 있어서 내어주셨다는 삼치소금구이 역시 풍미는 약해서 역시나 좀 밋밋함.다음으로 꽃게육수로 만드셨다는 미소시루는 꽃게의 은은한 향이 좋아 좋네하게 되고 이어서 내어주신 라임향이 은은했던 고등어와 입에 넣자마자 스르르 눈 녹듯 사라지는 건 좋았지만 역시나 살짝 밋밋한 맛의 붕장어도 역시나 나름 좋음.거의 마지막으로 내어주신 박고지마끼도 나름 좋고 새우살이 들어간 교꾸는 맛은 괜찮았지만 겉이 살짝 드라이한 느낌이었음.이때 커플손님이 크리스마스여서 준비했다는 쑥마스카포네케이크를 모두에게 나눠주셔서 맛을 봤는데 입에 넣는 순간 촉촉하면서 쑥의 은은함과 과하지 않은 달달함이 좋아 며칠 전에 가족인원이 사왔었던 아티제의 노맛 케이크와 비교되어 나름 좋아 우와하게 됨.난 케이크류는 별로 좋아하진 않지만 이런 정도라면 다음에 케이크를 살 일이 있을 때 들러보고 싶어 케이크를 나눠주신 손님분께 문의를 하니 로맨틱스탠다드란 가게의 케이크인데 좀 먼데 있다고 해서 나중에 검색해보니 안산에 있어서 다시 맛 볼 기회는 없을 것 같은 느낌임.마지막으로 적당한 단맛이 괜찮은 팥이 올라간 말차 아이스크림으로 마무리를 하고 자리에서 일어나니 배가 제법 부름.카드를 건네드리니 계산 후 카드를 다시 건네주시면서 오늘 샤리의 상태가 안 좋았어서 22,000원만 결제를 했다고 하시면서 다음에 다시 한 번 들러달라고 하셔서 인사 후 가겔 나옴.전체적으로 스시를 좋아하지만 아주 예전에 조선호텔 스시조와 신라호텔 아리아께를 한 번씩만 가봤었을 뿐인데 우연히 예약이 취소되어 빈자리가 나 급 들러본 여기 엔토츠야는 샤리의 과한 짭짤함과 설 익음 그리고 약간의 드라이함 때문에 소위 똥 밟은 것 같은 스타트였는데 셰프분이 손님분의 부드러운 컴플레인에 억지스럽게 우기거나 하지 않고 미안해하며 가격도 반값으로 해주는 등 손님 응대가 좋아 샤리의 상태만으로는 별로지만 점심인데도 물론 다 맛있는 건 아니었지만 여러 피스가 나와 충분히 배부른 느낌이어서 괜찮다에 손님에게 미안한 마음에 가격할인을 해주셔서 나쁜 가게는 아닌 게 확실해서 응원의 의미로 맛있다로..",맛있다
2562,엔토츠야,@tonyparkofficial,"•장한평역 정확하게는 장안동 사거리에서 가까운 듀펠센터 지하1층에 위치한 스시집이다.>여담으로 듀펠센터는 네버그린스토어를 운영하고 스펙테이터라는 브랜드로 유명한 패션디자이너 안태옥이라는 분의 건물인데 위층에선 옷 편집샵이 운영되고 있고 1층에는 카페와 돈까스 식당이 위치하고 있다. 콘반이라는 이 돈까스 집도 유명한듯 웨이팅이 많아 보였다. 아무튼 이 안태옥이라는 분이 엔토츠야 셰프님에게 스시야를 이곳에 해보지 않겠냐 제안해서 비교적 최근에 오픈한 신생스시야....라는 카더라 믿거나 말거나 ㅎ•최근에는 점심도 오마카세 형식으로 운영되는지는 모르겠지만 점심 정식이 가성비가 상당히 좋은편. 점심3 저녁은 스시오마카세 7의 가격으로 운영되고 있다(2019년 8월 기준)•보조하시는 분이 계시지만 셰프님 혼자서 7-8명의 손님을 맡으시는 아담한 스시집이다. 만약 좌석이 다 차면 좀 바쁘실듯아무튼 소규모 오마카세 스시집답게 셰프님의 스타일이나 주관이 뚜렷한 스시를 맛볼 수 있다. 3겹을 얇게 썰어 층층이 겹쳐 쥐어준 흑점줄전갱이 스시가 특히 맛있었다. 또 참치속살 중 등살쪽(세도로)부분을 즈케로 주셨는데 맛있게 먹었다. 마지막은 교쿠를 먹고 간뾰마끼로 마무리했다. 가성비가 매우 좋다고는 말 못하겠지만, 스시효 엠베서더점에서 근무하셨던 실력있는 셰프님의 스시를 맛볼 수 있고, 또 섬세하시고 접객도 좋아서 장한평이라는 곳에서 오래 남아 주었으면 좋겠다고 생각한 스시집. •방문 전 가게 인스타의 공지사항 등을 보고 방문하면 좋을듯.",맛있다
2563,엔토츠야,곽천수,좋은재료와 정성이 느껴졌던젊은장인이 있는곳,맛있다
2564,대가참치,이국군(쎌카),점심특선이 정갈하고 가성비 좋은 장한평역 참치집.#장한평역점심특선 #장한평역알탕 #장한평역회덮밥알탕8000원  회덮밥7000원 알밥7000원 이라는 가격으로맛은 물론이고 함께나오는 초밥과 무조림등 반찬들 하나하나정성스럽고 맛있다. 또한 실장님을 포함 직원분들 굉장히 친절하다.재방문의사 100프로.저녁 때 참치는 안 먹어봐서 모르겠음.,맛있다
2565,본참치,angelamercy,"장안동 참치 중 제일 괜찮은 거 같아요:)! 참치 뿐 아니라 밥, 탕까지 너무 맛있고 특히 서비스 면에서 따로 요청하기 전에 계속해서 미리 물어봐주셔서 참 좋았습니다!",맛있다
2566,본참치,쩡ㅋ,직원분이넘나친절하다거기선백점만점주고시픔ㅋ ㅎ 38000원짜리시켰는데 제법 괜찮게나옴~~!  참치리필하고싶은데 생각만하고잇었다 근데 직원분이알아서 부족하면다채워줌ㅋㅋ 다먹은것들은 리필도 적극적으로해주시구.. 눈치주지않아서좋앗음^^ 좋은부위라고주신것도맛잇구ㅎ 배엄청불럿당,맛있다
2567,효탄신참치,Ming♪,너무 별로. 유명하다고 해서 제일 비싼 메뉴 시켰는데 해동상태가 영 꽝이다. 다 너무 얼려져서 나와 아삭거리는 참치를 먹어야할 정도. 이춘복에서 먹은 제일 싼 메뉴보다도 못했다. 비추!!!,별로
2568,효탄신참치,yoom,신천잠실에서 유명한 효탄신참치신설동역 인근에도 생겼더라구요참치 신선하고 맛 끝내줍니다♡스끼다시 푸짐하고 실장님들 친절하심대만족한 참지집입니다,맛있다
2569,가도,파랑앤홍,"ㆍ18-161정말 오래간만에 정말 맛없는. 내가 계산 안 했음에도 돈 아까운 그런 정식을 먹었습니다기본적인 죽, 사시미, 초밥, 생선구이..그게 끝이네요죽 어떤맛인지 생각 안 남사시미..시장 상인들이 떠주는것같은 비쥬얼에 맛은 숙성이라고 할수 없는 안 싱싱한맛 이네요초밥이 대박이네요희전초밥집의 안나가는 메뉴들을 담아온것 같은..그나마 말라서 촉촉한 맛은 하나도 없는..뭔가 아주 맛없는건 아니지만 정식 가격대비 주방장님이나 사장님이 고민좀 하셔야 할거 같아요방문추천 20%서비스 75%청결 80주차 3대정도 가능",별로
2570,사조참치,소미,신설동역에서 가까운 사조참치집 다녀왔어요. 참치는 언제먹어도 맛있어서 참치집을 자주가게됩니다. 사조참치는 다른 곳에 비해 회도 두껍게 나오는것 같아요 참치 나오기전엔 참소라찜도 나와요! 어딜가나 콘버터는 나오구요...맛있는 콘버터.. 고등어조림도 나와요. 진짜 혜자롭게 나와서 배부르게 먹고나왔습니다.,맛있다
2571,King수제만두,snoopy,"맥주로 시작해 봅니다. 제일 대표되는 메뉴인 마라덮밥, 새우군만두 시켜서 먹는데 양이 많아서 그런지 아니면 혼자와서 2인분 시켜서 그런지 다는 못 먹고 절반씩 간신히 먹습니다. 먹다가 지쳐서 성북천에서 지쳐 쉬는 중이에요.저는 아직 마라 맛이 익숙하지 않은가 봅니다. 몇번 와 봤는데 먹으면서 괜찮다는 느낌보다는 아~ 이런거구나~ 하면서 먹었어요. 맥주는 더 시원했으면 좋겠구요 ㅎㅎ",맛있다
2572,King수제만두,jy,"인생 마파두부집입니다. 별다섯개☆☆☆☆☆만두도 정말맛있지만 마라와 여러가지 향신료를 잘쓰셔서 마파두부가 알싸해도 끝까지 숟가락이 놔지지않는 맛이예요.아무도 몰랐음좋겠고 나만알고싶은 마파두부.회전율도 빠른편이고. 음식도 금방나와요.추천메뉴: 마파두부덮밥, 고기새우군만두",맛있다
2573,King수제만두,려한,4.0/5.0마파두부고기새우군만두2022.04.02. 재방문,맛있다
2574,King수제만두,Juan,"*요약: 마성의 마파두부, 그리고 육즙 터지는 만두까지 진짜 중국의 향기가 나는 작은 식당.이름부터 King 수제만두라, 만두에 대해 상당히 기대를 하고 갔다. 다른 리뷰를 보니 마파두부가 훌륭하다는 칭찬일색의 글들이 많아 마파두부밥을 주문하기로.찐/군/국 세가지 만두 옵션과, 몇 안되는 다른 메뉴들이 있었다. 만두 중에는 군만두가 베스트라고 해서 군만두를 주문.먼저 만두가 나왔다. 보니 위는 구워내고 위는 수증기로 쪄진 그런 모양으로, 분명 기름기 가득 육즙이 숨어있을 비주얼이었다. 만두력 낮을 때 그런 육즙폭탄에 혀가 놀란 경험이 꽤나 많기 때문에, 숟가락에 만두를 받치고 피를 살짝 찢어내어 육즙을 식혀 먹기 딱 좋았다. 생강 조각이 있으면 더 맛있었을 것 같은데, 단순한 파간장으로 육향 넘치는 만두의 맛을 즐긴다. 먹고있으면 곧이어 마파두부가 나온다. 한국식의 달달한 마파두부가 아니라 사천식의 홍유와 화자오 향 그득한 본토의 마파두부가 나왔다. 마한 향이 꽤나 강해서 의외로 놀랐고, 항상 마라 강하게를 추가하는 나로서는 굉장히 만족스런 맛이었다. 아마 마라찔이들은 조금 버거워할지도 모르는 맛이었음.만두나 마파두부나 고기기름, 홍유가 가득히 넘쳐흘러서 먹다보니 포만감이 오졌음.가게 맞은편에 킹 훠궈집도 새로 낸 것 같던데, 궁금했다. 다음번에는 마라오징어, 돌솥비빔밥도 시켜보고 싶다.잘먹었습니다.",맛있다
2575,King수제만두,shoo,"만두를 기대하고 간 곳인데 마파두부 덮밥에 반한곳. 꼭 같이 시키세요. 만두의 느끼함과 마파두부의 매콤 알싸함이 서로 보완해줌. 만두는 고기새우 랑 옥수수 두 종류 뿐이고찌거나, 굽거나, 삶거나 3가지 방법중에 선택 할 수 있다. 평소에는 군만두 보다는 물만두를 월등히 선호하는데 비주얼 때문에 군만두를 시켜보았음. 근데 앞뒤 바싹하게 기름에 구워져 나오는 그런 한국식 군만두가 아니라 한쪽면만 구워져 나오기 때문에 찐만두랑 큰 차이는 없어서 오히려 더 맛있었다. 건너편 2호점에서도 동일한 메뉴를 즐길 수 있다 하니 좀 더 넓고 쾌적한 2호점으로 가시길.",괜찮다
2576,King수제만두,먹학생,"‘마파두부에 대한 편견을 없애줄 가게’ 라는 리뷰를 보고 잔뜩 기대한 채로 갔습니다. 실제로 먹어보니, 향기부터 다르더군요. 입 안에서 한 번, 식도를 타고 내려가며 한 번 더! 얼얼하게 때려주는 마라의 강한 타격감이 “난 니가 그간 먹던 마파두부가 아냐!” 하고 웅변하는 듯 했습니다. 신선한 만큼, 맛있어요. 소스는 물론이고, 두부의 굳기도 딱 좋고, 밥도 비벼먹기 딱 좋고, 양도 혼자서 먹기엔 딱 알맞고 좋아요. 그런데, 제가 좋아하는 마파두부는 보다 한국적인 스타일이었나봅니다. 마라향은 적당히 향만 나고, 된장맛도 살짝 나고, 전분끼도 좀 있고⋯ 왜 그런 마파두부 있잖아요. 분명 잘 만든 음식입니다만, 저처럼 한국식 마파두부를 좋아하시는 분께는 호불호가 갈릴 수 있겠구나 싶은 맛이었어요. 같이 시켰던 군만두는 호불호 없이 누구나 좋아할 맛입니다. 한쪽은 바삭한 야끼, 다른쪽은 찐만두 느낌인데 양쪽의 밸런스가 환상적이에요. 윤기도 살아있고, 속이 꽉차있어 씹는 맛도 일품. 같이 나오는 간장보다도 마파두부 소스에 ‘살짝’ 찍어먹는 걸 추천합니다.",괜찮다
2577,King수제만두,내일도먹음,"나는 올드보이다. 시험 공부를 하는 동안 매일 만두를 먹은 만두러버이다. 이 집의 만두는 육즙 가득과 바삭함이 공존할 수 있음을 보여주는 이상형이다. 심지어 가격도 착해 만원에 12개나 줘서 혼자 먹으면 배가 터질 것 같다.둘이 마파두부밥과 만두 한판 시켜먹었는데 쓰촨 여행 다녀온줄 알았다. 주인분께서 중국인이셔서 간간이 중국어로 중국현지여행 asmr을 깔아주신다.군만두를 좋아해서 (더 먹고 싶은데 항상 이렇게만 먹어도 배가 터집니다ㅠㅠ ..)항상 군만두만 먹어봤는데 만두피의 쫄깃함이나 육즙을 보았을 땐 물만두도 쫄깃+육즙팡! 만프로 장담 가능하다.마파두부밥은 마라향 솔솔 나서 자칫 느끼할 수 있는 군만두와 밸런스를 맞춰준다. 점심때는 항상 근처 회사원들이 웨이팅을 서는 곳이니 꼭 맛보시길.✨인스타 @food.tomorrow: 고기새우군만두 10,000원: 마파두부덮밥 10,000원: 월요일 휴무",맛있다
2578,King수제만두,김재형,"내일 김포에서 김해 내려가는데 돈암동 사는 형 아침 일찍 픽업해야 해서 오늘은 보문역 근처에서 머물기로 했습니다가끔 이런 상황이 만들어지면 참 기분 좋습니다 평소 잘 못 오는 동네의 맛집을 갈 수 있기 때문입니다 신설동역은 처음 와보는 것 같습니다가고싶다 눌러놓은 육전식당이랑 즐거운맛돈까스도 아주 가깝지만 오늘의 목적지는 아닙니다오늘은 킹수제만두입니다 바로 반대편 킹마라훠궈가 보입니다 사장님 내외분과 아드님 따님으로 보이는 분들이 왔다갔다 하십니다킹수제만두는 내부에 4인 테이블 6개가 있는 작은 식당입니다 그래도 킹마라훠궈에서 같은 메뉴를 즐길 수 있으니 또 그렇게 작은 식당이라고는 못하겠습니다맛동산님의 리뷰를 참고해 고기새우찐만두, 고기새우군만두, 마파두부덮밥 주문했습니다 혼자 왔지만 추천메뉴 다 갑니다(feat. KBS 2TV 혼자서도 잘해요)마파두부덮밥 먼저 나오자마자 화자오향이 훅 올라옵니다 기대감이 상승합니다 밥 살짝 비벼 먹어보니 맛있습니다 적당히 마한 맛이 좋고 단 맛 거의 없이 고추기름 향이 올라와 좋습니다 은은하게 올라오는 두반장의 맛도 구수함을 더합니다고기새우찐만두 여기 만두 맛집 완전 인정입니다 만두피 도톰한데 잘 익혀서 쫀득 부드럽습니다 육즙 좋고 간간하면서 고기맛 새우맛 다 잘 느껴집니다 향신료 향도 입맛을 확 돋굽니다 인정이 아니라 킹정!고기새우군만두 역시 좋습니다 바삭하게 씹히는 날개와 피에서 기름의 고소함이 더해집니다 만두 본연의 맛은 찐만두가 좋지만 기름진 고소함은 군만두 승 입니다 둘 다 어느쪽도 포기할 수 없다는 맛동산님 리뷰에 동감합니다아 이거 꽤나 배부릅니다 좋은 만두집을 또 만나서 기분이 좋습니다재방문 의사 : o",맛있다
2579,King수제만두,미콩,"이제 더 이상 회기 근처에 발도 안 들이는 관계로 언제 한 번 가볼 순 있을까 하고 아쉬웠던 찰나에 마침 배달이 되어 주문해보았다. 배달비가 5천원은 기본으로 웃도는 이 시국에 2천원이라 이정도면 킹세권이지 하며 춤추며 주문. 마파두부만 시킬까, 덮밥을 시킬까하다가 함께 먹은 사람은 밥을 꼭 먹어줘야하기 때문에 마파두부 덮밥과 군만두를 주문했다. 배달된 마파두부를 오픈하는데 첫 향이... 급식에서 맡아보던 그것과는 전혀 다른 차원의... 마치 내가 마파두부를 처음 먹어보는 듯한 그런 향이 났다. 사실 이렇게 제대로 마라를 쓴 마파두부는 처음이니까.. 처음 먹은 음식으로 하는 것이 맞겠다. 너무 물렁물렁해서 쉽게 바스라지는 두부의 식감도 아니었고, 푸석푸석 건조한 두부도 아니었다. 이건 나로서는 굉장한 행운이었다. 중국식 두부에 제대로 데인 적이 있어서..ㅠ 군만두는 배달되어 온 것치고 정말 바삭하고 육즙도 살아있고 고소하고 담백하고 다했다... 부드러운 돼지고기 소와 오동통한 새우 소가 바삭하면서도 부드러운 만두피와 잘어울렸다. 최소주문금액만 좀 더 낮으면 혼자 매일 시켜먹고 싶은 그런 곳.",맛있다
2580,King수제만두,맛있으면짖는개,멍멍,맛있다
2581,King수제만두,북극곰,"신설동역쪽에 위치하여 있는 만두 전문점인 킹수제만두에 들러보았다! 예전부터 리스트에 있던 곳이었는데 오늘 종강 기념으로 들려봄ㅎㅎ만두가 유명한 집이긴 한데 마파두부도 유명하다고 해서 걍 둘 다 시킴. 우선 마파두부가 먼저 나왔는데 한 입 먹고서 깜짝 놀랐다. 이정도면 진짜 마라두부라 할 만함. 소스를 살짝 떠서 먹으면 마라탕 소스 맛이 확 난다. 내가 알고 있던 마파두부는 다진 고기에 두반장 베이스로 살짝 매콤한 느낌인데 여긴 다진 고기는 없는거같았고 고추를 엄청 많이 넣고 마라 느낌도 강하다. 뭐 아무튼 맛은 있었음.그리고 만두가 나왔는데, 군만두로 시켰더니 한쪽면만 바삭하게 익히는 스타일로 나왔다. 이런 방식이 개인적으로 젤 맘에 든다. 간장을 찍어 한입에 다 먹었더니 육즙이 사알짝 흘러나오고 그에 더해서 새우 식감이 느껴지고 고기맛도 느껴짐. 만두는 확실히 서울 동북부지역에서는 압도적이라 할만하다.",맛있다
2582,King수제만두,신승수,개안음,괜찮다
2583,King수제만두,pikku,"최근 먹은 중식 중 1티어첫 방문 때는 마파두부밥 + 고기새우만두를 주문했고, 오늘은 마파두부밥 + 꿔바로우 주문했다. [마파두부밥] 깔끔하다. 잡스러운 재료가 들어가지 않았다. 개인적으로 고기가 많은 마파두부를 별로 좋아하지 않는데 그런 면에서 여기가 딱 내가 좋아하는 스타일의 마파두부이다. 먹고나면 개운한 맛. 향신료의 향이 강하고 꽤 맵다. 오늘은 좀 덜 맵게 해달라고 부탁 드렸고 흔쾌히 그렇게 해주셨다. 같이 제공되는 밥 양에 비해 마파두부가 넉넉해서 좋다. [고기새우만두] 육즙이 많은 편. 일단 만두피가 쉽게 풀어지지 않고 씹는 맛이 있다. 바닥부분은 바삭하고 안쪽은 쫄깃해서 여러 질감이 느껴진다. 만두소는 꽤 잘게 다져져서 고기가 입 안에서 굴러다니지 않고 잘 어우러진다. 생강향도 좀 나는 편이다. [꿔바로우]진짜 미쳤다. 최근 먹은 꿔바로우 중 가장 맛있었다. 잡내 없고 소스 적고 매우 바삭하다. 약간 입천장 살짝 까질 것 같은 느낌의 바삭함이지만 끝까지 바삭하게 먹을 수 있어서 좋았다. 고기가 좀 얇은 편이긴 한데 그냥 일단 맛있다. 소스에 특이하게 마늘이 들어가있어서 튀긴 마늘인가 했는데, 뭔가 마늘장아찌처럼 식초에 절인 것 같은 맛이었다. 고기에 마늘이랑 파채 얹어먹으니까 촉촉하고 안 물리고 존맛이었다.",맛있다
2584,King수제만두,굿걸,마파두부밥과 군만두 주문했습니다 :)점심 시간에 갔더니 살짝 기다렸지만 곧 쭉 빠지더라구요~마라 맛 알싸한 마파두부 넘 맛있었고군만두도 12개 나오는데 속도 푸짐한 느낌이로 좋았어요.못 먹어본 메뉴 궁금해서 다음에 또 가보고 싶은 곳입니다!,맛있다
2585,King수제만두,마미,마파두부덮밥. 새우 군만두. 만두국주문.양도 넉넉하고 제대로 맛임. 최근 가게도 인테리어를 새로 한듯,맛있다
2586,King수제만두,맛집 검증,"위생이 엉망이었어요. 테이블 옆 수저통과 냅킨이 있는 서랍을 열었더니 새끼 바퀴벌레처럼 보이는 것이 후다닥 기어나와서 사라졌는데, 한참 음식을 먹고 있을 때 벽면을 기어올라서 나무 장식과 벽 사이의 틈으로 사라지더군요. 새끼 바퀴벌레 맞더라구요. 수저통에서 고른 첫번째 수저는 밥풀같은 허연 것이 붙어 있어서 다시 골랐네요. 2명이 가서 마파두부덮밥(9천원)과 고기새우군만두(1만원)을 시켰는데, 마파두부덮밥은 진짜 마랄덮밥 맞았어요. 두부는 부드러웠는데 시큼하고 혀가 얼얼한 맛이었어요. 약간 남겼네요. 이번이 두번째 먹는 마랄요리였는데 역시 제가 좋아하지 않는 맛이었어요. 식후 30분 정도는 위에 약간의 자극이 느껴졌어요. 고기새우군만두는 구운 면은 약간의 바삭함이 있었는데 안쪽에는 그냥 육수가 흐르는 중국식 만두였어요. 중국 상하이에서 먹어봤던 같은 맛이네요. 약간 고기 비린내가 나는 만두. 왜 중국인들은 비릿한 고기냄새를 제거하지 않는지 궁금하네요.일요일 낮에 방문했는데 3명이 가서 마파두부덮밥, 고기새우군만두와 병맥주 1병을 시켰는데, 각자 한가지 음식을 시켜야 한다고 해서 아내가 나갔네요. 낮이라서 좌석들이 텅 비어 있었는데 꼭 이 원칙을 고수했어야 했을까요? 냄새나는 중국음식 싫다는 아내가 마지못해 동석한 거였는데.총평; 마랄 맛을 좋아하시는 분은 갈 만하겠다. 위생적이지는 않고, 가격은 비싸다.",별로
2587,King수제만두,문용석,"""만두 하나로 찢었던 이 집, 이젠 새로운 메뉴까지 나왔다""King수제만두에 새로운 메뉴가 나왔다고 해서 얼른 발걸음을 신설동역으로 옮겼다.  오랜만에 가보니, 건너편에 훠궈 가게를 열어서 확장했다.  확실히 장사가 그간 잘 되셨나보다.중국음식중 가장 좋아하는 메뉴 top5에 드는 향라육슬(위샹러우스)가 새롭게 나왔다길래 먹어봤다.  웬만큼 맛있다는 향라육슬은 다 먹으러 다녔는데 여기는 처음 본거 같은 비주얼이었다.고기 볶은 것, 고수, 고추 튀긴 것이 딱딱 나눠서 있었고, 물기를 발견하기 어려울 정도였다.  그동안 봐왔던 것과는 다른 모습에 당황했는데 이렇게 건식도 매력이 있었다.  탕수육의 부먹과 찍먹의 차이랄까...군만두는 역시 최고(2개 포장해서 가족들에게 주었는데 모두가 좋아했다).",맛있다
2588,King수제만두,두진,최고에요 진짜맛있네요  만두랑마파두부,맛있다
2589,King수제만두,루카스,카스 별점 ★★★★☆ [4/5]<군만두 존맛탱>집안 구성원이 워낙에 만두를 좋아하는지라.. 군만두 하나 포장해왔습니다. 생각보다 입구가 허름해서 깜짝 놀랐어요. 원래 진정한 맛집은 외관이 초라해보이는 진리 아시죠? ♥군만두(9000원):군만두 하나 찐만두 하나 할까 고민하다가 찐만두는 그냥 그렇다길래 군만두만 주문했습니다. 시킬 때 볼 수 있는 그 튀김 받침(?)을 볼 수 없어서 아쉬웠지만 그래도 집에 와서 먹어도 맛있네요. 에이프라이 돌려서 먹어도 맛있고 그냥 식은대로 먹어도 맛있습니다. 식었을 때 먹어도 맛있는 메뉴는 정말 진정한 맛집 메뉴인 법이죠. 고기냄새 날 줄 알았는데 그런 거 전혀 없고 하나도 느끼하지도 않아서 깜짝 놀랐네요. 찐만두는 제가 먹어보질 못해서 모르겠지만 최소한 군만두는 정말정말 맛있습니다. 다음에 근처 가면 맛있다는 마파두부도 먹어보고 싶어요!,맛있다
2590,King수제만두,미동이,만두 맛있음마파두부덮밥 너무 얼얼하지만 ㄱㅊ!,괜찮다
2591,King수제만두,UDOEE,[★★★★]평소 만두를 너무 좋아해서 먹으러 신설동 까지 다녀왔다.기대 이상의 맛 .. 만두는 당연히 맛 없으면 이상한 비쥬얼 이거 마파두부도 정말 좋아하는데 마파두부도 정말 맛있다. 거기다 1인 훠궈 까지 판다.. 가게에 혼밥 훠궈 하시는 분이 있더라구요.. 정말 부러웠다. 다 먹고 뭐 제일 맛있었어요? 물으시길래 뭐가 맛있긴요 다 존맛인데요….. 또 가고시프다… 만두사랑,맛있다
2592,King수제만두,iliiiia,그리웠던 마파두부맛에 가장 근접하다,맛있다
2593,King수제만두,봉식이,이런게 마파두부였어 ㅠㅠ 존맛 진짜... 이름은 만두집인데 마파두부 최고존엄집... 하얼빈 잘들어감...만두도 맛있고 꿔바로우도 괜찮았는데마파두부가 최고였다...,맛있다
2594,King수제만두,무나&뎅,"(무나리뷰) 국내에서 맛볼 수 있는 평범한 진짜 쓰촨지역 마파두부. 마파두부맛집으로 익히 알려진 킹수제만두를 드디어 방문. 혼자와서 마파두부덮밥 주문. 적당히 작은 접시에, 고봉밥정도양의 흰쌀밥과 접시가득 마파두부를 올려줌. 마파두부는 비벼먹어야해서 비빌때 접시밖으로 다 흘리고 난리도 아님. 두부는 소금물에 삶은듯 질긴 껍질없이 탱탱하고, 고추기름이 좀 흥건한데 두반장은 좀 아껴쓴 맛. 제일 큰 아쉬움은 얼얼한 화쟈오맛이 약함. 한입 먹어보고 화쟈오가루 따로 달라니까 없다네.. 여기에 화쟈오가루만 있으면 좋을텐데.. (한국에 정식수입되는 화쟈오가루는 그래도 좀 약하지만..) 처름엔 고추기름이 많아서 느끼한듯 싶었는데, 밥이랑 비비려니 이정도는 필요하겠구나 싶음. 불을 강하게 안하는지 불향은 느껴지지않음. 사천에서 먹던 맛의 결과 같긴한데, 쓰촨지역 기준에선 평범해도 너무 평범한 마파두부. 하지만 여긴 한국이니까 진짜 쓰촨 마파두부. 계산하면서 주방에 쌓인 재료를 보니 아니나다를까 가장 유명한 피현(郫县) 두반장. 피현 두반장은, 마치 순창고추장같은 쓰촨지역 두반장의 고장이자, 기본적으로 가장 널리 알려진 브렌드. 요걸로 만들면 요맛이긴 하지..(그윽하고 깊은 맛은 약한 맛이라..)instagram: munandeng_chinayoutube: muna&deng",맛있다
2595,King수제만두,연건동맛동산,"⭐⭐⭐⭐⭐새우고기 찐만두 (8.0) 군만두 (9.0), 마파두부덮밥 (8.0).한입 먹고 인정했다. 진짜 KING의 이름에 어울리는 만두로구나.... 좀 멀긴 한데 만두 하나 먹고 그 수고로움은 싹 잊을 수 있었다. 꼭 가봐야하는 곳..강추하는 메뉴는 새우고기만두, 꼭 찐만두와 군만두를 모두 먹어보면 좋겠다. 각자의 매력이 확실하다. 군만두는 빙화수(전분물을 팬에 둘러 그 위에 굽는 식)에 구워져 나오는데, 덕분에 바닥의 바삭한 식감이 강조되고 그 뒤로 육즙이 사악 뿜어져 나온다. 사실 여기까지는 여느 잘하는 중국식 만두집이라면 다 따라하는 스타일인데, 이곳이 특별한 이유는 만두의 맛. .개인적으로 만두는 어느정도 불량한 맛이 있어야 한다고 생각한다. 너무 슴슴하거나, 너무 담백해서 건강한 맛이라면 좀 거시기해.. 하지만 이곳은 딱 적당히 불량하다. 짭짤하고 그 사랑의 결정체가 주는 적당한 감칠맛. 거기에 탱글한 새우와 살살 씹히는 고기의 맛이 풍부한 육즙과 범벅이 되어있으니 참... 맛이 없기가 힘들다. 이들을 모두 감싸고 있는 만두 피는 밀가루 냄새 없고 너무 두껍지도 않아 완벽한 조연의 역할을 하고 있고..군만두가 겉바속촉의 정석이라면 찐만두는 탱글탱글한 매력의 끝. 두 판을 모두 시켜 한번은 군만두, 한번은 찐만두를 오가며 먹으면 그렇게 만족스러울 수 없다..여기서 끝이 아닌데, 이곳에 오면 꼭 시켜야 하는 메뉴가 있다. 바로 마파두부덮밥. 만두보다 더 큰 충격을 맛볼 수 있는데, 이제까지 먹었던 마파두부는 전부 고추장두부조림이었다는 것을 느끼게 한다..알싸하지만 과하지 않은 마라의 얼얼함, 향긋하게 볶아낸 고추의 향기, 그러면서 짭짤하고 확 올라오는 감칠맛. 밥도둑, 아니 밥깡패였다 이거는. 얼마나 잘 볶았냐면 분명 무른 두부인데 그 형태와 텍스쳐가 오롯이 살아있으면서 양념과 한껏 어우러지고 있다. 분명 만두로 한번 배가 찬 상태인데, 알아서 마파두부 들어갈 빈공간을 만들더라.. 진짜 맛있었다..배가 부르겠지만 혼자 오면 마파두부덮밥이랑 만두 한판, 둘이오면 만두 두판에 마파두부를 맛보시길. 이 둘은 꼭 먹어야 후회 안할거같다.. 이쯤이면 다른 요리들도 수준급일텐데, 얼른 다시 와서 모든 메뉴를 먹어보고 싶다.",맛있다
2596,King수제만두,맛집교과서 먹선생,"이 사회는 마파두부에 대해 잘못된 인식을 가지고있다. 거의 ‘선풍기 틀어놓고 자면 죽는다’급 수준으로 말이다.(어찌보면 첫사진도 먹선생 피드 사진중에서 제일 어트렉티브하지 않은 사진이라 느껴질 수도 있다)-우리모두는 12년간의 정규교육동안 급식에 나오는 마파두부를 먹으며(남자들은 군대에까지) 뼛속깊히 오해를 한다. 마파두부는 두부에 된장향만 어렴풋이 첨가한 후 좋만큼 넣은 고기에다 전분을 풀어서 밍밍한 밥경찰이라고. 실제로 먹선생은 이 메뉴 나오면 밥 다냄기고 피엑스가서 크림우동에 슈넬치킨을 먹곤했다.-이곳은 당연히 다르니까, 새는 알을 깨고 나오듯 먹선생의 인식 자체를 깨어줬으니까 당신들에게 알려주는거겠지?-마라소스와 고추기름, 그리고 사각두부가 어우러져 첫입 먹는순간 ‘Rock My World’ 그 자체였다. 밥 또한 햇반급으로 준수했던걸로 기억한다.-첫입부터 마지막입까지 단한순간도 질리지 않고 천천히 음미하며 먹었다. 그러다보니 마지막엔 차갑게 식은 한 숟갈을 먹게되었는데 그마저도 치명적이였다. 아이돌로 치면 엔딩요정의 입술깨물기 급이랄까.-만두도 굽는면은 바삭하고 반댓면은 쫄깃하게 쪄서 나오는 눈꽃만두다. 춘향미엔에서도 맛볼 수 있지만 이곳에 방문하면 꼭 먹어야되는 메뉴중 하나다.-두 메뉴 다 칭다오랑 오지게 잘어울린다.재방문의사 150%고 다음에 가면 5분컷으로 뜨거울때 허버허버 먹고싶은 곳제 점수는요..10점 만점에 8점입니다(초월급 디자이너인 @sungermone 과 함께 방문한곳입니다.)-#킹수제만두 #마파두부 #마파두부덮밥 #만두 #교자 #만두맛집 #신설동 #신설동맛집",맛있다
2597,King수제만두,맛집교과서 먹선생,"프로도 아마추어로 만들어버리는 찐 마파두부집이다. 진짜 마파두부의 맛을 느끼고 싶은 자는 이곳으로 오라-나오자마자 눈에 들어온 미친 비주얼과 음식냄새에 먹선생도 아마추어같은 행동을 해버렸다. 사진을 찍기 전에 이미 숟가락을 대버린것도 모자라서 그걸 입에 와구와구 넣고 깨달아버린거지.-저번에도 한번 올렸던곳이다. 거의 일년만에 방문한 곳이긴 한데 맛이 하나도 안변했다. 정말 초심을 잘 지키는 곳이라고 할 수 있다.-다섯시쯤 방문했는데 좌석은 이미 만석이 되어버렸다. 얼마나 잘되면 바로 건너편에도 같은 사장님이 훠궈집을 열었다고 한다.-일반적으로 상상하는 들큰하고 고기가 들어있는 전분끼 다분한 마파두부는 잊어라. 진짜 마라맛이 당신의 머리를 촉촉히 적셔줄 것이다. (실제로 먹다가 땀이너무많이나서 샤워하고 나온 것 처럼 머리가 폭 젖어버렸다.) 두부와 마라소스, 그리고 고추가 듬뿍 들어있는데 양이 어찌나많은지 둘이 가면 마파두부덮밥 하나에 만두 한판만 주문하길 바란다. 그것만 해도 성인남자 둘이서 먹고 배가 든든할 정도의 양이니까.-한쪽면은 바삭, 나머지한쪽면은 촉촉하고 쫄깃한 눈꽃만두는… 진짜 반칙이다. 겉바속촉의 촉감공격에도 견디기 힘든데 음식의 겉에서 한번에 두가지 촉감을 내다니! 게다가 안에는 육즙이 가득 차있어 베어먹으면 테이블이나 옷에 육즙이 촥 - 하고 튀니까 조심해서 먹자.-만두는 간장에 찍어먹는게 진리긴 하다. 근데 이곳에서의 사정은 좀 다르다. 마파두부덮밥에 찍어먹어라. 맛은 여러분의 상상에 맡기겠다.-제 점수는요 10점 만점에 8.5점입니다.저번에는 8점이였는데 두번째 방문에 더 높은 만족도를 느껴버려서…-#킹수제만두 #마파두부 #마파두부덮밥 #만두 #만두맛집 #눈꽃만두 #군만두 #신설동맛집 #동대문맛집 #신설동 #동대문 #마라 #마라맛집",맛있다
2598,King수제만두,북악,양도 많고 맛도 괜찮습니다ㅎ포장보단가서 먹는거 추천요,괜찮다
2599,King수제만두,문용석,"요즘 정말 멋진 랩이나 노래를 들으면 흔히 ""찢었다...""라는 말을 한다.  ""이 집, 진짜 찢었다...""정말 B급 감성일거 같은 이름의 음식점이다.  있어보이는 한자 이름이나 중국이름을 썼으면 나았을꺼 같은데, '킹 수제만두'라니...  이름이 너무 B급 감성인거 아닌가 하는 생각과 함께 들어갔다.고기새우찐만두, 고기새우군만두, 마파두부를 주문했다.  마파두부가 먼저 나왔다.  한스푼 떠서 입에 넣는다.  ""와... 찢었다""  중국 느낌을 뿜뿜 풍기는 이 집의 마파두부는 정말 맛있다.  중국 본토 음식을 불호하시는 분들에게는 호불호가 갈릴 수 있겠지만, 평소 본토 중국음식을 좋아하시는 분이라면 절대적인 호만 있을 것이라고 자신한다.만두는 나처럼 찐만두, 군만두 두가지를 모두 시키지 마시고 그냥 군만두만 시키시면 될 거 같다.  둘 다 속이 똑같은데, 안쪽에 육즙이 그대로 남아있고 겉은 바삭한 군만두가 훨씬 맛있었다.  너무 훌륭한 만두라서 아직도 기억난다.",맛있다
2600,King수제만두,망구,"개인적으로는 이태원 자니덤플링보다 후한 점수를 주고싶습니다. 물론 호불호가 약간 갈릴수 있는 맛이에요. 다행히 제겐 '극호' 였구요ㅎㅎ마파두부는 개인적으로 다른 중국요리집에 가서 주문할때도 마라두부 처럼 해주실수 있냐고 묻는 편이라, 딱 좋아하는 맛이었어요. 마라 자체를 안좋아하시는 분들께는 조금 힘들수있을듯.만두는 고기새우군만두, 고기새우찐만두, 김치만듀 세가지를 먹어봤는데 셋다 기본에 충실하면서도 각자의 개성을 충분히 살린 훌륭한 음식이었습니다.다음에가면 꿔바로우나 매운오징어 같은 요리류도 먹어보고싶네요:)",맛있다
2601,King수제만두,gammadong,"급식의 피해자, 마파두부에게 심심한 위로를 건네다.마파두부는 대량 급식의 피해자다.사천음식의 마라맛은 사라지고 달달하고 느끼한 맛만 남게된 마파두부는 으레 불호의 메뉴가 되었고, 이 맛에 익숙해진 우리는 진짜 마파두부를 먹고 경악을 하게 되었다.정말 안타까운 현실이다.그래도 이 집에서 먹게 된다면 마파두부가 뭔지 정확히 알 수 있다.마라맛은 엄청강하지 않지만, 누구나 즐길 수 있는 마라맛이다. 불호가 없는 진짜 마파두부를 만드는 곳이다.그리고 합리적인 가격(8000)이다.저 가격에 맛있는 마파두부를 먹는건 쉬운 일이 아니다.그리고 군만두(9000)는..... 장난이 없다.만두피가 두꺼운 것이 전형적인 중국식 만두이다. 그러나 그 속은 육즙가득한 샤오롱바오만큼의 위력을 가졌다.작은 칵테일새우를 쓰긴하지만 새우가 통으로 들어갔고, 돼지고기도 잘게 다지지 않아 씹는 맛이 있다.바삭하게 구워낸 만두피를 베어먹으면 그와 동시에 내 입속으로 뜨거운 육즙이 파고 든다. 그리고 새우와 고기가 내 입에서 씹힌다. 아주 구성이 훌륭한 만두이다.마파두부덮밥, 새우고기군만두 어느 하나 흠잡을 수 없는 맛있는 음식이었다.신설동에 있는게 불만일수도 있겠지만, 이 음식을 먹는데 신설동을 가는게 전혀 불편하지 않다.합리적인 가격으로 마파두부, 만두를 즐길 수 있는 곳이다.단, 마라덕후들이 좋아할 정도의 마라강도는 높지 않다.",맛있다
2602,King수제만두,셔니,또 갈거에요마라 특유의 얼얼함이 입안을 강타해서 미간을 찌푸리게 되지만 숟가락질을 멈출 수 없는 마성의 마파두부덮밥..만두도 예상대로 적당히 육즙을 머금은 감질나는 맛이었어요둘이 조합 최고입니다,맛있다
2603,King수제만두,해딩,마파두부 먹고싶을때마다 꼭갑니다   한번은 가서 먹고 또먹고싶어서 저녁에먹으러고 포장도해온적있었어요  진짜먹어도먹어도맛있슺니다.....꿔바로우자체를 잘안먹러봐서 원래그런지모르겟지만 뿌려주시는 소스가너무달아서 전 못먹겠더라구요 간장에 찍어먹어야 맛있슺니다!! 마파두부는 제발꼭드세요,맛있다
2604,King수제만두,우챠우챠우챠챠,맛있습니다! 중국 만두 특유의 두껍고 쫄깃한 만두피와 육수가 터지는 군만두도 일품이고 얼얼하지만 향이 좋은 마파두부 덮밥도 훌륭합니다 이런집에선 과식할 수 밖에 없네요,맛있다
2605,King수제만두,김수현,마파두부밥은 취향이 아니었는데꽤 맵고 한번쯤 다시 생각나는 맛이고만두는 맛있었는데어땠는지 제대로 기억이 안난다..,괜찮다
2606,King수제만두,jinii_genie,"만두랑 마파두부 두개 다 먹어보고 싶었는데혼자와서 둘다 시키면 다 못먹을까봐 마파두부만 먹음ㅠ일단 맛있다. 부담없이 계속 먹게되는 맛이다.그런데 내가 집에서 이금기 마라소스와 라조유로 마라탕, 마라샹궈 등을 자주 해먹는데 그 맛과 굉장히 유사하다. 마파두부를 이렇게 만들 수도 있구나 하는 정도의 경험이 되어서 집에서도 똑같이 만들어 먹을 수 있을 것 같다.새로운 마파두부를 먹어보는 정도의 경험으로는 충분히  방문할 가치가 있다. 굿.맛있어서 담번에는 만두도 먹어보러 방문 예정.",맛있다
2607,King수제만두,Halo.win,두번째 방문1. 마파두부는 요리보다 덮밥 두개 시키는게 이득   물론 마라향 가득한 현지 맛임2. 새우군만두는 육즙 살고 맛있음 12개에 8천원도 좋음3. 꿔바로우는 다른데 보다 바삭하다 물컹거리는 식감이 아님4. 매운 오징어는 짜다. 그런데 맥주 안주로 매우 좋다    땅콩도 버무려져 있음. 안주 말고는 딱히 반찬으로는 별로,맛있다
2608,King수제만두,주먹왕,작고 허름한 킹수제만두에서 훠궈집을 내 같이 운영하고 있다. 우리는 3명이라니깐 크고 깨끗한 훠궈집으로 안내받음!! 마파두부랑 고기새우군만두  그리고 꿔바로우를 시킴!! 먼저 만두가 나왔는데 사실 군만두 라기보단 그냥 전분물 입힌 구운 만두 같지만 육즙이 잘 살아있고 새우랑 고기식감이 느껴진 존맛만두라서 진짜 맛나게 먹었다. 그 다음은 꿔바로우 여기 특이하게 마늘이랑 파채가 올라가 있는데 한국인이라 그런지 덕분에 느끼하지않고 잘 먹었다. 그리고 고기 튀김이 누렇지 않고 뽀얘서 더 좋았고 투ㅏ김이 정말 바삭했다!!! (향 센거 좀 그런 아빠는 꿔바로우가 제일 맛있다 하심ㅋㅋㅋㅋ) 그리고 제일 기대한 마파두부.여긴 마파두부가 마라 맛이 진짜 진하게 올라온다. 맵기보단 얼얼한 마파두부~~ 마라에 환장한 나는 진짜 맛난게 먹었는데 마라 안 맞는 분들은 시키면 안되는 음식! 두부도 연해서 진짜 밥이랑 비벼먹음 술술 넘어간다 (향 센거 상관 없는 엄마랑 나는 마파두부 제일 잘먹었어요~!) 가격도 저렴해서 난 재방문의사 100%~!~!~!~!#냠냠,맛있다
2609,King수제만두,권오찬,"* 한줄평 : 음식이 아름답다고 느껴진 순간1. 아직 이 식당이 알려지기 전 2019년 4월 리뷰의 한줄평은 “이 집은 분명히 뜬다. 장담한다.” 였다. 수요미식회로 유명세를 타며 강남까지 진출한 육전식당말고는 맛집 불모지에 가까웠던 신설동역 인근에서 나름 망플 평점 4점대를 유지하고 있으니 누가 봐도 분명히 떴다고 하기에 모자람이 없다. 심지어 길 건너편에는 <King 마라훠궈>라는 식당까지 개업하며 브랜드를 확장했으니 경제적인 성공 또한 이뤘으리라 여겨진다.2. 아주 간만에 해가 지기 전 퇴근을 한데다 마침 가족들은 이른 저녁을 했다 하니 오랫만에 <혼밥 미식탐방>을 하고자 마음 먹었다.광화문에서 집으로 오는 동선 중 떠오른 몇몇 후보군이 있었으나 결국 내 발걸음이 여기로 향하게 된 것은 이젠 성업 중인 이 식당은 “여전히 여전한지!”에 대한 궁금증 때문이었다.3. 일전 감탄한 바 있는 <마파덮밥과 새우고기 군만두>를 주문했다. 내가 선호하는 미식 카테고리는 진귀한 재료를 사용하는 고급레스토랑보다는 스토리가 있는 노포 혹은 가성비 식당인지라 음식을 보고 <아름답다>라는 감정은 느껴본 적이 없는데..마라양념과 고추기름, 사각 두부가 어우러진 영롱한 붉은 빛깔의 마파덮밥을 보고 한동안 이런 저런 각도에서 사진을 찍으며 한참을 바라봤더랬다.4. 새우고기 군만두도 역시나 여전했다. 한 입 크기로 빚어낸 만두가 입 안에서 육즙을 터뜨리며 탱탱한 새우가 씹히는데 1만원 이하의 음식이 이만큼 황홀함을 주기도 쉽지 않다.5. 주문할 땐 맛이나 보고 양이 많으면 남기면 되지라는 마음이였지만, 이번에도 역시나 홀로 메뉴 2가지를 클리어했다.맛있게 먹으면 0kal라는데, 이런게 바로 배 나온 자의 <Guilty Pleasure>라고 하나 보다.",맛있다
2610,King수제만두,라일,"고기새우찐만두, 김치찐만두, 중국냉면 주문.도톰한 피의 만두와 새콤달콤 중국냉면의 조화 괜츈.",괜찮다
2611,King수제만두,마시쪙,군만두 킹갓^^김치찐만두도 괜찮지만고기새우군만두는 육즙이 흐르고 기름튀긴게 꼬수우니 남길수가 없었어요,맛있다
2612,King수제만두,나에오,맛은 둘째로 치고 더러워요,별로
2613,King수제만두,기미상궁,"""이것이 매력 듬뿍 대륙의 맛이다""좀처럼 가볼 일이 전혀 없는 신설동이온데 'King 수제만두'에 들르기 위해 향했사옵니다. 소인 일행은 '고기새우찐만두', '고기새우군만두', '마파두부덮밥'을 주문하였사옵니다. 식사류 가격은 7, 8천 원대이오니 괜찮은 가격대이지요.'고기새우찐만두'는 육안으로 보기엔 한국식 만두보다 피가 두꺼워 보이옵니다. 육즙을 꽤나 머금고 있어 만두 피가 두껍다는 점이 특징이옵니다. (이게 북경식이구나.. 끄덕끄덕)이 집의 '마파두부덮밥' 특징은 '마라'이옵니다. 강하게 혀 안쪽을 자극하는 정도가 아닌 은은하게 감칠맛을 더하는 정도이온데 꽤나 매력적이더이다. 안주용으로 시켜서 쇠주와의 궁합을 떠올려도 꽤나 괜찮을듯 하옵니다.마지막  '고기 새우 군만두'이옵니다. 위에서 먹은 찐만두와 소는 같아 굽는 방식이 다르니 식감과 시각의 차이 정도? 군만두라고 바삭함이 아닌 폭신함 식감과 만두 속에 육즙도 그대로이옵니다.전반적으로 기름지지도 않고 거슬리는 향도 없으니 부담 없고 좋았사옵니다. 주로 출몰지역에 이런 집이 있다면 부담 없이 자주 갔을듯싶네요.",맛있다
2614,King수제만두,머큐리 ,향신 맛이 강한 마파두부와 바작한 군만두가 있는 신설동 <킹수제만두>. 생각만 해도 침이 고인다. 군만두의 육즙과 바작한 날개를 충분히 즐기다 느끼할즈음에 강렬한 마파두부 한 입 냠냠고기새우군만두/8000 마파두부/7000,맛있다
2615,King수제만두,코랄,장난 같은 이름 때문에 여기가 진짜 맛집이라는 걸 약간 의심하게 되지만 여기 맛집 맞다!고기새우 군만두가 이곳의 주인공인데 쟈니덤플링처럼 한 면은 바삭하고 한 면은 피가 쫀득한 스타일이다. 식감도 좋고 안에 육즙도 가득해서 맛있다. 배 안고프다던 친구도 하나 먹어보더니 깜짝 놀라서 맛있게 해치웠다ㅎㅎ마파두부는 일반적인 소스가 아니라 알싸한 마라맛이 강하게 나기 때문에 호불호가 갈릴 것 같다. 나한테는 생각보다 매워서 먹기 힘들었다.신설동역과 버스정류장에 가까워서 위치는 좋은 것 같다.,맛있다
2616,King수제만두,이용한,저는 평소 마라를 즐겨 먹진 않지만...리뷰보고 마파두부 덮밥 도전했는데 거의 다 남기고 나왔네요. 일단 무슨 맛인지 모르겠어요. 혀가 얼얼하다라는 느낌하고 향이 나는거외에는 ㅋㅋㅋ 향신료나 마라에 대해 잘 모르시는 분은 다시 한번 생각해보세요.,별로
2617,King수제만두,참외,[마파두부 아니고 마라두부입니다]마파두부덮밥인줄 알았지만 '마라'두부였다. 그 덕분에 마라향이 더 감칠맛을 돋운다. 만두의 탱글탱글한 육즙도 일품. 평일 점심엔 인근 직장인 손님이 많은 편이므로 피크타임을 살짝 피해서 방문하면 여유롭게 먹을 수 있다.맛 4/5위생 3.5/5친절 4/5가격 4/5,맛있다
2618,King수제만두,깽민,마파두부 덮밥과 군만두를 주문! 킹 수제만두라는 귀여운 가게 이름에 어울리지 않는 제대로 된 음식 맛이다. 마파두부는 이제껏 내가 먹어왔던 마파두부와는 많이 달랐다. 그동안 먹은 마파두부는 달콤한 맛이 강했다면 이 곳 마파두부는 ‘마’한 맛이 굉장히 강하다. 마라두부라고도 할 수 있을 것 같다. 입이 찡한 마라두부는 중독성이 있어서 계속 퍼먹게 된다. 가게 이름에 만두가 들어가는 만큼 만두도 맛있었다. 비주얼처럼 만두의 식감도 월래순교자관 군만두와 비슷하다. 겉은 약간 바삭하고 밑은 부드럽다. 중국 향신료 맛이 많이 나는 월래순교자관 만두와 달리 이곳 만두는 이름처럼 맛있는 새우고기만두 맛이다. 만두 사이사이 전분물 튀겨진건 보기보다 바삭하지 않고 오히려 부드러운 맛이다. 이름 유치한것 빼고는 다 좋았던 곳.,맛있다
2619,King수제만두,muk_so.o,"마파두부덮밥/ 마파두부가 나오자마자 약간 마라의 냄새가 살짝 난다. 가게에서 에어컨을 틀어줬지만 먹을 때는 콧잔등에 땀이 살짝 날 정도로 매웠다. 먹을수록 덜 매워진다. 입에 착 달라붙는 매운맛이다. 마라음식을 잘 먹는 사람이라면 큰 무리없이 먹을 것 같다. 정말 맛있게 먹었다. 고기새우군만두/ 오 이게 북경만두군요!! 겉바속촉인데 옆면도 촉촉하고 안에는 육즙같은게 쫙 나온다. 먹을 때 느낀건데 참기름향이 좀 났다.개인적으로 간장에 안 찍어 먹는게 더 맛있었다.재방문 의사: 마파두부 덮밥, 만두",맛있다
2620,King수제만두,처먹파,생긴건 동네 작은 분식집 같이 생겼는데 들어가서 먹으면 이건 그냥 작은 중국이다,맛있다
2621,King수제만두,사진안찍고 먹기만하는 리뷰어,"특히 저녁시간대엔 나만 알고있었으면 좋겠다는 생각이 든다.(식당 규모가 작아서 좌석수가 적다)마라향이 진한 마파두부밥이 일품이다.마라 자체가 자주 먹을만한 맛은 아니라 자주가지는 않지만 한달에 한두번정도는 꼭 가는 집이고 지인들에게 꼭 추천하고싶은 집이다.단, 매운걸 못먹으며 마라가 처음이라면 권유를 피하고싶다.",맛있다
2622,King수제만두,반말했다존댓말했다,저는 향신료쓰레기입니다.....여기 마파두부에도 미묘하게 느껴져 완전히 즐기진 못했어요.. 그럼에도 불구하고 이 마파두부가 맛있는건 또 알겠드라구요마라의 얼얼함은 좋았습니당저도 이런 제 혀가 싫습니다...맥주는 칭따오밖에 없나바여ㅜ만두는 무난히 맛있었어요 내공을 좀 더 키워 더 맛있게 먹고싶습니당,맛있다
2623,King수제만두,잎새에이는,"고기새우군만두와 마파두부덮밥, 중국냉면을 먹어보았습니다.  고기새우군만두와 마파두부덮밥은 만족스러웠지만 중국냉면은 면이 일반 냉면면이 아니라는 점만 빼면 보통의 냉면과 차이점이 느껴지지 않아 약간 실망스러웠습니다. 생각하고 있던 중국냉면이 아니라 그냥 일반냉면 먹는 느낌이어서. 군만두의 경우 피가 엄청 얇은 만두는 아닙니다. 일단 비주얼이 만족스러우며 베어물면 육즙이 예상치 못한 곳으로 튀어나갑니다. 뜨겁기 때문에 주의해야 합니다. 육즙이 풍부하고 고기와 새우를 같이  소로 사용하여 고기와 해산물의 맛이 어우러짐이 굉장히 좋았습니다.마파두부덮밥의 경우 마라샹궈의 느낌이 났습니다. 마라샹궈의 얼얼함과 두반장 콩의 고소함이 어우러져 맛있었습니다. 마라샹궈는 마라탕보다 못 먹는 편이 었지만 밥, 두부, 두반장 소스가 얼얼함을 잡아주는 편이라 맛있게 먹었습니다. 혹시 마라를 못 먹는 분이라면 먹기 힘들수도 있겠습니다.",맛있다
2624,King수제만두,이지은,근처에서 냉면 두 그릇을 먹고 배가 불러서 군만두 하나 시켰다. 다음에 배안부를때 다시 가서 먹을 예정.,괜찮다
2625,King수제만두,장희,즐거운맛 돈까스 갔다가 비정기휴무길래 근처에 갈곳 있나 찾아보고 갔던 곳.매콤하고 산초맛도 강한 마파두부밥이 맛있었고 만두도 꿔바로우도 모두 수준급. 점심에 갔더니 줄도 약간 있었다.식사류는 평범한가격인데 꿔바로우가 2만이라 좀 비싼게 흠.생활권이었으면 마파두부밥 먹으러 종종 들렸을 듯!,맛있다
2626,King수제만두,ethanghymn,하이쿠 헛걸음 후 다래함박스텍에서 함박스텍을 맛 본 후 여기까지 온 길에 한군데정도는 더 가봐야 할 것 같아서 네이버지도로 이리저리 동선을 짜다보니 세이브해뒀던 King수제만두가 눈에 띠어서 마파두부덮밥을 이른 저녁겸 2차로 먹으러 향함.가게는 육전식당 올때 몇번 왔었던 신설동역오거리 근처에 위치해 있었음.4시반쯤 도착했는데 가게내부는 새가게여선지 깨끗한 편이었고 안에 있는 손님들은 대부분 만두류를 먹고 있었음. 최근 인천 다다복에서의 경험도 그렇고 내가 찾는 대만의 만둣집이나 딘타이펑같은데서 맛봤던 향긋한 육향의 속이 아닐까봐 그냥 평소에 좋아하고 리뷰등에서 언급되었던 마파두부덮밥을 주문함.물과 밑반찬으로 김치와 단무지가 나오고 조금 더 기다리니 화자오향이 확 나는 마파두부덮밥이 나옴.한 스푼 떠서 맛을 보니 냄새처럼 얼얼한 화자오향이 확나는 짭짤한 맛의 마파두부덮밥이 다른 밋밋한 마파두부덮밥과 차별화되어 좋음. 이태원 쟈니덤플링의 마파두부덮밥이 더 개인취향에 맞지만 얼얼함과 짭짤함이 나름 매력이 있는 마파두부덮밥으로 이 근처를 지나다 마파두부덮밥이 생각나면 들려볼 만한..,괜찮다
2627,King수제만두,권오찬,"* 한줄평 : 이 집은 분명히 뜬다! 장담한다!1. 식당 소개신설동역 근처 자리한 이 식당의 이름은 <King 수제만두>인데, 영어 문자와 한글의 조합이 어색한데다가 심지어 중2병스럽다. 하지만 먹어보면 King이라 칭할만하다는 생각이 절로 든다! 중국 유커의 급증과 맞물려 도심내 숙박시설의 부족이 심화되었던 시기에 신설동역 인근에만 무려 3개의 신축 호텔이 들어섰다. 이 호텔에 숙박하는 유커를 겨냥하여 생겨난건지 이 신생 식당의 음식은 중국 스타일이 아니라 <동북음식> 그 자체이다.명륜동의 <저팔계식당>처럼 허름하면서도 대륙 본토향이 물씬나는 중국음식을 좋아한다면 단연코 이 집에 반할거라 장담한다.2. 음식 품평주문음식은 테이블마다 하나씩 있었던 <마파덮밥>, <꿔바로우>, <만두국>, <고기새우군만두>이다.메뉴명에는 마파덮밥이라고 되어 있지만, 실제 나오는 음식은 <마라덮밥>이다. 혀가 얼얼해지면서 뚝뚝 떨어지는 땀방울, 맵다맵다하면서도 수저를 멈출 수 없는 마파덮밥은 정말 끝내준다!수제만두전문점답게 만두에 스며든 내공이 대단하다. 고기의 육즙과 새우살의 탱글함을 동시에 느낄 수 있는 고기새우군만두는 한쪽면만 굽다가 녹말물로 얇게 부쳐낸 방식인데 약간 오일리하게 조리되긴 했지만, 만두 육즙이 입안에서 팍~ 터진다!만두국은 의외의 레서피이다. 잘 익은 양지 두어점과 청경채, 만두로 끓여낸 평범한 만두국인지 알았는데, 국수와 가래떡까지 들어있는 탄수화물 집합소다. 중독 중 가장 무서운 것은 담배와 도박이 아니라 탄수화물이다.꿔바로우의 튀김 내공도 뛰어나다. 이렇게 허름한 식당에서 식사류가 아닌 요리를 얼마나 하겠어하며 반신반의했는데 나의 편견이였다. 사람은 옷차림으로 평가하면 안 되듯 음식 역시 가게의 위치와 인테리어로 단정지으면 안 되는 것이였다.",맛있다
2628,King수제만두,Maoball,#台南人在首爾#豬肉蝦仁煎餃#9000韓幣隔壁是豬排丼，前方是餃子，該吃哪個好呢？結果我選擇了餃子不得不說，韓國的餃子真的要加油，尤其是煎餃部分，說穿了就只是水餃底部黏層皮罷了…整體來說還算不錯吃啦，但就是不會特別再來的那種,괜찮다
2629,King수제만두,Hepzi,4.5,맛있다
2630,홍릉각,KimJohn,서울 no.1 노포 중국집…,맛있다
2631,홍릉각,로우니,여기 다른 것도 맛있디만 진짜 짜장먹고싶을 때 가는 곳이에요 이곳 짜장민큼 진한 춘장향에 유니짜장같이 잘 다져서 듬뿍 넣은 고기! 진짜 진한 풍미의 짜장이 뭔지 보여주는 곳이에요 매번 웨이팅이 많아서 갈 때마다 피로하지만 이곳 짜장은 문득문득 생각나더라구요,맛있다
2632,홍릉각,Colin B,"“더 늦기 전에 꼭 먹어봐야 할 짬뽕”<‘원조홍릉각’의 삼선짬뽕>과거에 이 집을 찾아간 건 총 세 번. 첫 번째는 문을 일찍 닫아 헛걸음을 했고, 두 번째는 아이와 갔다가 노키즈존이라 들어가질 못했고, 세 번째는 이 집의 간판메뉴인 유니짜장을 맛보고 큰 감흥을 얻지 못한채 돌아갔다. 이러다보니 옆에서 홍릉각~ 홍릉각~ 찬양을 해도 시큰둥했던 게 사실이다.이번 네 번째 방문의 목적은 명확했다. 바로 삼선짬뽕. 믿음직한 식객의 추천도 있었고, 짬뽕으로 유명한 다른 식당 몇 곳에서 크게 실망을 했던터라 마지막으로 한번만 더 만나보자는 마음이었다.퉁명스러우신 할머니. 노포 중화요리점의 전형성이려니 한다. 주방 바로 앞 비좁은 자리로 안내 받아 삼선짬뽕을 기다렸다.주방이 훤히 보이는 자리라 요리 과정을 한참 지켜봤다. 백발의 노사부는 힘이 부치시는 지 손목 스냅으로 웍을 뒤집지 않고, 웍 손잡이를 붙잡고 국자로 재료들을 뒤집으며 조리를 하셨다. 조리를 끝낸 뒤엔 두 손으로 웍을 잡고 기합을 넣으며 그릇에 담는데, 피식 웃음이 났다가 이내 애잔한 마음이 들었다.이윽고 나온 삼선짬뽕. 짙은 오렌지색의 국물부터가 심상치 않다. 국물을 한 술 떠보니 종이 울린다. 유니짜장에서는 꼼짝도 않던 그 종이.꼭 우유를 넣은 것처럼 국물이 부드럽다. 사골 국물을 넣었을 것 같지는 않아 화교 지인에게 물어보니, 굴이 없는데 해물로 뽀얀 국물을 내는 건 ‘개조개’ 같은 패류가 들어갔을 거라고 한다. 아무튼 맵칼함이 지배적인 여타 짬뽕들과는 결이 많이 다르다. 그렇다고 짬뽕스럽지 않은 것도 아니다. 13,000원의 가격이 아깝지 않을만큼 재료도 풍성하다. 해물은 칵테일새우, 오징어, 소라가 듬뿍 들어있고 채소는 표고버섯, 당근, 애호박, 파 그리고 샐러리가 들어있다. 면발이 꽤나 부드러운 편인데 쫄깃한 해산물과 아삭한 채소가 식감을 뒷받침한다. 정말 맛있다.노사부가 요리하는 모습만 보면 힘에 부쳐 보이는데 이렇게 높은 완성도의 음식을 내는 것이 신기할 따름이다. 한편으론, 앞으로 얼마나 더 오래 이 음식을 맛볼 수 있을까 하는 생각도 든다. 얼마전 영빈관이 그랬던 것처럼, 돌연히 영예로운 은퇴식을 맞이하게 되는 건 아닐까 하는 생각.가게를 나서면서 ‘우리 사부님 건강하셔서 맛있는 음식 오래동안 먹고 싶네요.’ 했더니 늘 퉁명스럽던 할머니가 내 등을 툭 치면서 웃으신다. 가게를 나서고 몇 분 뒤에 포장해온 케이크를 자리에 두고 나온 것을 깨달았다. 다시 돌아가려다, 퍼뜩 어떤 생각이 떠올라 식당에 전화를 했다.“몇 분 전 나간 손님인데, 자리에 놓고 간 케이크 드시라고 전화 드렸습니다.”잠깐의 정적 후 수화기 건너편에서 들려오는 웃음 소리.instagram: colin_beak",맛있다
2633,홍릉각,먹관평야,"헛걸음을 하게 될까봐 전화를 걸었다.혹시 거기 브레이크타임 있나요?""머라고요?무순말잉지 이해럴 못하것어요!""찰카닥.. 뜨ㅡ뚜 뚜(ㅎㅎㅎ 제 말이 바로 그겁니다~! 저도 이해를 못하겠어요.브레끼타임이 뭥미?!)참 궁금했던 홍릉각.내가 도착한 시간이 2시50분쯤 됐으려나?조금 기다린후 주문한 음식들을 먹을수 있었다.한참 먹고있는데 주방에서 나오신 노인분이 큰 소리로 호령을 하신다.오늘은 그만이야! 아이고 힘들어..오늘은 끝났어! 하시고는내 뒷자리 반쪽 테이블에 앉아서 식사를 하시길래 뒤를 돌아보니 나와 같은 짜장면을 드시고 계시는게 아닌가!순간 많은 생각이 들었다..50여년을 불 앞에서 기름을 볶고 땀으로 속옷까지 다 젖었다고 불평섞인 호통을 치면서도 배고프면 드시는 음식이 본인이 만든 짜장이라니...드시는중에도 끊임없이 본인짜장의 맛을 스스로 평가하는 소리가 들린다.질리지않나? 나같음 쳐다보기도 싫을거같은데 말이다.짜장맛은 순했다.호령치는 사장님의 스타일로 봐서는 쌘 간에 찐한 춘장의 맛이 연상되는데..반전이다.극도로 절제된 맛이다.거칠음이 전혀없는 잘 다져진 야채와 고기들..예나파님의 리뷰를 참고삼아 식초를 가미했더니 숨어있던 풍미가 확 오른다.탕수육과 간짜장만 먹다가남기더라도 한숫갈이라도 먹어봐야지 싶어서 삼선짬뽕을 추가했다.배불리 먹고는 뒤돌아 앉아서 웃으며 말을 건넸다.사장님이시죠?올해 연세가 어떻게 되셨어요?몸이 많이 안 좋으세요? 여기 음식이 맛있다고 소문이 자자해서 꼭 먹어보고 싶어서 왔어요~ 라고 하니, 방금전까지 호령치시던 목소리를 쏘옥 집어 넣으시고 부끄러워 하신다^^옆에 계시던 사모님이 대답을 거드시는데,올해 여든이 되셨단다.우리나라에서 현재 일하고 계신 중국요리사 중에 최고령 이시라며...건강하신 편인데 교통사고후 장시간 일하시기가 힘든거라며 걱정말란다.조만간 또 먹으러 올테니 항상 계셔달라 말 하고 나왔다.까칠함이 절정인 사춘기 딸과 함께 간 자리였는데,나오자마자 딸이 묻는다.엄마,진짜 여길 또 올꺼야? 응!ㅎㅎㅎ맛 자체로만 평가 할수가 없는 곳이다.80세 주방장의 50년이 넘은 실력으로 만들어주는짜장면은 그 자체로 귀하다.미각,그 이상의 감각에 울림을 주는 곳이여서뭔가 굉장한 배부름이 느껴지는 식사였다.비가 주룩주룩 오는 일요일이라 빨간 간판 <홍릉각>이 더욱 돋보이는 오후다.♡",맛있다
2634,홍릉각,배박사,정말 맛없다. 이런 음식들 만들면서 유투버들한테 돈주고 댓글관리회사랑 짜고친다는게 오래갈거 같은가? 동네사람들이 맛없고 비싼데 왜 사람들이 많이 찾아오는지 모르겠다고 함.옆테이블 사람들도 다 별로라고 함. 이딴수법 결코 오래못간다는걸 곧 보게될것임.진짜 맛있는 짜장은 별내오형제손짜장이고 진짜 맛있는 짬뽕은 별내고수짬뽕3호다.그런덴 아얘 이런 사기광고수법 쓰지도 않는다.,별로
2635,홍릉각,AlexTheFood,"#AlexTheFood #3줄요약#홍릉각 #제기동맛집 #알더푸제기동⠀1. 한 달 전 업로드한 '기연각'의 사부님께서 하시는 중식당.2. 확실히 사부님- 짜장면 좋아하신다면 여긴 꼭 가보시길!3. 2시 이후 주문 가능하다는 삼선짬뽕 먹으러 재방문 예정~_~⠀___________________________________________________________* 육미짜장 6,600‼️매장이 많이 좁고 합석해야 할 때도 많으니 그런 것에 거부감 없는 소수 or 혼밥을 추천드립니다‼️___________________________________________________________⠀[MangoPlate 4.3/5.0 | GoogleMap 4.2/5.0]맛★★★★ 분위기★★ 가성비★★★★⠀* 영업시간 | 매일 11:30-16:30 | L.O. 16:05* 쉬는시간 없음* 화요일 휴무",맛있다
2636,홍릉각,ㅇㅇ,"육미짜장,굴짬뽕.굴짬뽕은 얌전하고 굴칼국수에 가까운 맛이고 육미 짜장은 글쎄요.,",괜찮다
2637,홍릉각,춘,"명품 삼선짬뽕.제기동 쪽에서 노포 중식당으로 제일 유명한 홍릉각.고기를 잘게 다져넣은 육미짜장으로도 유명한 곳이지만 사실 이곳은 삼선짬뽕으로도 유명한 곳.재미있는건 이 맛있는 삼선짬뽕을 오후 2시부터 먹을 수 있다는 것! 찾아보니 13천원짜리 삼선짬뽕 한 그릇이 정말 훌륭한 술안주가 되기 때문에 나이 지긋하신 어르신들이 점심부터 이 짬뽕 한 그릇에 소주한잔을 하시는데 집에 가실 생각들을 안 하셔서 ㅠㅠ 점심장사를 제대로 할 수가 없으셨다고 한다. 이 내용을 듣고나니 더더욱이나 삼선짬뽕이 궁금하여 오후 2시에 맞춰 방문함.테이블은 총 4개. 정말 조그만 중식당. 그런데 들어가면서 살짝 보인 흉터 투성이의 사장님 양 팔에서 오랜 세월과 내공을 느낄 수 있었음.조금 기다리니 스댕그릇 한 가득 담겨져 나온 삼선짬뽕을 만날 수 있었음. 국물의 색은 조금 주황색의 마일드한 색상. 허나 맛을 보면 깔끔하면서도 시원 칼칼하다. 그러면서 채소와 각종 해산물의 다채로운 풍미가 함께느껴진다. 국물은 다소 염도가 높지만 짬뽕이다. 짬뽕은 짜니깐 짬뽕! 사실 이 국물을 머금고 바로 소주한잔이 생각났다 ㅎ 술안주로 아주 훌륭한 수준의 염도.채소로는 신기하게 오이가 들어가며 죽순 홍고추 피망 파슬리 당근 표고버섯 파가 들어간다. 큼지막하게 썰어낸 후 빠르게 볶아내어 재료들의 식감이 모두 살아 있고 다채로우면서 시원 달큰한 채소의 풍미가 국물에 녹아져 있다. 삼선짬뽕이다보니 해산물도 정말 아낌없이 때려 들어가 있는데.. 큼지막한 새우와 갑오징어 관자 소라 그리고.. 해삼!! 건해삼을 불리셔서 사용했다는데 이 해삼 식감 맛 풍미는 과연 무엇? 크기도 정말 큼지막하게 들어가 있는데 정말 이 해삼의 존재가 이 삼선짬뽕을 명품으로 만들어준다. 해삼을 쫙 말리면 새끼 손가락? 아니면 검지나 중지 정도로 쪼그라드는데 그걸 또 삶고 불리고 또 말리고를 반복한다. 그런 과정에서 해삼은 부드러운 식감과 특유의 감칠맛 폭발하는 풍미를 갖추게되는데.. 이곳에서 사용하는 건해삼은 정말 특 상품이다... 본인이 사용하시는 건해삼은 정말 비싼거라고 자랑스럽게 말씀하시는 사장님으로부터 본인 음식에 대한 자부심을 느낄 수 있었다.새우 갑오징어 관자 모두 신선한 재료를 사용해서 그런지 잡내도 없고 식감도 훌륭하고..큼지막하게 썰어서 내어주는데 이건 이건.. 정말 술 안주다 ㅠ 정말 훌륭한 해산물 잔치였다.면발은 일반적인 중식용 중면인데 적당히 잘 삶아졌고 식감이 준수했다.뭐에 홀린듯 짬뽕에 빠져들었던 것은 공주, 대구 이후 아주 오랜만이었다. 짜장도 훌륭하지만 삼선짬뽕도 정말 대단한 곳이다. 다만.. 삼선짬뽕은 기본적으로 식사보다 정말 술안주같다. 재료들이 모두 큼지막해서 안주로 같이 먹으면 정말 좋을 듯 한데 식사로 먹으려다보니 조금 불평한 감이 없지는 않다. 그래도 개인적으론 아주 만족. 주차는 근처 공영주차장 이용.",맛있다
2638,홍릉각,메이,인생짜장을 만나다평소중국음식을먹으면 두통과 소화불량이 있는데도 불구하고 짬뽕을 너무좋아해서 참고 먹는 주의입니다.집근처인데도 처음방문했는데 신랑이랑 육미간짜장2인과 삼선짬뽕시켜서 미리준비해간 용기에 간짜장소스는포장해왔습니다.육미간짜장 먹고 둘이서 울뻔함.세상 헛살았다 이맛난걸 이제야알았다니!삼선짬뽕은 해산물이 너무신선하고 국물이 너무시원함.일단 속이 너무편하고 두통도 없는걸보니 조미료 맛은 아니라서 너무너무 만족합니다.짜장은 정말 할말이 없게 맛있습니다.사장님께서 건강하셔서 오래도록 먹을수 있었으면 좋겠네요,맛있다
2639,홍릉각,반말했다존댓말했다,"여름휴가를 홍릉각과 맞춰버리기!여름휴가 끝나고 돌아오시는날 바로 방문(푹 쉬다오셧으니ㅡ컨디션 좋으시겟지!?)2시 이후에만 술 판매한다해서 2시5분에 갔는데10분가량 웨이팅했습니다가게내부는 생각한것보다 더 더 작습니다하지만 주방은 넓직해요 홀만하거나 더 큰것같기도!?무튼 편히 앉아서 먹는 분위기는 아니에여막 여기저기 끼워넣어서 합석시키는 곳..!주문은 육미간짜장2인 삼선짬뽕 라조육라조육 첫입 먹자마자 아 여태 정말 달게 만든 중국음식을먹어왓구나 느껴지네요..양념맛이 좋았고 샐러리향이 잘 어우러졌습니다가격과양도 적당!육미간짜장을 제일 기대했는데 스텐그릇에 나온 양념으로단박에 맘을 뺏겨버림...얘도 그 단맛이 없는데 고소하고 고기랑 양파 씹히는식감하고 아주 아주 좋았음!!삼선짬뽕은 좀 더 자극적이여도 될거같은 느낌?통조림해산물 아니라 국물맛도 더 좋고 재료씹는식감도 좋았지만 13,000원의 가격만큼은 아니었습니당이곳은 네명이서 한테이블 가면 좁고두명이서 가면 합석시키니 세분이서 가서 여러개 맛보시길^~^아..평일인데도 사람이 끊이질 않는다 결국 마지막 맥주한병 더 시키려하니 직원분께서 죄송하지만 기다리는분이 많으니 그만 시키라하심ㅠㅠ",맛있다
2640,홍릉각,샤이,오랜만에 다시 온홍릉각.고령의 쉐프님의내공이 가득한곳이다.고령이신 만큼요리는 솔직히기복은 있으시다.그러나 이곳보다맛있는 중식당은..솔직히 모르겠다.다 맛있지만 특히이곳의 깐쇼새우는놀랍다.육미짜장  또한일품이다.단점은..양이 너무많다.다채롭게 먹고싶은데..늘 아쉽다.,맛있다
2641,홍릉각,첸첸,육미간짜장으로 유명한 홍릉각에 갔습니다.확실히 짜장이 기름범벅이라 고소한 맛은 있지만먹다보면 너무 느끼합니다. 자주 먹고 싶은 맛은 아니네요.탕수육 또한 평범합니다.재방문 의사 없네요.멀리서 찾아 갈 맛집은 아닙니다.동네 500m 내외 분들은 한 번 가볼만 합니다.,별로
2642,홍릉각,맛되디,"<식사류는 여전히 만렙, 요리는 주춤>노사장님께서 연로하신 관계로, 쉬는 날도 많고 네시면 문을 닫아 평일엔 거의 가는 게 불가능한 홍릉각. 의외로 일요일엔 문을 여셔서 다녀왔습니다.먹기 위해 요구되는 수고엔 거리적인 것도 포함이어서 청량리역에서 제법 걸어가야 합니다. 구질구질하다거나 지저분하다는 사람들도 많으나, 개인적으로는 이 찾아가는 길도 참 좋아해요. 전 리뷰에서도 말했었지만... 극장에서 보긴 좀 그래도 추석 때 틀어주면 보게 되는 수많은 한국범죄영화들 주인공이 된 듯한 기분이 들거든요ㅎ 이제는 이만큼 옛서울의 어둠이 남아있는 곳을 찾는 것도 힘들어져서 오히려 가치가 생긴 느낌?코로나가 주춤해서인지, 사람들이 거리두기에 지쳐서인지 일찍 갔는데도 빈자리가 하나더군요. 당연하다는 듯 합석을 요구받았습니다. 했어요 합석ㅎ 이집은 먹을 수 있음 자체만으로도 감사한 집이기에.. 이 코로나 시국에 좁은 자리에 붙어앉는 합석까지 했습니다 허허주문메뉴는 특밥과 탕수육. 짬뽕을 먹을까 고민도 했는데, 생각해보니 밥 식사류를 먹어본 적이 없더라구요. 볶음밥 리뷰는 없어도 특밥 칭찬 리뷰는 본 기억이 나서.. 주문했고, 배고파 요리도 하나 먹어야 할 것 같아 탕수육도 주문했습니다.탕수육식사건 요리건 개성확실한 홍릉각 탕수육답게 자기색이 확실한 탕수육이에요. 불투명한 연갈색, 누룽지탕국물색의 과일 없는 소스와 바삭바삭보단 부드럽고 야들야들한 고기, 흔한 탕수육 느낌하곤 확실히 달랐달까요.맛은 좋았던 편. 먹어본 다른 요리들처럼 슴슴했고.. 그럼에도 풍미는 특별했습니다. 고기도 맛났구요. 다만 이집 고기튀김, 라조육만큼의 감동은 느낄 수 없었으니... 이유는 후술하겠나이다일단 양이 눈에 띄게 줄었어요ㅠ 전체적인 양도 줄었고 고기 한조각한조각도 전보다 작고 가늘어진 게 확연히 느껴졌을 정도ㅠ 푸짐한 양도 이집 장점 중 하나라고 생각해온 돼지여서 울었습니다 흐흑ㅠ그리고 뼈! 고기에서 두 번이나 뼈가 씹혀 뱉었어요. 여기서 고기요리 먹는 동안 단 한 번도 없었던 일인데... 사장님보단 사모님, 아드님이 주방을 거의 도맡으신 것 같은데 그 때문인가? 아님 사장님 몸이 다시 안 좋아지셨나? 아드님이 정도에서 이탈하신건가? 여러 생각이 나게한 뼛조각이었습니다. 뼛조각이 쏘아올린 큰 실망..그런데도 평가가 맛있다인 이유는, 특밥.. 특밥이 미칠만큼 맛있었기 때문이야요. 미지의 붉은 소스를 빠짐 없이 두른 각종 채소, 주꾸미, 새우, 오징어가 실하게 밥 한쪽에 쌓여 나오는데, 이 소스뭉치를 이루는 모든 것들이 전부 밥도둑이었으니 맛있을 수 밖에요. 슴슴함에 아주 살짝 매콤함이 더해졌을 뿐이거늘..어지간한 자극적으로 맛있는 음식들 뺨치는 맛을 냅니다. 들어간 해물들의 익힘 정도도 완벽해, 입에서 연이어 터지는 식감 지뢰는 덤..전반적으로 기분 좋게 식사를 마치고 나오며 나름 머릿속이 복잡했습니다. 온갖 생각이 들더군요. 여전히 맛있다는 생각, 벌써 변해가고 있는 건가 싶은 생각 등등등. 제가 내린 결론은 그래도 아직은 대가의 수준급 식사를 맛볼 수 있는 곳이므로, 맛있는 곳은 맞다는 겁니다. 다만 조금씩 변화가(안 좋은 쪽으로) 시작되고 있는 듯 하니, 아직 안 가 보신 분들은 부지런히 다녀오시길 추천드립니다.ps)사장님 아드님으로 추정되는 젊은 남자분. 여기가 분위기나 친절을 바라면 안되는 곳인거야 잘 압니다만.. 불친절이 과하셨어요. 합석 요구 자체야 당연히 이해하죠. 그렇다고, 4인석 두자리에 네팀을 합석 시키려고 의자하나에 몰아둔 외투, 가방을 멋대로 막 만지고 치우고 하시는 건.... 제가 기억하는 노사장님은 식사상황에 양해를 구하지 당연시하며 납득을 강요하는 분도 아니셨고, 화통할 뿐 불친절한 분도 아니셨습니다. 혹시 리뷰 보게 되신다면 생각해보셨음 해요. 이런말 남겨 죄송합니다.",맛있다
2643,홍릉각,gom,깐풍기는 좀 마늘간장치킨같은느낌그래도 맛은 있었음육미간짜장을 시켰는데 양념이 믿을수 없을 정도로 많이 나왔음맛은 단맛이확실히 적고 춘장향이 더 잘 느껴졌음,맛있다
2644,홍릉각,snoopy,주말에는 어린이 손님은 안 받는다고 해서 헛걸음. 세번째 갔는데도 헛걸음. 휴무일. 어린이 안받음. 공사중.,별로
2645,홍릉각,이주현,"청량리 쪽에 오래된 중식집이 있다고 들었지만, 몇 달 동안 문이 닫혀있어서 입맛만 다시다가 최근 영업을 재개하셨다는 소식을 듣고 가봤다. 이제는 주4회 목금토일에 12~17시만 영업하신다고 한다. 대표 메뉴인 라조육과 육미간짜장을 주문했다. 라조육 자체를 굉장히 오랜만에 먹어봤다. 고추기름을 넣고 볶아서 역시 탕수육과는 색다른 별미다. 바삭함이 덜한건 아쉽지만 불맛이 입혀진 다양한 채소와 버섯을 같이 먹을 수 있는 점은 좋다. 육미간짜장은 재료가 잘게 다져져있다. 마치 유니짜장을 연상케하지만 이름이 간짜장인만큼 무척 기름지긴하다. 익히 들었던 대로 여느집 간짜장과는 꽤 다른 맛이다. 기름지지만 간은 의외로 심심하다. 아마 조미료를 줄이고 재료 본연의 맛으로 낸 짜장을 지향한 게 아닐까. 두 메뉴 다 일반적인 중국집에선 찾기 힘든 이 집 만의 독특함을 품고 있긴 하지만 글쎄.. 솔직히 또 시간 내서 찾아갈 만큼 맛있는진 모르겠다. 먹다가 이상하게 빨리 질리기도 했다.  사실 몇 주 전에 먹었지만 리뷰를 쓰기에 고민이 많이 됐다. 리뷰가 10개 후반인데도 '맛있다' 평가 일색인 건 처음 봤기 때문이다... 왠지 흠을 내는 기분이지만 그래도 소신껏 '괜찮다'로 매기기로 ㅎㅎ;",괜찮다
2646,홍릉각,마시쪙,1년전에 방문했는데 건강상의 이유로 휴업하신다하여 현재 기회가 와서 방문했습니다12시에 도착했는데 한 5분 정도 기다리고 들어갔어요. 테이블은 8개 정도.. 굉장히 협소합니다육미간짜장 하나 보고 왔어요. 춘장 맛이 꽤 많이 나더군요??풍부한 고기에 풍부한 양파가 맛이 없을 순 없습니다!엄청 기대하고 어떤 맛이 날까 궁금한 거에 비해는 약간 아쉬웠습니다.굴짬뽕은 먹던 짬뽕국물과는 다른 맛이 났어요. 속이 풀리는 것 보단 구수한 스타일? 꽤 괜찮았습니다깐풍육은 고기가 실한게 재료가 좋더라구요. 양도 많고 꽤 맛있었지만 흔히 먹던 깐풍육 맛이였어요 '-' 쓴 리뷰와 다르게 맛있다를 준 이유는.. 먹고 부대낌이나 느끼함이 없었고 고기비린내가 나지 않았다는 점이였습니다. 어떤 블로그 포스팅에서 본 말이 기억납니다. 이곳은 맛있다고 말하지않는 사람은있어도 맛없다고 하는 사람은 없다 라고 ..이곳은 뭔가 다른 음식도 궁금해져요. 그래서 재방문 의사 2000퍼,맛있다
2647,홍릉각,장희,유명한 간짜장은 기대보단 좀 아쉬웠고 시킬생각 없었던 탕수육은 아주 좋았다.간짜장은 2인분부터 주문가능해서 혼자는 못먹는 음식. 근데 1인분 8800이라 2인분하면 요리값.. 잘게다지고 오래볶았는지 재료들은 부드럽다. 맛은 별로 자극적인 스타일은 아니다. 기름이 많긴한데 부담없는 느낌. 아직 신성각을 안가봤는데 비슷하려나? 고기맛은 난 잘 못느껴서 아쉬웠다. 블로그나 인스타보면 강북 최고니 인생짜장이니 하는사람들도 있던데 최근에 갔던곳이면 광성반점 간짜장이 더 좋았다. 탕수육은 고기가 아주 큼직하고 제대로 볶아나온 스타일. 파같은걸 소스만들때 따로 볶는지 평소에먹던 소스랑 같이 데운 야채가 아니라 제대로 볶아진 야채라 좋았다. 구운파를 좋아해서 다집어먹었다. 소스 당도는 적당했고 고기는 씹는맛이 있어서 좋았는데 일행은 부드럽지않아서 별로라고함. 나중에 삼선짬뽕이랑 다른 요리도 먹으러 와보고 싶고 정탁요리라는 저 코스를 먹고 싶은데 4인부터 ㅠㅠ 단점은 가게가 좁고 합석필수.합석까진 좋은데 진짜너무좁았다. 옆자리 휴지나 수저빼기도 불편,맛있다
2648,홍릉각,Luscious.K,"#제기동 #홍릉각""하얀 도화지같은 중식의 내공이 느껴지는 곳""일반적으로 우리가 알고있는 동네 중식은 조미료와 설탕이 많이 들어가서 자극적이고 기름지다.그걸 적절한 수준에서 조절하고 중화시키는 조리기술을 가진 곳이 맛있는 중국집이 될 것이고 그렇지 못한 곳은 그져 싸구려 짜장면집으로 취급받는다.50년 업력의 제기동 <원조 홍릉각> 이미 2년 전에 키다리아저씨님과 권오찬님의 리뷰에서부터 가고싶은 곳으로 점찍어놓은 곳인데, 사장 내외분의 건강으로 인해 1년이라는 공백 후에 최근 다시 재오픈을 하셔서 이제야 갈 수 있게 되었다. 여러 리뷰들을 종합해 볼때 이집은 내가 머리속에서 그리던 세월의 내공이 음식으로 승화되는 곳이라는 확신이 생겼을 뿐 아니라 이집 특유의 짜장면을 먹어보지 않으면 병이 생길 것 같은 호기심도 폭발했던 곳이다.혼밥과 시간이라는 제약 때문에 육미짜장면과 굴짬뽕을 주문해 봤다.#육미짜장면우리가 흔히 알고있는 유니짜장면이다.하지만 육미짜장면이라고 이름하신 것은 그 옛날부터 이 짜장면을 만드시면서 다른 곳에서는 맛볼 수 없는 고기가 잔뜩 들어간 짜장면이라는 것을 강조하기 위한 네이밍이 아닐까 추측이 된다.실제로 짜장면을 받으면 잘잘하게 다져진 양파와 고기가 비주얼을 장악한다.잘 비벼서 한 젓가락 들어올리면 잘잘한 건데기가 국수에 따라 올라오면서 입에 들어가니 식감도 참 좋다.자극적이지 않고 담백하다.한줄평에 하얀도화지 같다고 썼는데 신기하게 진짜 순백의 담백한 맛이다.조금 변화를 주고 싶다면 흰 도화지에 그림을 그리듯 내 취향대로 바꿀 수도 있다.일단 고추가루를 이용해보자매콤함이 퍼지면서 고소담백하기만 했던 짜장의 맛에 킥이 들어간다. 그렇지만 맛에 결은 변함이 없다.2단계로 식초를 조금 뿌려보자.전체적으로 맛이 선명해 지는걸 느낄 수 있다.이렇게 짜장면을 순백으로, 그러면서 맛있게 만들 수 있는 기술은 아무나 갖는게 아니다.그런 순백의 짜장위에 나만의 그림을 그릴 수 있는 다양함도 이집 짜장면의 특징이다.<너무 맛있다>다음 기회에는 꼭 육미간짜장으로 도전해 보고 싶다.#굴짬뽕이집 시그니쳐인 해물짬뽕은 오후 2시 이후에 가능하다.그 대체메뉴로 굴짬뽕을 판매하시는데, 이 굴짬봉도 아주 맛있다.이집 짬뽕은 짬뽕 잘하는 집의 특징을 모두 가지고 있다.미리 끓여놓은 맛굴물을 사용하지 않는다.주문 즉시 바로 채소를 잔뜩 볶고 고추가루를 투하하고 거기에 닭육수를 넣어 끓이는 신선짬뽕방식이다.닭육수의 담백함과 잘게 썰은 채소에서 우러나는 단맛의 조화가 참 좋다.칼칼함의 날카로움은 없지만, 적당한 간과 고소한 닭국물의 여운이 중독성이 있어 끊임없이 국물을 드링킹 하게 만든다.여기에 해물이 잔뜩 들거간 해물짬뽕은 얼마나 맛있을까 상상하는 즐거움도 좋다.#종합서두에서 말했지만 이집은 조미료와 설탕에 의존하기 보다는 재료의 맛에 집중해서 요리를 하는 곳이다. 거리 때문에 자주 갈 수 없는 것이 아쉽지만 이집은 정말 문닫기 전에 꼭 가야 하는 집이 맞다.오히려 일부러 시간을 내서 가도 아깝지 않은 맛집. 앞으로 더 먹어볼 시그니쳐 메뉴들에 대한 기대도 이제 더욱 커졌다.#주의휴일: 화요일영업시간: 11:30 ~ 재료 소진시까지 (보통 오후 4시 경)",맛있다
2649,홍릉각,ethanghymn,"어제 키다리아저씨님의 리뷰에서 본 탕수육 사진에 시선이 고정됨.한 눈에 맛있어 보이면서 뭔가 포스가 느껴지는 오리지널의 느낌이어서 바로 가고싶다에 세이브 함.어제 바로 가고싶다에 세이브해뒀던 여기 홍릉각에 가보고 싶은데 내가 맛보고 싶은 이 집의 시그니처 메뉴인거 같은 탕수육이나 라조육, 그리고 혼자라 맛을 못 봐서 아쉽다고 하신 키다리아저씨님의 언급도 있으셨던 2인분부터 주문이 가능한 육미간짜장등을 맛보려면 혼자 가면 맛을 볼 수가 없어서 일어난지 얼마 되지 않아서 별 생각이 없던 가족들한테 선심 쓰는양 아점으로 중식을 먹겠냐고 묻고 뭔가 맛집이고 가게도 작아 대기줄에 대한 내용도 어디선가 본 거 같아 가게가 오픈하기전에 도착하고 싶어 재촉해서 집을 나섬.혹시나 예약 같은 걸 해야되는지 전화로 미리 여쭤봤었을때 전활 받으셨던 사모님은 그냥 오면 된다고 예약 같은거 없이 순서대로 입장하는거라는 느낌의 대답을 하셨었음.집에서 출발해 홍릉각으로 가는 길에 가족인원은 지난주에 방문했었던 콘반의 로스카츠가 좋았었는지 느끼한거 별로 안 좋아하는데도 콘반에 다시 가자고도 했지만 나는 홍릉각이 가고 싶어 이쪽으로 왔고 혹시나 노포느낌의 아담한 가게인지라 실망할까봐 미리 아담한 가게라고 얘기를 하고 어린가족인원이 가고 싶어하는 창신동장난감시장도 근처니 들리자고 함.다행히 집에서 여기 홍릉각으로 가는 길이 별로 막히지 않아서 오픈시간인 12시가 되기 전에 20여분만에 가게 앞에 도착했고 가게 앞 주차자리에 차를 대고 가게문을 열고 들어가니 이미 남자손님 3명이 있었음.가게의 외관은 리뷰에서 봤던 것 처럼 깔끔하게 새롭게 단장되어 있어서 뭔가 노포에서 기대하는 느낌이랑은 달랐지만 사진에서 봤던것처럼 아담해서 4인용 테이블과 2인용 테이블을 붙여 놓은 6인이 앉을 수 있는 테이블 두개가 다 인데다 가게 왼편엔 냉장고나 여러것들이 비치되어 있어서 그런것들이 없었다면 4인용 테이블과 2인용 테이블을 떨어뜨려 놓을 수 있어서 손님을 받는데 더 편했겠지만 이런 노포에선 문제가 되지 않았음.사모님께 유명한 메뉴를 여쭤보니 탕수육과 똑같은 고기튀김이 들어가지만 매콤하게 볶아내는 라조육이라고 하셨는데 어린가족인원이 있는 걸 보시고는 라조육은 안될것 같다고 하셔서 하는 수 없이 탕수육과 2인분부터 주문 가능한 육미간짜장 2인분을 주문함.난 라조육도 맛보고 싶었지만 탕수육과 둘 다 돼지고기인데다 양이 넘 많아질거 같아서 오늘은 이정도만 주문하기로 함.이때쯤 먼저 왔던 육미짜장을 먹던 남자손님 3명도 라조기를 추가로 주문함.조금 기다리니 한 눈에 내 시선을 뺐었던 탕수육이 나왔는데 키다리아저씨님의 리뷰에서 봤던대로 포스가 느껴지는 내가 좋아하는 오리지널의 느낌으로 소스는 흥건하지 않고 좀 되직해서 벽지같은걸 바를때 사용하는 풀같은 점도면서 뿌연 색깔이고 뭔가 무심한 듯 불규칙한 형태로 대강 반죽된 듯 가끔은 튀김옷이 벌어져 있기도 하고 끝부분은 좀 더 브라운빛으로 더 튀겨져 바삭해 보이기도 해서 두근두근하기 시작함.손님은 계속 들어와서 금방 합석을 하게 되고 옆자리에 앉은 커플손님은 내가 원래 주문하고팠던 라조육과 육미간짜장 2인분의 구성으로 주문함. 속으로 부러웠음. 그 후에도 손님들이 가게문을 열었다 자리가 없는 걸 보고 밖에서 대기하기 시작함.탕수육을 두근대는 마음으로 한점을 집어 맛을 보니 보이는 것 처럼 전농동 신락원의 것과는 다르게 파삭한 느낌이 아닌 뭔가 부드러우면서 쫄깃한 느낌으로 며칠전에 압구정 가담에서 맛봤던 탕수육과 비슷한 식감으로 좀 더 큼직큼직하면서 소스의 되직함과 뿌연 색깔이 다른데 소스 역시 은은하게만 달달해서 맛있어서 한 입에 맘에 듦.시간이 흐르면서 소스에 묻은 튀김옷이 좀 더 부드러운 듯 흐물하면서 쫀득해지는데 난 이런 느낌은 이런 느낌대로 매력이 있음. 난 튀김이라고 해서 뭔가 다들 얘기하는 겉바속촉 그런것만을 좋아하진 않음. 각 튀김마다 나름의 매력이 있다고 생각하고 그런걸 좋아하는 편임.가족인원은 그다지 맛있는지는 모르겠다는데 어린가족인원들은 부드럽게 쫄깃해선지 잘 먹음.곧 이어서 기대했던 육미간짜장도 나와서 보니 스테인리스 스틸 그릇에 담겨나온 간짜장소스는 간고기와 채 썬 양파가 가득 들어있고 짜장소스 위로 기름이 배어나와 있음.면 두개에 나눠서 간짜장소스를 붓고 잘 비비는데 간짜장소스는 면에 잘 달라붙는 타입은 아니고 물이 생기는 타입도 아니어서 뭔가 연남동 포가의 유명메뉴인 마늘쫑면과 비슷한 제형으로 그런 느낌을 좋아하는 나는 기대감이 상승함.한 젓가락 집어 맛을 보니 기름기가 있어 뻑뻑하진 않고 담백한 맛으로 요즘 음식들이 너무 단맛이 많은데 그렇지 않은 심심한 맛이어서 좋았음.이때쯤 옆자리에 앉은 커플손님이 주문한 라조육이 나왔는데 벌써 냄새부터 고추기름의 매콤한 향이 향긋하면서 비쥬얼도 탕수육보다 더 맛있어 보여서 이 집의 시그니처 메뉴구나라고 생각이 듦. 속으로 한개만 주시면 안되나요라고 하고 싶었지만 그러진 못하고 사진 한장만 찍어도 되는지 묻고 양해를 구하고 사진을 찍고 계산을 한 후 가게를 나오니 가게 밖엔 손님이 열명 넘게 기다리고 있더라는..전체적으로 내가 좋아하는 은은하게만 달달하면서 부드럽고 쫄깃한 식감의 이 집만의 오리지널 탕수육이 좋았었던 방문으로 다음번엔 꼭 라조육이나 라조기라도 먹어보는 걸로..",맛있다
2650,홍릉각,키다리아저씨,"1년만에 다시 재오픈한 제기동 중식당 ""홍릉각"" (원조)좋아하던 중국집으로 가끔씩 방문했던 곳인데... 어느순간 문이 닫혀있고 영업을 안하셔서 사장님 연세도 있으시고 건강도 좀 편찮으셔서...혹시나 하는 마음에 안타까웠었는데...약 1년만에 다시 오픈하셨다는 정보를 듣고 기쁜 마음으로 방문하게 되었어요^^50년경력이라고 적혀있던 낡은 노란색 간판은 사라지고 붉은색 간판으로 바뀌어서 낯설게 느껴지기도 하고, 예전 낡은 노란간판이 그립기도 하더군요^^;식당 내부벽면도 깔끔하게 페인팅 되어있고 메뉴판도 바뀐걸 보니 약간의 인테리어 보수를 하신듯합니다. 육미간짜장을 먹고싶었지만...2인이상만 주문이되서 다른메뉴도 먹기위해 ""육미짜장"" 그리고 요리에선 ""탕수육""을 주문하고, 특밥은 여기서 먹어본 적이 없다보니 궁금해서 ""특밥""을 도전메뉴로~!!""육미짜장""다진 고기와 야채를 잘 볶아서 깊은맛이 장점인 육미짜장!! 다른곳에 비해 단맛은 약한편이지만 입에 착 감기고, 약간의 기름지며 고기향과 맛이 풍부해서 좋다. 수분감이 살짝 적은편이라 금방 건조해질 수 있으니 주의!!""탕수육""이곳만의 탕수육? 흔히 먹어보던 맛의 탕수육과는 살짝 다른 소스의 느낌!! 개인적으로는 바삭바삭한 탕수육을 선호하지만...이곳의 탕수육은 고기를 가볍게 튀긴 느낌이고, 고기는 두툼한 편인데도 고기의 상태가 좋은지 손질이 잘되었는지 부드럽게 씹혀서 좋습니다.소스와 같이 볶아서 주시는지...부먹으로 나오는데...함께 볶아진 파나 야채도 맛이 좋았습니다.""특밥""홍릉각의 특밥은 처음 먹어보는데... 단순하게 예상했던것과는 다르게 복병이였습니다.양파,오이,당근이 얇게 슬라이스 되어 볶아지니 야채들이 면이된듯한 느낌으로 소스와 버무려져있고, 갑오징어와 새우의 쫀득하고 탱글한 식감이 재미를 줍니다.소스도 어디서 먹어본듯하지만...뭔가 색다른 느낌이였고, 은은한 단맛도 느껴지고, 약간의 칼칼한 맛도 있는데 야채가 풍부하게 들어서 그런지 산뜻하고 깔끔합니다. 묘하게 손이가는 메뉴!! 매장도 아담하고, 테이블도 협소해서 손님이 몰릴때면 합석을 해야하는 번거로움도 있긴하지만... 50년이상 중식요리를 해오시던 사장님의 요리를 다시 맛볼 수 있어서 좋았습니다.예전에 오셨던 분들은 아시겠지만...각 메뉴의 가격이 조금씩 올랐구요~ 못보던 중년의 남성이 일하시는데...알고보니 아드님이더라구요. 요리를 전수 받으시려는 건지는 아직 모르겠지만.... 이 맛을 오래오래 유지할 수 있기를 바랍니다.",맛있다
2651,홍릉각,맛되디,"단골집이 되버린 홍릉각ㅎ 벌써  세 번째 방문이다. 저번 방문 때, 옆 테이블을 보고 꼭 먹어보고 싶었던 라조육과 굴짬뽕을 시켰다. 두 메뉴 모두 이 곳 모든 음식들이 그러하듯, 역시 자극적이지 않고 짠 맛도 약하다ㅎㅎ 그렇기 때문에 강한 소스면 묻히기 쉬운 야채 재료들의 향이 전부 살아있었고 부담도 없었다. 라조육 고기, 버섯, 채소 모두 신선하고 질 좋은 느낌이었고.. 실력 없는 집에서 먹으면 빈번한 문제가 탕수육, 깐풍기와의 차별성 부족인데, 이 문제도 제로였음ㅋ 라조육만의 맛과 향이 있고 맛있다!굴짬뽕은 전에 맛 본 삼선짬뽕보다 더 구수하고 안 매운 짬뽕이다. 국물을 들고 마셔도 다 먹을 때까지 물 켤 일이 없을 정도로, 자극적이지 않고 슴슴함. 그러나 깊이가 없는 건 아니다. 수북히 들어간 채썬 야채와 굴에서 뿜어진 달달구수한 국물의 존재감은 확실했다. 은근 양도 많아 어지간한 대식가가 아니라면 곱배기 시킬 일은 없을 듯.오늘도 참 맛있었으나... 가게 안 청년건달 손님 네 명 때문에 식사 내내 기분은 불쾌했다. 천안에서 올라왔다는 이십대 후반으로 보이는 넷이었는데 전세낸 양 Dolby사운드로 소주 건배에..시종일관 입에 담지 못할 쌍욕을 해댔음...   다른손님들이 수군거리니 갑자기 엄청 큰 소리로 '죄송함다! 저희가 못 배워서 그렇슴다!'함;  삼선짬뽕을 면 없이 달라더니 이건 서비스로 안 되냐고 하질 않나.. 식사 끝내고 먼저 나오면서 사장님이 걱정될 정도로 안하무인 미친자들이었다. 진심 이런 사람들은 밖에서 사먹을 생각 안 했으면.",맛있다
2652,홍릉각,맛되디,"바로 어제 간 곳이지만ㅋㅋ 못 먹고 나온 삼선짬뽕 맛이 넘 궁금해서...ㅋㅋ 바로 재방문했습니다자세한 설명은 어제 리뷰에 다 있으니 패스하고..  바로 본론 들어갈게요ㅎ주문 메뉴삼선짬뽕(13000)주문할 때는 다소 비싸다고 느껴질 수 있으나.. 산더미 같은 재료들을 보고나면 오히려 싸다고 느껴지는 아이.. 새우, 오징어, 참소라, 관자, 해삼, 버섯, 각종 야채까지 진짜 푸짐하게 올라가요. 면부터 후르릅 해보니, 이집 자장만큼은 아녀도 짬뽕도  담백한 편입니다ㅎㅎ 짜고 자극적이라기보다 풍성한 재료에서 우러난 감칠맛, 건강한 맛이 쉴 세 없이 치고들어오는데..  콧등, 이마에 땀이 송글해져도 멈출 수 없는 그런 맛이었어유...ㅎㅎ 해물, 야채가 딱 맛있게 그을려 있어서 한입 가득 채우고 우물우물하면, 씹는 맛 재미도 넘쳐나구요. 피망 안 좋아하는데, 이 짬뽕 속 피망은 맛있었습니다 ^^자장면으로도 충분히 감동한 식당인데 삼선짬뽕은 또다른 맛으로 감동 선사하네요...  완전 취향 중국집을 찾아버려서 한동안 자꾸 가게될 것 같아요ㅋㅋ 자장면, 짬뽕 전부 꼭 드셔보세요! 요리도 맛있는 곳 같지만 이 집은 진짜 식사메뉴들이 보물이니까요...ㅎps. 오늘 옆테이블 분은 특밥 먹고 계셨는데.. 볶음짬뽕 덮밥 같은 특밥도 비주얼이 환상이군요ㄷㄷ 다음은 너다...",맛있다
2653,홍릉각,맛되디,"대가라는 말이 아깝지 않은 노사장님의 특별한 중식집혼밥이라면 모름지기 자장 두 그릇영업 시간, 영업일이 그간 불규칙하여 몇 번 헛다리를 짚었던 곳이다. 연휴 끝무렵 드려본 통화에서 수요일부터 다시 오픈한다고 알려주셨고.. 대망의 수요일이 오자마자, 찾아나섬  :)주변정보식당이 청량리역에서 제법 떨어져 있어, 찾아가며 보이는 모습들이 꽤나 새롭다. 역 주변에 있던 청량리 588(청량리역 일대에 있던 사창가)은 역사 속으로 사라졌으나...비슷한 성매매 업소로 보이는 가게들이 이 일대엔 카페, 호프를 가장해 남아있음. 그래서인지 유해업소 축출과 거리 정화를 주장하는 현수막이나 전단도 많이 붙어있는 편이고. 전반적으로 자주 보던 서울의 모습과는 많이 다르다. 밝은 대낮에도 묘하게 어두운? 한국영화스러운 분위기가 풍기는 동네식당 정보그렇게 영화 속 길목 같은 곳들을 꽤 지나고 나니, 정직한 간판의 자그마한 식당, '홍릉각' 도착ㅎ 내부도 보이지 않고 문도 닫혀있어  영업 중이 맞나 싶을 만큼 조용했으나.. 영업 중 맞았다ㅎ 안심하고 들어가 하나 남은 빈 자리에 착석완료했음주문메뉴유명한 육미간짜장과 고기튀김 주문! 육미간짜장은 2인 이상 주문 가능하나, 혼자 와도 맛 볼 순 있다. 혼자 두 그릇 다 먹으면 되니까ㅋㅋㅋ 그럴 생각으로 주문했고 당연히 일행이 올 줄 아셨는지 사장님이 엄청 놀라셨음...ㅋ 고기 튀김이 먼저 나왔는데 딱 봐도 깨끗하게 기름 절은 느낌 없이 튀겨나온다. 간이 적당히 되어있어 그냥 먹기 딱 좋은 맛이고 잡내 역시 제로! 무엇보다.. 베어물어 확인해볼 때마다, 속 고기 상태가 다 너무 좋았다. 전부 뽀얗게 촉촉함 머금은 비계제로 통살들♡  다 먹어치울 때까지 힘줄살이나 비계살 한 번이 안 나옴ㄷㄷ자장면은 간짜장인데 전형적인 유니자장 비주얼로 등장한다. 투박한 스댕 그릇에 그득 담겨서!! 정말 하나도 안 짜고 담백한 맛인데.. 건강해서 맛 없는 맛이냐 하면 그건 또 아님. 입에 양파와 간 고기를 가득 채워 씹을 때마다 식감과 구수한 맛의 향연이 참 기분 좋게 펼쳐지는..그런 자장이다.중식은 배터지게 먹겠다 마음 먹고 가도 정말 배터지게 먹고 나오기는 늘 참 힘들다. 짜고 기름지기 때문. 그런 면에서 이 집 자장면은 정말 특이하다. 바싹 마른 느낌인데 한없이 촉촉하고 눅진한 비주얼인데 안 짜고 가볍다. 타고난 돼지인지라 어떻게든 두 그릇 다 먹긴 했겠지만.. 사실 무리수 둔 게 아닐까하는 불안감도 좀 있었는데.. 두 그릇 먹기 딱 좋은 자장면이라♡  전혀 고통 없이 끝까지 맛있게 클리어했다! 자장 두 그릇 :)서비스사장님 부부와 젊은 직원 한 분, 이렇게 세 분이 꾸려가시는데 워낙 응대 센스와 손발짝짝이 좋으셔서 작은 가게 전체에 활력이 넘친다. 친절하셨고 음식 서빙에도 무엇 하나 부족함 없었다.총평리뷰에서 사장님이 연세가 있으신 편이라, 여는 동안 최대한 많이 가고싶다는 내용을 본 적이 있는데 정말 맞는 말이신 듯... 작고 단촐한 가게지만 오랜만에 찾은 진흙 속 진주였다. 중식을.. 그것도 엄청난 양을 혼자 먹어치웠는데 리뷰 쓰고 있는 지금도 속이 편안한 게.. 기분 좋게 배부르다. 행복함 수준의 배부름.. 얼마만인지ㅠ 사장님의 실력과 정성이 음식 맛으로 고스란히 느껴지는 명품 중식당이다. 자극적인 중식에 지쳤다면, 중식으로 배탈 걱정 없이 폭식하고 싶다면 꼭 방문해보길 권함 ^ps. 옆 테이블의 라조육이 참 맛나보였다. 다음엔 짬뽕에 라조육 먹어봐야지...ㅎ",맛있다
2654,홍릉각,으니,"일요일 오후 3시쯤 갓어용! 줄없을줄 알았는데 줄이 ㅎㅎ 조금 기다리다가 들어갔어용 ㅠㅠ 간짜장시키고 싶었는데 아쉽게도 ㅠㅠ 솔드아웃... 그래서 육미짜장 삼선짬뽕 고기튀김 먹었어요 ㅎㅎ 진짜 짜장 대박 맛있어용 꼭 다음에는 간짜장을 먹어볼거예용 ㅠㅠ 참고로, 짬뽕보단 짜장 이었습니다 ㅎㅎ  짬뽕은 자극적이라기 보다 깔끔 시원한 맛이었어요! 맛있었습니다!",맛있다
2655,홍릉각,Affection,양많고 맛있네요 라조기 강추 추추추!!! 웨이팅좀잇음,맛있다
2656,홍릉각,훈이,제기동에 위치해있어요.작년에 우연찮게 알게 된 집인데짜장면하고 라조육을 너무 맛있게 먹어서이집의 시그니처인 육미간짜장도 먹어보고 싶었지만주방을 보시는 어르신께서 교통사고 당하시는 바람에1년 넘게 문닫았다가 최근에 다시 오픈했어요.아직 건강이 완전치 않으셔서 영업시간에 제한이있으니 영업시간 잘 확인해보고 가시길바랍니다.2인이서 육미간짜장 주문 했습니다.(육미 간짜장은 최소 주문단위가 2인이상)삼선짬뽕은 2시 이후부터 된다해서 다음을 기약했습니다.요리와 식사를 시키면 대부분 요리가 먼저 나옵니다.간짜장이 정말 맛있었습니다.채소와 돼지고기가 잘게 썰어들어갔습니다.일반 중국집 간짜장 소스와 차원이 다릅니다.그리고 먹어도 먹어도 짜장소스에서 물이 생겨나지 않아요.간짜장 소스가 되직하고 꾸덕꾸덕합니다.자극적이지도 않고 간도 적당하고 최고에요1인분에 8.800원이지만 전혀 아깝지 않아요.막판에 고춧가루(고춧가루 매움주의)넣어 비벼먹으면 색다른 맛을 느끼실 수 있습니다.,맛있다
2657,홍릉각,이또먹,짜장밥과 굴짬뽕 조합이 훌륭하다. 조미료를 안쓰시는지 속에 부담이 없으면서도 굴향이 감긴다. 짜장밥도 마지막 한 숟가락까지 물리지 않고 들어간다.,맛있다
2658,홍릉각,LeeSungyoung,오랜 경력의 내공있는 노부부께서 운영하시는집.이집의 스토리는 위에분들이 너무 잘 설명해주셨고..자극적이고 달고짠 요즘 트랜드음식에 길들여져있다면 싱겁고 이질적으로 느껴질수도있으나이맛을 모른다면 모를까 알고난뒤로는 나도 모르게 생각이 날지도 모름..쉬엄쉬엄 운동삼아 가게를 운영하시는것같고몇번의 방문에도 크게 붐비는걸 보지못해 오히려 느긋하게 음식에 집중할수있어 좋은집사모님의 인상 인심이 푸근하다하나의 직업을 50년이상 해오신분인데 맛을따져서 무엇하랴 이미 사장님은 자체로 달인이시다.건강이 많이 안좋으셔서 욕심에 이것저것 주문하고내심 속으로 죄송하단 생각이 드는집.사장님의 세월을 맛볼수있다는 이유만으로도충분히 방문해볼 가치가있다.문을 닫으시면 굉장히오래 서운할듯하여시간나면 자주 찾아가려 일부러 노력하는집중 한곳.,맛있다
2659,홍릉각,파랑앤홍,18-85키다리아저씨님 리뷰보고 별표 해 놓은곳인데 오늘 이쪽에서 혼밥하게 되어 찾아갔습니다아주 작은 노포집입니다테이블 4 개에 좁은 간격..그런데 손님은 많네요육미 짜장을 시켰는데 역시.. 맛나네요외국서 좀 살면서 싱겁게 변한 입맛인데 제 입맛에도 안 짜네요메뉴판의 가격은 카드가격으로 현금 내면 10%깍아줍니다잘먹구 갑니다방문추천 95%서비스 70%청결 65%주차 안되요,맛있다
2660,홍릉각,권오찬,"* 한줄평 : 한국 1세대 중식 대가의 숨은 저력개인적으로 <요리사>와 <대가>를 구분짓는 것 중 하나가 경력보다는 본인의 독창적인 길을 걸어가고 있는가라고 생각하는데..이 집은 다른 중식당에서 흔히 파는 메뉴와는 조리법이 좀 다른 듯.. (맛의 유무와는 별도로)# 육미짜장다른 집의 <유니짜장>이라는 메뉴와 흡사한데,갈아넣은 돼지고기와 양파, 춘장의 어울림이 훌륭하다. 약간 기름지기는 하나, <육미>라는 이름을 붙일 정도로 고기양이 풍성하여 씹는 맛이 좋다. 수요미식회 유니짜장 맛집인 인천 차이나타운의 신승보다 오히려 내 취향엔 더..# 굴짬뽕사실 삼선짬뽕 비주얼을 보고 간 건데, 사모님께서 메뉴 확인하시며 짬뽕? 그러시길래 “넵~” 그랬더니만, 굴짬뽕으로 자연스럽게 주문 처리.. ㅋ중식요리엔 조미료가 당연히 들어가는 것으로 알고 있어 완벽히 자신할 순 없는데,이 집 음식 자체에 조미료를 사용하지 않거나 사용량이 적은 듯..맵지 않고 자극적이지 않아 그리 느낀 것이 아니라 맛 자체가 편안하다. # 탕수육개인적으로 바삭한 식감의 튀김을 좋아하는지라 눈이 번쩍 트일만큼은 아니지만, 튀김옷 반죽과 소스는 다른 집에서 쉽게 보지 못한 스타일.. 일반 동네 중국집에선 끓는 물에 설탕 풀고, 주방장 취향에 따라 간장 혹은 케첩을 넣는지라 탕수육 소스 자체가 <반투명>한데, 이 집은 소스가 불투명하고, 과일통조림을 사용하지 않아 그리 달진 않은데 계속 입에 감기는 뭔가가 있다.# 식기내 경험상 노포가 스테인리스 그릇을 사용한다면 십중팔구는 화교가 아닌 한국 중식 1세대..여쭤보니 전라남도가 고향이시라고..# 역사종로에도 삼선짬뽕으로 유명한 <홍릉각>이라는 중식당이 있는데, 제기동 홍릉각 사장님이 종로 홍릉각의 초대 사장이셨다고.. 건강문제로 그곳을 넘기고 요양하시다가 제기동에 자그마하게 자리잡으셨다는데, 연세가 있으셔서인지 강력한 웤질이 필요한 볶음밥류가 메뉴판에 안 보인다.계산하고 나오려는데, 주방장 할아버님께서 우리 테이블을 힐끗 보시더니 “짜장면이 아주 물건이지?”하시는데, 남은 소스에 밥까지 비벼먹은 나로썬 짬뽕보다 짜장이 물건이라는데, 적극 공감!",맛있다
2661,홍릉각,키다리아저씨,"오랜세월 유명한 곳인데 리뷰가 없다는게 놀랍다.제기(동) 사거리 근처에 낡은 노포의 중국집!!50년이상의 경력을 자랑하는 70대의 어르신 혼자 요리를 하시고~ 사모님께서 도와주시는 정도다.연세도 많으신데 요리까지 하신다는게 참 대단하고 존경스럽다.매장은 10명 정도가 앉으면 만석이 될 정도로 아담하다. 그리고 단체손님도 6명 이상은 요리하기 힘드셔서 거부하실 정도...예전에는 6명?정도 단체 예약만 가능한 코스요리도 한가지 있었는데...요즘에는 가능하실지 모르겠다ㅠㅠ특히 여기에는 ""2시 이후""에만 판매가 되는 ""삼선 짬뽕 (12,000원)""이 있는데 추천!!!자극적이기 보다~ 시원하면서 깔끔하고 얼큰한 국물에~ 신선한 채소들과 다양한 해산물들이 가득 들어 있고~양도 푸짐하다!!해삼, 갑오징어, 소라, 관자, 버섯 등 정성이 가득하다. 굿굿!!!!야채들도 많아서 국물도 시원 깔끔하다.개인적으로는 면보다 밥을 좋아해서 여기에 밥한공기 먹어도 굿굿~~!!""고기튀김 (17,000원)""은 탕수육 비슷한 느낌에 튀김옷이 살짝 노릇노릇하게 계란반죽으로 튀겨진 말그데로 고기튀김이다^^ 탕수육과 다른점은 소스가 없이 그냥 간장에 찍어 먹는다.겉은 적당히 바삭한데 속은 촉촉하고 부드러운 고기가 참 맛있다. 고소하고 담백하게 먹기에 굿굿!!고기도 두툼한 편이고 부드러우며~ 고기의 누린내도 없어서 맛있게 먹었다.중국음식을 좋아하신다면 근처에 오실때 꼭 한번은 들려보시길!!어르신께서 나이가 많으셔서 언제까지 일하실지 모르고...좋은 맛이 사라질까봐 걱정이 되는곳이다.",맛있다
2662,홍릉각,ㄱㄱㄱ,연휴 때 방문한 곳으로 한 십분 기다리고 착석하여 육미 간짜장과 고기 튀김 주문. 메뉴를 다 못먹은 이유가 있다면 주말이라 술을 주문 못해서다. 먼저 나온 고기 튀김은 튀김 크기 크고 옷도 두꺼운데 쫀득하니 맛있었다. 기름이 베어있어 뜨거울 때 빨리 먹어야 함 안그럼 뒤로 갈 수록 아래가 눅눅해져 맛 없어짐. 간이 꽤 되어있는 편이라 간장 안찍어 먹어도 좋았다. 육미 간짜장은 소스가 많아도 너무 많다! 소스 과한 스타일 안좋아 해서 아깝게도 꽤 많이 남김. 술 있었음 소스도 다 먹었겠지.. 면에 각이 있는데 요건 개인적으로 불호긴 했으나 면발은 잘 살아있었음. 간짜장에 고슬한 고기 가득 양파 가득에 어거지 단맛이 크진 아닌데 양파가 많아 은근한 단맛이 주욱 올라와서 감칠맛이 좋았다. 반 먹다 고춧가루 넣어서 먹었는데 여기 고춧가루 아주 좋은거 쓰는지 매운맛 엄청나고 향도 강해서 또 다른 별미였음. 클래식한 간짜장을 좋아하고 그거랑 맛 자체가 좀 다른데 맛있게 먹음. 주말엔 술 못시키니 반드시 참고 할 것.,맛있다
2663,홍콩중화요리,KimJohn,난 그냥 그랬다…고기도 눅눅하고 왜 이렇게 평점 높은지 모르겠음,별로
2664,홍콩중화요리,Capriccio06,"인상 좋으신 사장님 부부가 오래 운영하신 중국집인데 숨은 메뉴로 김치볶음밥 추천 받아서 재방문했다. 왜 김치볶음밥을 추천하나 너무 궁금했는데 완전 취향이라 반해서 후기도 써본다. 볶음밥이라기보다 덮밥 느낌인데 밥위에 김치랑 길게 썬 돼지고기를 잔뜩 넣고 살짝 매콤, 달콤하게 볶아서 얹어주신다. 유명한 대표메뉴 자장면처럼 슴슴한 간에 집밥 느낌인데 이런 음식 좋아해서 아주 맛있게 먹었다. 양배추에 케첩 조금 얹어서 같이 나오고 예쁜 계란후라이랑 국물도 함께 나오는데 자극적이지 않고 간도 적당하고 정말 좋았다. 다음에 또 먹으러 가야지!",맛있다
2665,홍콩중화요리,Capriccio06,"지난 후기들이 정감있어서 기회 될 때 짜장면 먹으러 방문해봤다. 짜장면 좋아하긴 하는데 그냥 적당히 다 괜찮다 생각하는 타입이라 가게를 찾아다니지는 않은데, 궁금해서 가본건 오랜만인 듯. 요즘 중국집에서 흔한 단맛이나 춘장맛 강한 스타일 아니고, 양파랑 야채 가늘게 썰어 잔뜩 들어간 슴슴한 스타일이다. 형태는 많이 다르지만 단맛이 덜해서 오히려 북경에서 첨면장 쓰던 작장면 맛이 생각났는데 그보다는 한국 음식 스타일이긴 하다. 양도 꽤 많지만 어쩐지 속도 편한 느낌이고, 신기했다. 그래도 나는 그냥 흔한 익숙한 짜장면 맛이 취향인 듯... 단골 전화주문이 많은지 식사시간대에 계속 조리하시고 배달하시던데 오래 건강하시면 좋겠다.",괜찮다
2666,홍콩중화요리,반말했다존댓말했다,되게 낡았는데 깔끔한 집더운 여름 초파리 들어갈까봐 식초통 구멍에 일일히이쑤시개를 꽂아놓으셨네..탕수육 고기 튀김이 상당하다짜장면도 맛있고무엇보다 “배달의민@ 쭈문“ 하는 알림음 대신전화벨 울리면 철가방 들고 배달 가시는 정겨움이참 좋다,맛있다
2667,홍콩중화요리,장희,"제기동 경동시장 외곽에 있는 중국집. 어릴때 경동시장을 돌아다니면 나던 약재 냄새를 경동시장냄새라고 했었는데 오랜만에 갔어도 그 향은 여전했다. 가게도 40년된 노포. 그시절 그대로인 듯 올드한 곳이다. 소문듣고 찾아갔으니 가본거지 지나가면서는 가보지 않았을 잘 보이지 않는 반지하에 있다. 노포에선 포기힘든 제육이랑 비빔국수도 있길래 궁금했지만 기본인 탕수육, 간짜장, 볶음밥을 주문.  탕수육이 먼저 나왔는데 케찹들어간 옛스런 소스에 튀김옷은 폭신 쫄깃한 느낌. 무난무난. 그다음 볶음밥은 색이 밝고 하얀편인거에서 알수있듯이 심심한 편이다. 불맛은 아니고 깔끔하게 기름에 볶은느낌. 근데 불호인 스타일. 마지막으로 나온 간짜장은 물기가 많은 편이라 잘 비벼진다. 고기도 재료도 많이 들어있고 재료들 사이즈도 맘에 들었다. 근데 맛이 좀 심심한데 예나빠님이 리뷰에 쓰신 것 처럼 홈메이드라는 느낌. 메뉴 셋 다 홈메이드스런 맛. 자극적인 맛을 좋아한다면 강하게 비추.",맛있다
2668,홍콩중화요리,Luscious.K,"#제기동 #홍콩중화요리""엄마가 집에서 해주신 짜장면맛을 보여준 40년 중식 노포의 푸근함""1. 잘 알려지지 않은 중식노포를 찾는 재미가 꽤 쏠쏠한데,이곳 <홍콩중화요리>도 그 중 하나다. 작년부터 가고싶어 망플에 직접 등록하고 갈 기회를 노리던 중 이미 다른 중식 마니아들께서 리뷰를 먼저 하셨다 ㅎㅎ식당 첫 리뷰를 놓친 것에 대한 아쉬움은 있지만 본인이 등록한 곳에 좋은 리뷰들이 달리니 그 역시 기분이 좋다. 그리고 드디어 이집을 직접 방문해 봤다.2. 제기동 약령시장 옆길에 위치한 작은 중식노포인데 벌써 40년의 업력을 가지고 있다고 한다. 사장님 내외께서 운영을 하시는데 바깥 사장님이 배달을 맡아 하시고 고운 자태의 안사장님이 숙력된 솜씨로 국수를 삶고 웍질을 하신다.보통 중식당은 고된 웍질 때문에 남사장님께서 주방을 지키시는데 여성이 웍질을 직접 하시는 곳은 평창의 진태원 이후로 여기가 처음이다. 주방을 살펴보니 숙성반죽을 이용해 주문이 들어오면 제면기로 바로 제면해 삶아내신다.뭔가 든든한 기분을 주는 제면이다.3. 고작 테이블 4개의 중식당이라 배달을 같이하기 때문에 솔직히 면에 대한 기대는 그리 없다. 그럼에도 노포가 주는 푸근함에 이끌려 간짜장을 주문하고 기다렸는데 강력한 제트엔진의 소리는 나지 않고 웍에 볶는 소리가 계속 난다.그리고 간짜장이 서빙이 됐다.4. 검은색 보다는 갈색을 띄고 있는 간짜장은 처음 접하는 것 같은데 물기가 좀 보이고 채소가 생생히 살아있는 모습도 보인다. 그리고 통깨가 장 위에 뿌려져 나온다. 딱 봐도 <한국식>이다.면은 걱정과는 다르게 노란색은 그리 나지 않는다. 예상치 못했던 삶은 계란 반쪽과 정갈하게 썰린 오이채도 예쁘다. 기분좋은 비주얼이다.5. 물기가 좀 있기 때문에 잘 비벼지는데 간짜장 채소들이 본인이 딱 좋아하는 잘게 썰린 크기다.한입 크게 물면 온화한 맛이 느껴지면서 참기름 향도 올라온다. 엄마들이 반찬에 마무리로 꼭 참기름을 뿌리는 것 같은 그런 향이다.춘장의 향과 불향은 약하지만 온화하면서 부드러운 맛의 간짜장이다.채소들은 적절하게 볶아져 아삭함이 살아있어 맛있다.6. 걱정했던 면은 오히려 이집 간짜장을 살린다. 밀도있는 면이 질기거나 탱글하지 않으면서 적당한 탄성을 유지한다. 물기가 좀 있는 짜장소스와 흡착도 좋아 금새 갈색으로 물들어 조화로운 맛이 된다.7. 대신 중식에서 느껴져야하는 짜장의 맛은 조금 아쉽다.춘장의 고소함이 덜하고 간짜장의 볶은 맛도 약하다. 맛은 있지만 결정적인 요소 두 가지가 결여가 되있다.춘장을 좀 더 사용하고 더 강렬한 불로 볶아내면 훨씬 좋아지지 않을까 생각은 들지만 현재 이 맛이 이집 고유의 맛이니 내가 이러쿵 저러쿵 할 일은 아닌 것 같다.아마도 어머님이 무거운 웍으로 빠르게 웍질 하시기에 힘이 좀 부치시지 않나 싶다.<편안하고 온화하고 엄마가 해주신 것 같은 한국형 간짜장 한 그릇 맛있게 먹었다>#동네식당응원프로젝트#맛있다빌런프로젝트",맛있다
2669,홍콩중화요리,맛집교과서 먹선생,"봉미선도 못말리는 짱구같은 음식을 내어가는 보물같은 중식 노포다. 따듯하고 얼큰한 국물이 그리운 추운겨울에도 제기동에 간다면 짬뽕따위는 생각도 안나게할 간짜장을 먹을 수 있는 이곳은 제기동 홍콩중화요리이다.-제기동 2번출구로 나와 고가차도 밑을 따라 5분정도 걷다보면 나오는 40여년된 노포인 제기동 홍콩중화요리. 입구부터 뿜어져나오는 포스를 뚫고 들어가면 세월의 흐름을이겨냈다고 말할만큼 생각보다 깔끔한 홀이 나온다. 불과 기름을 많이 사용하는 중식당 노포 특유의 흔적들이 없어서 좋다.-탕수육이 굉장히 근본있는 맛이다. 지금은 흔히 먹을 수 있는 꿔바로우나 찹쌀탕수육들보다 어찌보면 성공하기 더 힘든 ‘한국식 오리지널 옛날탕수육’을 아주 맛깔나게 먹을 수 있는 곳이다. 일단 소스를 만드는데 오이가 들어가지않는다는 점에서 굉장히 큰 장점으로 다가온다.-탕슉소스에 당연히 들어가는 양파,목이버섯등의 야채 뿐만아니라 ‘배추’가 들어가서인지 쓸데없이 시큼하거나 들큰하지 않고 중심을 딱 잡아주는 맛이 극극극 호감이였다. 이 소스에 야채볶은것만 있어도 햇반 큰거 하나 순삭 가능하다. 이 맛있는 소스에 적당한두께의 튀김옷과 쫄깃하고 잡내안나는 돼지고기까지 더해진다면....하.. 연태고량 한병 안따고온게 용하다.-이곳은 간짜장이 유명하다. 여느 중식당과는 다르게 재료를 유니짜장처럼 잘게 다져서 내어주신다. 고기도 듬뿍 들어가있다. 바로 볶아서 나오는 간짜장 특유의 은은하게 뿜어져 나오는 불향과 참기름이 들어간듯 한 고소한 맛이 일품. 필요이상으로 자극적이지 않은 적당한 간에 너무 뻑뻑하게 볶아나오지 않아서 굉장히 호감으로 다가온다.-면 또한 훌륭하다. 흠잡을래야 딱히 흠잡을게 없이 소스와 완전 잘 어우러져 식사 끝까지 맛있다. 무조건 곱빼기 시켜야하는 각이다. 근데 거기다 요즘 서울 중국집에서 더이상 찾아볼 수 없는삶은계란 반조각이 올려나오는 반칙까지 저질러버린다. 혼내줘야하는 곳이다. 먹어서 혼내주자.-밥을 비벼먹고싶었지만 남자 둘이서 간짜장 두개에 탕수육 소짜 먹고 배불러서 녹아웃됐다. 참고로 콜라는 근본의 갓카콜라가 나오고, 주차공간이 따로 마련되지 않아 차를 가져온다면 불편할 수도 있다고 생각이 든다. 참고로 토요일은 일찍 영업을 마감한다고 하시니 방문전 꼭 전화해보자.-제 점수는요 ..10점 만점에 9점입니다!맛있게 잘먹었습니다 수홍님.",맛있다
2670,홍콩중화요리,권오찬,"* 한줄평 : 동대문구 제기동 40여년 업력의 노포 중국집1. 제기동 약령시장 인근 고가 아래 시간의 흐름을 무시한채 40여년 가까이 자리를 지키고 있는 중식당 노포가 있다. 노포가 많은 지역의 공통점 중 하나가 부동산 개발이 더디다보니 부동산 가격 상승의 단맛보다는 생업에 충실한채 세월을 보내다보니 어느덧 업력이 자연스레 쌓여왔다는 것이다. 동네 인근에 고가, 철로, 소규모 주거 및 상업 공간 밀집 지역 등이 자리한다면 부동산 개발에 제약이 생겨 노포가 많다는 것이 내 개인적 경험이다.2. 노포는 오랜 세월을 묵었으나, 그 자체로 생명력을 가진 점포이다. 각종 요리 재료와 불을 다루는 식당 공간은 더럽혀지기 쉬운 장소이다. 그러나 내가 사랑하는 노포는 오래되어 허름할지언정 매장의 청결관리만큼은 신생 매장 못지 않다. 매일 매일 청소로 하루를 마무리하고 다음날 손님을 맞는 주인장의 마음가짐이 바로 노포의 생명력이다.3. 서설이 길었지만, 자그마한 4인 테이블 서너개밖에 갖추지 못한 이 식당이 바로 그런 곳이다. 빨간 대가리 간장 식초통은 세월을 짐작캐하지만, 먼지 한톨 묻어있지 않다.4. 혼밥이라 간짜장 한그릇을 주문했다 카운터에 놓여진 토마토 케찹 업소용 깡통을 보고 내친김에 탕수육도 추가했다. 내 유년시절 기억으로는 국민학교 저학년 당시 탕수육 소스는 분명 하얀색이였는데, 80년대 중반 전후 서구식 요리 재료가 널리 사용되며 중식당에서도 설탕으로 하옇게 만들던 소스에 케첩을 사용하기 시작했다. 최근에야 다시 유행이 돌아 케첩 베이스의 탕수육 소스는 거의 사라지고 북경식 투명 소스가 대세가 되었다.5. 토마토 케첩을 베이스로 한 탕수육 소스에서 이미 유추하고 있었지만, 이 식당은 82년 7월 개업하였다 한다. 주인장께서 얼마전 만 38년을 꽉 채우고 39년차 접어들었다며 한창 성업하던 시절엔 종업원이 5명이였는데 이젠 부부 둘이서 배달과 요리를 모두 담당하고 있다 하신다.6. 친한 망플벗님들은 나의 탕수육 취향이 <바삭함>이라는 것을 알고 있을텐데 이 집의 탕수육은 바삭함과는 거리가 먼데다 심지어 <퐁신퐁신> 식감이다. 그런데 맛있다!어슷하게 칼집 들어간 배추, 목이버섯, 당근, 양파와 달달한 소스의 조합도 좋았고 잡내 하나 없이 잘 다듬어진 고기 밑간도 좋았다. 7. 내가 그간 접해본 간짜장은 거의 두가지로 분류할 수 있다. 불향 붙은 춘장의 맛이 강렬하거나 혹은 주방장 솜씨가 별로라 맛이 없거나..그런데 이 집 간짜장은 재미있다. 길게 썰린 돼지고기, 잘게 잘렸지만 정형화된 크기의 야채는 주방을 보시는 사모님이 <칼판> 출신이신가 생각이 들 정도였지만, 의외로 간짜장은 조미료 가득 집어넣은 중국집 스타일이 아니라 편안한 집밥에 가깝다. 물기도 제대로 짜낸데다 주문 후 숙성시킨 반죽을 제면기에 넣어 뽑아낸 면발은 매끄럽지 않아 간짜장과의 흡착도가 뛰어나다.# 추가잡설간짜장 사진을 보면 <참깨>가 뿌려져 있다. 참깨는 먹꺼리가 다양하지 않았던 7080년대 고소하 맛을 더하기 위해 수북히 뿌려주던 주인장의 인심과 맞닿아있다.실제 화상은 요리 고명으로 참깨를 잘 사용하지 않는데, 중식당에서 참깨가 뿌려져있다면 그 식당은 화상이 아닌 <한국인 중식당 노포>라고 보면 십중팔구 맞다. 실제 여쭤보니 사장님 고향이 전라북도 내장산 근처라고..",맛있다
2671,영화장,분당 정복,어떻게 보면 너무 심심한 느낌,괜찮다
2672,영화장,셔니,중국집이 크게 다를까 했는데 크게 달랐음.. 고추간짜장 ㅈㅁㅌ,맛있다
2673,영화장,꒰◍ˊꈊˋ◍꒱,여기는 맛있어서 양이적다는 생각이 들어서 언제나 곱빼기!,맛있다
2674,영화장,시리니니이,서빙 관리가 안되는 거 같아요 음식30분 기다리고 먼저 주문했는데 나중에 주문한 테이블 음식 먼저 갖다주고 정말 짜증났습니다 다시는 안옵니다,별로
2675,영화장,뭉크,전에는 어땠는지 모르지만 지금은 모두 맛없습니다.거기에 싸지도 않고 친절하지도 않습니다,별로
2676,영화장,백유성,"""난 여기 짬뽕보다 중식냉면이 더 맛있더라.""바야흐로 시원한 중식냉면의 때가 도래했다.영화장에서도 계절메뉴로 중식냉면과 냉짬뽕을 하는데, 냉짬뽕은 매콤한 육수고 중식냉면은 진한 고기국물이다.둘다 먹어본 바로는 중식냉면의 확실한 승리!위에 올려진 장육 한점에서 이국의 향기가 나는게 바로 중식냉면의 매력이다.매끈한 면에 살얼음낀 육수 호로록 하고 싶으면 얼른 가보시기를.",맛있다
2677,영화장,마갈,근처에 갈 일이 있었는데 이곳이 맛집이라고 해서 오픈시간 맞춰서 방문했습니다. 오픈 전부터 앞에서 두세분이 대기하시고 계셨고 문 열자마자 매장이 빠르게 차더군요.백짬뽕이 유명하대서 시켜봤는데 사실 전 일반 짬뽕이 더 입맛에 맞는 것 같아요. 국물이 하얘도 매콤은 할줄 알았는데 하나도 안매웠어요. 해물은 넉넉하게 들어있어서 좋았습니다. 양도 넉넉해요 맛있었는데 제가 느끼기에는 엄청나게 특별한 맛은 아니었고 아니었고 그냥 중국음식이 딱히 호불호가 갈리지 않는 음식이라 많은 사람들이 찾는 것 같아요. 굳이 멀리서 찾아가진 않을 정도입니다.,맛있다
2678,영화장,주영,괜히 맛집이 아니에요,맛있다
2679,영화장,kkonoo,명성은 익히 들었는데 처음 막상 가서 먹었을 때는 생각보다 그냥 그랬다. 근데 나중에 생각나서 오랜만에 갔더니 왤케 맛있나여.. 국물이 시원하고 건더기도 푸짐,맛있다
2680,영화장,뿌디,"— 외대 교수님들의 성지, 영화장 —사진은 형편없다. 어른들과 식사를 하면 사진을 찍는 건 좀 그래서...아무튼 이곳은 굴짬뽕으로 유명한 곳이자, 외대 교수님들이 가장 식사장소로 자주 찾는 곳이다.우선 굴짬뽕은 딱 교수님들이 좋아하시게끔 시원칼칼하고 구수하고 따뜻하다.그 외 탕수육, 자장면, 짬뽕도 평균 이상이고, 마파두부밥,볶음밥도 맛있다. 조교로 근무했을 시절 수없이 갔었고, 그때문인지 여러번 갔어도 사진을 찍을 수 없었다???? 교수님 말에 집중해야 해서! 하지만 어른들과 식사를 해야 할일이 생긴다면 그냥 군말없이 이곳을 예약하기를. 호불호가 갈리지 않을 것이다.",맛있다
2681,영화장,YK,"가난한 대학원생 시절, 교수님들께서 한번 밥 사주신다 하면 여기 가면 좋겠다는 생각을 하며 입맛을 다셨지요, 맘 좋은 교수님들께서 저희 생각해서 일부러 이쪽으로 발걸음을 하셨고, 여기 가면 양껏 먹으라며 잡탕 라조기 등등을 사주셨던 기억이 납니다.이제 제가 은퇴한 교수님들을 모시고 식사할 나이가 됐습니다.다음에 오면 여기서 교수님과 잡탕과 짬뽕에 빼갈 한잔 해야겠급니다.",맛있다
2682,영화장,먹잘알이되고싶다,여기 갈 때 마다 맛이 좀 변해서 복불복으로 맛있고 맛 없고...,괜찮다
2683,영화장,chanwook_ie,굴짬뽕은 굴이 아낌없이 들어있고 깊고 진한 국물 맛이 일품이다. 분위기를 봐서는 화상 중국집인지 모르겠지만 실력이 뛰어난 곳임에는 분명하다.,맛있다
2684,영화장,반말했다존댓말했다,망플 후기 읽으면서 영화장 갔는데탕수육은 과감히 포기해야 할 것 같더라구용요리류는 그닥 메리트없어보여 둘이서과감히 식사 세개 주문먹다 남기지 했지만 다 먹었습니다^^굴짬뽕은 생각보다 엄청 진햇어요굴도 꽤 들어있고 배추가 참 맛있었지만 굳이 찾아가서 먹을만한 맛은 아녔어요망플에 영화장 검색하면 메인사진이 굴짬뽕이라기대가 컸는데 무난한 맛!삼선고추짜장은 저는 매우 좋았지만 신랑은 면이 너무푹 익은듯 하다고 아쉬워했습니다되게 맛있는 파스타 먹는 느낌이였어요전 또가면 이거 먹을겁니당마지막 볶음밥이 대박이네요전 원래 같이 나오는 짜장 범벅시켜 먹는데 여기는밥 저체로만 먹는게 더 좋았습니다둘이 1등으로 꼽은게 볶음밥!!오래된 유명한집 치고 식기나 이런게 깔끔한 편이었고손만 씻었지만 화장실도 괜찮았어요직원분들도 친절!!아쉬운점은 주방이 오픈키친까진 아니었지만 잘 보이는구조인데 주방직원들은 대놓고 마스크 아~무도 안하심하지만 옴청 중화요리의 숨은고수처럼 생기심들..담엔 볶음밥 삼선고추짜장 그리고 요리류 하나도전해보렵니다~!,맛있다
2685,영화장,유새벽,맛있는 삼선짬뽕! 너무 맵지도 않고 국물 맛이 좋다. 푸짐한 해물도 굳,맛있다
2686,영화장,밍밍,저는 굴짬뽕 일행은 삼선백짬뽕 먹었는데 백짬뽕 추천이요!',괜찮다
2687,영화장,유새벽,맛있는 중국집,맛있다
2688,영화장,woong,맛은 정말 있습니다 볶음밥 간짜장 탕수육 수준급입니다8-9년쯤 댔나요 방문한지가 언제나 문제가있는건 주문미스와 여자 주인장의 태도뿐 개선하지않는다면 거기서 멈출것같아요,별로
2689,영화장,미동이,중식 잘하심,맛있다
2690,영화장,서현,가~~~아끔식 중국냉면이 너무너무 먹고싶은데정착지를 못찾아서 ㅠㅠ이리저리 헤맸었당 별 기대안하고 먹은 영화장은 진짜 존맛...전혀 물리지않는 맛이고 시원한 국물을 계속 퍼먹게된다!!진짜 여름 별미작년에는 시즌 끝자락에 가서 한번 밖에 못먹었는데 올해는 좀 더 오래 팔아주셨으면 좋겠다 제발요!!!!삼선짬뽕은 해물이 꽤 많고 생각보다 덜 매움!탕수육은 찍먹을 좋아하눈데 여기는 소스가 부어서 나와도 다 먹을때까지 눅눅해지지 않아서 좋당ㅎㅎㅎ볶음밥도 맛있다던데 메뉴들 하나씩 뿌셔야지,맛있다
2691,영화장,chanwook_ie,간짜장은 단맛이 적어서 좋지만 불 맛이 약해서 아쉽다. 요리는 어떨지 모르겠지만 전반적으로 가격대가 비싸 보이고 식사만 먹으러 이곳을 찾지는 않을 것 같다.,괜찮다
2692,영화장,vvvv,친구가 여기 엄청 맛있다고 해서 따라갔는데..정말 맛있었어요!면도 엄청 쫄깃하고 일반 중식집들과 차원이 달라요 해물도 많이 들어 있고 굴까지 들어 있어요..ㅠㅠ 양도 많아서 좀 남가긴 했지만일반 중식집보다 훨씬 맛있어요!,맛있다
2693,영화장,O_O_Seok,"외국어대 서울캠퍼스삼거리에서 안경가게왼쪽골목으로 들어가면바로 보이는 가게이다!!탕수육 22,000원짜장면 보통 6,000원이다!!짜장면은 일반 짜장면,중점적으로 먹은 탕수육 리뷰를 해보겠다!!탕수육에 배추가 들어간게 특이하다~부먹파라, 소스에 절인 탕수육 가니쉬가삼삼하니 맘에 들었고,옛날탕수육에 바삭함도 좋았다!!22,000원 가격에 맞게,중량으로 따지면 중자리가 맞는거 같고,3인이 먹기 안성맞춤이다!!이곳은 굴짬뽕이 유명하다~방문하시면 굴짬뽕과 탕수육 추천드린다!!무난한 집이다!!",괜찮다
2694,영화장,샐리,"중국집에 가면 빼놓지않고 주문하는 탕수육이 영화장에서는 성공적이지는 않았습니다. 기대했던 굴짬뽕은 명성답게 시원한 국물이 일품이었습니다. 옆테이블에서는 추천을 받아 마늘튀김중새우를 주문해서 나왔는데 그것이 훨씬 맛있어 보여서 탕수육 주문한 것을 엄청 후회했어요ㅠㅠ 배가 불러 더 주문 할 수도 없고, 옆 테이블 부러워...내 탕수육을~~~물리도~~~~다음에 방문하게되면 마늘튀김중새우먹고 리뷰 올리도록할게요. 모든 메뉴 포장되고 주차는 외대역 공영주차장이나 외대에 하세요. 주차는 안됩니다.",맛있다
2695,영화장,째니째니잰잰,"여기,,,왜 이렇게 평이 좋은거죠...?그냥 동네 중국집이랑 다를게 없는데,,,특별한 맛도 없고 서비스가 좋은 것도 아니고 재료가 신선한 것도 아닙니다.진짜 그냥 동네 중국집이랑 다를 게 없어요...근데 장사는 잘되더라구요...ㅎㅎ가게 안에 중구난방 엄청 많이 붙여있는 복들어오는 빨간색 행운이 깃든 물건들 때문일까요...?ㅎㅎ",별로
2696,영화장,ethanghymn,"일요일이라 서초역 근처에 갔다가 어린가족인원이 지난주부터 탕수육을 먹고 싶다고 노랠 불러서 어딜 갈까 고민을 함.동대문구 신락원이나 홍릉각을 생각했지만 뭔가 다른 탕수육 맛집을 가 보고 싶어 열심히 검색을 했지만 좀 처럼 내가 찾는 비쥬얼에 가격도 적당하면서 그 가게만의 오리지널 탕수육을 내놓는 가게는 잘 안 보여 답답함.일요일에도 영업을 하는 가게 중에 겨우 찾은게 가고싶다에 예전에 세이브해뒀던 외대 앞 영화장과 인스타에서 검색하다 눈에 띈 동네의 다래원이란 중식당이었는데 두 군데 다 영업중인지 전활하니 영업중이었고 특히나 다래원은 전활 하니 이미 핸드폰에 저장이 되있는 번호였음.뭐라고 저장해 놨는지 확인해보니 수요미식회에서 슈주 김희철이 연습생 시절 소녀시대 멤버 등과 함께 가곤 했었다는 동덕여대디자인연구센터 뒷골목에 위치한 중식당이라고 되어 있음. 헐..어쨌든 집에서 가깝기도 하고 리뷰도 하나도 없는지라 나중에 들르기로 하고 일단은 리뷰도 많고 전에 근처에 갔다가 들어가 보진 못했던 영화장에 먼저 가보기로 함.영화장의 투명한 탕수육 소스는 흔친 않게 보는 것이면서 뭔가 옛날 느낌의 것이어서 궁금했는데 망플 말고 다른데서의 리뷰등을 보면 불친절함에 대한 컴플레인이 많았지만 난 맛있는게 더 중요하고 혼밥으론 탕수육을 맛 보기가 쉽지 않은지라 가족찬스를 이용해서 직접 맛 보고 경험해 보기로 함.비가 부슬부슬 내리는데 가게 근처의 골목 내에 적당히 주차를 하고 가족과 가게로 향함.2시가 좀 넘어서 바로 앉아서 먹을 수 있을거라 생각했지만 웬걸 웨이팅 리스트에 이름을 적고 기다려야 했음.우리 앞엔 커플 손님 한팀만 있어서 오래 기다리진 않아도 됐는데 아마도 사장님의 아드님이신 것 같고 불친절하단 컴플레인의 주인공이신 것 같은 카운터에 계신 약간 굳은 인상의 남자분이 2층에 자리가 있다고 해서 올라가 보니 가정집을 개조해선지 몇개로 나누어진 방에는 좌식 테이블이 있었고 우리가 안내받은 곳은 아마도 발코니를 실내로 만든 공간인 것 같았는데 난 이런 분위기는 싫고 1층의 노포 분위기가 좋아서 내려가서 좀 더 기다렸다 1층에 자리가 나면 앉겠다고 얘기함.다행히 금방 자리가 났고 대표 메뉴인 것 같은 탕수육과 또 다른 유명 메뉴인 것 같은 굴짬뽕과 어린가족인원을 위해 가족인원은 볶음밥을 주문함.가족인원이 굴짬뽕은 두 개로 나눠줄 수 있는지 주문을 받은 이모님께 문의하니 즉시 바빠서 안된다고 함. 굴짬뽕을 두 개로 나눠줄 수 없는 것과는 별개로 손님응대가 무뚝뚝하면서 옛날 타입이어서 불친절하다고 컴플레인이 많은거구나 속으로 생각함.하지만, 크게 개의친 않음. 이건 꼭 들어줘야 하는 것도 아니었고 실제로 바쁘기도 했고 맛있는게 더 중요하기도 했고 또 노포라 이해할 수 있었음.먼저 흔한 시큼하면서 달달한 단무지와 양파 그리고 춘장을 가져다 주시고 주전자에 담긴 차도 내어주심.가족인원이 간장소스를 만들라고 해서 간장과 식초 조금 많이 그리고 고춧가루를 넉넉히 넣어 간장소스를 만들고 기다림.어느 정도 기다리니 드디어 투명한 소스의 탕수육이 나왔는데 양이 적을까 했는데 실제로 보니 접시도 크면서 양도 제법 넉넉했고 소스에 들어있는 배추는 강원도 횡계의 탕수육으로 유명한 진태원이나 삼각지 명화원이 떠오름.어떤 맛일까 두근대는 마음으로 한 개를 집어 맛을 보니 싱거운 듯 은은하게 단맛이 느껴지면서 시큼함도 살짝 느껴지는 탕수육 소스는 나름 나쁘진 않은데 뭔가 수돗물 냄새 같은 게 나서 뭐지?함.특별히 얘긴 안 하고 먹고 있는데 가족인원도 수돗물 냄새가 난다고 하길래 소스를 따로 스푼으로 떠서 맛을 보니 특별히 수돗물 냄새는 나지 않는 걸로 봐서 반죽에서 나는 것 같았음.탕수육 몇갤 먹다보니 걔 중에는 좀 질긴 것도 있었고 가족인원은 간장소스에 찍어 먹으니 훨씬 낫다고도 함.이어서 볶음밥이 짜장소스와 계란국과 함께 나왔는데 탕수육 그릇이 테이블 한 가운데를 차지하고 있어 일단 테이블 한쪽에 뒀는데 쇼트닝으로 볶은 고소한 볶음밥의 냄새가 좋아 시선이 끌림.내껀 아니었지만 자세히 보니 내가 좋아하는 뭔가 모양에 특별히 신경을 쓰지 않고 당근과 계란등만 넣고 심플하게 볶아낸 것이어서 궁금해 맛을 보니 우와함.내가 좋아하는 기름과 쇼트닝을 섞어서 볶아낸 심플한 비쥬얼에 짭짤한 맛의 볶음밥으로 짭짤하면서 맛이 좋아 내가 좋아하는 마포 외백의 볶음밥이 떠올랐는데 튀기듯 볶아낸 계란후라이가 올라가진 않지만 내가 더 좋아하게 계란이 잘게 볶아져 부서져 밥알 사이에 들어있어 더 좋아서 맘에 듦.다음으로 이 가게의 시그니처 메뉴 느낌인 굴짬뽕이 나와서 먼저 국물 맛을 보니 걸쭉하거나 하지 않고 비교적 맑은 타입으로 시원해서 나름 괜찮지만 그렇게나 특별한 정도로는 느껴지진 않음.볶음밥을 조금 더 맛 보고 싶었지만 어린가족인원은 어디서 배웠는지 이미 짜장소스를 섞어 달라고 해서 볶음밥을 먹고 있어서 볶음밥에 짜장소스를 섞어 먹는 걸 싫어하는 나는 더 이상은 맛 보지 못함.전체적으로 유명 메뉴라는 탕수육은 투명하고 싱거운 듯 은은히 달달시큼한 소스가 옛날 느낌이어서 나름 반가웠지만 탕수육 반죽에서 수돗물 냄새도 조금 나고 걔 중엔 질긴 고기 부분도 있었어서 탕수육 맛집이라고까진 모르겠는 느낌이었고 굴짬뽕 역시 괜찮았지만 특별히 뛰어나단 인상은 못 받았었지만 전혀 생각지 않았던 볶음밥이 의외로 내가 좋아하는 맛과 비쥬얼이어서 좋았던 방문이었고 볶음밥을 먹으러 다시 들를 의향은 있지만 탕수육이나 굴짬뽕을 먹으러 굳이 들르진 않을 것 같은 방문이었음.",괜찮다
2697,영화장,Joe,영화장 굴짬뽕은 뭐 말할필요 없죠고추간자짱 시켜봤는데 제법 불맛이 좋았습니다.,맛있다
2698,영화장,제와피,"굴짬뽕 추천합니당~!! 항상 가면 먹는 메뉴,, 볶음밥도 맛있어요ㅎㅎ",맛있다
2699,영화장,Sirena,외대 출신이라면 누구나 아는 그 영화장. 상대적으로 높은 가격대 덕분에 일반 학생들보다는 교수님들 사이에서 인기가 있다고 한다. 졸업한 지 한참 된 아저씨들도 영화장 얘기를 하면 갑자기 선한 눈을 만들며 대화를 하게 만든다고 한다. 외대쪽 구경을 하다가 영화장을 방문했다. 가장 유명해 보이는 굴짬뽕과 여전히 더운 날씨를 감안해 냉짬뽕을 시켰다. 먼저 나온 냉짬뽕은 상큼한 식초 맛이 중국식 냉면을 떠올리게 했다. 차가운 면발은 탱글했고 약간의 해산물과 고기 한점이 들어있었다. 사실 건더기는 그닥 많지 않았다. 굴짬뽕은 굴맛이 느껴지는 진한 국물에 그릇 가득가득 굴이 들어있어 이를 건져먹눈 것만으로도 충분히 배가 부를 정도였다. 건더기가 거의 없던 냉짬뽕과 비교되게 건더기와 면이 거의 반반 섞인 느낌이었다. 다만 둘 다 기계로 뽑은 면이어서 오래된 중식 맛집에 대한 기대감에는 살짝 미치지 못했다. 얼마 전에 방문했던 잠실의 심포니오브차이나에서 너무 맛있는 면을 먹어서 그렇게 느꼈던 것 같기도 하다.,맛있다
2700,영화장,무밍요,두번째 방문!분명 첫방문 때 너무 맛있게 먹어서 다시 간 곳인데첫방문 리뷰가 왜저리 무미건조했는지 모르겠다.암튼 두번째 방문 역시 너무나 만족하며 식사!다른 곳들에서 맛본 중국식냉면과는 꽤나 다른 맛이다.이 집을 방문한다면 냉면은 꼭 추천!해산물 냉면이라는 표현이 가장 잘어울릴 것같다.술먹고 난 다음 날 생각날 것같은 맛이다.처음 시켜 본 고추삼선간짜장면도 성공적이었다.인위적이지 않은 적당한 매운 맛이 개운함을 주고오징어나 갖은 재료가 불맛을 내는 맛있는 짜장면이다!어떻게 갈 때마다 둘이라 식사만 두 개 시키게 되는데이 집은 요리부가 궁금하다. 다음 방문엔 반드시 요리를!,맛있다
2701,영화장,즌짱,"중고등학생 시절 내 생일이면 부모님께서 데려가셨던 곳. 중국 음식을 싫어하는 건 아니었지만, 왜 매번 이 곳인지 의문이었다. 시간이 좀 흐르고 알았는데 부모님께서는 생일에 미역국, 케이크, 면 요리를 다 먹여야 한다는 약간의 강박(?)이 있으셨다.12월 초중순- 딱 시험 기간에 생일인지라 아침에 엄마가 조심스레 건네는 미역국을 먹고 학교에 가서 시험을 보고 돌아와 부모님과 점심으로 먹었던 굴 짬뽕.처음 방문했을 때는 짬뽕이 하얀 색이라는 것에 상당한 충격을 먹었는데, 모 회사에서 나온 굴짬뽕 라면 덕에 충격 먹을 사람은 많이 줄었을 것 같다. (물론 그 때 내가 어려서 더 놀랐을지도.) 무튼, 여기 굴짬뽕은 맵지 않고 시원해서 신기하고 맛있었다. 아부지께서 굴짬뽕에 반하신 덕에 너무 자주 가서 나중에 다른 음식들도 많이 먹었었는데, 삼선볶음밥이 상당히 맛있었다.다만, 아부지께서 한 번 여기서 굴짬뽕 드시고 크게 탈이 난 뒤로는 가지 않고 있다. 벌써 몇 년도 더 된 이야기지만...",괜찮다
2702,영화장,Ray,백짬뽕이 해산물도 종류별로 많고 국물도 정말 깔끔하고 좋았어요! 근데 뭔가 '맛있다'를 주기엔 부족한 느낌,괜찮다
2703,영화장,돼지냥,깐쇼새우는 평범한 맛입니당 서빙해주시는 남자분이 친절하지 안ㄹ앗습니당,괜찮다
2704,영화장,귀차니즘,간짜장 맛있어여,맛있다
2705,영화장,dally116,"타노스를 직접 물리친 것 같은 기분에 씐이 난 우리는 외식을 하고 들어가기로 했다. 동대문구 나의 가고싶다 1순위. 영화장.굴시즌이 지난 관계로 삼선짬뽕(9000원)과 간짜장(8000원)을 주문. 요리류도 시켜보고 싶었으나 소식기간이므로 패쓰.ㅠㅠ 흑 *삼선짬뽕- 불맛이 나는 국물이 일품이었고, 직접 먹어보니 왜 굴짬뽕이 유명한지 짐작되는 식사였다. 이 국물이라면 굴짬뽕과 케미가 참 좋을 것 같아 다음번에 꼭 굴짬뽕을 먹으러 다시 와보리라 다짐을.. 삼선짬뽕 자체도 기대 이상. 밥말아 국물까지 싹쓸이-*삼선간짜장- 삼선이라고 하기에는 오징어가 전부여서 조금 실망했지만, 식감을 잘 살린 마늘대와 양파 짜장소스가 좋은 면을 만나 참 맛나게 먹었다. 간짜장을 맛있게 먹은게 꽤 오랜만이어서 '이 집 참 잘 하네' 라는 말을 나도 모르게 뱉어버렸다. 가소롭게 죄송합니다ㅠ총평: 50년 전통의 자긍심이 충분히 이해되는 맛이었다. 한 겨울에 굴짬뽕과 양장피에 고량주 한 잔 하고 다시 평을 쓰기로.....",맛있다
2706,영화장,키다리아저씨,역시나 유명한 영화장....여전히 손님으로 바글바글해서 처음으로 2층에 앉아서 식사를 했어요.꾸준히 기본이상의 맛으로 괜찮은 곳인데...다른건 몰라도...탕수육이....그냥 그렇더군요;;여전히 고추간짜장 맛이 좋았구요~삼선백짬뽕 역시 담백하고 시원한 국물이 참 매력있었습니다. 이 두가진 예나지금이나 변함없이 맛이 좋았는데....탕수육은 튀김옷도 너무 물러서 금세 퍼지는바람에....미끄덩 거리는 탕수육을 먹게되네요;;예전엔 이정도까진 아니였는데...고기의 상태나 튀김옷이 많이 아쉬웠습니다ㅠㅠ 뭔가 푸석한 느낌도 들고...손이 잘 안가더군요.소스는 여전히 달짝지근하고 많이 자극적이지않아서 괜찮아요.1층과 2층에서 느낀 다름점은...일하시는분의 소통에 차질이 있다는점...1층에서는 그런적이 없었는데....2층에서는 주문도 잘못들어가는 경우도 종종있고 몇번 테이블에서 어떤걸 주문했는지...몰라서 우왕좌왕하는 모습을 보니 좀 불편하더군요.저희 테이블에도 거의 다 먹을즈음 와서는 탕수육 시키신거 맞냐고.... 음식이 나온 초반에 물어보는것도 아니고...다 먹을때 물어보는건 뭔지... 주문 외우기 힘드시면 메모라도 하셨으면 좋겠네요. 메뉴가 한두가지도 아니고....,괜찮다
2707,영화장,silvert,일반 짬뽕 먹었는데 그냥 적당한것도 아니고 맛이 없었습니다. 그냥 진짜 딱 일반 맛없는 중국집 배달짬뽕 수준. 친구가 굴짬뽕인가 그게 맛있다는데 다음에 그거나 함 먹어봐야겠어요,별로
2708,영화장,hedonist,"기대를 너무 했나. 그래도 맛있었음. 분위기/인테리어: 뻔한 중식당맛: 맛있고 좋은편.서비스: 음식 나오는 속도 빠름. 조음. 근데 좀-심하게 무성의한 태도의 직원들. 가격: 좀...많이 비싸네여...*비싼 중식당에서 코스요리 많이 먹어봤는데, 그러한 분위기를 내지도 못하는데 과한 가격은 이해하기 힘든부분. 입니다만 맛은 괜찮데요;",맛있다
2709,영화장,hedonist,"기대를 너무 했나. 그래도 맛있었음. 분위기/인테리어: 뻔한 중식당맛: 맛있고 좋은편.서비스: 음식 나오는 속도 빠름. 조음. 근데 좀-심하게 무성의한 태도의 직원들. 가격: 좀...많이 비싸네여...*비싼 중식당에서 코스요리 많이 먹어봤는데, 그러한 분위기를 내지도 못하는데 과한 가격은 이해하기 힘든부분. 입니다만 맛은 괜찮데요;",맛있다
2710,영화장,준영,"굴짬뽕 유명하대서 방문한 집! 둘이서 2면1탕 하려다 하나씩만 했는데 양이 정말 많더라구요.. 탕수육 일단 중자, 대자 나눠져있었으면ㅠㅠ 굴짬뽕은 생각보다 건더기가 많이 적어서 조금 아쉬웠어요. 그래도 비린맛 없이 시원하게 국물 맛있어서 만족! 점심시간 되니까 사람들 우글우글 몰려와서 웨이팅도 하더라구요!!! 나도 학교 근처에 굴짬뽕 맛있는데 있음 좋겠다ㅠㅠㅠ",맛있다
2711,영화장,북악산기슭 곰,"일요일인 오늘 점심 날씨가 스산한 느낌이 있어서. 문득 짬뽕이 생각나기에. 예전에 봐 두었던 ‘영화장’에 가서. 삼선짬뽕, 탕수육, 군만두를 주문했다. 다른 실력있는 중식당에 비해. 맛과 인프라를 고려한 가성비를 볼 때. 군만두는 괜찮았고. 나머지는 평균 이상의 맛이었다. 다음에 오게 된다면. 군만두와 함께 간자장을 시도해보기로 했다.",괜찮다
2712,영화장,JaehoLee,"굴짬뽕이 유명한 듯 하지만 제가 굴을 좋아하지 않는 관계로 간짜장과 군만두를 시켰습니다. 간짜장은 아마 다른 곳에서 맛보기 힘들 유니크한 맛... 이지만 맛이 있다고 느껴지진 않았습니다. 종업원 분이 장을 주시면서 장을 조절하라고 하시던데 다 부어놓고 보니 무슨 말인지 이해가 가더군요... 좀 짠 편이고, 양파의 단 맛은 별로 느껴지지 않습니다. 그에 비해 군만두는 괜찮았습니다. 이것만을 위해 찾아올 정도는 아니지만 주변에 있다면 먹어볼만한 맛.",맛있다
2713,영화장,ㅇㅈㅎ,여기 왜 유명하죠..??시켜먹는 퀄리틴데....입맛버리고 갑니다 롯데리아가 더 나아요,별로
2714,영화장,홍규,"망고 플레이트를 보며 수백번 가노라 가겠나로 다짐을 하였고 사진으로 예습을 철저히 한 상태로 방문했다.토요일 5시 홀로 방문, 기다림 없이 바로 입장.메뉴판을 볼 필요도 없이 바로 중국냉면을 주문하였다.'냉면이요? 냉면 지금 안해요.''아...그럼 굴짬뽕으로 주세요.'원래는 간짜장이 오졌다하여 간짜장을 시키려했으나순간적으로 내 주둥아리가 굴짬뽕을 주문하였다.마치 뇌에서 필터링을 거치지 않고 주둥아리에 뇌가 달린것마냥.신림역 근처의 굴짬뽕 잘하는 24시간 모 반점을 생각하며 기대되는 마음으로 기다렸다.주변을 둘러보니 음식 조리에 시간이 꽤 걸릴 수도 있다는 문구를 봐서 마음을 내려놓고 유튜브를 키고 원하는 동영상을 찾아 재생을 눌..음식이 나왔다. 빠르다.하얗다. 앞서 말한 예습따위는 학창시절때 처럼 아무 쓰잘떼기도 없다는것을 다시 깨달았다.'이게 굴짬뽕이에요?'네'하얗다. 빨갈줄 알았는데.국물. 국물 한 모금. 찐하다. 아..해물의 진한 맛이 아닌 사골국물의 찌인한 맛이 나온다. 궁물..두모금..졸라 맛있어..궁물 세모금..눙물감동의 도가니탕을 만든 굴짬뽕. 궁물을 맛본 순간 속에 들어간 재료가 뭔지 굴은 있는지 없는지 기억이 안난다.배고프면 허겁지겁 먹는다고 하지 않던가. 배가 고파야만 허겁지겁 먹는건 아니었다. 어쨌든 순 삭- 굴이 좀 적다고 생각함.- 재방문 의사 높다.",맛있다
2715,영화장,도우리,이곳은 오히려 평점이 생각보다 낮게나온...자장보다 짬뽕이 훌륭한집 저는 개인적으로 굴짱뽕 탕수육 맛있게 먹었네요..추천은 이런곳을 해야..,맛있다
2716,영화장,후구오,탕수육 구별법: 소스가 투명하면 맛있음. 맛있다인 이유는 중국냉면. 쩖. 아 그리고 굴짱뽕이나 짜장은 별로,맛있다
2717,영화장,지슈,"몇년만에 재방문짬뽕으로 유명한 곳이다예전에 먹었을때 내 입맛에는 그냥 그랬음.이번엔 중국식 냉면!처음 먹어봤는데, 나름 괜찮았다. 양도 많고 해물도 많았다. 우리의 냉면이랑 다르게 땅콩소스를 넣어서 먹는데 크게 맛이 강하지 않았다. 그냥 더울때 한번쯤 먹어볼 만한 맛?!다음엔 짬뽕을 재도전해봐야지",괜찮다
2718,영화장,김현빈,"굴짬뽕내용물은 실했다 굴이 철에 맞지않아 걱정한것에 비해 괜찮았지만 중간중간 얕은 시큼함이 느껴져서 사실 좀 걱정이다야채와 굴이 깊이 우러나온맛을 기대했으나 중간정도 깊이에 살짝 짠맛으로 덮은 느낌이라 아쉬웠다면발도 특이할 것은 없었고 양은 많았다종업원,주방분들이 중국분인것같고 잘하는 집인건 맞으나 나처럼 한시간씩 찾아갈 곳으론 아쉽다",맛있다
2719,영화장,LeeChang-Ho,"중국냉면과 군만두를 주문했습니다.중국냉면은 국수가 쫄깃했고, 고명으로 올라온 오향장육 편육의 향이 올라오기도 했으며, 국물에서 조금 새콤하고 구수한 맛이 느껴졌습니다.군만두는 씹을 때 육즙이 팡팡 터지는군요",맛있다
2720,영화장,이건희,맛있당,맛있다
2721,영화장,무밍요,삼선짬뽕과 중국식 냉면을 주문했다.삼선짬뽕은 불맛이 강하고 많이 맵지는 않다.중국식 냉면은 해산물로 낸 국물인가 싶은 오묘한 맛.꼬들거리는 면을 싫어하는 사람이라면 먹기 불편할수도.,맛있다
2722,영화장,먹깨비 여행사,탕수육 너무 바싹 익혀서 줌질겨서 이가 아플 정도 안에 고기가 빨간데 원래 돼지고기에 그런 부위가 있다고 함엄청 좋은 서비스를 기대하진 않았지만 서비스 별로,별로
2723,영화장,망둥,요새 리뷰 권태기인데...정말 맛있어서 계속 생각이나서 리뷰라도 써서 잊으려고 씁니다..영화장은 거의 모든게 맛있지만개인적으로는 삼선짬뽕(9.0)을 제일 좋아했는데이번에 여름 메뉴로 중국냉면이 나와서 먹었는데진짜 맛있어요...국물은 별 맛이 없는듯 하지만 참기름의 고소~~한 맛과 담백하고 시원한 맛이나고안에 있는 해산물들도 다 기막혀요오징어의 부드러움은 말로 할 수 없어요ㅜㅜㅜ참기름 고소함 좋아하시는 분이라면 외대 근처에 오실일이 있으면 꼭 영화장에 가서 냉면을 드세요..진짜 최고입니다9000원이에요!! 비싸다고 느끼실수도 있지만 돈 값 합니다ㅎㅎㅎ 진짜 강추에요,맛있다
2724,영화장,전세리,아아 굴짬뽕...ㅠ,맛있다
2725,영화장,촘촘,간짜장!!!!!!!!!!,맛있다
2726,영화장,돼지냥,"여기 굴짬뽕이 유명한곳인데 그건 안먹어봤고, 대신 탕수육이랑 짜장면 맛잇음 외대에서 유명한집! 멀리서도 많이 찾아오는 것 같아서 신기하당 학교다닐땐 자주갔는데 나에겐 굳이 먹으러 찾아갈정도는 아니고... 그래도 맛있다!",맛있다
2727,영화장,지융,처음 먹었을때 너무 맛있어서 남자친구 생일 기념해서 2번째 방문. 짜장은 진짜 역대급. 또 먹어도 맛있다. 굴짬뽕도 국물이 너무 시원하고 너무 너무 맛있음,맛있다
2728,영화장,파랑앤홍,18-21영하 16.7도 라는 말도 안되는 날씨에 외대로 가서 굴짬뽕을 먹어 봤습니다아.. 이게  극찬하던 그 맛이구나..싶더군요뭐랄까..텁텁하지 않고 깔끔하면서 감칠맛 도는 약간 매운맛이 감도는 그런 짬뽕입니다빨간 짬뽕이 아닌 나가사끼 짬뽕 비쥬얼에 나가사끼식  짬뽕보다 더 맛있네요해물도 신선하고 푸짐히 들어 있습니다방문추천 95%서비스 80%청결 75 .. 1970년에 오픈한 노포네요 그세월에 비례하면  깔끔합니다주차 힘들어요~,맛있다
2729,영화장,그믐린,중화요리 먹으면 더부룩해서 별로 안 좋아했는데 영화장 요리를 먹고 나서 중화요리에 대한 인식이 완전히 바뀌었습니다. 유명한 굴짬뽕도 굴짬뽕인데 짜장면 시키면 고춧가루 꼭 뿌려드시는 저 같은 분들 고추삼선간짜장 꼭 드세요... 면 대신 밥으로 바꿔서 짜장밥으로도 주문 가능합니다. 갑오징어랑 새우도 꽤 튼실하게 들어가있고 매운맛도 딱 깔끔할 정도로 적당해요. 기름을 신선하고 좋은 걸 쓰는지 느끼하지 않고 고소하니 간짜장 먹는 맛이 이런 맛이구나 싶습니다.,맛있다
2730,영화장,평양냉면 대법관,"외대 앞 유명한 중국집이다. 날이 너무 추워서 영화장의 간판메뉴인 백짬뽕과 탕수육을 시켰다. 뭐 맛있는데 가격대가 있었고 무난한 편이었다. 탕수육 22,000원에 짬뽕 8,000원이었는데 양은 엄청 많았고 해산물도 싱싱했고 다른 중국집과 다르게 뒷맛이 깔끔하고 자극적이지 않았다. 뒷맛이 개운한건 손에 꼽을 정도였다. 20000.",괜찮다
2731,영화장,클짱,하...쓰는 지금도 가고 싶어지는 곳. 학교 다니면서 제일 많이 다닌 중국집을 꼽으라면 영화장일것이다. 교수님들이랑 회식할 때도 많이 가는 곳. 제일 만만한 곳이기도 하고 맛까지 있어서 뭘 시켜도 평타는 한다. 특히 고추짬뽕이랑 굴짬뽕이 유명하고 제일 맛있다고 생각하는 메뉴! 해장으로도 좋고 추운 겨울날 몸을 뜨시게 해주는 뜨겁고도 시원한 국물이 일품 ㅠㅠ 위치가 (나에게서) 너무 먼게 가장 큰 단점...하지만 그렇다고 체인점이 생기길 바라는건 아니다. 영화장은 그 골목길에서 변치 않고 오래오래 한결같이 남아주었으면 좋겠다 (갑자기 감성터짐;;;),맛있다
2732,영화장,Summer,"굴짬뽕이 가장 유명하고, 내가 가장 많이 먹은 메뉴이기도 하고, 실제로 가장 맛있기도 하고... 먹다 보면 어제 술 좀 마실걸 (?) 하는 생각이 드는 맛. 되게 개운하다. 근데 탕수육도 맛있다.",맛있다
2733,영화장,빈빈,중화요리 별로 안좋아하는데 맛있어~~,맛있다
2734,영화장,ita,굴짬뽕과 고추삼선간짜장 먹었는데 인생 짬뽕 짜장 됐습니다. 재방문의사 100%,맛있다
2735,영화장,JW,2주에 한번은 꼭 가는 영화장! 다른 메뉴는 더이상 도전하지 않는다! 깐풍기 + 굴짬뽕을 드셔보시길 추천합니다!!  (참고로 잡채밥은 정말 형편없습니다)(탕수육도 별로..) 깐풍기 최고에요!!!,맛있다
2736,영화장,KimJohn,다른 건 평범하지만 짬뽕이 깊고 진하다,맛있다
2737,영화장,JW,참 많이도 갔구나... ㅎㅎ 맛있다! 탕수육보다 깐풍기가 훨 맛있다!! 탕수육은 교대에 만**이 젤 맛있는듯...!,맛있다
2738,영화장,이진쓰,"드디어 갔어요! 저는 굴 철이 지났을 것 같아서 그냥 굴짬뽕 대신 삼선짬뽕이랑 삼선간짜장을 시켰어요.맛은 정말 좋았어요. 정말 바람직한 짜장짬뽕의 정석같았네용.삼선짬뽕에 건더기도 꽤 실하게 들어있었어요. 담백하고 해산물에서 나오는 그 감칠맛과 고소함이 잘 어울어졌어요. 별로 맵지도 않고 담백함이 아주 매력적이었어요. 은근히 진한게 너무 맘에 들었고요.짜장은 신선한 채소(양파, 호박 등)이 느껴져 좋았어요. 채소도 적당히 익혀서 식감은 살리고 달달함은 up한 그런 맛. 면에 잘 섞여서 좋았구요! 짜장 특유의 달달함이 거북스럽지 않고 오히려 건강하게 느껴졌어요 넘나리 신기한것...! 다음에 가면 굴짬뽕이랑 탕수육 시켜먹어야겠어요.",맛있다
2739,영화장,양재흥,예전엔 경발원이 좋다했지만 오늘 가보니 자극적이지 않고 기본에 충실한 웰빙시대에 맞는 중화요리집!! 집에 와서 물이 많이 땡기지 않는걸 보면 확실!! 앞으로 자주 가야쥐~,맛있다
2740,영화장,박영지,중국냉면이랑 냉짬뽕이랑 군만두 주문엄청 맛있게 먹었어요중국식냉면ㅡ간이 약해서 평양냉면같아서 존맛냉짬뽕ㅡ역시 간이 심심한데 위에 올려진 양념장을 풀면 칼칼해져요 맑은 칼칼.근데 기름이 아주 조금 뜨는 양념장이긴 함..맛은 둘다 좋았고 다른 중국집 대비 가격이 좀 있긴하지만 재방문의사 유유유여름가기전에 중국냉면 한번더!,맛있다
2741,영화장,이상영,외대 정문에 위치한 중국집!!역시 소문이 들리는것처럼 짬뽕맛이 일풍이더군요.. 학생이 한끼식사로 먹기에는 가격이 비싼편이긴 하지만 이정도 퀄리티면 먹을만 한것같아요! 맛 8.7/10,맛있다
2742,영화장,권동현,일단 조미료를 별로 안써서 그런지 국물이 담백해서 좋음 가격도 그렇게 비싼편이 아니고 미슐랭 1스타 받은 진진도 가봣는데 여기가 훨 낫다,맛있다
2743,영화장,우이리,짜사이가 신의 한수네요. 동파육의 느끼함을 확 잡아주네요. 부추굴짬뽕은 시원한데 약간 아쉬운 매꼼함이 짜사이로 보완되네요. 옛날짜장은 생각보다 담백했어요. (짜사이 때문인가?),맛있다
2744,영화장,키다리아저씨,"어제(일요일) 외대쪽 간김에 들린 영화장~!!나이스한 타이밍에 웨이팅 없이 바로 착석했다^^쌀쌀한 날씨에는 시원하고 따뜻한 국물이 필요해서 ""굴짬뽕"" 그리고 탕수육을 주문하였다.굴짬뽕은 신선하고 좋은 굴이 꽤 들어있고~ 국물도 진하고 시원해서 맛있게 먹었다.(면은 특별하지 않음^^;)탕수육은 넉넉한 양에 바삭바삭하게 튀겨져 나와서 부먹을 해도 너무 풀어지지 않아서 좋고~ 소스가 맑지만 걸죽한 편인데... 은근히 달다^^;;단걸 싫어하면 거부감이 살짝 들수도 있지만 달달한 맛을 좋아한다면 굿일듯!!고기의 잡내도 없고 맛나게 먹을 수 있었다.",맛있다
2745,영화장,RyuSung-yeul,"맛있네요,가격이 비싼게 흠인데 짬뽕이 9,000원",맛있다
2746,영화장,나누리,"세 번째로 방문한 영화장. 이렇게 맛있는 중식당이 근처에 있다는건 정말이지 좋은 것 같습니다...ㅜㅠ 이곳을 찾기 전까지는 그저 ‘이곳 간짜장이 그렇게 맛있다’, 혹은 ‘이곳을 빼놓고는 회기지역의 중식당을 논할 수 없다’는 말들만 종종 들었었는데 방문하고 나니 한번만 찾기는 아쉬운 집이 되어버렸네요. (오늘도 먹은 짜장 사진을 안 찍는 실수를....) 처음 찾았을 때 먹었던 메뉴는 ‘고추삼선간짜장’이었는데, 학교 바로 앞에서 무슨 맛집을 기대하냐면서 긴가민가하고 들어갔다가 역대급 짜장을 맛보고 나왔다죠... 두 번째 방문에서 맛봤던 것은 영화장에서 가장 유명한 메뉴중 하나인 ‘굴짬뽕’. 시원하고 적당히 칼칼해서 굴 자체를 싫어하지 않는 이상 누구나 좋아할만한 메뉴일 것 같습니다. 그런데 무거운 느낌의 칼칼한 국물이기보다는 다소 가벼운 느낌의 시원함과 칼칼함이라 평은 사람에 따라 나뉠 수 있을 것 같습니다. 저는 무거운 느낌의 국물을 좋아하는 편이라, ‘맛있기는 한데 그렇게 유명할 필요가 있나?’하는 생각을 조금은 했던 것이 사실이에요. 탕수육 소스를 부어서 상에 내놓는 중식당은 그렇게 많지 않죠... 이곳은 소스가 그냥 튀김 위에 부어져 나옵니다. 부먹, 찍먹의 고민은 여기서는 할 필요가 없어요. 무슨 자신감으로 소스를 부어나오나 싶었는데 어유... 자신 있어 할 만하더군요. 소스를 머금은 튀김조차도 바삭바삭해서 씹는 식감이 좋아요. 고기가 두툼한 건 말할 것도 없구요. 그런데 이곳 탕수육도 사람 취향에 따라서 평이 갈리는 모양이에요. ‘대가방’이나 ‘주’의 탕수육보다 맛있다는 분들도 계셨으니까요. (그런데 전 개인적으로는 대가방 탕수육이 더 맛있었던 것 같네요...ㅋㅋ) 하지만 맛있다는 평이 지배적이라는 것은 분명한 사실! 하...오늘은 탕수육을 먼저 다 먹고 그리고 삼선간짜장을 주문해 먹었는데, 탕수육은 여전히 맛있었고 짜장도 여전히 맛있었어요. (짜장 사진은 도대체 왜 안 찍었을까요......ㅜ) 외대 정문앞 가까운 골목에 위치하고 있는 영화장. (경희대 근처에도 분점이 한 군데 있지만, 외대 본점이 더 맛있다는 것은 비밀 아닌 비밀...) 외대 근처로 오실 일이 있으면 추천하고 싶은 식당 1순위입니다!",맛있다
2747,영화장,춘,"최근에 중국식 주점으로 바뀌었지만 경희대 주변에 분점이 있고 본점은 외대 앞에 있습니다. 저는 경희대 점에서 탕수육, 일반 짬뽕, 굴짬뽕을 먼저 먹었는데 제가 굴을 그리 좋아하지 않아서인지..아님 먹었던 때가 여름이어서 그랬는지 그닥 감흥이 있지는 않았습니다. 그래도 탕수육은 괜찮았어요..그리고 한참 후에 외대 앞에 있는 본점을 방문했는데 여기서 먹은 삼선고추짬뽕은 정말 정말 맛있었습니다. 예전에 전국 5대 짬뽕이란게 한창 회자되었을 때 대구 강릉 군산 송탄 공주 다 돈 다음엔 짬뽕으로 감동을 받은 적이 별로 없었지만 오랜만에 짬뽕으로 감동했네요.우선 예쁘게 손질? 칼질?되어 있는 오징어를 보고 이곳은 그냥 동네 중국집이 아니구나를 느꼈습니다. 그리고 고추의 향이 매운게 아니라 정말로 향긋했습니다. 맛을 떠올리고 있는 지금도 콧등에 땀이 나면서 침이 고이네여.. 그렇다고 맵지는 않습니다. 향긋한 고추향이 나는 맛있는 삼선짬뽕이었습니다. 같이 시킨 짜장과 깐풍기도 맛은 있었지만 크게 특색이 있지는 않았습니다. 여기 삼선고추짜장도 맛있다는데 조만간 재방문할 예정입니다",맛있다
2748,영화장,Jㅐ,"외대 앞에 위치한 ""영화장"". 맛있다는 이야기를 정말 많이 들어서 기대가 컸는데도 맛있었다ㅠㅠ 역시 유명한 집은 유명한 이유가 다 있어요!!'굴짬뽕'. 후 매력토짐ㅠㅠ 시원하면서 감칠맛 나는 국물은 숟가락질을 멈출 수 없게 만들어요. 해장으로 정말 좋을 것 같은 맛. 이렇게 맛있을 줄 알았으면 전 날 술을 좀 마실껄 하는 생각이 들 정도ㅋㅋ 추천입니다!!'탕수육'은 완전 내 스타일이었어요.. 상큼하다기 보다는 달콤한 맛이에요!! 밝은 색의 소스가 정말 맛있어요. 함께 먹은 지인은 소스에서 꿀 향이 나는 것 같다는 평을. 튀김도 마음에 들어요.평범한 메뉴여서 길게 적을 거리가 없디만, 평범한 메뉴가 맛있기가 정말 힘든건데 여긴 맛있어요. 찾아간 발걸음이 아깝지 않았어요 : D",맛있다
2749,영화장,찌아니,간짜장이랑 굴짬뽕 맛있어요!!,맛있다
2750,영화장,코코브루니 ,since 1970의 저력을 느낄수 있는 '영화장'. 인근에 거주하는 감독님이 강추하여 데려갔는데 정말 맛있었다 >_< 탕수육도 개인적으론 방배주 보다 맛있었다. 삼선짜장면도 풍미가 좋고 안에 들어간 새송이버섯이 너무 맛있었다- 외대쪽에 간다면 재방문의사 200%,맛있다
2751,영화장,봄 سيبوم,굴짬뽕으로 데뷔해 백짬뽕으로 마무리,맛있다
2752,영화장,이종한,"탕수육, 고추잡채, 하얀짬뽕, 간짜장을 가족과 먹었습니다. 탕수육은 자극 적이지 않아 좋았습니다.고추잡채, 간짜장은 쏘쏘, 한얀짬뽕은 좋았습니다동네 중국음식점 보다는 좋네요",괜찮다
2753,영화장,띵시,"가성비 ●●●○○맛 ●●●●○분위기 ●●●○○재방문의사 100지난번 후기에서 짜장 칭찬했었는데, 짜장보다 더 맛있는 메뉴가 나타났다! 굴짬뽕 추천받고 비오는 날 맛보고는 1주 1굴짬 하고 있다. 이게 무슨 맛이냐면.... 잘 우려 낸 배추 육수와 굴 특유의 씨원함 플러스 중식 쎈불소울! 라면이나 먹자는 동아리 애들 질질 끌고 와서 이거 국물 맥였더니 모두 박수쳤다. 면 대신 밥으로도 가능하고, 양이 엄청나게 많다. 소문으로는 주방장님이 이연복쉪 친구라는데 엄청 찐한 친구는 아니고 데면데면하게 친한 듯(소곤)",맛있다
2754,영화장,혀니,원래 해산물은 물론 굴은 진짜 별로 안 좋아해서 처음에  굴짬뽕이 맛있다는 친구들의 추천에도 나는 다른거 시켰다가 친구 굴짬뽕 맛 보고 반해서 그 뒤로 맨날 굴짬뽕만 먹었다... 요즘 몸이 안좋고 마음도 자꾸 우울해지고 뭔가 모든게 무거웠는데 자꾸 여기 굴짬뽕이 생각이 났다. 밥을 먹고 싶은 마음에 굴짬뽕밥을 먹었는데 진짜 국물을 마시는데 내 마음을 따뜻하게 감싸주는 맛이다... 땀도 나니깐 뭔가 개운해지고 행복해졌다... 사랑해요... 영화장...,맛있다
2755,영화장,릴리리,"굴짬뽕과 하얀탕수육으로 유명한 외대맛집.여느 중국집과는 달리 깔끔한 맛이 인상적이다. 중국식냉면도 맛있다는데, 다음엔 다른 메뉴도 먹어보고 싶다.주변에서 맛집을 찾는다면 가볼만한 곳.",괜찮다
2756,영화장,노가리구운김,볶음밥 먹고 싶을 때마다 영화장 생각난다. 진짜 맛있다. 매운고추짬뽕이었나 그것도 맛있다. 군더더기 없이 깔끔한 맛임,맛있다
2757,영화장,띵시,"가성비 ●●●○○맛 ●●●●○분위기 ●●●○○재방문의사 90머리털 나고 먹은 짜장 중에 가장 맛있다. 달짝지근한 맛이 아닌, 진짜 불에 팍팍 볶은 와일드한 소스와 약간 꼬들한 느낌의 면발ㅠㅠ 신세계! 중간중간 고추가 씹히지만 많이 맵지 않고 감칠맛 난다. 더불어 탕수육도 진짜! 튀김옷이 진짜! 소스는 무조건 따로 달라고 해서 극강의 크리스피함을 느껴야 한다(강조)",맛있다
2758,영화장,AlexTheFood,"정말 유명하다고 해서 간 집!하지만 친구랑 나 둘 다 굴짬뽕을 별로 안 좋아하고 탕수육은 우리 기준에서 너무 비쌌으므로..(20000원) 삼선간짜장(7500원)과 삼선짬뽕(8000원)을 시켰다!삼선간짜장과 삼선짬뽕 둘 다 일단 내용물이 좋았다- 난 원래 짜장면을 먹을 때 소스는 잘 안 먹는 편인데 이 날 소스까지 바닥이 보이도록 다 긁어먹었다 (그러고나서 속이 니글니글하긴 했지만...) 맛도 물론 괜찮았다짬뽕도 맛있었다- 특히 국물은 맵지 않고 담백했다 '삼선고추짬뽕' 이었던가 하는 메뉴가 따로 있는 걸 보면 그게 맵고 이 짬뽕은 담백한 듯! 개인적으로는 담백한 국물맛이 괜찮았다.정말 잘 먹고 맛있게 먹고 나왔지만, 사실 또 올지는 의문이다- 내가 돈이 좀 있는 사람이라면 와서 탕수육도 시키고 그러겠지만... 학교 근처에서 학생들이 먹기엔 가성비가 조금 별로이지 않나 싶다. 맛은 조금 떨어져도 짜장면에 짬뽕에 탕수육 군만두까지 먹어도 만원 정도로 먹을 수 있는 곳들이 널렸으므로... 실제로 우리가 갔던 평일 저녁에도 대부분 교수님들이나 근처 거주하시는 아주머니, 아저씨들밖에 없었다 학생들이 편하게 먹을 곳은 못 될 듯.나중에 돈이 넉넉하고 맛있는 중식당에 가고 싶을 때 와서 탕수육에 짬뽕에 짜장면까지 먹어보고 싶긴하다 언젠가 다시 올 날이 있길...",괜찮다
2759,영화장,양재흥,기본에 충실한 맛!!!하지만 난 경발원이 더 좋다구!!!,맛있다
2760,영화장,김영민,굴짬뽕이 시그니쳐 메뉴인 맛집굴짬뽕은 서울에서 수위를 다툴만한 집입니다,맛있다
2761,영화장,E.T Jun ,외대앞에서 정말 유명한 중국집. 가격대가 조금 나가기는 하지만 그만큼 맛이 있음. 중국식냉면은 시원한 국물에 탱글탱글한 해물들을 면발에 곁들여 먹으면 정말 맛있음. 뭔가 더운여름에 입맛없을때 먹으면 계속 국물이 땡기게 만드는 입맛찾아주는 맛임. 새우볶음밥은 밥이 고슬고슬하고 불맛이 일품이었음. 모든 음식이 주문후 직접 조리하기 때문에 음식 나오는 시간이 조금 걸린다고 함.,맛있다
2762,경발원,장희,깐풍기만 먹어봤는데 깐풍육도 어디선가 맛있다길래 먹으러 가봤다. 개인적으로는 아주 호! 깐풍기처럼 뼈가 아니라 순살이라 좋고 두께도 튀긴 정도도 딱 좋은 정도다. 드라이한 스타일로 볶아냈고 양념도 맛있음. 꽤 매운편. 고추도 맛있어서 많이 집어먹다가 배 아팠다.맛있는 식사였고 딱히 불만은 없었는데 가격이 너무 비싸다. 깐풍육이 3.5만...둘이서 먹으니 적당한 정도의 양. 친구는 양적고 비싸서 별로라고. 깐풍육은 작년에도 3.5였고 깐풍기는 3이었는데 이젠 깐풍기도 3.5다.만드는데 상당히 오래걸려서 다른테이블에서 뭐 주문하려고하면 오래걸린다고 계속 얘기하신다.새로 생긴 깐풍기잡채라는 메뉴가 궁금한데 인스타에도 네이버에도 먹은 후기가 없다. 궁금..,맛있다
2763,경발원,평냉쟁이,특이한 면발 질깃쫄깃 자극적이지 않으면서 시원 구수한 국물 적당한 양 더러 생각 나는곳이다,맛있다
2764,경발원,샤이,2020연말 마지막으로먹은 음식은경발원이였다.여전하다는말이 어울릴듯개인적으로 이곳의 시그니처인낀풍기보다탕수육을 더 좋아한다.묘한튀김의이질감이무척 특이하다.소스의 질감도독특하다.짬뽕은 여전히닭육수 베이스의칼국수같은 질감이다.시간을 역행한듯한경발원의 풍미는묘한 즐거움을 준다,맛있다
2765,경발원,chanwook_ie,사장님이 상당히 고령이시고 몸이 편찮으셔서 영업을 자주 못하신다고 한다. 그래서인지 현재는 메뉴가 간소화되어 깐풍기와 짬뽕만 두개만 남아있다.깐풍기는 흔히 보던 비주얼과 달라서 익숙하지 않다. 튀김옷 없이 튀겨낸 닭고기에 깐풍 양념을 입혀내어 고추와 부추를 올린 투박하고 초라한 모습이다.닭고기는 퍽퍽하고 메말라 보이지만 촉촉한 육질이 일품이다. 튀김옷이 없어서 먹고 나서도 속이 더부룩하지 않고 닭 껍질은 더욱 바삭하여 마음에 든다.양념은 처음에는 별로 맵지 않은데 먹다 보면 입 주변이 점점 얼얼해진다. 고추의 알싸함이 닭고기에 제대로 입혀져 있어서 짠맛과 매운맛이 공존한다.,맛있다
2766,경발원,김민경,"!깐풍기 35000원으로 올랐습니다!짬뽕: 먹을 때 국물에서 묘한 냄새가 나고, 짬뽕 속 야채들도 상태가 신선하지 않아보여서 저는 면만 건져서 먹었어요. 기분 탓이겠거니 했는데 짬뽕 그냥 먹었던 같이 간 일행은 배탈 났다고 하네요. 깐풍기: 맛은 있었지만 35000원 만큼 맛있다고 느끼지는 못했습니다. 가성비가 안좋아요. 서비스: 서빙하는 분은 친절하신 편이었습니다! 한편 처음 메뉴에 있는 짜장면을 시키려 했는데 안하신다고(?) 하셔서 짬뽕을 시켜야했던 건 좀 당혹스러웠습니다. 총평: 가격에 비해 특별히 맛있지는 않고, 위생 때문인지 짬뽕 먹고 배탈도 나고.. 안타깝지만 방문할 이유가 없는 곳 같아요. 게다가 깐풍기 가격도 알아본 가격에 비해서 너무 크게 올랐고, 메뉴에 있는 짜장면은 시키지도 못해서 당황스러웠어요. 저는 재방문 안해요ㅠ",별로
2767,경발원,처먹파,"짭짤하면서 알싸한 깐풍기와 담백하고 시원한 짬뽕 조합.둘다 흔하게 먹는 깐풍기,짬뽕과는 완전히 다른 음식. 갠적으론 식사보다는 술과 함께 먹을때 매력이 더욱 돋보이는 집. 불친절 하다고 하던데..뭐 엄청나게 친절하진 않지만 기분 상할 정도로 불친절함을 느껴보진 못했음.+깐풍기 양념을 짬뽕에 넣어 먹으면 얼큰칼칼 최고!!",맛있다
2768,경발원,ㅊㅊㅊ,맛있다독특하며 중독성있는 맛이지만 사장님 카드 좀 받아주세요....,맛있다
2769,경발원,J.H LEE,이곳의 깐풍기는 뭔가 중독성이 있다.불친절과 불편함을 감수하면서도 찾아가게하는 맛집...짬뽕도 일반적인 중화요리 집과는 차별된 맛.좀 더 친절과 서비스에 힘썼으면 최고~,맛있다
2770,경발원,KimJohn,독특하고 맛있는 맛! 둘이서 저걸 다 먹었네요,맛있다
2771,경발원,Luscious.K,경희대 회기역 부근에는 딱 생각나는 맛집은 많지 않은 것 같아요 파전골목의 나그네파전 게조심 정도.... 또하나 더하면.. 바로 경발원 입니다경발원을 한 마디로 표현하면 '궁극의깐풍기' 입니다. 입에 불이 날 정도로 맵습니다. 그런데 기분 좋은 자꾸 땡기는 정말 화끈한 매운 맛이에요.. 엽떡같은 매운 맛과는 비교불가.... 잔뜩 들어간 부추의 식감까지... 매운 음식 잘 못먹는 저도 경발원 깐풍기는 손이 자꾸 가네요. 이집 먹고나면 다른 깐풍기는 눈에 보이지 않을 정도로 강렬한 맛단 깔끔한 분위기와는 거리가 있으니 방문 전에 참고하세요요즘같이 더울 때는 경발원깐풍기의 매운맛에 연태고량주 한잔 딱 꺽어보세요..... 강추,맛있다
2772,경발원,키다리아저씨,"워낙 유명한 경발원~허름하고 낡은 분위기의 중식당 느낌이 날랑말랑한 곳으로 위생은 모르겠고....친절함이나 서비스는 기대하지 말자.경발원 하면 깐풍기!!!! (28,000원)고추와 건고추~그리고 부추를 볶아서 은은한 향과 진한 맛의 고추기름이 닭튀김에 잘 버무러지는 중독적이고 끌리는 맛!!! 살짝 짭쪼름하면서 매콤하고 칼칼하지만~ 닭튀김이 담백하고 고소해서 맛의 조화는 훌륭하다.닭의 사이즈가 아담해서 그런지...상당히 많은 잔뼈들이 있어서 먹다보면 잇몸을 다칠 수도 있다.(주의) 부드러운 닭다리살 보다는 뻑뻑한 닭가슴살의 식감이 좀더 많이 느껴지는듯한 기분도 들지만~ 닭가슴살을 좋아하는 개인적 취향으로는 문제 될 사항은 아니였다.짬뽕 (5,000원)일반적인 짬뽕과는 확실히 다른느낌의 짬뽕!!우선 국물의 빛깔부터가 누런색인데~ 닭육수의 느낌이 강하게 나면서~ 여기서도 고추의 매콤한 느낌 때문에 육수의 느끼함을 살짝 잡아준다. 그래도 담백하고 구수한 느낌이 좀더 강한 기분이 들고~ 닭고기가 들어서 다른곳의 짬뽕과 확실히 다른느낌이다.하지만 시간이 지날수록 국물에 기름이 둥둥뜨고 뭉치는 현상이 나타나고... 면의 특별함을 느끼지 못하는 아쉬움도 남는다.계산시 카드보다 현금을 선호하는 모습의 태도 또한 불쾌할 수 있으니 감안하시길...",괜찮다
2773,경발원,AlexTheFood,"170526.맛 ★★★☆ 분위기 ★★★ 가성비 ★★☆ 재방문 의사 없음 주문한 메뉴 (2명 방문) 짬뽕 - 5000원 깐풍기 - 28000원 총 33000원중국집을 가려면경희대는 경발원, 외대는 영화장이라고할 정도로 굉장히 유명한 회기역의 경발원.망고플레이트에서도 칭찬일색이라굉장히 기대하고 친구와 함께 방문해보았다.(간판이 한자라서 조금 헷갈릴 수 있다.)사실 혼자 두 세 번 정도 오려했던 적이 있는데,왠지 올 때마다 문을 안 열려있어서 걱정했지만이 날은 다행히 열려있었다.앉자마자 경발원의 대표 메뉴인깐풍기 하나와 짬뽕 하나를 주문했는데,깐풍기 가격이 올랐다...원래 25000원으로 알고 있었는데그새 28000원으로 오른 가격.(장사가 잘 되긴 한가 보다.)어쨌든 깐풍기가 먼저 나왔는데,음 나와 친구의 총평을 먼저 말하자면""이게 그 정도인가...?""물론 닭을 뼈째 튀겨서 부추와 고추와 함께볶아냈으니 맛이 없을 수가 없지만,일단 너무 퍽퍽했다.뼈가 너무 많아 먹기 힘든 것은 둘째 치고부드러웠던 살이 단 한 부분도 없었다.그리고 다리가 없었다... 어째서?짬뽕은 분명 맛있었다.처음 서빙이 되었을 때부터닭향과 비주얼에 감탄했다.국물은 전혀 맵지 않고 오히려 담백하며면은 특색은 없었지만국물, 그리고 건더기와 잘 어우러졌다.특히 깐풍기에 있는 부추를 함께 먹으면짬뽕이 담백한 맛이므로굉장히 밸런스가 좋다.분명 특색있지만다음에는 짬뽕만 먹을 것.기대를 너무 해서 그런지제일 기대했던 깐풍기가정말 너무 아쉬웠다.심지어 처음 서빙될 때 단무지에꼬불꼬불한 털이 있었는데...차마 우리는 단무지에 손길을 줄 수가 없었다.불친절에 대한 이야기가 많던데우리가 갔을 때는 현금을 드려서 그런지오히려 커피사탕까지 받고 나왔다.하지만 여러 의미에서 실망한 식당이라재방문하지는 않을 것 같다....짬뽕이 생각나면 다시 한 번 생각해보고.",괜찮다
2774,경발원,장희,짜장 짬뽕 깐풍기 다 좀 투박한느낌이라고 할수도 있지만 이곳에서만 볼수있는 스타일이라 색다른 경험하고싶으면 와볼만함. 깐풍기는 소문대로 맛있었네요. 물기없이 바싹 마른 스타일이라 개인적으론 좋아하는 스타일,맛있다
2775,경발원,춘,음식들이 담백합니다. 워낙 유명하긴 하지만 깐풍기가 훌륭합니다. 다만 조금 맵다고 느끼실 수도 있을 것 같네요. 짬뽕도 맛있습니다. 맵고 짜서 짬뽕 싫어하시는 분들도 맵지 않고 담백한 이곳 짬뽕은 잘 드실 수 있을 것 같습니다.,맛있다
2776,경발원,피글렛,한번정도는 가볼만 하지만... 백짬뽕이 특이하거든요근데 다시 생각나는 맛은 아니에요국물 짜고 약간 음 나카사키 느낌인데 안느끼하고 깔끔한 백라면 맛이에요막 맛있어서 일부러 찾아올 정도의 맛은 아니라고 생각합니다저는 이집 바로 옆집 봉이만두와 세트로 묶어서 같이 옵니다ㅋㅋㅋ,괜찮다
2777,경발원,BECKHAM,소문대로 맛있음.짬뽕도 얼큰해서 국물 좋음.주인 분이 너무 불친절함 (소문대로)카드는 왜 안 되나요?,맛있다
2778,경발원,Jㅐ,"망고 경희대 맛집으로 선정된 ""경발원"". 짬뽕과 깐풍기로 유명한 곳이에요!! 요즘은 불맛을 강조하는 짬뽕들이 많은데, 처음 먹어보는 닭향 가득한 시원한 국물의 짬뽕이 정말 좋았어요. 해장으로 딱 좋을 것 같은 자꾸 숟가락이 가는 맛!! 깐풍기는 짭짤 + 매콤 + 느끼함이 적절히 조화되어서 맛 없을 수가 없어요. 깐풍기라는 음식을 다시 보게 할 정도의 맛. 먹고 나와서 한 시간 정도 유지되는 입술에서 느껴지는 알싸함과 기름짐은 이 곳을 또 방문하고 싶게 만드네요!!",맛있다
2779,경발원,나누리,"3번정도 방문했었는데, 어찌 된 이유인지 갈 때마다 문이 닫혀있어서 매번 실패했던 곳인데, 오늘은 무난히 입장했습니다. 깐풍기와 짬뽕, 그리고 불친절(카드 결제를 요구하는 순간 경험하실 수 있다고 하는...)로 유명한 곳이죠. 불친절은 그닥 경험하고 싶지 않아서 현금을 챙겨 갔습니다.12시에 오픈인데, 12시 15분쯤에 입장하니 테이블이 거의 다 차 있더군요. 그래서 맛집은 맛집인가보다 하고 있었는데 테이블 순환은 잘 안되는 것 같네요. 반짝이었습니다. 그래도 기대한만큼 맛은 있었습니다. 매콤한 냄새를 풍기며 나온 깐풍기는 고추기름과 부추, 그리고 고추씨들이 튀긴닭(튀김옷은 없습니다)과 함께 들들 볶아져나와서 식욕을 자극하더군요. 다만 뜨거울 때 드시기보다는 약간 식었을 때 드시기를 추천합니다. 식을수록 맛있는 느낌이었어요. 튀김옷 입히지 않은 채 바삭하게 튀긴 닭과, 짭짤하고도 매콤한 양념과의 조화가 좋았습니다. 닭과 부추를 곁들여 드시면 더욱 좋습니다. 술을 부르는 음식이지 싶더군요. 짬뽕도 괜찮은 편입니다. 그다지 자극적이진 않으면서도 시원한 국물맛이 여타 평범한 중국집들 짬뽕들과는 분명 다른듯 했습니다. 돼지고기가 아닌, 닭고기를 짬뽕에 쓴 것도 특이한 점이죠.불친절은...잘 모르겠네요. 저와 제 일행은 오히려 많이 친절하다고 생각하고 나왔습니다. 애초에 카드결제를 고려하지 않은 탓이겠죠. 서빙하시는분도 자리에 앉자마자 카드결제는 안된다고 말하긴 했습니다. 옆집 봉이만두도 카드결제를 거부했던걸로 아는데, 뭐...불만은 있지만 찾아가서까지 결제문제로 기분을 망치고 싶진않아서 그냥 현금을 들고가길 잘했다 싶네요.총평 : 맛있습니다. 고추기름맛이 충만한 깐풍기, 그리고 시원한 짬뽕을 즐기실 수 있습니다. 그리고 현금결제에대한 거부감이 없으시다면 친절함까지도 느끼실 수 있습니다. 카드는 넣어두시길;;; 기분만 상하실듯 해서요. 그냥 내려놓고 즐기시길.",맛있다
2780,경발원,양재흥,깐풍기와 짬뽕으로 다시 가게 만드는 집!! 다만 문을 안열 때가 많다!!!,맛있다
2781,경발원,Grappa0224,언제 와도 만족스러운 깐풍기!,맛있다
2782,신락원,로우니,가족 외식하기에도 좋아요ㅎㅎ 주말 저녁 쯤에 가면 가족단위로들 많이 오시더라구요 여기 탕수육도 괜찮고 식사류도 괜찮은 퍈인데 정말 잘하는 건 새우요리에요! 새우요리 꼭꼭 드셨으면 식사류는 개인적으로 짬뽕보다는 짜장면이 훨씬 입에 잘 맞았아요,괜찮다
2783,신락원,뜌아,고급진 맛이 있어요. 일반 배달중국집의 그 기름쩐내와 배채우기식 식사가 아니라서 좋습니다. 짬뽕 싫어하는데 맛이 깊은맛이라 국물까지 먹게되더라구요~ 탕수육은 고기가 실했고 짜장면도 고소하고 깔끔한 맛이었습니다,맛있다
2784,신락원,로한,"# 칠리새우(대), 깐풍기, 탕수육(중), 유니짜장주말 저녁식사로 중식을 먹기로 했음대통령 중식담당 조리사 등 이력이 있고, 전농동에 있어 차로 픽업도 가능하기에 신락원으로 주문을 넣었음 저녁밥으로 신락원 코스요리도 언급이 되었으나, 혼자 4인 가족 코스요리 픽업은 무리일 것 같아 단품으로 주문을 했음 (코스요리도 픽업이 가능)겹치지 않게 먹고 싶어 돼지, 닭, 새우 고루 먹을 수 있도록 칠리새우, 깐풍기, 탕수육을 주문했음개인적으로 식사 면음식(짜장, 짬봉)을 즐기지 않아 식사는 생략하려고 했다가 짜장면에 대한 평이 좋아 맛보기로 추가 주문했음 초행길이라 여유있게 갔더니 픽업예정시간보다 10분 정도 일찍 도착했는데 직원분이 조금 불편하신 듯 했음 ㅠㅠ 가게는 생각보다 크진 않았음 음식이 나왔고 맛있게 먹기 위해 신속배달을 했음  짜장면과 탕수육은 사전에 봤던 리뷰와 비슷한 생각이 들었음 짜장면을 좋아하지 않는데 신락원 유니짜장은 맛있었음 탕수육은 튀김옷이 상당히 바삭했는데 나오자마자 먹은게 아닌 픽업해와 먹었는데도 바삭함이 살아 있었음튀김의 바삭함에 정신이 팔려 고기는 기억이 안남...!동네 중국집 탕수육 소스가 달고 시고 맛의 색이 뚜렸하다면 여긴 은은하고 슴슴하고 맛이 묽은편(?)소스에 레몬향이 은은하게 났던게 기억이 남칠리새우는 중은 새우 8마리, 대는 12마리가 나온다고 해 대로 주문했는데 나쁘진 않았음1인 새우 2마리가 양이 적을 것 같아 대로 시켰는데 다른 요리들이 있어 부족하지 않았았음오히려 2개 이상 먹으니 슬슬 물리기 시작했음딱 2마리까지가 제일 맛있었음칠리새우를 먹고 깐풍기를 먹었더니  칠리새우의 강한 소스맛에 깐풍기가 묻히는 듯 했음고추기름의 매운향이나 맛보단 간장 맛이 더 느꼈는데 칠리에 비해 맛이 은은해 요걸 먼저 먹는게 더 좋을뻔 했음조심해서 흔들림없이 픽업해왔는데 왜 깐풍기소스(?)가 샌것마냥 봉지 밑바닥에 고여(?)/ 묻어(?) 있었는지 모르겠음...전체적으로 맛이 강하고 뚜렷하기 보단 은은하단 느낌이 들었음(칠리제외)새우, 돼지, 닭 등 잡내는 크게 느끼진 못했고 튀긴 음식들인데 생각보다 먹고난 후 속이 편했음동네 거주기간이 짧고 집-회사만 오가다보니 근처 식당을 많이 접해보진 못했지만 이 근방에선 괜찮은 식당인 것 같음배달을 안해 향후 픽업은 내 몫이 될 듯 해 쪼금 귀찮긴 함",맛있다
2785,신락원,hedonist,메뉴 하나밖에 못찍었네요...ㅠㅠ짜장 짬뽕 탕숙 드시지 마시고 중식 요리 추천받아서 드세요 진짜 다 맛있음ㅠㅠ,맛있다
2786,신락원,정지혜,"삼선짬뽕 (8,000원)- 생각보다 화려하지 않은 비주얼, 마침 약속도 있어 많지 않고 적당한 양이 좋았다.내가 좋아하는 자극적인 짬뽕 맛은 아니지만 누구나 좋아할 법한 맛! 맵지 않은데 맛있는 짬뽕은 오랜만이었다.특히 국물이 너무 맛있어서 완뽕~유니자장면 (5,000원)- 짜장면 먹고 남은 양념을 떠먹는 걸 좋아하는데 소스가 생각보다 짭짤했다. 탕수육을 안 시켰다면 밥을 비벼 먹어도 좋았을 정도의 짭짤함.​탕수육 中 (16,000원)- 양은 역시 많지 않지만 왜 먹어봐야 한다고 했는지 느껴지는 맛. 사실 맛보다는 부먹인데도 바삭한 식감이 신기하다. 그냥 바삭이 아니라 땅땅한? ㅋㅋ 글로 표현이 힘든데 어쨌든 난 좋았다!맛집답게 깔끔한 맛과 빠른 서비스, 친절한 직원분들찾아가서 먹기에도 부족함은 없지만 동네가 아니기에 한 번으로 만족스러운 맛집이다.",맛있다
2787,신락원,chanwook_ie,"극찬 일색인 탕수육이 궁금해서 예전부터 저장해둔 신락원이다. 동네 물가를 반영한 듯 명성에 비해 가격대는 저렴하고 5천 원짜리 짜장면이 눈에 띄었다.오랜만에 중식의 공식과도 같은 짜장, 짬뽕, 탕수육을 주문했다. 탕수육은 소스가 볶아져 나오며 튀김옷이 상당히 바삭해서 시간이 지나도 눅눅해지지 않는다.고기 함량이 높다고 보기 애매하지만 절대 적은 편은 아니다. 튀김옷과 고기가 한 번에 씹히는 탕수육은 아니지만 새롭게 접해보는 맛이어서 나쁘지 않았다.짜장면은 기본 짜장면이 유니짜장인데 고기가 잔뜩 들어가서 나는 고소함이 일품이다. 간짜장만 먹다가 오랜만에 짜장면을 먹어서인지 이날 가장 맛있게 먹었다.짬뽕은 삼선 말고 일반으로 주문했는데 오징어가 섭섭하지 않게 들어있다. 국물에서 불맛은 적어도 딱 떨어지게 깔끔한 맛으로 호텔 스타일의 짬뽕이다.",맛있다
2788,신락원,먹관평야,"<기대에 미치지 못 한...>탕수육 '바삭'으로 명성이 드높은 신락원.너무 궁금했던 곳인데 맘먹고 가야해서가족들을 설득해서 드디어 다녀왔다.●4인가족의 평가는 이랬다.(10점만점기준)8.3점-탕수육이 만족스러웠고 딴건 보통8.5점-탕수육 맛있었고 짜장면도 굿7점-탕수육만 오케이7점-탕수육,짜장오케이 총점: 30.8 평균: 7.7탕수육은 듣던대로 정말 바삭했다.그런데, 묽고 신맛강한 소스가 좀 아쉬웠다.꿔바로우에 어울림직한 소스였다.좀더 풍부한 맛을 가진 점도가 있는 베이스였다면어땠을까싶다..짬뽕은 좀 실망이다.일단 간 자체가 강하지 않은데국물맛을 우려낼수 있는 내용물이 부실해서 그런지 국물맛이 깊이가 전혀 없었다.국물이 컵라면 국물처럼 맑기까지 하다.삼선짬뽕은 좀 나으려나 모르겠다.의외로 짜장면이 굉장히 맛있었다.비벼놓으니 면에 소스가 촥 붙고 굉장히 찐득찐득한 식감으로 고소한 맛을 내는 진짜 옛날맛 짜장면이었다.가장 실망스러운건 볶음밥ㅜ.ㅜ꼬슬꼬슬 날리는 새우계란볶음밥을 생각하고 시킨거였는데.. 질척하고 기름진밥에 새우가 그냥얹어진 기름밥with새우가 나왔다.싱겁고 질고 너무 맛이 없었다..그래도 우리 네명 모두 탕수육은 꽤 맛있다고 칭찬하면서 나왔다.^^밥을 먹고 신락원을 나서는데 길 건너편에정말 깜짝 놀랄만한게 보였다.영화 세트장에서나 볼 수 있을것같은 목욕탕굴뚝!omg 신기해라~(마지막사진)70년대감성 뿜뿜하는 저 리얼레트로 현장에서목욕을하고 신락원 탕수육짜장을 먹었더라면분명 < 맛있다 >였을건데..조금 아쉽...♡",괜찮다
2789,신락원,Luscious.K,"#전농동 #신락원""35년만에 조우한 나의 추억의 인생 짜장면집""1. 중학교 시절에 짜장면이 500원 정도 했었다. 주로 부모님이 배달로 시켜 주셔서 먹었었는데, 중학교 때 처음으로 부모님 아닌 분과 중국집에 가서 짜장면을 먹은 기억이 지금도 생생하다.전농동 혜성여고 골목에 있는 하얀 타일이 유난히 눈에 띄는 중국집이였는데, 식당 이름은 한문이라 기억이 나질 않는다. 환경미화 활동 후에 선생님이 사주셨던 짜장면 한 그릇이 그렇게 맛이 있을 수 없었다.아마도 <인생 짜장면>이 아니였을까?2. 서울에 탕수육, 짜장면 맛있는 유명한 중국집들이 있는데, 그 중에 전농동 <신락원>의 위치가 눈에 밟힌다.그 옛날 중학생 때 선생님이 사주셨던 그 짜장면집의 로케이션이다.외관도 예전과는 다르고 4대문파인 호화대반점에서 수학한 쉐프님의 업장이라는 팩트 때문에 신락원이 나의 추억의 그 짜장면집이라는 것에 확신이 없었다.그런데 이번 방문에서 신락원이 나의 그 인생짜장면집이라는 사실을 알게되었다.35년만의 조우.... 맛이 없을 리가 없다.3. 신락원의 역사는 50년이 넘었다. 1965년 개업을 했으니 벌써 56년의 역사다.1대 사장이신 왕세안 사부를 시작으로 2대 왕수신 사부, 그리고 현재는 3대 왕기명 쉐프가 이끌고 있다.왕기명 쉐프는 프라자호텔, 조선호텔, 세종호텔 등 화려한 경력을 뒤로하고 고향으로 돌아온 금의환향 쉐프이면서 작은 노포를 지금의 명성을 가진 신락원의 꿈을 이뤄낸 중식의 달인으로도 평가를 받는다.   4. 신락원의 역사가 어떻든 간에 가게 입구에 들어서면서 사장님께 이집이 그 옛날 하얀 타일집이 맞는지 여쭤봤더니, 벽에 걸린 사진을 보여주시면서 그 집이 맞다고 하신다. (사진19)정말로 기쁘고 짜릿한 순간이였는데, 이런 기분 이해 못하시는 분들도 많을 듯 하다 ㅎㅎㅎ (그깟 짜장면집 하나 찾았다고 짜릿?)5. 탕수육과 짜장면, 삼선짬뽕을 부탁드리면서 가게를 둘러봤는데, 붉은 장식들과 주방에서 들려오는 중국어 대화가 이집이 화상집이라는 사실을 알게해준다.주방에서 제트앤진 소리와 웍 돌리는 소리가 선명하게 들린다. 신기하게 그 소리가 소음이 아니라 음악처럼 감미롭다.6. 탕수육은 볶먹 스타일인데, 찹쌀이 들어간 반죽이 바삭하면서 공기층이 포실하다. 고기도 적당한 크기고 퍽퍽하지 않아 버겁지 않다.소스는 단맛과 신맛이 중급 정도라 자극적이지 않고 자연스업다. 아주 맛있는 탕수육이다.7. 추억의 그 짜장면이 나왔는데, 기본 짜장이 유니짜장이다.가담에서 느꼈던 연한 뭔가의 향이 느껴지는데 (생강 비슷한..) 뭔지는 모르겠다. 춘장이 꽤 들어 춘장맛이 고소한데 짠기는 그리 없다. 단맛도 적절해서 어찌 보면 싱겁게 느껴질 수도 있지만 춘장의 깊은 맛이 이를 커버한다.약간 노르스름한 면빨은 의외로 소프트해서 미끄럽게 넘어간다.아주 맛있는 짜장면이다.과함 없이 적당히 맛있다. 8. 짬뽕이 의외로 굉장히 맛있다.바로 볶아 국물낸 후레쉬한 국물의 짬뽕이라 경쾌하다.다른 곳에서는 사용하지 않는 ""복어살""을 사용하는 것도 진짜 화상스타일이다.이집 짬뽕은 첫 술에 진가를 느낄 수 없다. 이 느낌은 얼마전 가담에서 먹은 우동과 같은 느낌인데, 바로 볶아 만든 국물은 처음 보다 시간이 지나면 재료의 맛이 국물에 녹아나와 깊이가 깊어지면서 더 맛있어진다.이집 짬뽕도 중간 부터 후레쉬한 국물에서 깊이가 느껴지는 국물로 바뀐다.기가 막히다.9. 참 기분 좋은 식사를 했다.나의 기억 한 모퉁이에서 잠자고 있던 먼지 덮힌 한 조각의 추억에 빛이 비치는 느낌의 식사다.이런 기분인데 뭔들 맛이 없을까?<행복이 따로 없네.... ㅎㅎ>PS: 2021년 현재 신락원의 짜장면 1 그릇 가격이 5,000원이다. 10배의 가격차이에서 세월의 무게가 느껴진다. PS2: 나는 2대 왕수신 사부가 해주신 짜장면을 먹고 자랐나보다  ㅋ",맛있다
2790,신락원,잘먹는 인도인 Raj,"내 한국 생활은 '신락원' 전/후로 나뉜다.물론 크게 바뀐건 없다.쫄깃달달한 유니짜장과 담백고소한 신락면, 새콤달콤한 탕수육의 미각은 잊히지 않는다.같이 온 친구도 동의한다.너도 그럴 것 :)",괜찮다
2791,신락원,ㅇㅇ,소문대로 탕수육이 맛있었다.소스가 버무려 나왔는데 어쩜겉은 바삭바삭  속은 촉촉한지...좀 달았지만 전체적인 발란스가 좋았고 고급스러운 맛이었다.신락면은 훌륭하지는 않았지만 그냥 먹을만 했다.,맛있다
2792,신락원,페이든,"짜장면 정말 정말 맛있고, 짬뽕은 국물이 심심하면서도 땡기는 깔끔한 맛입니다.주차가 힘든점 빼고는 최고의 짜장면 맛집입니다!",맛있다
2793,신락원,장희,탕수육이 맛있다고 유명하던데 그럴만하다 기름기없이 아주 바삭한 탕수육.기본짜장이 유니짜장인데 5천원. 볶음밥은 특이하게 튀긴 돼지고기가 들어있다. 식사류도 다 맛있었다. 친구말로는 중국냉면은 여기저기 가봤는데 여기가 제일 맛있다고함.,맛있다
2794,신락원,웡키,쟁반짜장과 일반 탕수육 주문하였음. 서울 내 유명한 호텔에서 일을 해보신 셰프님듸 실력 덕분에 맛에는 매우 만족함. 짜장면에 청량고추를 뿌리시던데 혹시 매운거 잘 못 드시는 분은 빼달라고 미리 말씀드리세요.,맛있다
2795,신락원,ethanghymn,"일요일이라 서초역 근처에 갔다가 오늘은 아침에 라면도 끓여 먹지 않고 나왔는지라 배가 고팠는데 점심 먹으러 어딜갈지를 어제 저녁부터 충분히 생각하고 리스트업을 해놓지 않은지라 급히 가고싶다 리스트를 꺼내 보니 지난 번에 키다리아저씨님의 리뷰를 보고 세이브해뒀던 회기 산해관이 생각나는데 전활해보니 전활 안 받길래 휴일인가보다 함. 언젠가는 일요일에도 전활하니 통화가 됐고, 영업을 하는 것 같던데 일요일엔 격주로 영업을 하는건지 아무튼 오늘은 전활 안 받아 포길함.근처의 시키카츠도 일요일엔 쉬고, 며칠 전에 한유정님의 리뷰를 보고 가고싶다에 세이브해뒀던 합정동 연희중식도 일요일엔 쉬어서 아쉬웠음.일요일날 영업하고 집에서 먼 델 가기 싫어하는 가족들을 생각해서 비교적 가까운 가겔 찾다보니 어린가족인원은 안 좋아할 것 같지만 세이브해둔지 제법 된 설눈이 근처에 보이고, 오늘 아침에 YennaPPa님의 리뷰에서 봤던 개포동 하영각과 하영각 근처의 햄버거 가게인 원스타 올드패션드 햄버거가 눈에 들어와 그렇게 리스트업을 해두고 가족이 차에 타자 어린가족인원에게 탕수육 먹고 싶냐고 물으니 오뎅이 먹고 싶다고 해서 뭥미였지만 지난 번에 오뎅이 좋았던 빨간오뎅 부산어묵이 멀지 않아 탕수육이나 햄버거를 먹고 들르면 되겠다고 생각했는데 갑자기 가족인원이 창신동완구시장에 가서 슬라임을 사라 가자고 함. 헐..그쪽이면 가보고 싶은 곳이 산해관인데 오늘 영업을 안 하는지라 갑자기 머리가 뒤죽박죽이 됨.아침도 안 먹은지라 가족인원이 배 고프다면서 빨리 출발하자면서 신락원에 가자고 함.신락원은 나도 좋아하지만 새로운 가겔 가보고 싶었는데 하는 수 없었음.다행히 차가 안 막혀 금방 도착했고 가게 앞엔 차 2대가 주차되어 있어 좀 더 안쪽으로 들어가 적당히 차를 대고 가게로 향함.가게로 들어가니 손님이 가득차서 대기를 조금 했고 카운터엔 매번 보는 상냥한 사모님이 아닌 중년의 남자분이신데 미국에서 바이크족의 느낌으로 턱수염을 기르시고 옷도 캐쥬얼하게 입으신 덩치가 좋으신 분이 계셔서 누구신가 했고 계산을 하고 나가는 손님의 어린가족인원에게 캔디를 건네주심.곧 자리가 나서 테이블에 앉아 메뉴를 보는데 지난 두 번의 방문에서 이 가게는 튀김류를 잘하는 느낌이어서 탕수육과 깐풍기를 맛볼까 했는데 가족인원은 탕수육 중자와 유니짜장 그리고 내가 먹고 싶은 식사를 주문하자고 함.난 어려서부터 부모님과 중식당에 가면 요리만 먹었던 적이 대부분인지라 식사는 사실 많이 먹어 보지 않았는데 가족인원이 요리 두 갤 시키지 말고 탕수육 한 개와 식사를 시키자고 해서 가게 벽에 붙어있는 겨울시즌 메뉴인 굴짬뽕과 잡탕밥 중에 고민하다 사모님께 여쭤보니 굴짬뽕을 맛보라고 권유하셔서 탕수육 대자와 유니짜장, 굴짬뽕을 주문함.굴짬뽕은 땡초가 들어가서 맵다는데 살짝 고민하자 맵지 않게도 해 주실 수 있으시다는데 하얀 국물에 매콤한 맛은 괜찮을 것 같아 그냥 원래대로 부탁드림.단무지와 양파를 맛보니 단무지는 단맛은 별로 없이 짠맛이 돌아 양파가 시원아삭해 더 좋게 느껴짐.곧 탕수육이 나오나 싶었는데 가져다 주던 아마도 가게 주인분의 아드님인 것 같은 남학생은 다시 가져가나 싶더니 조금 있다 다시 가지고 와서 테이블에 놓음.사이즈가 조금 작아 보여서 이게 대자인가요?라고 물으려는데 사모님이 주문이 잘못 들어가서 대자가 아닌 중자가 나왔다며 조금 더 튀겨서 가져다 주시겠다고 하심.양은 푸짐하진 않더라도 제법 됐고 잘 살펴보는데 뭔가 느낌이 살짝 다른게 느껴짐.일단 이 집 탕수육을 처음 접했었을때 느껴졌던 엄청난 포스가 느껴지질 않고 탕수육의 형태도 그렇고 색깔도 좀 더 흰 빛이 돌게 옅은 색이면서 튀김옷이 공기층을 안에 품고 있으면서 겉은 얇지만 단단하게 보여야 하는데 그렇지 않았고 소스의 색깔도 좀 더 맑은 느낌이면서 투명한 듯 영롱하게 빛나야 하는데 좀 더 탁한 듯 진한 빛이어서 뭔가 다르네 생각함.젓가락으로 집어 맛을 보니 튀김옷은 얇지만 단단한 듯 가볍게 파삭 부서지지 않고 좀 더 부드러운 식감이었고 소스의 맛도 좀 더 은은한 듯 절묘하게 단 맛이 나지 않고 살짝 더 진한 느낌임.어린가족인원을 위해 가족인원은 가위로 탕수육을 자르는데 고기는 다 실한 살코기로만 이루어져 있고 잡내같은건 1도 없음.속으로 아마도 왕기명 셰프님이 아닌 수제자분이나 아무튼 다른 셰프분이 조리했나 생각되서 리뷰에 그렇게 써야겠다라고 생각함.곧 이어서 굴짬뽕과 유니짜장이 나왔는데 유니짜장은 가족인원이 먹는 걸 한 입 맛을 보니 너무 달달하거나 하지 않고 면은 탄력이 있거나 한 편이 아니고 부들하게 부드러운 타입으로 좀 달라 특별하진 않지만 나름 좋음.내가 주문한 굴짬뽕도 맛을 보니 너무 맑거나 하지 않고 좀 더 흔한 타입의 굴짬뽕으로 감칠맛이 적당히 느껴지고 가끔씩 땡초나 중국 건고추의 매콤함이 좋은데 역시나 면은 유니짜장과 같이 부들하게 부드러운 타입이었고 굴이 듬뿍 들어있어 역시나 특별하진 않지만 나름 좋음.양이 적지 않은 것 같아 가족인원과 상의하고 혹시나 탕수육 더 튀겨주기로 한 게 취소가 가능한지 여쭤보니 가능하다고 해서 취소함.어린가족인원은 탕수육을 맛있게 먹고 소스도 맛있는지 스푼으로 떠먹기도 함.다 맛있게 먹고 사모님이 가져다 주신 우유푸딩을 먹으면서 둘러보다보니 벽에 걸린 왕기명 셰프님의 사진이 보여 보다보니 어, 아까 카운터에 계셨던 분과 비슷하네 하면서 카운터쪽으로 고갤 돌려보니 그 분이 왕기명 셰프셨음. 헐..엄청난 공력이 한 눈에 느껴지지 않았던 탕수육의 비밀이 풀림. 생각했던대로 왕기명 셰프님이 직접 조리하지 않으시고 수제자분이나 아무튼 주방의 다른 셰프분이 조리한 게 확실해짐.계산을 하니 왕기명 셰프님은 어린가족인원에게 투시팝 캔디를 한 개 건네주심.차로 향하면서 어린가족인원한테 캔디 먹을건지 물어보니 줄까?하길래 달라고 함. 내가 제일 좋아하는 체리맛이었고 입에 넣으니 진한 체리향이 좋아 미소가 지어짐. 계속 먹을수록 처음 입에 넣었을때의 향긋하고 진한 체리향만큼은 못하지만 그래도 좋음.전체적으로 이 쪽 동네에서 믿고 방문하는 중식당인 신락원에 오랜만에 방문했는데 첫 대면에서 나를 어버버하게 만든 엄청난 공력이 느껴졌던 명품탕수육은 아니었지만 그래도 흔한 중식당의 것보단 나았고 이 근처에선 탕수육만큼은 믿고 방문할만한 집인건 여전함.",맛있다
2796,신락원,맛되디,"<나 학교 다님서 뭐했지.! !>재개한 마을 중식당 로드 첫타자, 신락원 리뷰입니다.리뷰에서 탕수육에 대한 흥미가 치솟았고... 복어살이 들어갔다는 삼선짬뽕 역시 너무 궁금하고 자꾸 생각나더군요. 흥미와 호기심은 생겼을 때 풀어야 하는 법. 지체 없이 방문해 맛보았습니다ㅎ위치는 서울시립대 근처로, 정문에서 멀지 않습니다. 동대문구 위치는 빠삭한지라 회기역에서도 걸어갈 순 있었어요ㅎ 조금 걸렸지만요.청량리역이 가장 가까운 역이긴하나... 역시 거리가 제법 있어ㅠ 이동네가 낯선 분들께는 접근성이 좋다곤 못 하겠어요...ㅎ김대중 대통령 시절 청와대, 세종호텔 중식당 '황궁'에서 경력을 쌓으신 왕기명 주방장님이 운영하시는 식당답게..  입구부터 각종 상패, 경력 증명서들이 가득합니다. 중국스러움과 귀여움이 공존하는 자기, 조각상들도 몇 가지 있어요ㅋ 내부는 전형적인 동네 중식당이고, 깔끔한 편에 속합니다.주문 메뉴 - 탕수육 중, 삼선짬뽕리뷰를 보며, 메뉴를 정하고 왔으므로! 탕수육 중, 삼선짬뽕 주문했습니다ㅎ 등판한 탕수육은 일단 비주얼이... 보석고기! 이 느낌이 딱 들었어요. 옛날 요리왕 비룡에서 봤던 것처럼 광택이 번쩍번쩍하는 실한 고깃덩이들이 가득합니다. 고기는 운동 많이 한 남자 손에서 제일 긴 손가락 길이 정도에 두께도 도톰한 편! 중 양이 충분 이상인 편이라 엄청 대식가가 아니고서야 혼자선 중이 좋을 듯 합니다.맛은 기대 이상이었어요. 얇은 튀김으로 고기볶음 느낌이 강했던 홍릉각 탕수육과 달리..  맛있는 튀김의 느낌이 명쾌한 탕수육입니다. 적당한 바삭함과 쫀득함이 씹는 순간부터 넘기는 순간까지 이어져요.  전형적인 탕수육의 맛 같으면서도, 그 맛을 한껏 끌어낸 수준이라 전형적이란 말을 붙이긴 미안한 맛이랄까요.탕수육의 포인트 또 하나는 통조림 아닌 파인애플! 소스를 풍성, 특별하게 해주는 건 물론이고, 고기랑 같이 먹어도 맛 증대 효과가 확실합니다.요약하면, 보석 같은 첫인상만큼, 맛도 보석처럼 빛났네요 이 탕수육ㅎ삼선짬뽕은 리뷰에서 본 사진보다는 재료가 다소 부실해보여서 처음엔 살짝 실망했습니다. 허나 뒤적뒤적 낚시질을 시작해보니.. 제가 성급했네요 허허. 여러 해산물이 쏠쏠히 들어가 있어요ㅋ 그토록 기대한 복살점도요ㅎㅎ먼저 한 숟갈 넣어본 국물 맛은, 어 해물탕스럽다? 느낌이 젤 먼저 들어요. 불맛과 기름기가 치고들어오는 보통의 짬뽕들보다 개운, 얼큰, 매콤함이 옵니다. 다음엔 면과 해물, 채소를 고루 엉키게 잡아 후루룩! 맛있네요. 맛있는 짬뽕인데 먹을수록 은근 맵습니다ㅎㅎ 스스로 맵찔이는 아니라고 생각했는데 점점 땀이 나는 것이.. ㅋㅋ 그래도 복살과 기타 재료들의 식감도 적당했고 전반적으로 맛있다는 충분한 짬뽕이었습니다. 짬뽕 국물치곤 기름기 정말 적은 편이라! 느끼한 거 싫어하는 분들이 특히 좋아하실 것 같아요. 저도 차돌짬뽕 같은 고기토핑 계열의 걸죽짬뽕보단 맑은 해물계 짬뽕을 좋아하는 편이라 더 제 스타일이었구요.상당히 착한 가격에 제공되는 음식인데 퀄리티는 요근래 외식 중 으뜸이라 할 만큼 높았습니다. 아주 만족스러운 식사였어요ㅎㅎ 직원분들도 친절하셔서 서비스도 좋았고..ㅎ 뭐하나 부족함 없는 동네 중식당입니다.홍릉각도 그렇고 이 곳도 그렇고ㅠ 회기에서 멀지 않은 곳에 이런 보물같은 중식당을 두고... 불친절만렙 경*원이나 맛없는 학교앞 배달짜장들이나 먹다가 졸업했다니ㅠㅜ 대학생활을 더 영양가있게 보내지 못한 게 급 후회스러워지더군요... 지금이라도 알았으니 앞으로 자주 방문할 생각입니다. 재방문 의사는 당연히 100%!!!",맛있다
2797,신락원,라이언,"예전같지않아요,,",별로
2798,신락원,피나코테크,뉴 메뉴로 2차! 북경식꿔바로우도 상큼한 소스 실한 고기 산뜻한 튀김옷이 잘 어우러져 맛있었다. 당근알레르기가 있어서 일반볶음밥은 좀 괴로운데 돼지고기볶음밥이 고기 계란 파 위주로 굉장히 맛있고 느끼하지않아서 좋았음. 이번엔 커피맛푸딩이 후식으로♥ 유니짜장 탕수육조합도 맛있었지만 면보다 밥먹고싶은 사람이라면 돼지고기볶음밥 완전 추천이다,맛있다
2799,신락원,권오찬,"* 한줄평 : 강북에선 신락원 탕수육이 제일!난 단골식당이 그리 많지 않다. 내가 대학생이던 90년대만 해도 같이 몰려다니던 패거리들의 <아지트> 문화가 있었기에 카페, 식당, 주점의 주인장과도 특별한 유대관계가 있었지만, 지금은 가고 싶은 식당 목록이 이미 1천개를 훌쩍 넘어가는 마당에 한 식당을 두번 세번 가기는 요원하다.그러나 그런 나에게도 자주 방문하는 식당이 아주 없지는 않은데 그중 한군데가 <신락원>이다.1. 탕수육은 여전히 맛있다. 후르츠캔의 인위적 단맛이 아닌 파인애플 생과의 달콤한 맛이 음식재료를 사용하는 쉐프의 마음가짐을 엿볼 수 있게 한다.2. 우동은 짬뽕의 <담백 버전>이다. 쭈꾸미와 정교하게 손질된 오징어, 복어살, 표고버섯 등의 각기 다른 식감은 입안의 즐거움이다. 일반 중국집에선 짬뽕 국물을 계속 끓이고 있다가 주문이 들어오면 면을 넣어주기도 하는데, 이 집은 채소의 아삭한 식감이 살아있는 것이 주문과 동시에 조리에 들어가는 것으로 추정된다.3. 아이가 먹다 남긴 짜장을 한술 떠먹어봤는데, 진하다! 이 식당의 기본 짜장은 유니짜장이라 잘게 다져진 고기가 꽤 씹히는 편이다. 순간적으로 밥을 비벼 먹고 싶을만큼 이 집의 짜장은 꽤 <강한 유혹>이였다.# 추가잡설일전 서울 도봉동 <홍방원> 리뷰에서 볶음밥을 조리할때 계란을 어떻게 하는지에 따라 쉐프의 고향을 알 수 있다는 정보를 풀었는데..하나 더 풀어놓자면 식당의 인테리어 중 옥으로 만든  <배추> 모형이 있다면 그 식당의 쉐프 고향은 높은 확률로 <대만>이다. (7th photo)장제스가 귀족들과 함께 대만으로 넘어갈때 가져간 수많은 보물들이 대만의 <국립고궁박물관>에 보관 및 전시되어 있는데!국립고궁박물관 컬렉션 중 대만인들이 가장 자랑스러워 하는 것 중 하나가 바로 청나라때 옥으로 정교하게 세공한 <취옥배추>라는 작품이다.",맛있다
2800,신락원,아구구,잘은 모르지만 중식대가 이연복의 관련인이 하는 가게같았다. 동네맛집인지 편한차림의 사람들의 웨이팅이 끊이지않다. 메뉴는 고추잡채 탕수육 동파육 짬뽕 짜장 중국냉면 이렇게먹었다.고추잡채 탕수육이 아주 뛰어났다. 다만 동파육은 아주 실망스러웠다. 일단 내가생각한 비쥬얼이 아니라 흐물흐물비주얼이었다. 홍콩음식에서 나는 향이나는데 나는 그걸먹을수있지만 다른 가족들은 향만 맡고서도 못먹겠다고해서 나혼자 다먹었다.할아버지는 이게 이름이 뭐냐! 동파육이요!  그래 이건 절대 시켜먹지말아야겠다. 하셨다ㅠ 내가생각한 동파육 과 달라서 너무슬펐지만 다른 메뉴는 아주 고급지고 맛있었다.,맛있다
2801,신락원,춘,"감동적인 맛이다. 가게 위치, 음식 가격은 보통의 동네 중국집 수준이다. 허나 음식의 맛은 서울 유명 호텔 중식당 급이다. 그럴 수밖에 없는 것은 과거 4대문파중 한 곳인 호화대반점 출신에 플라자호텔, 세종호텔, 조선호텔 중식당을 두루 거치시며 세계요리대회 금상까지 받으신 왕기명 쉐프의 가게이기 때문. 어린시절 아버지의 중식당에서 요리를 시작하셨고 한국 중식계에 한 획을 그으신 후 이제는 처음 요리를 시작하셨던 그 식당으로 다시 돌아오신 것이라 한다. 먹고 나오는 길.. 전농동 사람들은 축복 받았다고 생각이 들었다. 배고프면 바로 갈 수 있는 동네 중국집이 신락원이라서.. ㅋ주문한 메뉴는 기본 유니짜짱 삼선짬뽕 탕수육 세트. (실제 세트가 있는건 아닙니다 ㅎ)이곳 탕수육 튀김은 정말 수준급. 볶먹인데 겉은 아주 바삭. 속은 촉촉 잡내 제로. 마치 패스츄리 같이 겉은 얇으면서 바사삭 씹히는 식감이 참 좋다. 소스도 참 맘에 드는데 파인애플이 들어가 자연스러운 단맛이 나지만 이 단맛이 절대 과하지 않고 또 신맛도 과하지 않아 고급스러운 달달한 맛이나는 소스다. 스타일은 압구정 대가방과 유사하다고 보여지는데 역시 가성비까지 따지고보면 여기가 한수 위다. 자장은 정말 훌륭한 유니자장의 표본으로 보아도 된다. 적당히 짠맛 단맛. 깊은 춘장 풍미. 다져진 돼지고기의 담백함. 모두 조화로워진 맛있는 자장면 한 그릇. 온갖 좋은 재료 다 들어가 고급스러운 풍미가 나는 그런 호텔식 자장은 아니지만 한그릇 5천원짜리 동네 자장면이 이 정도 맛이라면 나는 정말 일주일에 최소 한 번 이상씩은 먹을 수 있겠더라. 가격 부담도 적고. 그리고 개인적으로는 이집 삼선짬뽕이 진짜 훌륭하다고 생각들었다. 삼선짬뽕은 정말 고급진 호텔식 짬뽕 맛이다. 과하지 않고 라이트한 닭고기 육수 베이스 위에 해산물 가득 넣어 시원한 감칠맛이 더해진다. 특히 복어가 들어간게 신의 한수. 해산물 감칠맛 위에 마지막으로 느껴지는건 버섯의 향. 단계단계 층이 느껴지는 진짜 고급진 호텔식 짬뽕인데 여기선 8천원.!!짬뽕 안에 들어간 재료들을 보면 확실히 예사롭지 않은 칼날의 흔적들이 보여진다. 또한 재료들을 참 잘 쓰셔서 과하지 않게 조화로운 맛을 내셨구나..를 느낄 수 있다.기본 식사 메뉴의 훌륭함. 여기에 탕수육은 서울에서 손에 꼽힐 수 있는 맛. 그런데 가격은 그냥 동네 중국집 수준. 감동받지 않을 수 없다. 일요일 점심시간대에 방문. 25분 가량 웨이팅 후 식사를 했다. 주변에 주차할 곳이 정말 부족하다. 가능하면 대중교통을 이용하는 것이 좋아보인다. 그래도 또 오고싶다. 여기는 재방문 의사 100%이다.",맛있다
2802,신락원,ethanghymn,"첫 방문에서 나온 순간 엄청난 공력이 느껴졌던 탕수육의 자태로 한눈에 가슴을 쿵쾅거리게 했던 신락원에 이번에는 큰 기대를 갖고 가족과 방문함.가족구성원중에는 탕수육 맛있는거 먹으러 가자고 하면 중식 싫어한다고 고개를 젖는 인원이 있는데, 말없이 따라나서서 속으로 살짝 놀람.강렬했던 명품탕수육이 진짜였는지 혹시 착각했던건 아니었는지 빨리 다시 확인하고 싶어서 빨리 재방문하고 싶었으나 두번째 방문에선 다른요리들도 명품탕수육 수준인지 확인하고 싶어 인원을 모으다보니 시간이 좀 걸렸음.지난번에 신락원을 다녀오고 아마도 하루이틀정도는 계속 여운이 남았던거 같음. 이번엔 출발하면서 기대감도 있었지만 혹시나 내가 착각했던거면 어쩔까, 첫 방문때와는 달리 기대감이 저절로 장착된 상태였기때문에 실망할까 약간의 두려움도 있었음. 가게가 가까워지면서 심장이 살짝 빨리 뛰기 시작함.가게오픈시간인 11시반을 넘겨 11시45분경에 도착하니 다행히 가게앞이 비어있어서 차를 가게에 바짝 붙여 주차하고 들어가니 지난번과 같이 여사장님이 밝은 미소로 맞이해주시고 지난번에 사진 많이 찍었던 손님인걸 기억하심..헐..자리에 앉아 탕수육 대자와 다른 요리 한가지 더 와 식사를 주문할지 아니면 가장 대표적인 요리들로 이루어진 A코스요리를 3인분 시키고 어디선가 봤었는데 코스에 나오는 요리 한가지를 탕수육으로 바꿔도 주신다는걸 봤어서 여사장님께 여쭤보니 가능하다고는 하셨는데, 고추잡채&꽃빵도 맛있다고 하시길래, 고민하다 여러 요리를 맛보고 싶어 A코스요리 2인분과 탕수육 소자를 주문함.밑반찬으로 나오는 단무지는 평범하고 자차이는 흔히 기대하는 맛과는 달리 짜지않고 아삭상큼해서 최근에 이태원 누랑즈뉘에서의 것과 비슷한 느낌이었음.조금 기다리니 게살스프가 나왔는데, 특별한 맛은 아닌 비교적 평범한 맛이었음. 살짝 걱정이 됨.탕수육은 맛이 단편이라 나중에 나오지만 미리 나오도록 부탁드렸던 탕수육이 제일 먼저 나옴. 두근두근댐. 먼저 한점을 집어 맛을 보니 너무 식히지도 않고 흥분해서 빨리 입에 넣었는지 입천장 나가는줄.. 두번째건 좀 식혀서 맛을 보니 역시나 명품튀김옷이었음. 공기층이 많이 있는 찹쌀튀김옷으로 파사삭 부서지면서 고기가 이에 닿는데 아주 살짝 잡내가..헐.. 세번째걸 먹으니 안남. 하긴 기대치가 높은 신라호텔 팔선이나 예전 리츠칼튼호텔 취홍같은데서도 가끔 그러는 수는 있었음. 그 다음에는 안났었음. 휴우~ 워낙 기대치가 높아 완벽한 걸 기대하다보니.. 특히나 탕수육소스의 은은한 단맛과 신맛은 너무 절묘했음. 가게에 들어오고 나서 계속 동네손님인것 같은 손님분들이 계속 들어왔는데, 이때쯤 자리가 대부분 참. 예약손님도 제법 있는듯..곧 이어서 코스요리 첫번째인 유산슬이 나왔는데, 평소에도 유산슬은 좋아하는데, 맛을 보니 진하진 않고 담백한쪽에 가까웠는데 새우는 탱글탱글하고 맛도 살아있고, 오징어는 얇게 잘 저며서 전혀 질기거나해서 먹기 힘들지 않고 식감이 너무 좋았음. 그래선지 해삼이나 나머지 야채류는 덜 튀는 맛이었던..다음으로 칠리새우가 나왔는데 순간 깜놀. 작은새우나 아담한 새우를 기대했었는데 떡 하니 중하나 대하사이즈의 새우 네마리가 나옴. 가성비 오진다고 생각함. 커서 잘라서 맛봤는데, 살짝 매콤하면서 진한 칠리새우맛으로 좋았는데 선호하는것보단 살짝 더 진한 느낌.이어서 깐풍기가 나왔는데, 보는 순간 맘에 듦. 소스가 흥건히 덮혀진 류가 아닌 메뉴이름대로 드라이하게 볶아내서 맘에 들었음. 옆의 가족 일원이 잘라진 깐풍기 단면을 보라고 함. 육즙이 가득했음. 맛을 보니, 육즙이 가득하고 매콤한 편으로 어린아이라면 못 먹을지도.. 역시나 이 집은 튀김류에 커다란 공력이 있다고 생각됨. 탕수육을 튀기는 같은 튀김공력이니 이해가 됨. 마른고추도 매워서 쓰흡쓰흡하면서도 깨끗이 다 비움.다음으로 주인아주머님께서 맛있다고 하신 고추잡채&꽃빵이 나옴. 개인적으로 고추잡채는 좋아하지 않는데, 살짝 매콤하면서 감칠맛이 있지만 다른 튀김류가 워낙 뛰어나서 상대적으로 덜 좋았음.이어서 짬뽕과 짜장면 중에서 선택했던 짜장면이 식사로 나옴. 첫번째 방문에서 맛봤던 유니짜장, 신락면, 새우볶음밥은 탕수육에 비해 특별한 감흥은 없었었는데, 미니사이즈로 나온 짜장면은 고깃덩어리가 없는 갈은 고기베이스여서 유니짜장느낌으로 맛은 너무 달거나 하지않고 적당히 달달해서 괜찮았고 고깃덩어리가 살코기가 들어간 경우에 질겅한 부분이 씹히면 기분이 상하는데 간고기베이스여서 맘 편하게 흡입할 수 있어서 좋았음.마지막으로 지난번과 같은 밋밋한 맛의 단호박푸딩으로 마무리하고 계산을 함. 계산대에 뭔가 빨간 아담한 통이 있어 이게 뭐냐고 여쭤보니 이쑤시개라고 하심. 어떻게 하는거냐고 여쭤보니 뚜껑을 누르면 된다고 하심. 뚜껑을 누르니 이쑤시개가 꽃이 피는것처럼 활짝 펴짐. 순간 아이언맨 연구실인줄..전체적으로 여긴 튀김요리류에 뛰어난 공력이 있는 문파의 본산으로 이런 본산의 창시자분이 어린 셰프들이 피 튀기게 경쟁하고 있는 홍대나 강남같은데서 같이 경쟁 안하시고, 멀리 떨어져 덜 유명한 동네에서 주변 주민들에게 엄청난 공력을 숨기고 맛난 중식을 내놓는 뭔가 높은벼슬을 지내던 재상이 벼슬을 내려놓고 고향에 돌아와 서당같은걸 하면서 본인의 지식을 나눠주며 지내는 느낌으로 대중들에게도 맛난 음식을 맛보게 해주는 삶을 살고 계신것 같았음.예전에 어디 다른데서도 본 것 같긴 한데, 가게 벽에 붙은 호화대반점 멤버들을 보니 요즘 제일 잘 나가시는 이연복셰프님도 있던.",맛있다
2803,신락원,ethanghymn,"주말이라 혼밥말고 여러명이 맛봐야하는 메뉴를 먹고자 인터넷인지 망플에선지 봤던 사진속의 탕수육 색깔이 범상치 않았었던 신락원과 그 주변의 영화원이란 중식집 두군데중 어디를 갈까하다, 좀 더 실패확률이 낮아보이는 뭔가 가게이름이 영화제목같은 신락원으로 향함. 오전만해도 빗방울이 내려서 비위가 약해진 상태여서 이런때는 가게분위기가 지저분하다던지, 탕수육에서 잡내가 나면 큰일이라 망설였으나, 금방 날이 개서 다행이었음.가게앞에는 차가 한대 주차되어 있어서, 좀 더 골목으로 들어가 알아서 주차를 한 후 가게로 향함.가게는 지은지 오래되지 않아보이는 아담한 편으로 내부도 오래되서 지저분하다던지 하지 전혀 않았음.가게안으로 들어가자 밝은 미소로 안내를 하시는 주인아주머님이 맞아주심. 탕수육이 유명한건 대강 알고는 왔지만, 자세히 공부하고 온건 아니어서, 뭐가 유명한지 여쭤보니, 탕수육류랑 중새우요리류, 깐풍기등과 유니자장면, 신락면을 말씀하심.탕수육 대자를 시키고 싶었지만, 언제 다시올까해서 온김에 이것저것 맛보고 싶기도 하고, 나중에 화교신걸 알았지만, 전혀 화교인걸 눈치챌 수 없게 유창하게 한국말을 하시는 주인아주머님이 중자도 충분할거라고 하셔서, 탕수육 중자랑 유니자장면 곱배기, 신락면, 새우볶음밥 곱배기를 주문함.따뜻한 차를 따르고 조금 기다리니 탕수육이 먼저 나왔는데, 보는 순간 어버버하면서 말이 막혔음. '어 어 어 이건!' 이런 느낌.. 심장이 나도 몰래 갑자기 쿵쾅쿵쾅 뛰면서 진정이 않됨. 한눈에 봐도 범상치 않은 포스가 느껴지면서 짝퉁이 아닌 진품인게 눈을 통해 몸으로 전달됨.젓가락으로 조심스럽게 들고 한입 베어무니, 튀김옷은 뭔가 꽉찬 밀도가 아닌 찹쌀튀김옷의 쫄깃하면서도, 공갈빵처럼 튀김옷안이 적당히 비어있어서 바사삭 부서지면서, 안의 돼지고기가 마중을 나오는데, 잡내가 하나도 나지않아서, 0.001초만에 분석한 뇌가 겁낼필요없이 꽉 베어물라고 이에 명령을 내림. 고기도 잡내없이 부드럽고, 튀김옷도 바사삭 공기층이 많이 있는 오랜만에 맛보는 오리지널 탕수육이었음.최근에 논현동의 홍명에서 탕수육을 먹으면서, 느낌에 홍명 스타일의 탕수육을 만드는 중식당에서 배운 여러 제자들이 홍명을 비롯해서 도처에서 중식당을 오픈한건지, 먹으면서도 오리지널의 느낌이 아니라, 카피한 느낌이 들었었는데, 심장이 더 빨리 뛰기 시작함.곧, 주문한 식사류들도 나왔는데, 유니자장면은 너무 달거나 캐러멜이 많이 들어가거나, 점도가 높거나 하지않고, 은은한 맛이었고, 원래 짜장면이나 짬뽕을 그리 좋아하거나 하진 않는데, 대표식사인것 같아 주문한 신락면은 맛을 보니, 설명된대로 적당히 매콤하면서 조미료나 그런게 안들어간건지 덜들어간건지 무겁지 않고 뒷맛도 깨끗한, 해물이 비교적 넉넉히 들어간 볶음짬뽕 비슷한 맛이었음. 새우볶음밥은 그 중에선 제일 특징이 없는, 그렇게 불맛나게 고슬고슬하게 볶아지거나 하지 않고, 살짝 심심했음. 볶음밥을 먹을때 짜장은 같이 잘 먹지않는데, 곁들여져 나왔길래 맛을 보니 유니자장면과는 달리 달짝지근한 캐러멜맛이 나는 익숙한 맛의 짜장이었음.무엇보다 탕수육을 맛보고 심장이 막 뛰는 상태여서 식사가 코로 들어가는지 입으로 들어가는지 모르는 상태였어서 정확하진 않음.식사후에는 디저트로 단호박푸딩을 내어주셨는데, 푸딩맛은 아주 연한 두유맛으로 그릇 바닥에 단호박퓨레같은게 조금 있었음.탕수육을 소스까지 숟가락으로 싹싹 긁어 먹은 후, 가게 내부를 둘러보며, 한국관광협회인가에서 인정한 인증서같은걸 찍고 있으니, 주인아주머님이 가게에 들어오자마자 우측벽에 걸려있는 중국 세계중식요리경연대회에서 수상하신 금메달 사진과 세계중식협회같은데서 정식으로 인정한 인증서를 가르키시면서 저거 사진 찍었냐고, 저게 훨씬 더 중요한거라고 하시길래 사진을 찍음. 사진을 열심히 찍으니 주인아주머님께서 센베이도 주셨음.너무 오랜만에 어버버버하게 만든 탕수육을 만나서 기뻤고, 동대문구는 최근에 즐거운맛돈까스와 콘반때문에 두세번 와본걸 제외하곤, 태어나서 별로 와본적이 없어서 외국보다 낯선 느낌이었는데, 가게를 나올땐 앞으로 동대문구를 자주 오게 될 것 같은 예감이 들었음. 차로 향하면서 이런 비슷한 탕수육을 어디서 맛봤었더라 생각해보니, 안가본지 한참됐지만, 방배동의 주가 떠올랐음. 이런 가격에 이런 퀄리티와 오리지널리티면 신라호텔 팔선이 부럽지 않은..집으로 오는 길에 근처 코스트코 상봉점에 들리려했는데, 마침 닫는 주여서 집쪽으로 차를 돌려 오다보니, 뭔가 낯이 익은 길이어서 생각해보니, 트와이스 우아하게 뮤비때문에 한번 방문했던 용마공원을 갔었을때 지났었던 길이었던..아마, 가게를 나오고도 한시간정도는 심장이 빨리 뛰는게 진정이 않됐었던 기분 좋은 주말점심이었음.",맛있다
2804,신락원,처먹파,"흔하게 먹는 동네 중국집에, 정성을 듬뿍 넣은 느낌의 중국집이다. 면이나 국물,소스는 평범한 맛이지만 들어간 재료들이 남다르다. 탕수육의 맛 자체는 모두 아는 흔한 그 맛인데, 바삭함과 고기의 식감이 확실히 다르다. 가까운 동네에 있다면 단골 중국집이 될 정도의 맛",괜찮다
2805,신락원,Colin B,"“중화요리라는 무림 속, 재야의 고수”1 . 우리나라 중식의 부흥을 이끌었다는 소위 ‘중식 4대 문파’ 중 하나인 명동 사보이호텔의 ‘호화대반점’. 식당은 역사 속으로 사라졌지만 그 식당 출신의 이연복 셰프, 왕육성 셰프가 운영하는 ‘목란’, ‘진진’은 아직도 서울에서 제일 맛있는 중식당 중 하나로 명성을 떨치고 있다. 국내 중식당의 발전은 화교의 역사와 밀접하게 연관이 있기에 서울의 맛있는 중식당은 화교들의 주요 거주지인 소공동, 연희동, 연남동 쪽에 몰려있는데, 뜬금없이 전농동에 호화반점 출신의 셰프가 운영하는 중식당이 있다고 해서 방문했다.2 . 한적한 동네인데 이 식당만 손님들로 북적북적하다. 외지 사람들이 점령한 식당을 보며 동네주민들은 허탈한 한숨을 쉬며 발길을 돌린다. 괜히 미안한 마음.3 . #탕수육원래 탕수육은 부먹도 찍먹도 아닌 볶먹이었다. 그러다 배달 문화가 발달을 하고 중식이 배달 음식의 대표주자가 되면서, 탕수육의 바삭함을 유지하기 위해 고기튀김과 소스를 따로 주기 시작했고, 이후 부먹 vs. 찍먹 논쟁이 벌어지며 이제는 꽤 많은 중식당이 소스를 따로 내고 있다. 여기는 소스가 자박한 것이 볶먹 + 부먹으로 보이는데 그럼에도 불구하고 튀김옷이 상당히 바삭한 편이다. 속을 꽉 채운 고기는 부드럽고 촉촉하다. 소스는 자극적이거나 지나치게 달거나 하지 않아 부담없는 과식이 가능하다.4 . #유니짜장고기를 갈아넣는 유니짜장을 기본 짜장면으로 낸다. 탕수육과 마찬가지로 달고 짠맛이 지나치지 않아 좋다. 제일 좋았던 부분은 면발. 소스에 비비고 시간이 조금 지나도 퍼지지 않는 면발이 인상적이다.5 . 중화요리만큼 우리나라에서 많은 역사와 재미있는 이야깃거리가 있는 음식이 있을까싶다. 무협지 속 숨은 고수가 득실득실한 무림 같은 느낌. 그 속으로 더 들어가보고 싶은 욕심. - 추천메뉴: 탕수육 - 주의: ‘호화대반점’하고 압구정 ‘호화반점’하고 헷갈리지 마세요instagram: colin_beak",맛있다
2806,신락원,이주현,"서울시립대에서 약간 떨어져 있는 중국집. 맛집 찾기 힘든 전농동의 희망이라길래 가봤는데 정말 빛을 봤다. 근래 먹은 중국집 중 가장 맛있다. ㅡ 탕수육 : 오랜만에 보는 소스에 볶아져 나오는 탕수육이다. 탕수육은 원래 찍먹도, 부먹도 아닌 볶먹이 지고한 정통식이라 했다. 모양은 둥글둥글하고 신기하게 생겼다. 튀김옷이 과자를 씹는것처럼 바삭하다. 소스는 심심하게 맛있다. ㅡ 새우볶음밥: 지금껏 먹었던 중화풍 볶음밥 중 세 손가락에 들 정도. 기름에 잘 코팅된 고슬고슬한 밥은 기본이고 파와 계란의 맛도 잘 끌어내어 짜장소스 없이 그냥 먹어도 맛있다. 볶음밥이 거기서 거기 아니냐는 사람들이 많고, 실제로도 미묘한 차이기는 하지만 그 차이가 클래스를 가른다고 생각한다. 볶음밥 덕후 기질이 있는 내 기대치에 이 곳은 거의 완벽히 부합한다. ㅡ 신락면 : 가게 이름을 딴만큼 간판메뉴 중 하나일까 싶어 주문했다. 볶음짬뽕 같기도 하고 좀 다르기도 하고.. 괜찮긴 했지만 다른 메뉴가 더 나았다. ㅡ 짬뽕 : 요즘 짬뽕 전문점에서 유행하는 불맛은 거의 없다. 그렇지만 일반적인 동네 배달 짬뽕과는 비교를 불허한다. 인조적인 맛이나 느끼함 없이 깔끔하고 고급스러운 맛. 면발도 좋다.주방에 요리사가 5명쯤 되는데 중국어로 대화하시는거 보니 직원분들은 대부분 화교구나 싶었다. 근데 나중에 알고보니 주방장이 호화대반점, 황궁 출신의 왕기명 셰프가 가업을 잇기 위해 오픈하신거라고 한다. 역시는 역시다 싶다. 아직 입소문이 덜 퍼지고 위치가 좋지 않은 탓이겠지만 국내 탑급 중식 셰프가 직접 운영하는 곳을 웨이팅 없이 먹을 수 있으니 자주 가야겠다.참고로 광주에도 유명한 중국집 체인점 이름이 신락원이라 직원분께 여쭤봤는데 거기와는 관계가 없다고 한다.",맛있다
2807,신락원,silvert,교수님이 사주셔서 먹었는데 괜찮았어요,맛있다
2808,신락원,ㅁ,면이 괜찮았음,괜찮다
2809,신락원,피나코테크,탕수육과 유니짜장 먹었는데 역대급 ㅋㅋㅋ 일단 위가 약한편인데 기름기가 적고 담백해서 소화가 잘 되는게 가장 좋고 탕수육에 고기가 꽉꽉 들어찼는데 튀김옷이 굉장히 가벼워서 정말 산뜻하다. 알아서 나오는 자스민티와 계란디저트까지 넘나 좋은집. 조만간에 친구랑 코스먹으러 가기로했다. 중식을 먹고싶은데 몸에서 영 안따라주는 분들께 추천함 ㅋㅋㅋㅋㅋ,맛있다
2810,신락원,Capriccio06,맛있는 탕수육 먹고싶을때 종종 가는 곳. 의외의 위치지만 동네 핫플레이스(...)이므로 식사시간에 방문하면 웨이팅도 있다. 예약하거나 모임으로 방문하는 사람도 더 많아진 듯. 방심하지 않고 방문하여 맛있게 먹고있다. 다른 요리도 먹어보고싶은데 새로운 도전을 못해서 조금 아쉬움...,맛있다
2811,신락원,치킨살인마,신선한 바삭함을 유지해주는 탕수육을 먹는데락발라드 명곡이 나오네요.원츄!!!,맛있다
2812,신락원,치킨살인마,전농동의 희망이자 빛.전농동 중식당의 캡틴아메리카.더 이상의 설명은 생략한다.,맛있다
2813,신락원,권오찬,"* 한줄평 : 역시나 호화대반점 출신의 왕기명 사부!!맛집에 대한 몇가지 지론이 있는데, 그중 하나가 “두번째 갔을 때도 맛있었다면 진짜 맛집!”이다.처음 방문했을 때에는 처음 접하는 레서피나 기대감, 당시의 허기짐 등이라는 요소가 평가 점수를 상승시킬 수 있는데, 두번째 방문하여 저런 요소가 다 걷어진 후에도 만족스러웠다면 진짜 맛집이라는 것이 내 지론..주문메뉴는 저번과는 다르게 북경탕수육과 신락면, 유니짜장..북경탕수육은 꿔바로우처럼 넓적한 튀김 형태와 레몬이 가미된 소스의 조합인데.. 일반적인 꿔바로우는 찹쌀가루를 이용하여 튀김옷이 쫀득쫀득한 반면 이 집의 북경탕수육 튀김옷은 <바삭바삭~>이다!신락면은 볶음짬뽕의 스페셜 버전인데, 아무래도 이 집의 상호명을 메뉴명에 사용할만큼 왕기명 사부의 자부심이 들어갈 만하다! 해삼이 들어가 있어 독특한 식감을 준다.유니짜장 역시 어느 중국집에나 다 있는 메뉴라 특별할 것은 없어보이지만, 이 집의 짜장을 먹고 평범한 동네 중국집 짜장면을 먹어보면 새삼 이 집의 진가를 느낄 수 있을듯..맛집만 데리고 다녀 중국집은 다 거기서 거기라던 와이프가 젓가락을 내려놓으면 한마디..“맛있긴 맛있네!”..",맛있다
2814,신락원,Capriccio06,"이전 방문때 맛있던 좋은 기억이 있어서 기회가 될 때 다른 메뉴 먹으러 방문 했다. 후기들에서 평이 좋았던 북경탕수육, 삼선짬뽕과 추가로 짜장, 짬뽕을 주문 했다. 탕수육 메뉴가 여러개라 큰 차이가 있을까 했는데 완전히 다른 느낌이었다. 꿔바로우 느낌으로 크게 튀겨져 나오는데 찹쌀은 아니고 겉이 바삭, 고기가 큼직하게 씹힌다. 누린내 없이 고기부분도 맛있고 상큼한 소스가 잘 어울린다. 부먹으로 나오는데 레몬이 많이 들어간 살짝 새콤한 소스로 고기를 많이 적셔 먹어도 맛있었다. 기존에 먹은 탕수육과는 느낌이 많이 달랐는데 이쪽도 맛있었다. 삼선짬뽕도 시원하고 깊이있는 매운 맛이랄까 인위적인 느낌이 덜해서 좋았다. 일반 짬뽕도 같이 주문했는데 국물보다는 다른 부재료 차이랄까... 해산물이 더 풍성히 들어있었다. 후식으로 나오는 푸딩도 맛있고 전반적으로 요리가 다 만족스러워서 자주 방문하고 싶은 곳.",맛있다
2815,신락원,또바기,2018.05이 동네의 한 줄기 빛,맛있다
2816,신락원,Hailey,"맛집이 희귀한 동네에서 존재감 발휘하는 중식당~ 항상 짬뽕, 사천탕면,탕수육만 먹다가 오늘은 북경식탕슉을 주문. 와우~ 적당히 상큼하면서 튀김옷이 바삭하니 넘 맛났다. 이 집의 자장은 사천보다는 유니짜장면을 추천!! 주차공간이 없는 점은 알아두세요~^^",맛있다
2817,신락원,Capriccio06,"진짜 의외의 위치에 있는 중식당인데 평이 좋아서 신기했는데 탕수육 정말 맛있었다! 고기도 튼실하고 튀김옷은 얇은편인데 쫄깃하고, 소스를 처음부터 뿌려나오는데도 다 먹을때까지 눅눅한 느낌이 거의 없었다. 소스도 양이 많은편인데 많이 시거나 달지않고 발란스가 좋아서 질리지 않는 느낌! 짜장이나 삼선우동도 맛있었다. 면도 퍼지지않고 잘 삶아졌고 국물도 시원하고 해산물도 풍성했다. 배달음식점에 비해서야 가격이 조금 높지만 좋은 중식당과 비교하면 가격대도 저렴하고 좋았다. 후식으로 나온 초코우유맛 푸딩도 꽤 맛있었다. 2~4만원대의 코스요리도 있던데 코스요리나 다른 요리들 먹으러 재방문 하고 싶은 곳.",맛있다
2818,신락원,이창준,굿!,맛있다
2819,신락원,권오찬,"식당을 선택할때 어떤 날은 그날 먹고싶은 메뉴를, 어떤 날은 그 집의 스토리텔링에 매력을 느껴서 등등  여러 이유가 있기 마련인데..이 집은 <호화대반점> 출신 주방장이라는 것에 끌려 방문했는데 알고보니 경력도, 음식의 퀄리티도 기대 이상..먹을게 지금처럼 흔하질 않아 외식메뉴라고는 짜장면이 전부였던 1980년대까지 한국 중식계의 부흥을 이끈 대표적인 중식당이 있었으니 이것이 <생활의 달인>에 소개되며 일반인들까지 알게 된 <중식 4대 문파>이다. 중식 4대문파 중 가장 처음 생겨 중식 부흥기를 이끈 <아서원>, 목란의 이연복 쉐프를 배출한 <호화대반점>, 중식의 고급화를 주도한 신라호텔의 <팔선>, 사천요리로 유명했던 <홍보석>..이토록 대단한 중식 4대 문파 출신 주방장이 <전농동>에??? 라는 마음에 방문하게 됐는데..# 삼선짬뽕호화대반점이 워낙 면과 탕요리로 유명했던 곳이라 꼭 일반 말고 삼선짬뽕으로 먹어봐야지 했는데, 이 집은 특이하게도 생선살이 들어가있다. 혹시나 싶어 계산하며 카운터에 여쭤봤는데 <복어>라고.. 국물이 기름지지 않은 것이 닭고기 베이스의 육수를 사용하며, 각종 해산물이 맛의 <층>을 낸 것 같은데 시원하고 갚은 맛이다.# 탕수육아무래도 경험비교라는 것이 직전의 것과 하게 되기 마련이라.. 청량리 홍릉각의 부드러운 식감의 탕수육에 살짝 아쉬웠던 나로서는 접시를 비울때까지 <바삭함>을 유지했던 이 집 탕수육에 큰 점수를 주고 싶다. 탕수육의 기본이지만, 정작 그렇게 맛을 내기는 어려운 <바삭달콤새콤촉촉>이 탕수육 한점에 다 들어있다.# 짜장면일반 짜장은 없고, 유니짜장이 기본인데.. 고기양도 부족하지 않고 맛있게는 먹었으나, 역시나 직전 경험인 홍릉각의 <육미짜장>이 워낙 뛰어났던지라..# 기타식당 한켠 장식장에 배추 모형이 있는데.. 문득 대만의 국립고궁박물관에서 관람했던 취옥백채(옥으로 만든 배추)가 떠올라 여쭤보니 역시나 왕기명 사부는 대만 화교분이시라고..명동 사보이호텔의 <호화대반점> 출신으로 세종호텔 중식당 주방까지 책임지셨던 분이라 강북 외지인 전농동에 자리한 식당이라 해도 배달 없이 홀 식사만 가능하다. 고급 중식당에서 볼 수 있는 코스 요리도 괜찮아보이고.. 그리고 동네 중국집에선 볼 수 없는 푸딩 디저트까지..",맛있다
2820,신락원,봉봉봉,"맛집없는 동네에서 이만한 중국집이 있다는 건 축복여러번 가서 이런저런 메뉴 주문했는데단품도 코스도 괜찮은 집이다.탕수육, 양장피, 새우 요리들도 맛있고면요리 중에서는 하얀짬뽕 청탕면 추천하고 싶다.요리 좀 하는 집이라 동파육 주문 해 봤는데이건 메뉴에서 빼서야 할듯 동파육의 부드러움 속에 머물러야 할 육즙이 다 빠져 꽤 실망 스러웠지만동파육 빼곤 동네 맛집으로 추천하고 싶다.",맛있다
2821,신락원,경쓰,"추천메뉴ㅡ탕수육, 짬뽕, 칠리새우, 짜장면면 직접 뽑고, 튀김 옷의 바삭함이 오래가고 고기 부드러움, 짬뽕 국물 진짜 맛있음. 가격은 맛에 비하면 저렴한 편. 다른 짜장면 가게보다 1~2000원 비싼 듯? 이 근방에 안 살아도 찾아와서 먹어볼만한 맛이다!",맛있다
2822,신락원,키다리아저씨,"서울 시립대 근처...흔한 길거리 중국집이라 생각했는데....반전이다!!꽤 만족스러운 중식당 ""신락원""매장도 아담하고~ 별도의 주차공간도 없는 위치인데~ 인근에서 꾸준한 손님들이 찾아오는데는 이유가 있는듯!!신락원은 50년이상 되었으며~3대?째 내려온다고 하고~ 현재의 왕기명 주방장님께서 과거 다양한 수상 경력과~특급호텔 중식당에 계시다가 가업을 이어가기 위해서 나오셨다고 한다.-탕수육(중) 15,000원상당히 바삭하게 잘 튀겨진 탕수육!!부먹으로 나오는데도~ 다먹을때까지 바삭함을 유지하고~ 고기도 꽤 도톰했으며~ 소스도 너무 자극적이지 않게 은은하며 깔끔해서 맛이 좋았다.-삼선 짬뽕 8,000원국물이 우선 틀리다!! 처음엔 은은한 해물탕? 매운탕?을 연상하는 시원하고 깔끔한 느낌인데....담백하면서 비린맛이 전혀 없다.다양한 해산물은 기본이고....특이하게 생선살이 몇점 보이는게 신기했다.무슨 생선인지 감이 안와서 직접 물어보니...복어!!!!!  어쩐지...담백하고 비린맛이 전혀없어서 놀라웠다.다른곳과 다르게 기름지지않으면서 깔끔한 짬뽕이여 만족스러웠고~ 음식 하나하나가 정성이 들어간 느낌과 가격도 저렴해서 조만간 다시 방문할듯하다^^",맛있다
2823,봉이만두,Lydia,6시면 문 닫아서 평일엔 갈 수가 없고...추적추적 비가 오는 토요일 방문2-3시 쯤이었는데 이미 남아있는 만두가 얼마 없었다.하루하루 정해진 양만 팔고 문 닫는 듯.현금으로 안 하면 하도 불친절하다는 리뷰를 사방에서 많이 봐서 현금을 준비해감.군만두 6천원 포장.후라이팬에 식용유를 두르고 노릇하게 구워서 포장해준다.현금 결재라 그런지 불친절하다는 인상은 없었다.한입 먹어보니 중국인 친구가 고기 덩어리부터 다져서 만들어줬던 그 맛에 가깝다.기름기 적은 고기 소에 부추가 듬뿍...씹는 맛이 있는 담백한 만두였다.잘 알고 있는 체인점의 육즙 가득(이라 쓰고 식용유콸콸) 만두에 질렸다면 한번 쯤은 츄라이츄라이.,괜찮다
2824,봉이만두,평냉쟁이,생활의달인 다운 만두 꽉찬고기만두 식감 좋구요 빠작빠작 씹히는 속이 넘 좋았습니다 느끼하지않고 식어도 맛있는 만두,맛있다
2825,봉이만두,kkonoo,드디어 먹어봤다! 항상 먹고싶었는데 6시에 퇴근하고 가면 없더라구요ㅠ 좀 일찍 6시 전에 갔는데 이번에는 살 수 있었습니다!ㅋㅋ 소문대로 넘모 맛있어요~~ 다 맛있는데 찐만두보다 군만두가 좀 더 맛있음,맛있다
2826,봉이만두,ethanghymn,"동대문구에 온 길에 첫방문에서 큰 실망을 했었던 즐거운맛돈까스를 들러볼까 했는데 브레이크타임에 걸려 패스하고 경발원이나 봉이만두중에 한군데를 들리려고 했는데, 경발원 역시 닫았길래 바로 옆 봉이만두에 감.커서는 만두를 그렇게 좋아하는지는 모르겠지만, 어렸을때는 아버지가 자주 가시던 행당시장에 있던 통만두집의 통만두나 물만두를 좋아했었고, 그 이후엔 엄마가 해주는 김칫국물베이스의 김치만두나 설날에 먹는 떡만둣국안의 김치만두정도, 그리고 마트에서 사다가 구워먹는 군만두정도가 아닌가 싶음.최근엔 중국만두도 맛있다고하면 가끔 찾아가보지만 어렸을때만큼은 아님.이곳 봉이만두는 테이블 두개가 다 일정도로 아담한데 가게 바깥에서 다른일을 하시던 아주머님이 가게로 들어가는 나를 보고 따라 들어오심.찐만두를 주문하고 가게 내부를 둘러보다보니 군만두는 오후2시 이후에만 가능하다고 쓰여있길래 그럼 군만두가 나을까해서 군만두로 변경 가능한지 여쭤보니 이미 찜기 위에 올라갔다고 하심. 나는 먼저 찌고나서 굽는건가 했는데, 살펴보니 이미 쪄놓은 만두를 주문에 맞춰 찜기에 올리던지 팬에 굽던지 하는거 였음.조금 기다리니 찐만두가 나옴.외형은 특이한건 없음. 테이블에 마련된 간장과 식초 좀 많이 그리고 고운 고춧가루를 섞어 간장소스를 만들고 만두 한점을 집어 맛을 보니, 부추가 들어간 만두라더니 역시나 물만두 맛과 똑같았음. 단지 물만두보단 두세배정도 크고 물만두가 아닌 찐만두로 나오는게 다를 뿐..예전 취영루에서 근무하셨다던데 그런데서 맛봤었던 물만두맛과 같았음. 다만 먼저 쪄놔서 마른걸 다시 찜기에 올려 쪄주는거다보니 만두피 부분부분은 살짝 마른 느낌도 있었음.전체적으로 맛이 나쁘거나 하진 않았지만 어렸을때부터 많이 맛봐서 익숙한 취영루 물만두와 맛도 똑같고 아침에는 바로 새로 만들어서 쪄주시는지 모르겠지만 그렇게 바로 쪄주는 후레쉬한 만두도 아니었던지라 어떤 감흥도 느껴지지 않았음. 차라리 그냥 냉동 취영루 물만두를 사다가 물만두를 만들어 먹는게 나은거 아닌가 생각함. 그리고, 노포의 느낌도 아니고 그냥 뭔가 찝찝한 가게의 분위기도 그랬음.최근에 들렸던 홍대 진만두나 후암동 산동만두가 그립던..",별로
2827,봉이만두,미꿍,오래 전부터 벼르다 이제서야 방문한 곳!기대보다 별로다.그렇다고 맛없는 건 아니고 고기도 많고 부추도 많고 맛있긴하다.근데 또 사먹을 것 같지는 않은 그냥 쏘쏘한 만두.,별로
2828,봉이만두,우이리,12시 10분 전에 갔더니 군만두는 2시 이후라네요. ㅠㅠ찐만두 3팩사서 먹었는데 군만두용이구나 하는 느낌이 있네요.고기 잡내가 조금 나는데 거슬릴  정도는 아니네요.끄기가 한입 딱 인듯해요.피도 얇고.군만두 후에 트라이 해야겠네요.,맛있다
2829,봉이만두,김별,"요즘 리뷰가 너무 밀려서 어디서부터 써야할지 모르겠다.. 일단 제일 최근 것 부터 다시 하나씩 써가봐야겠다ㅠㅜ..최근에 준영과 간 봉이만두!항상 리뷰들에서 칭찬이 자자하고, 알렉스도 맛있다고 글을 올렸길래 꼭 가고싶던가게였다..회기역 카페를 탐험하다가 배고파서 들렀다.가게가 작고 아담하고 멀리서부터 맛집느낌이 난다.테이블은 2개. 오후 2시부터 군만두가 나온단 말을 듣고 맞춰가서 다행히 먹을 수 있었다..부추만두를 많이 안먹어보고, 좋아하던 편이 아니었지만 만두의 피가 얇고 바삭하고 속이 비린맛도 안나고 꽉차있어서 맛있게 먹을 수 있었다!가격이 싼 편은 아니지만, 비싼 편도 아니라서 집 앞이나 학교 주변이었다면 간단하게 캔맥주 한두개 사서 포장해서 집가서 먹을 것 같은. 그런 집이었다.",맛있다
2830,봉이만두,준영,달인 같은거 별로 안좋아하는데 맛있게 먹고 왔어요!! 2시부터 군만두가 된대서 12시에 가려다 마지막 코스로 변경! 속도 정말 알찬 만두인데 가격도 5천원이라니 정말 혜자인 것 같아요.. 부추만두 원래 불호라서 크게 기대하지 않았는대 부추 비중이 그리 높지 않고 부추+게란 만두가 아니라 부추+애호박+고기 낭낭 만두라서 너무 맛있었어요ㅎㅎㅎㅎ 이미 찐 만두를 다시 노릇노릇 구워주는거라 속까지 호호 뜨겁진 않지만 심심할때 집어먹기 너무 좋을 것 같더라구요! 후기에 비해 꽤 친절하셔 더 만족스럽게 먹고 나왔어요:),맛있다
2831,봉이만두,이주현,"경발원 옆에 있는 조그마한 부추만두 가게. 회기에서 손꼽힌다는 맛집이 같이 붙어있다. 메뉴는 단 두 가지, 군만두와 찐만두가 있다. 만두 8개에 5천원인데 이 퀄리티에 이 가격이면 무척 싸다고 생각된다. 속이 꽉 찬 느낌이 들고 씹히는게 많다. 군만두와 찐만두 둘 다 담백하다. 일반 중국집에서 가끔 느껴지는 싸구려 맛이 전혀 없다. 질리지 않고 계속 먹고 싶은 맛이다. 두 메뉴의 우열을 가리기 힘들지만 적당히 기름지고 딱 좋은 바삭한 식감을 가진 군만두가 좀 더 취향에 맞았다.테이블이 2개밖에 없어서 대부분 포장해가고, 재료가 소진될 때까지 영업해서 저녁 7시 전에 문 닫는 경우가 허다하다.",맛있다
2832,봉이만두,썸머쏭쏭,• 두둥• 일요일 closed..• 하필..• coming soon!!• the 봉이만두’s• 기대감 상승ㅋㅋㅋ,맛있다
2833,봉이만두,찔레나무,피가 얇은데 그 안에 만두속이 꽉차있다!  부추를아주 좋아하는 나로서는 정말 최고의 만두ㅠㅠ 가격도 너무 좋고 또 가고싶을정도다! 현금만 가능하니 현금 꼭 챙기도록!,맛있다
2834,봉이만두,AlexTheFood,"#181001바나#봉이만두SBS 생활의 달인, KBS 맛있는 TV, MBC 생생정보통까지지상파 트리플크라운 먹을 정도로 유명한 만두집★⠀부추와 애호박, 다진 돼지고기가 들어간 만두만 팔고,군만두와 찐만두 두 종류로 주문이 가능하다.개인적으로 군만두가 찐만두보다 맛있음!⠀테이블 2개밖에 없는 테이크아웃 전문(?) 가게인데다,현금만 받는다는 점, 츤데레 사장님 때문에가끔 욕을 먹기는 하지만... 그래도 맛있다☺⠀일찍 가면 육즙이 나오는 이제 막 찐 만두를 먹을 수 있고,2시 이후에 방문하면 육즙나오는 찐만두는 없어도찐만두보다 맛난 군만두를 먹을 수 있다!⠀2년 전엔 둘 다 4000원,1년 전엔 찐만두 4000원 / 군만두 5000원이었는데,이제는 둘 다 5000원으로 가격이 올랐더라.⠀위치가 회기역 근처기는 해도 경희대 반대편 출구 쪽이라매번 가고싶다고만 하고 자주 방문하지는 못 하는 곳.4인 미만이라면 방문도 괜찮지만 테이크아웃을 추천한다★-⠀#부추고기 #찐만두 5000 ★★★★#부추고기 #군만두 5000 ★★★★☆",맛있다
2835,봉이만두,권오찬,"부산은 만두고수가 많은 도시이다! 심지어 부산 중국집에서의 만두란 배달이나 요리 주문시 서비스로 나오는 조연이 아니라 만두만 파는 중국집을 수월하게 찾아볼 수 있을 정도이다. 부산에서도 꽤 잘 한다는 곳만 찾아다녀서 왠만해선 “이 집 만두 꽤 하는데!”라는 생각을 안 할텐데도 봉이 찐만두를 한입 넣는 순간 감탄을 금치 못 했다.부추의 향과 버섯의 식감이 어우러진 고기 찐만두는 왜 이 집이 <생활의 달인>에서 인정한 집인지 단박에 이해할 수 있었다는..허름한 가게와 시크한 주인장, 현금 결제를 해야 한다는 점때문에 오히려 만두가 과소평가된 듯!오히려 찐만두 2팩을 포장해가는 나에게 아주머니께서 맛보라며 만두 한알을 건네주신걸 보니 시크보다는 츤데레에 가까우신 듯 싶다!",맛있다
2836,봉이만두,박소정,그냥 그랬다..,괜찮다
2837,봉이만두,분당 정복,호평할정도의 맛인지는 잘 모르겠습니다.속이 꽉 차고 부추가 많아 식감이 좋은 만두인것은 맞으나 높은 점수를 받을만큼 다른 차별점이 있는지는 의문입니다. 오래된 가게라 그런것인지 가게 내부 위생은 너무 별로였고 현금만 받는 탈세의 온상인것도 별로였습니다. 아주머니도 불친절했고 다시 찾고 싶지는 않은 가게입니다.,별로
2838,봉이만두,Kimkegaard,맛은 보통이상. 근처 오면 사먹지만 멀리서 올 맛은 아님. 불친절 하다는게 느껴 질것임.,괜찮다
2839,봉이만두,Capriccio06,언젠가 가봐야지 하다가 드디어..! 고기와 부추가 많이 들어간 담백한 만두소에 얇은 만두피여서 맛있게 먹었다. 만두 크기가 아주 크진 않은데 속이 꽉차있고 만두피가 얇은게 취향이다. 군만두는 찐만두를 한번더 구워주시는 것 같았는데 많이 바삭한건 아닌데 기름기가 적고 담백한 느낌이 괜찮았다. 하나만 고르면 군만두로 먹을 듯. 만두 자체는 맛있는데 가게 위치도 애매하고 오래되서 깔끔한 느낌은 아니다. 포장해와서 편히 먹긴 했는데 방문해서 먹기는 어려울 듯...,맛있다
2840,봉이만두,Luscious.K,휘경동 봉이만두참 유명한 만두집이지요?마포구부터 직접 가서 먹을 거리는 안되고 ㅠㅠ형님께서 사다 나눠주셨어요덕분에 편하게 집에서 맛있게 먹었습니다#만두피이 집 만두피는 삶은 뒤 살짝 건조를 하신다고 들었어요그래서 만두피의 쫄깃함을 배가시킨다고..실제로 얇은데 두툼한 느낌의 만두피가 부드러움 보다는 살짝 질깃한 느낌이 납니다원래 찐만두로만 판매하시는데..(매장에선 2시 이후 군만두 가능)집에서 군만두로 구우니 그 쫄깃한 특성이 배가되는 것 같아 참 맛있었어요#만두소조미료맛 없고 담백한 만두소의 특징은 대량의 부추..담백함속에 살짝 나는 고기향과 부추식감이 좋습니다다만 부추 싫어하시는 분들이나 육즙 풍부 좋아하시는 분들에겐 맞지 않을 수도요... 육즙은 거의 없거든요.#포장 (매장) & #택배 (네이버검색)매장이 매우 좁은가봐요..그래서 포장이나 택배로 주문하시면 조금 편하게 드실 수 있어요이런 중국식 만두는 초간장이 잘 어울리죠? 그래서 마늘쫑장아찌 하고 먹어봤어요.. 눈 똥그래지는 궁합이 참으로 맛있는 야식입니다,맛있다
2841,봉이만두,프리스코,몇 일전부터 머리 속을 맴돌던.. 부추향이 가득한 어릴적 시장통의 바로 그 만두 맛!!(만두라는게 다 그렇듯이) 방금 쪄낸 만두가 향과 육즙도 가득한게 훨씬 더 맛있으나.. 바쁘신 사장님께서는 미리 쪄서 살짝 널어 두었던 만두를 내오기가 십상.. ;;;;;한 가지 확실한건 그래도 군만두 보다는 찐만두가 훨씬 더 맛있다는 거! (군만두를 튀기는 과정에서 육즙이 모두 빠져나가는 것 같음.. ㅠㅜ)일부러 멀리서부터 찾아가기는 쫌 그렇고.. 주변 10분 거리 이내에 있다면 강추!!!,맛있다
2842,봉이만두,카시오14자리,맛있는 만두. 부추 좋아.,맛있다
2843,봉이만두,AlexTheFood,"170526.맛 ★★★★☆ 분위기 ☆ 가성비 ★★★★★ 재방문 의사 있음 주문한 메뉴 (2명 방문) 부추고기 찐만두 1인분 - 4000원 총 4000원경발원을 방문하고 바로 방문한바로 옆의 봉이만두.친구는 배부르다고 했지만내가 억지로 끌고갔다...ㅎㅎ물론 나도 배가 불렀지만생각보다 아쉬운 것을 먹었을 때꼭 맛있는 것으로 그 기분을 없애야해서...이미 한 번 가서 굉장히 맛있게먹은 적이 있어서 걱정없이부추고기 찐만두 1인분을 주문했다.원래 이미 다 되어있는 것이니바로 내주신 사장님.맛은... 여전했다.여전히 진짜 맛있다...분명히 배가 부른 상태에서 갔는데경발원의 짬뽕과 깐풍기보다몇 배는 더 맛있었다.끌려온 친구도 한 입 먹더니""이거라면 100개도 더 먹을 수 있다""며경발원에 쓴 돈을 아까워했다...ㅋㅋㅋ진심 만두피가 얇은데 쫄깃하면서안에 속은 부추, 돼지, 버섯으로 꽉 차있는데만두 안에 그 육즙까지...완벽하다고 밖에는 설명할 수 없지만,아직 군만두를 안 먹어봤으므로맛에 별 4개 반만 주기로 했다.먹고 가게를 나오는 순간에또 먹고싶어지는 집.이런 집은 정말 드물다.친구는 결국 다음 날 또 방문해서냉동으로 된 찐만두를 사갔다...ㅋㅋㅋ다음에는 꼭 2시 이후에 방문해서군만두를 먹어봐야지.벌써부터 기대된다.* 경발원도, 봉이만두도 현금만 받으니꼭 현금을 챙겨가시길!",맛있다
2844,봉이만두,포니,"키다리님 리뷰 보고 회기 온 김에 들러본 봉이만두. (12시반에 점심 먹고 1시간 반 지나 만두 먹으러 온 사람....) 토요일에는 군만두 안 한다는 걸 몰랐네요. ㅠㅠ 쨌든 느끼하지 않고 고기 씹는 맛도 좋아 배가 부른 상태였음에도 8개가 스트레이트로 다 들어갔습니다 'ㅅ' 신나게 먹는 와중에 아저씨 한분이 오셔서 포장 3인분 주문하셨는데, 먹어대던 저와 눈이 마주치자 '포장 2인분에 1인분 먹고 갈게요'로 급 주문변경 하셔서 뭔가 뿌듯함과 민망함이 공존했네요; 다음에 만나요, 군만두.",맛있다
2845,봉이만두,키다리아저씨,"오래되기도 하고....유명하기도 한 봉이만두~타이밍이 안맞아서 문 닫은적이 많았는데...평일 낮이라 그런지 한적했다.좁고 아담한 공간이라 상태가 그리 청결해 보이지는 않는다^^;;여전히 무뚝뚝하신 사장님은 손님이 와도 보는둥 마는둥 하지만...나는 당당히 군만두 1인분 포장이요!!라고 주문을 하니...5~10분 걸린다는 말과 함께 튀기기 시작했다.군만두 8개 (5,000원) 2시 이후 가능!!!사이즈가 큰 만두는 아니지만 얇은피 안에 부추와 고기가 꽉채워져 있어서 깔끔하고 담백하다.너무 기름지지않아서 좋았고~ 뜨거울때 먹어야 맛나긴 하지만~ 식었는데도 먹을만했다.이정도 수준의 만두를 좀더 친절하게 손님을 대하고 깨끗한 공간에서 먹고 갈 수 있는 여유 테이블도 있다면~ 더 좋겠다는 아쉬움은 여전히 남는다^^",괜찮다
2846,봉이만두,이상영,"친누나가 생활의달인에 나왔다고 가보라고 한 만두집이다. 회기역쪽으로 가는 길을 잘몰라 가는데 애먹었지만..ㅠ 충분히 갈만한 가치가 있는 만두집이다. 군만두를 시킬려고 했지만.. 주말이라ㅠ 찐만두만 시켰다. 처음에는 '뭐 만두가 거기서 거기지'라고 생각했지만, 하나 먹자마자 생각이 변했다. 이렇게 담백한 만두는 처음먹어봤다. 다음에는 평일날 와서 군만두도 먹어봐야겠다!맛-8/10재방문의사-있음!",맛있다
2847,봉이만두,AlexTheFood,"170405.맛 ★★★★분위기 ☆가성비 ★★★★★ 재방문 의사 있음 주문한 메뉴 (1명 방문) 부추고기 찐만두 1인분 - 4000원 총 4000원회기역 2번 출구 쪽에는알만한 사람들은 다 아는 유명한 맛집이두 개가 있다.하나는 짬뽕과 깐풍기가 유명한중국집 경발원이고,나머지 하나는 생활의 달인에도 소개되었던부추고기 만두로 유명한봉이만두.사실 경발원에서 짬뽕을 먹어보고 싶었는데,평일임에도 불구하고 왜인지가게 문이 닫혀있었다.브레이크 타임인3시-5시도 아니었는데...그래도 경발원 바로 옆에봉이만두가 있어서바로 봉이만두로 입장!보통은 테이크아웃을 많이 하시던데2명 앉을 수 있는 테이블 2개로식당 안이 꽉찰 정도니...혼자거나 두 명이서 가는 게 아니라면테이크아웃을 추천한다.굉장히 협소하다.나는 제일 기본으로 보이는부추고기 찐만두 1인분을 주문했다.4000원 밖에 안 하다니...!군만두는 5000원으로 가격이 올랐다.원래 둘 다 4000원으로 알고 왔는데튀기는 게 귀찮으셨나 봄...ㅋㅋㅋㅋ사장님이 미리 다 쪄놓으셔서 그런지주문하면 듣던대로 굉장히 시크하게접시에 만두를 담아 단무지와 함께 주셨다.그 때 밖에서 어떤 여성분이 문 열고""혹시 카ㄷ..."" 하시는 순간 바로,""안 돼, 안 돼, 카드 안 받아요.""...순간 내 지갑을 열고지갑 안에 5천원짜리 한 장을 본 뒤안도의 한숨을 내쉬었다는...ㅋㅋㅋㅋㅋ다시 찐만두 얘기로 돌아가서,이 곳의 찐만두는 확실히 다르다.만두피가 굉장히 얇은데,어떻게 하신 건지는 모르겠지만굉장히 쫄깃쫄깃했고,안의 소는 표고버섯, 부추, 고기로말 그대로 꽉 차있다.심지어 찐만두인데 육즙이...회기역 지나갈 때마다5000원짜리 한 장 들고방문하고 싶은 집.정말 이게 뭐라고 지금 리뷰 쓰는 데도계속 생각이 난다...위에 언급한 여성분도 결국근처에서 돈을 뽑아와 다시 와서군만두와 찐만두 테이크아웃 해가더라...현금밖에 받지 않으시니꼭 5000원짜리 한 장 지갑 안에 있는지확인하고 가도록 하자.없다면 굉장히 난감한 일들이펼쳐질 수도 있을 것 같으니...다음에는 군만두를 먹어봐야겠다.벌써부터 기대되는 중...",맛있다
2848,봉이만두,장희,경발원 바로옆 만두집. 12시쯤갔는데 군만두 2시이후에 된다그래서 다른곳 갔다 2시 50분쯤 갔는데 안된다고 ㅠㅠ 그냥가려다 그래도 왔으니 하나시켰는데 최근 먹어본 찐만두중 제일 맛있었다 아저씨는 먹으려면 먹고 너아니어도 먹을사람 많다는 태도였지만 만두는 정말 괜찮았다.,맛있다
2849,봉이만두,Pinguguguu,만두피가 얇고 쫄깃하며 만두소가 꽉꽉 들어있다. 쟈니덤플링 처럼 육즙이 좔좔흐르는 만두는 아니지만 만두소가 씹는 맛이 있고 느끼하지않고 담백하다.,맛있다
2850,봉이만두,E.T Jun ,회기역 근처에 있는 만두전문점.  속에 부추랑 숙주가 들어가있고 흔히 아는 그런 만두의 맛과는 다름. 찐만두 1인분 4천원 군만두 1인분 4천원. 군만두는 말씀드리면 찐만두를 즉석에서 튀겨주심. 가게는 좀 협소하고 깨끗하다고 보기는 어려움. 많은 분들이 테이크아웃해가는 것 같음. 흔하고 평범한 만두 말고 새로운 만두맛을 보고싶으면 추천.,맛있다
2851,봉이만두,김태화,맛은 쏘쏘 친절도는 최악,별로
2852,봉이만두,피글렛,인생만두........ 너무 잠깐 열어서ㅠㅠ (12시에 열어서 4시면 닫는거같아요)근처살아도 자주 못가지만 너무나 맛있습니다별것도 없는데 뭐야 특별할것도 없잖아 하는데 맛있어요젓가락 비워지기 무섭게 계속 입으로 들어갑니당;;;최고........ㅠㅠ,맛있다
2853,봉이만두,BECKHAM,군만두는 매 번 되는 게 아님.속이 촉촉해서 맛있음.아줌마의 퉁명스러움도 용서가 되는 맛.카드는 왜 안 되나요?,맛있다
2854,봉이만두,나누리,"여기도 간다 간다 해놓고는 참 늦게 왔습니다. '갈 때 마다 다 팔렸다'라는 리뷰들을 종종 봐왔긴 하죠. 그래서 12시 오픈시간 조금 넘어서 바로 찾았습니다. 사장님 아저씨 한 분께서 시크하게 만두를 빚고 계시더군요.'군만두는 당분간 불가합니다'라는 문구가 써 붙여져있길래 ""어 군만두 안되네...?""라는 말을 일행과 잠깐 나눴는데 그걸 들으셨는지 ""오픈하자마자 군만두를 찾으면 안되지""라며 역시 시크하게 받아치십니다. 왜 그런지는 알 길이 없었죠;;; 나중에 들어오신 아주머니분들역시 똑같은 질문을 하니, 찐만두를 완전히 식혔다가 그걸 구워내는것이라, 완전히 식는 데에 시간이 걸리는것 같습니다. 여튼, 군만두는 당분간 안되는듯하니, 드시고자 하시는분들은 찐만두를 사셔서 집에가서 완전히 식히신 후 구워드시길 권장합니다. 그렇게 드시는 분들도 있으신듯 했어요.사장님의 자부심이랄까, 장인정신이랄까, 츤츤함이랄까... 어떠한 포스에 숨죽이고 찐만두를 기다리고 있으니, 맛있게 드시라며 만두 한접시를 역시 시크하게 내 주십니다. 그냥 만두인데? 뭐 겉보기엔 그냥 그랬어요. 하지만 씹으니까 이게 또 다르네요... 탱글탱글하게 꽉 찬 만두소의 식감과, 돼지고기와 부추가 곁들여져 새어나오는 육즙까지. 사장님이 눈앞에 바로 보이는건 뭔가 눈치보이고 무서운데, 짜증나게 만두는 맛있습니다. 김선생 갈비만두 그런것과 비교해보면 가성비도 꽤 훌륭한것 같구요. 구워먹으면 더 맛있겠다는 생각을 지울 수 없었습니다. 다음에 또 가면, 구워먹게 포장해 와야겠어요. 아... 카드결제 안되는 것 같습니다. 그냥 안된다고 써 붙여놨어요. 그리고 테이블 두 개 뿐입니다. 그것도 작은편이라 안에서 드시긴 다소 불편하실 수도 있습니다. 저와 제 일행도 그냥 쓱 먹고 쓱 바로 나왔어요. 너무도 츤츤한데, 맛있어서 짜증내기는 또 자신이 머쓱해지는 그런 만두집입니다. 저는 앞으로 포장해서만 나오렵니다.  : )",맛있다
2855,봉이만두,Jㅐ,"생활의 달인에 소개된 회기역의 ""봉이만두"". 부추만두로 엄청 유명한 곳이죠!! 저녁에 가면 만두가 떨어져서 점심 일찍 가셔야해요. 만두는 겉 피는 부들부들하고 속은 고기와 부추로 꽉 차있어서 씹는 맛도 좋아요!! 입 안 가득 만두를 넣고 먹으면 '뭐야 특별히 다른 것도 없는데 이거 왜 이렇게 맛있어!?' 라는 생각이 절로 드는 곳!! 달인 사장님의 만두에 대한 고집 때문인가봐요ㅎㅎ 군만두도 맛있다는데 당분간 바빠서 군만두는 하지 않는다고 해요ㅠㅠ 사장님의 츤츤함도 매력이라면 매력!! 가게가 매우 작아서 포장을 추천해요.",맛있다
2856,봉이만두,양재흥,맛나다...하지만 경발원이 문을 열면 가지 않을 것!!!,맛있다
2857,봉이만두,머큐리 ,"찐만두는 얇은 만두피가 부들부들한 느낌과 식혀져 있어 한입에 넣을 수 있다는 것이좋았고, 군만두는 터져나오는 육즙에 만족스러웠습니다. 만두소에는 호박과 부추 등 야채가 많이 있었어요. 가격도 4천원,메뉴도 군만두와 찐만두 뿐. 맛있었어요",맛있다
2858,봉이만두,윤태훈,건강한맛,괜찮다
2859,봉이만두,빕규르망,경발원 옆 맛있는 만두집으로 유명해지기 시작했는데 지금은 더 유명해진 느낌  3천원에서 4천원으로 오랜기간동안 한번 올랐다  하나하나 수작업 하시고 만두속도 굉장히 알차다 군만두는 군만두 나름 매력이 있고 찐만두도 맛 좋다  만두국은 흠.... 더 이상의 자세한 설명은 생략한다 ㅋㅋ,맛있다
2860,칠기마라탕,나혹시몰라경고하는데잔들어,진짜 최고다… 그냥 마라의 정석이다 여기는,맛있다
2861,칠기마라탕,준영,추석 연휴에 여는 곳이 없어 어쩔 수 없이 마라탕 먹으러ㅜㅜ 손님이 정말 저밖에 없더라구요 저 나갈때까지.. 원래는 가게도 늘 꽉 차있고 웨이팅이 많죠!! 느긋하게 골라서 담았는데 역시 이번에도 간이 너무 싱거워서 아쉬웠어요. 그리고 손님이 없다보니 직원분들 대화하시는게 귀를 빡빡 때려서 좀 불편했네요ㅋㅋ,괜찮다
2862,칠기마라탕,seul,"마라탕, 샹궈, 꿔바로우 모두 맛있음.친구가 맵찔이라 완전 순딩순딩하게 먹었는데도 나쁘지 않은 샹궈였다.꿔바로우는 처음 봤을 때 양이 너무 적어 보였는데 먹다보니 딱 적당했음.이거보다 많았으면 먹다가 물려서 남겼을 듯.이근방에서 맛있는 마라요리가 먹고 싶다면 이곳을 추천한다.",맛있다
2863,칠기마라탕,롤케이크얌,#망고하이 마라샹궈 먹었어요~! 고기추가는 따로해야하고 종류는 조금 아쉬웠지만 고추랑 양념이 맛있었어요~! 사람 많았고 손님과 알바님들이 중국?쪽 분들이 많으신 것 같았어요 친절하시고 잘 응대해주셨고 매장도 깔끔했어요 괜찮아요~~! #망고하이,맛있다
2864,칠기마라탕,h,예전의 맛집이 아닙니다위생 지저분하고 종업원은 마스크 잘 안쓰고 불친절합니다,별로
2865,칠기마라탕,준영,참 깔끔하다는 점에서 좋았는데 재료 담는 공간이 너무 좁아서 불편하고 미닫이 문까지 있어서 사람들이랑 엉키면 너무 힘들어요ㅋㅋ 마라 정도는 딱 좋았는데 기본적인 간이 많이 약하고 배추 같은 채소들이 너무 생이어서 샐러드 먹는 느낌인게 아쉬웠어요ㅠㅠ,괜찮다
2866,칠기마라탕,미동이,맛있다아,맛있다
2867,칠기마라탕,셔니,작년에 마라탕이랑 꿔바로우 먹었는데 여기 꿔바로우가 종종 생각나는거보면 맛있었나봐요..쫀득한 꿔바로우 좋아한다면 추천!,맛있다
2868,칠기마라탕,주배,"4.0 / 5.0여기 맛있다. 사람도 진짜 많다 @@.. 개인적으로 마라탕 특유의 호두맛?을 별로 안좋아하는데, 군더더기 없이 딱 자극적이고 매운맛이 난다. 그리고 향신료 향이 가미된 느낌. 여기는 사실 꿔바로우가 정말 유명한데 사실 막 유명하다고 해서 찾아올 정도는 아닌 것 같다. 개인적으로 고기는 얇고 튀김옷은 두꺼워서 좀 아쉽긴 했지만, 꿔바로우 소스가 달짝지근하니 맛있는 듯. 안암 마라탕 가면 꼭 여기가시길 !",맛있다
2869,칠기마라탕,즌짱,"굉장히 오랜만에 먹은 마라탕이었는데 깔끔하고 맛있어요. 제일 맵게 먹었는데, 별로 안 매운데..? 하다가 나중에 입술이 땡땡 부었어요 ㅋㅋㅋ 못 먹을 정도는 아닌데 여파가 좀 셌습니다. 일찍 안 가면 기다려야겠더라구요. 6시 좀 넘으니까 사람들이 빠글빠글,,, ㅎㅡㅎ",맛있다
2870,칠기마라탕,이현지,"마라탕+꿔바로우 소짜 = 완벽한 조합인근 마라탕하는 곳 중에서 제일 담백하고, 맛있는 매운 맛이 나는 것 같다. 마라탕 한 입, 꿔바로우 한 입 먹으면 단짠단짠! 꼭 꿔바로우 시켜서 드세요",맛있다
2871,칠기마라탕,seul,방문 당시 샹궈가 안 된다고 해서 좌절하고 마라탕을 먹었는데 뜻밖의 마라탕 맛집 발견.국물이 담백하고 향신료가 약해서 마라탕 입문자에게도 괜찮을 듯싶다.위생도 철저히 관리하고 꼼꼼하게 신경쓰는 것 같아서 마음에 들었다.전반적으로 만족스러워서 샹궈와 꿔바로우를 먹으러 재방문하고 싶은 곳이다.,맛있다
2872,칠기마라탕,코랄,"지금은 마라탕이 고대 근방 전체를 점령했지만 정문쪽의 첫 마라탕집이었다. 고려대역쪽은 칠기마라탕, 안암역쪽은 사랑마라탕이 가장 인기 많은 것 같다.나는 향신료를 엄청 잘 먹는 편은 아니라서 칠기마라탕의 마라샹궈는 조금 마라맛이 쎘고 마라탕을 더 맛있게 먹었다.량펀이라는 차가운 비빔면 요리도 처음 먹어봤는데 칠기마라탕의 량펀은 넓적한 면에 땅콩맛 소스가 버무려져 있었다. 먹을만 했지만 호불호가 갈리는 메뉴일 것 같다.코코넛 우유 음료도 여기서 처음 마셔봤는데 앞으로 이게 보이면 마시게 될 것 같다. 코코넛 음료는 원래 밍밍하고 살짝 비려서 별로 안좋아하는데 이건 달달해서 좋다. 강한 마라맛을 중화시켜줘서 잘 어울렸다.사실 원래 이곳을 좋아했던 이유는 처음 오픈했을 때 먹었던 꿔바로우가 너무 맛있어서였다. 내가 먹어본 꿔바로우 중에 제일 맛있을 수도 있다…! 근데 최근에 먹어보니 고기는 종잇장처럼 얇고 질기고 진짜 최악이었다ㅠㅠ 돌아와ㅠㅠㅠㅠㅠ",괜찮다
2873,칠기마라탕,메이,우연찮게 알게되서 갔는데 마라탕재료에 새우가 없어서 아쉬웠어요.하지만 너무맛있고 짜지 않아서 좋았어요.맛있어서 또가고 싶어지네요.꿔바로우는 대박! 너무맛있어요.꼭드시길 추천드립니다. 향도강하지 않아서 누구든 먹을수있을것같아요.너무맛있어서 강력추천드립니다.,맛있다
2874,칠기마라탕,Yenny,"향은 진한데 안짜!!!단언컨대 최고의 마라샹궈였다...저녁에 먹고 밤에 또 생각나는 맛,어제 먹고 오늘 또 생각나는 맛!마라샹궈는 100g에 3천원.둘이서 소고기 3천원 추가해서 24,000원이었는데 요즘 위가 전성기라 삼만원어치는 시킬걸 싶었다..이제까지 꽤나 많은 마라탕과 샹궈를 먹어봤는데지금까지 먹어본 곳 중에 가장 간이 세지 않으면서, 한약재맛이랄까..향은 진한데 밥이랑 함께 무한대로 들어갈 맛이었다.보통맛으로 시켰는데, 먹고 나면 위가 쓰릴것 같은 자극도 없었다. 매운걸 즐기는 분들이라면 좀 더 맵게 먹어도 좋을듯.오후 다섯시에 방문했는데 점점 사람이 많아져서 식당 안이 아주 복작복작해졌다...여기가 중국인지 한국인지마라의 인기를 실감할 수 있었다두 명이 오면 2인 자리에 앉으라고 하는데 사실상 합석 수준의 붙어있는 자리라 조금 민망할 수도...테이블 간격에 민감한 분들이라면 포장이 훨씬 나을 것 같다.요상하고 불편하게 생긴 그릇도 쓸데없이 자리를 차지한다ㅎㅎ다음엔 탕이랑 꿔바로우도 먹어봐야지재방문의사 있음!",맛있다
2875,칠기마라탕,HanDongheon,학교에 거의 중국현지식당 비쥬얼에 깜놀들어갔더니 중국학생 너무 많아 깜놀중국인 한국인 구분 안가 깜놀너무 맛있어서 깜놀,맛있다
2876,칠기마라탕,맛집에 미친 자여요,"안암에서 젤 좋아하는 마라탕/샹궈 집인데, 일단 꿔버로우가 최고예요. 소자 6000원이라 둘이 먹을 때 시키기 딱! 마라샹궈가 마라맛이 더 강하고 예전보다 덜 매워진 느낌? 옛날에 2단계 시켜도 매워했는데 신라면쯤+마라맛 인 정도입니당 ㅎㅎ 중국당면이 쫠깃해서 항상 넣어요 흑흑 양고기 소고기 둘 다 맛나고 안 비립니다!!",맛있다
2877,미연마라탕,김미현,맛은 있어요. 근데 비위생적이에요^^; 삼성페이로 결제 위해 핸드폰을 받아들었던 손을 씻지 않고 바로 그 손으로 제가 그릇에 담은 야채들을 들어서 자르고 그 손으로 테이블 치우고 청소하고 다시 셀프바의 음식 채워넣고... 그걸 너무 아무렇지 않게 하니까 당황스러웠어요. ㅠㅠ 그 광경을 두 눈으로 본 이상 재방문은 힘들것 같아요 ....,별로
2878,미연마라탕,미동이,회기 마라탕 중에서 제일 괜찮음,괜찮다
2879,미연마라탕,뀨뀽이,소고기피망덮밥도 맛있고 마라탕도 맛있었다 꿔바로우는 너무 시고 달고 딱딱했음 ㅜ 테이블마다 하나씩 있어 추가로 시킨건데.. 마라탕 삼단계는 별로 안매워서 사단계를 할걸 그랬다,괜찮다
2880,미연마라탕,먹짱,맛있어용! 그냥 딱 적당한 마라탕맛?꿔바로우는 근데 제 입엔 너무 시큼한 맛이었어요... 마라샹궈도 맛있어용경희대~시립대생이면 한번쯤 가볼만 한 곳!,괜찮다
2881,미연마라탕,서민종,평일 저녁에 갔는데 마라탕 거의 다 먹을 때까지 꿔바로우가 안 나와요.. 맛은 나쁘지 않았는데요. 늦게나온 꿔바로우는 너무 적어요.,별로
2882,미연마라탕,즌짱,"오랜만에 미연 재방문! 저번에는 외대 지점으로 갔다가 이번에는 본점에 갔어요. 양 쪽 다 맛있는데 저는 개인적으로 외대점이 더 나았던 것 같아요. 그리고 본점의 야채 상태가..... 생각보다 좋지 않아서 아쉬운 점이 조금 있었어요. 그럼에도,, 고소한 마장 맛에 매콤한 마라 맛에 깔끔한 뒷맛은 여전히 최고였습니다,,, 미연 최고,,,",맛있다
2883,미연마라탕,silvert,서울 유명한 마라탕점보다 좀 더 괜찮았습니다. 딱 생각하기에 회기에는 맛집이 그렇게 많이 없다는 인식이 있는데 의외로 초밥이라든지 마라탕이라든지 은근히 상당한 내공의 맛집이 있는것같아요. 여긴 진짜 좋네요 :),맛있다
2884,미연마라탕,seul,"오랜만에 먹는 마라탕이라 정말 맛있는 마라탕을 먹고 싶다는 기대감이 컸는데 그 기대를 십분 충족시켜준 곳.100g에 1500원이라는 저렴한 가격도 엄청난 장점이다.진한 국물엔 즈마장이 딱 적당한 만큼만 들어가 텁텁하지 않은 고소함만 담겨있다.마라탕 재료가 많지 않은 점빼곤 맛과 서비스, 청결 모두 만족스러웠다.오랜만에 맛있는 마라탕집 찾아서 행복합니다~~~~~~~~",맛있다
2885,미연마라탕,즌짱,"미연 마라탕 처음 방문했는데 아니 제가 진짜 여기 왜 이제 왔을까요 ㅠㅠ 세상,,, 존맛탱...원래 그 즈마장 맛이 진하게 남는 마라탕은 텁텁해서 별로라 생각했는데, 여기는 즈마장 맛이 나는데도 맛있었어요. 국물이 정말 맛있습니다 ㅠㅠ 저는 3단계 맵기로 먹었는데 혀가 얼얼하고 맵긴 한데 죽겠다 싶진 않았어요. 매운 거 좋아하시고 마라 매운맛에 적응 된 분은 3단계 아닌 분은 2단계 추천해요!가게도 상당히 깔끔하고 옥수수 면을 위에 보이게 담아주시는 점도 좋았어요.재방문 의사 매우 매우 넘치는 마라탕 집이에요!! ㅠㅠ",맛있다
2886,미연마라탕,사이코는못말려,인생 첫 마라탕...왜 마라 마라 하는 지 알겠다..매콤하면서도 먼가 달짝지근한... 나트륨의 맛..환상적... 1일 1마라 실천해야지...처음 먹어봐서 그런지 진짜 맛있었음!!,맛있다
2887,미연마라탕,알바몬15,"뭔가 마라탕만의 화끈하고 화한맛이 없다ㅠㅠㅠ사람은 많지만 생각하고 기대하던 마라탕맛이 아니다ㅠㅠㅠㅠ사진 못찍어서 넘나 아쉽다 흑흑양대비 가격은 싸긴하다~,~",별로
2888,미연마라탕,ere,"대존맛 신맛이 강하게 나거나 건두부, 중국당면에서 냄새?가 나면 잘 못먹는 편인데 여긴 그런거 없어서 좋았다!!일단 다른 곳과는 달리 사진처럼 데코에 공을 들여주셔서 딱 받았을때도 기부니가 좋음. 목이버섯 말랑말랑해서 좋앗고 새우꼬치 맛있음 재료도 신선한듯다만 웨이팅이 많은편인데(19년6월 기준) 어찌나 많은지 다먹고 나올때도(한8시?) 기다리고 있음 그래도 안에 테이블이 많고 넓은편이라 금방금방 들어가는 편인듯 기다리는 사람이 끊임없이 늘어나는게 문제지만..",맛있다
2889,미연마라탕,뎜(dyeom),2019.06.23엄마한테 마라탕 이야기하다가 먹어보고싶다길래 가까운 곳으로 찾아 가보았다. 회기역 1번출구로 나와서 조금 걸어야한다.마라탕1개씩+꿔바로우 대자로 주문. 꿔바로우 양이 되게 많았다. 근데 꿔바로우의 쫀득한 맛이 좋은건데 몇개는 너무 파삭하기만 한게 있어서 아쉬웠다.☹마라탕은 맵기단계를 3단계로 했는데 4단계를 해도 됐을 듯하다. 그렇게 맵지않았음. 국물도 뭔가 좀 맹맹한 느낌도 들고... 좀 더 입 얼얼한 느낌을 받고싶었기에 조금 아쉬웠다.,괜찮다
2890,미연마라탕,미콩,"경희대 주변에서 유명한 몇 사천음식점 중 한 곳재료를 담아 무게를 재는 방식이고, 야채는 100g에 1500원, 꼬치는 개당 1000원으로 별도 계산돼요(19년 4월 기준)알싸한 화자오가 강하게 느껴져요 친구가 이곳의 국물에서 느껴지는 땅콩소스의 맛이 매일 밤 사무치게 그립다하여 좀 기대했는데, 사실 첫맛에는 땅콩소스 맛이 거의 안 느껴지더라고요 그래서 뭐지했는데 국물을 비워갈 때쯤 땅콩소스가 은은하게 나면서 점점 더 고소해졌어요 반전있는 국물이네요저렇게 한가득 담고 6000원즈음 나왔으니 정말 안 찾아올 수가 없겠죠? 다만 매장 문을 활짝 열어놓으시는데 밖에서 간간이 담배냄새가 들어오더라고요 음 이게 현지의 늑김인가ㅠ다음엔 마라샹궈 먹을 거예요!",맛있다
2891,식닷컴,왕앵무,메뉴가 정말 많아 메뉴 고르는 것부터 어려웠는데 결국에는 오늘도 익숙한 메뉴로 시켰다. 마음은 늘 새로운 것에 도전하고 싶은데 이런 찐 중국 바이브의 식당에서는 괜히 실패가 두렵다..아무튼 생양갈비+양갈비살+오이무침+꿔바로우가 포함된 세트를 주문했다. 10개의 생양갈비 꼬치와 10개의 양념된 양갈비살 꼬치가 등장했다. 맛은 평균 이상이다. 잡내 없고 육질이 부드럽다. 특히 양념 양갈비가 짭쪼름하니 괜찮았다. 오이무침은 다소 심심한 편인데 그래서 오히려 건강한 음식을 먹는 듯한 착각이 들어 나쁘진 않았다. 꿔바로우도 소스가 적당히 달고 매콤했고 돼지고기는 얇고 살짝 퍽퍽했으나 튀김은 오랫동안 바삭한 상태를 유지하는 걸 보니 잘 튀겨낸 것 같다.안전한 메뉴만 시켰지만 모든 메뉴가 평균 이상의 맛이었다. 그렇지만 찾아갈 정도의 맛집은 아니고 근처에 방문할 일이 있다면 한 번쯤 가보는 건 괜찮겠다.,괜찮다
2892,식닷컴,유새벽,학교 근처의 괜찮은 중국집. 마파두부덮밥이 괜찮았다. 다른 요리들도 먹어보고 싶음,괜찮다
2893,식닷컴,장희,가격은 합격 맛은 아쉽다.볶음면은 두종류 주문해봤는데 깐마는 별로고 기본이 훨 나았다. 류로똰 이거는 고기맛이 괜찮었음. 향라 쪽갈비는 진짜 별로. 누린내가 나고 고기도 좀 질겼다. 양념자체는 괜찮았다. 홍소육은 맛있었고 볶음밥은 진데다가 애매한 맛이라 별로. 볶음밥 빼고는 대체로 짠맛이 다른곳보다 강하다,괜찮다
2894,식닷컴,샨티,꿔바로우랑 가지볶음은 맛있는데 여러개 먹어봤지만 나머지는 별로였음... 꿔바로우랑 가지볶음 먹으러 갈거라면 추천,맛있다
2895,식닷컴,Ansohwee,개인적으로는 자리를 옮기기 전이 뭔가 더 맛있었던것 같지만 기분탓이겠죠 대신 옮기고서 가게도 깔끔해지고 술먹기는 더 편한 분위기로 바꼈어요! 영업도 늦게까지 하는점이 참 마음에 드는 가게!!!,괜찮다
2896,식닷컴,띵시,"가성비 ●●●●○맛 ●●●●○분위기 ●●●○○재방문의사 85정~~말 다양한 중식을 맛볼 수 있는 식닷컴! 이전한 후 규모도 커지고 위생도 좋아져 인근 대학생, 대학원생 및 교수들의 사랑을 듬뿍 받는 곳이다. 항상 북적이고 왁자지껄해 중국 어디매 현지 식당에 온 듯한 느낌이 듦. 이 날은 무난하게 생양꼬치 주문. 굉장히 배부른 상태로 갔음에도 꽤 많이 먹었다. 신선한 꼬치를 바로바로 구워 쇽쇽 먹을 수 있어 넘 좋음. 인근 최애 중국식당인 촨*은 고기가 질기고, 조리된 상태로 나와 굉장히 아쉬웠는데 식닷컴 꼬치는 뜨끈하고 육질 좋은 양고기를 먹을 수 있어 만족스러움. 각종 식료품은 따로 나오니 기호에 맞게 곁들이면 된다. 방문 당시 맥주 이벤트 중이라, 하얼빈을 주문했더니 병뚜껑 위에 천원짜리 지폐를 달랑달랑 붙여서 줌ㅋㅋㅋ 친한 사람들끼리 방문해 한 장씩 가위바위보로 나눠 갖는 재미가 있음. 이전에 맛본 메뉴들도 썩 괜찮았으니, 정통중식 좋아하는 지인들과 왁자하게 자주 놀러가고픈 곳임.",맛있다
2897,식닷컴,Hailey,"중국요리 맛집, 외대 식닷컴! 중국 유학 다녀온 친구가 맛 보장한다면서 데려간 곳이에요. 샹궈, 양꼬치 등 다양한 중국 요리를 팔았지만 우리의 목표는 ‘카오위’ 였습니당.저는 카오위를 여기서 처음 접했는데 일단 비주얼부터 대박이에요ᯅ̈. 사진처럼 사각형 냄비안에 마라 베이스의 국물과 커다란 생선 한마리, 그리고 그 위에 향신료가 잔뜩 뿌려져서 나옵니다. 생선 밑을 들춰보면 야채와 푸주, 햄, 연근 등등 샹궈 재료들이 함께 들어있어요 :) (당면이나 기타 재료들은 추가 가능하다고 하시더라구요!) 꿔바로우도 같이 시키려고 했더니 양이 많을거라고 말리셨는데, 정말 여자 셋이서 밥이랑 카오위만 먹었는데도 배부를 정도의 크기였어요. 무슨 생선인지는 잘 모르겠지만 살도 무척 많고 정말 부드러웠고, 마라 국물도 일반 마라탕보다 훨씬 강렬하고 진해서 진짜 중독적인 맛이었습니당 ㅠ직원분들은 다 중국분들이신데 한국어를 능숙하게 하시지는 않지만 무척 친절하셔요. 저는 카오위 먹으러 다시 방문할 의사있습니당.",맛있다
2898,식닷컴,qwert,여기가 꿔바로우 맛집마라탕을 먹고싶은데 연휴에 다 문을 닫아서 여기에 마라탕을 파는 것을 보고 들어갔다.꿔바로우가 맛있다고 해서 둘 다 시켰는데 마라탕 양이 은근히 많아서 꿔바로우는 먹다가 포장했다.마라탕도 전문점 못지않게 맛있었다.개인적으로 외대 2위 주고싶다.꿔바로우는 쫀득한 게 진짜 맛있었다.진짜 중국에서 먹던 음식들이 많아서 또 갈 예정,맛있다
2899,식닷컴,즌짱,"양꼬치랑 세트 메뉴 시켜서 먹음.꿔바로우가 맛있다는 말을 많이 들어서 기대가 컸는데, 식초? 신 향이 엄청 강해서 처음에 먹을 때는 좀 힘들었다. 이 고비만 넘기면 맛있음,,,양꼬치 외 다른 메뉴는 특색은 없으나 맛있었습니당",맛있다
2900,식닷컴,JamesChung,음식도 맛있고 장소도 큽니다! Great food with a huge venue—perfect for large parties.,맛있다
2901,식닷컴,ChoMinheum,"예전부터 계속 가보고 싶었던 집이기에 날 잡고 가서 지삼선 + 신강양고기볶음밥을 시켰다. 합하면 16000원이기에 혼밥치고는 비싼 편이지만 결론은 행복한 맛이었다! 주인분이 중국분이신데 그래서인지 본토의 맛이 느껴진다.여기 지삼선이 정말 맛있다... 정말 홀릭!!! 땅에서 나는 세가지 재료(가지, 감자, 피망)을 볶은 요리인데 훌륭하다. 정말 이집 지삼선을 먹고서도 가지가 싫은 사람이라면 전생에 가지를 먹다 죽었다던가(...) 뭔가 악연이 있는 게 분명하다. 나도 평소에 가지를 즐겨 먹는 편이 아니지만 만약 모든 가지요리가 이 정도의 맛을 자랑한다면 매일매일 먹어도 한이 없을 듯 싶다.신강양고기볶음밥도 역시 기대 이상이었다. 일반적인 중국집 볶음밥에 그냥 커피라면 여기는 TOP다. 불맛이 대놓고 나지는 않지만 은은하고... 정말로 이상적인 볶음밥이다.결론: 가격대비 정말 맛있다. 가게도 깔끔하고 직원도 친절하다. (다만 한국어로 의사소통이 힘들 수 있으니 주문할 때는 메뉴판을 짚어가면서 주문하는게!) 아마 내가 먹어본 중국집들 중에 순위권에 드는 맛이다. 중국 본토의 맛을 느껴보고 싶다면 강추!!!!!",맛있다
2902,식닷컴,촘촘,"말해모해,,,",맛있다
2903,식닷컴,빈빈,love..,맛있다
2904,식닷컴,Ansu,면: 광주볶음면 밥: 간장볶음밥 나머지는 고기만두랑 꿔바로우 광주볶음면이 정말정말 맛있었다 고소한 기름맛에 콩나물 아삭아삭하고 내 기준 이문동에 몇 안되는 다시 생각나는 맛인 것 같다. 간장 볶음밥도 고소하고 부드럽다. 고기만두는 괜찮았는데 다시 시켜먹을 정도는 아닌..? 그냥 보이는 그대로 빵같은 반죽에 고기를 곁들여 먹는 맛이었다. 꿔바로우는 맛이 상당히 강하다. 물론 이보다 더 식초향 강한 꿔바로우도 많지만 나에게는 좀 자극적으로 느껴졌다  꿔바로우는 내 인생 최고까진 아니었다. 밥 종류랑 같이 먹어야 더 나을 것 같기도 했다. 무튼 광주볶음면은 정말 최고이다❣️,맛있다
2905,식닷컴,E.T Jun ,"소문으로만 듣던 식닷컴을 중국어를 할줄아는 친구와 가보았다. 종업원은 두분이계셨는데 여자분은 한국어를 알아들으셨고 남자분은은 중국어만 할줄아는듯 했다. 여자분이 안계시면 의사소통은 복불복일듯. 기본찬은 두개나왔는데 소금간한 땅콩볶음은 맛있었는데 짜차이는 별로였다. 원래 짜차이 좋아했는데 간이 너무 세서 그냥 먹기엔 힘들었음. 요리는 가지볶음과 어향육사를 시켰다. 연남동 하하의 가지볶음과 비교하자면 연남동의 하하는 튀기듯한 느낌이라서 맥주안주의 느낌이 강하다면, 이곳은 좀더 간이 강하고 겉이 덜 바삭하면서 양념이 많은 반찬의 느낌이다. 밥을 시켜서 같이 먹으니 괜찮았음. 어향육사는 매콤한 돼지고기 볶음이었는데 내입맛에 괜찮았다. 같이간 친구 말로는 단맛이 더 들어가면 더 좋을것 같다는 의견이었다. 외대앞 이문동에서 또하나의 새로운 식당을 발견해서 즐겁고  현지느낌 물씬나는 식당이라 더 반가웠다. 메뉴가 너무 많아서 고르기가 힘들지만 다음에는 더 메뉴 공부해서 오고싶은집이다.",괜찮다
2906,식닷컴,AlexTheFood,"170313.맛 ★★★★ 분위기 ★★★ 가성비 ★★★★  재방문 의사 있음  주문한 메뉴 (3명 방문) 가지볶음밥 - 6000원 탕수육 (꿔바로우) - 12000원 총 18000원정말 아는 사람만 알만한그런 맛집을 찾았다.바로 食.COM!이름부터 신기한데,중국인 분이 직접 운영하시는제대로 된 중국집이다.도시락도 되고 배달도 되는데외대 후문 쪽에서 구불구불한참을 들어가야 있어서,찾기도 힘들고,가게 이름도 뭔가 어려워서아직도 모르는 사람이 많은 숨은 맛집!주인 아주머니 아저씨 전부중국인이셔서주문할 때 발음을 제대로 해야한다!우리도 서로 의사소통이 잘 안 되어서엉뚱한 메뉴가 나온 적도 많지만전부 맛있어서 그냥 먹었었다는...내가 매겨놓은 가성비가별 4개인 것치고는가격이 조금 있는 편.하지만 별 4개인 데에는이유가 있지 않겠는가.우리는 배가 별로 안 고팠어서간장 볶음밥과 탕수육을 시켰다.주문하자마자짜샤이와 볶음 땅콩부터기본 상으로 주시는데,난 볶음 땅콩이이렇게 맛있는 음식인 줄 몰랐다.기름에 찌들었는데소금간이 완전 배어서엄청 살찔 것 같은 볶음 땅콩.얼마 지나지 않아 볶음밥도 나왔는데,이 날도 어김없이우리의 주문과 다른 것이 나왔다.간장 볶음밥이라고 했는데,가지 볶음밥을 주시다니...어차피 가격도 같아서그냥 먹어봤는데,역시 맛있었다.가지 볶음밥은 처음 먹어봤는데,중국 특유의 그 맛이짙게 들어가 있어서 신기했다.탕수육은 항상 마지막에 나온다.우리가 이 곳의 단골이 된 이유.탕수육을 시키면 꿔바로우가 나오는데이 것은 12000원의 퀄리티가 아니다.엄청 간이 잘 밴 돼지고기 뭉텅이에얇은 튀김옷을 바삭하게 입힌정말 엄청난 고급요리다.중국으로 여행가지 않아도느낄 수 있는 분위기와 맛.외대와 경희대에 중국 학생들이 많아지면서주위에 중국인들이 하는 음식점들도조금씩 생기게 되었는데,이 곳은 그 중에서도 단연 최고다.들어가보면 중국인들밖에 없고판매하는 주류나 안주,심지어 말도 전부 중국어니까안에서 먹고 있으면 마치친구들끼리 중국에 여행온 듯한 느낌이매우 강하게 든다.가격대도 그리 비싸지 않으니근처를 지나가다 중국으로 여행가고 싶다면꼭 한 번 들려보길 바란다.발음은 정확하게 하는 것을 추천하지만의사소통이 제대로 안되어다른 것이 나오더라도 한 번 먹어보자.진정한 여행은 그런 것이 아니겠는가.",맛있다
2907,큐큐면관,Special U,[삼성역 근처에 빨리 먹기에 좋은 곳]미리 만들어져 있는 음식을 데워서 내오는 것 같은데 음식이 그렇게 맛없다 있다 정도는 아니고 그냥 먹을만한 정도인 것 같아요.홀에 서빙하는 직원이 많진 않지만 그렇게 바쁘지도 않은데 메뉴 주문 시 불러도 잘 안 오고 뭐 요청하면 심드렁하게 대답해서 같이 온 동행들도 불편해하고 서비스 측면에서는 별로였습니다. 그냥 음식맛도 쏘쏘... 그렇게 맛있지도 않았지만 그냥 무난해서 삼성역 근처에 중국식 면요리 먹고 싶을 때 먹을만합니다,괜찮다
2908,큐큐면관,당케쉔,"가성비 좋은 딤섬집. 소룡포와 슈마이가 맛있어요.학가우는 비추지만, 소룡포와 슈마이는 기본 2접시씩 먹을 정도로 좋아해요.여타 유명하고 비싼 웬만한 딤섬집보다 맛있다고 느껐습니다.망고새우나 칠리새우도 맛있어요.짜장볶음밥이나 기타 식사류도 무난하니 먹을만 하고요.딤섬이 먹고 싶은 날이면 종종 찾아가는 집이에요.밑이 깊은 숟갈에 소룡포 올려놓고 살짝만 찢어서 흘러나온 육즙에 간장 절인 생강을 쑤셔넣어 한입에 츄릅 먹으면...후... 오늘도 먹으러 가고 싶네요.",맛있다
2909,큐큐면관,Ray,짜장면(3900) 먹었는데 지금까지 먹어본 큐큐면관 메뉴 중에서 제일 싸고 제일 별로였어요. 우선 짜장소스 자체가 별로였기 때문에 자동으로 짜장밥도 안 먹어보기로 했습니다ㅋㅋ 오이가 고명으로 엄청 많이 나오니 오이 싫어하시는 분들은 참고하세요.,별로
2910,큐큐면관,Ray,"새우완탕면(5900) 먹었는데 국물은 맛있고 면은 괜찮고 완탕은 새우는 좋은데 피가 별로였어요. 식감이 찐득하면서 텁텁한 맛이라고 해야 하나 많이 아쉬웠어요.중화냉면, 큐큐덮밥, 짬뽕밥도 먹어봤는데 짬뽕밥이 제일 나은 거 같아요.",괜찮다
2911,큐큐면관,J,"유니짜장, 탕수육, 깐쇼새우 먹엇는데, 군대에서 냉동사먹을때 그맛이라 좀 놀람 ㅋㅋ 그래도 친절하고 가격도 싼편이라 가볍게 먹으려는 분들은 갠찬할듯.",괜찮다
2912,큐큐면관,silvert,걍 보통,괜찮다
2913,큐큐면관,박민구,다진 고기가 듬뿍 들어간 유니짜장과 육즙이 뚝뚝 떨어지는 태양군만두를 6900원에 혼밥세트로 먹을 수 있다.,맛있다
2914,큐큐면관,이성민,짬뽕 맛있긴 한데 한마디로 말하자면 다른 가게에 비해서 엄청 맛있는건 아니라 가성비가 매우 좋다 정도?? 만두는 안에 육즙이 가득차있어서 그런지 정말 맛있었다 나중에 또 가고싶은 곳,맛있다
2915,큐큐면관,이주현,"세련된 느낌인데 값은 싼 중화요리점입니다.중화냉면은 여기서 처음 먹어봤는데흔히 먹던 냉면 육수에 땅콩소스 넣은 느낌이군요. 대신 면은 밀면인데 면발 좋았습니다.큐큐덮밥은 대만풍 덮밥이라는데, 이것도 왠지 알던 맛이긴 하네요ㅋㅋ 동파육 맛이던가 이거.. 어쨌든 전체적으로 싸고 괜찮았어요.",괜찮다
2916,큐큐면관,핏짜,"회기역 근처에 있는 중식당입니다.짬뽕과 달님찐만두, 그리고 칠리새우를 먹어봤습니당!짬뽕은 그냥 그래요. 유니짜장처럼 소고기 다진게 많이 들어가서 살짝 담백하기도한데 입맛을 당기진 않네여 ㅠㅠ달님찐만두는 그냥 집에서 쪄먹는 만두 같아여칠리새우는 새우가 통통하구, 맛있었어요!다른 집에 비해 가격도 저렴했구요!비싼중국식요리(탕수육 오향장육등)를 저렴하게 먹을 수 있는 점이 이가게 장점인듯!",괜찮다
2917,리진,키다리아저씨,"작년 여름이 지날쯤~? 오픈한지 얼마 안된곳인데...평이 괜찮아 보이는 중식당이 생겨서~사는곳에서도 가까운편이고 단골커피집도 갈겸 식사하러 갔습니다.주차는 안되는 위치라서 다른곳 주차를하고 도착하니...건물 2층에 식당이 위치하고 있어서 한쪽의 좁은 계단으로 올라가면 한국조리기능장 명패와 블루리본서베이 2021스티커가 붙은 문이 반겨줍니다.호텔의 유명 중식당에 계셨던 분이 운영하신다는 소문 때문에 더욱 궁금했는데...제가 방문할 당시엔 오픈한지 얼마 안되서 그런지...저녁식사 시간인데도 저 포함 3테이블의 손님만 있어서 조용하게 식사할 수 있었어요.메뉴판을 보며 베스트 메뉴이며 궁금했던 ""안심탕수육"" 그리고 ""일품가지"" 두개와 따뜻한 국물을 먹어보기 위해 ""백짬뽕""을 주문했어요.탕수육은 일단 먹음직스러워 보입니다.적당하게 도톰한 두께 덕분에 씹는맛도 좋고, 고기상태도 좋은지 깔끔하고 담백한 고기의 맛을 느꼈습니다. 살짝 아쉽다면 튀김옷이 바삭한 느낌 보단 고기튀김의 느낌이 좀더 났던터라 개인적으로 선호하는 스타일은 아니였어요^^그래도 기본 탕수육 자체의 맛은 좋았고, 소스도 너무 자극적이지 않은 달콤새콤한 맛이 괜찮았습니다.일품가지는 가지 사이에 다진새우로 채워진 요리였는데... 이것도 튀김옷은 얇은 편이라 가지 특유의 물컹거림과 부드러움이 함께 느껴집니다. 그래도 안에 채워진 새우살 덕분에 탱글하게 잡아준 느낌이 좋았고, 개인적으로 살짝 매콤했으면 더 맛있게 먹었을거 같은데...먹다보니 조금 느끼한면도 있더라구요.백짬뽕은 시원하고 진한데...자극적이지 않아서  속 시원하고 얼큰하게 먹었던거 같아요^^적당히 해산물도 들고, 생각보다 매운맛도 느껴지며, 깔끔 담백한 육수가 좋네요.면은 좀 평범해서 기억에 남진 않고, 면은 좀 남겼던거 같아요^^;메뉴도 적당히 준비되어 있고, 음식의 수준도 동네 중식당으로는 충분히 매력있는 곳이라 생각해요~개인 취향에 따른 아쉬움은 조금씩 있었으나~ 제가 방문할때는 운영 초기였던거 같아서 지금은 좀더 좋아지지 않았을까 생각합니다.",괜찮다
2918,리진,ethanghymn,이젠 어렸었을 때만큼 탕수육을 좋아하진 않지만 그래도 최근에 들렀던 길동 짜장면의 탕수육처럼 여전히 탕수육 맛집이 있다면 궁금해서 들러보는데 예전부터 탕수육 맛집으로 알려진 가게들 말고 근래라고 하긴 좀 됐지만 신락원에서 만났었던 탕수육은 오랜만에 두근거리는 경험이었음.심플한 비주얼이지만 라이트한 달달함과 점도의 소스 그리고 공력이 느껴지는 에어리하면서 쉽게 눅눅해지지 않는 튀김옷의 탕수육을 보는 순간 마치 오라가 뿜어져 나오는 것 같았고 맛도 좋아 오랜만에 좋은 탕수육을 만나서 좋았고 두 번 더 방문했었음.하지만 두 번째 방문부터는 탕수육에서 뿜어져 나오는 것 같은 오라가 안 느껴졌고 비주얼도 그렇고 맛이나 질감도 뭔가 살짝 덜 좋아서 무슨 일이지 했고 그러고 둘러보니 첫 방문에선 사진으로만 뵀던 왕기명 셰프분이 홀에 계셨어서 이제 주방은 넘기셨나 보다 했고 그래서 맛이 처음만큼 좋지 않은 건가 했고 한 번 더 방문했는데 역시나 첫 방문때 맛봤던 탕수육이 아니어서 그 이후론 안 갔었음.그러다 Capriccio06님의 리뷰에서 여기 리진을 보게 됐고 신라호텔 팔선에서 근무하셨던 셰프분이 차렸다고 하길래 뭔가 예전에 역시나 팔선에서 계시던 셰프분이 나와서 차렸다고 해서 궁금해서 들렀었던 맛이차이나가 생각났음.일요일에도 영업을 해서 오후 영업시간 오픈 때쯤 가게 앞에 도착하니 내가 좋아하는 커피가게인 커피그라운즈에서 멀지 않았고 계단을 통해 2층에 위치한 가게로 오르니 작년에 들렀었던 가게 중에 기억에 남는 가게인 진영면옥에서 봤던 조리기능장 마크가 보여 비슷하게 기억에 남는 경험일까 함.가게 안으로 들어서니 적당히 아담하면서 뭔가 심플하면서도 정갈한 느낌이고 편한 자리에 앉으시라고 해서 창가 테이블에 앉으니 재스민차와 메뉴를 가져다 주셨는데 메뉴는 딱히 볼 것도 없이 안심탕수육 1-2인 사이즈를 부탁드림.밑반찬으로는 자차이와 얇은 단무지가 나오고 어느 정도 기다려 드디어 안심탕수육 1-2인 사이즈가 나왔는데 이미 적당히 시큼은은히달달한 냄새도 그렇고 비주얼도 호텔 중식당 같은 데서 보는 타입임.한 개를 집어 슥 보니 튀김옷이 뭔가 미리 한 번 튀겼다 다시 한 번 튀긴 건가 싶게 기름이 밴 느낌인 건 의왼데 식초 좀 많이와 고운 고춧가루를 넣어 만들어둔 간장소스에 찍어 맛을 보니 소스는 선호하는 것보단 살짝 더 점도가 있고 고기는 안심이라는데 프리미엄 돈카츠에서처럼 아주 부드러운 타입은 아니어서 흔한 등심 탕수육과 딱히 다르게 느껴지진 않고 튀김옷은 가볍게 바삭하기보단 쫀득부드러운 타입임.레몬의 시큼함이 느껴지는가 했는데 역시나 레몬 조각도 들어있고 맛있게 먹으면서 어린가족인원을 위해 새우볶음밥 곱빼기를 포장 부탁드림.다 먹을 때쯤 준비된 새우볶음밥 곱빼기가 든 비닐백을 받아들고 계산 후 가겔 나옴.집에 와서 포장을 푸니 호텔 느낌 계란탕과 짜장 소스도 들어있고 어린가족인원이 먹을 때 맛을 보니 아무래도 시간이 지났고 밀봉됐었어선지 고슬함이 좋거나 하진 않지만 맛은 괜찮았고 짜장 소스도 맛을 보니 적당히 달달하면서 양파의 아삭함이 살아있는 타입이었음.전체적으로 좋은 탕수육을 맛볼 수 있는 가게인가 궁금해서 들러봤는데 호텔 중식당 느낌의 탕수육은 맛있지만 탕수육 맛집이라고 하기엔 뭔가 2% 정도 부족한 느낌으로 역시나 살짝 아쉽게 느껴졌던 길동 짜장면의 탕수육을 맛봤었을 때와 비슷한 느낌이었고 멀리서 일부러 들를 정도는 아니더라도 근처에 왔을 때 맛난 탕수육이 맛보고 싶으면 충분히 들러볼 만하고 가성비도 좋은 느낌이어서 맛있다로..,맛있다
2919,리진,Capriccio06,"조용한 동네에 생긴 중식당인데 신라호텔 팔선 출신 가게라고 해서 가봐야지 했었던 가게. 작년쯤 오픈 했는데 줄을 서고 그런 곳은 아니지만 이제 식사시간에는 사람이 꽤 붐비는 것 같다. 가지요리 종류가 여러개여서 먹어보려고 기대했다가 날씨때문인가... 갑자기 국물 요리 먹고 싶어서 다른메뉴로 주문했다.탕수육 평이 좋던데 안심을 두툼하게 사용해서 조금 다른느낌으로 맛있었다. 바삭한 튀김이 맛있게 강조되는 느낌이라기 보다는 고기의 촉촉한 느낌을 잘 살렸다. 기본은 소스를 뿌려서 나오는데, 소스와 함께 먹는 그 느낌이 부드러운 식감도 더 살리고 좋았던 것 같다. 바삭한 느낌을 좋아한다면 주문할 때 소스를 따로 달라고 말하면 된다. 식사는 짬뽕이랑  공부탕면 주문했는데 해물이 특별하게 엄청 크다 이런 느낌은 아니지만, 먹기 좋은 사이즈로 꽤 많이 들어가 있고, 국물이 깔끔했다. 너무 자극적으로 매운 맛은 별로 안좋아하는데 적당히 칼칼하고 깔끔한 맛이 참 좋았다. 새로 오픈한지 얼마 안되서 가게가 깔끔하고, 테이블도 꽤 넓은편이라 자리가 편하다. 요즘 근처에 있는 신락원은 요리가 예전보단 좀 아쉬운 느낌인데 이쪽이 근처라면 식사하기 좋은 듯. 보통 동네 중국집보다는 1~2천원 비싼 느낌인데 이정도면 괜찮은 것 같다. 기회되면 다른 요리 먹으러 가보고싶다.",맛있다
2920,동해루,회킬러,"최악이었음일단 간짜장, 짬뽕, 탕수육 이렇게 시켰는데 진짜로 과장없이 1시간이 걸렸음 진짜 너무 얼탱이가 없고 열 받는데 기다린 시간이 아까워서 끝까지 기다렸음음식맛도 지금껏 먹어본 중국집 중 돋보적으로 최악이었음탕수육은 무슨 설탕이나 물엿에 절여서 나오나 싶을정도로 너무 달고 고기 잡내도 너무 심해서 세 점 이상 먹을 수가 없었음. 고기가 실하게 들어있었고 부드럽긴했는데 어쨌든 도저히 못먹을 맛이었음짬뽕은 좋게 말하면 옛날 짬뽕 스타일인데 국물맛이 전혀 없었음 맛이 나쁘다는 뜻보단 정말 맛이 존재하지 않았음 덕분에 면 반죽의 밀가루 냄새만 실컷 맡았음 짬뽕도 몇 젓가락 먹다가 도저히 먹기가 힘들어서 다 남겼음그나마 가격이라도 싸니까 덜 욕 나왔지 가격까지 일반 중국집 수준으로 받았으면 그 자리에서 심한 말 나왔을듯나름 지인한테 추천 받아 간 집인데 너무 실망했음 학교 앞으로 한참 더 다녀야 할텐데 두번 다시 안갈듯",별로
2921,동해루,ethanghymn,"어젠가 장희님의 인천 용화반점 리뷰를 보곤 예전에 밥알 하나하나가 기름에 코팅된 등의 볶음밥에 대한 극찬이 많길래 벼르다 방문했었는데 기름에 살짝 코팅되어 반짝이면서 고슬하고 불맛이 느껴지는 거랑은 전혀 거리가 먼 말 그대로 기름으로 코팅되어 기름맛 뿜뿜이어서 먹으면서도 안 믿겼었어서 큰 실망을 했던 기억이 있는데 그 때 생각이 났었음.그 후에도 볶음밥 외 몇 가지 요리가 좋다는 근처 인천 중화방에서도 몇 개의 요리와 볶음밥을 맛봤었는데 요리도 다 별로였고 특히나 볶음밥은 용화반점의 악몽이 떠오르는 거기다 고기도 들어있어서 일본 라멘에 들어가는 차슈 같은 건 좋아하지만 고기의 퀄리티를 믿을 수 있을만한 분위기의 고급 중식당에서라면 다를 수 있겠지만 그렇지 않다면 아직까진 갈지 않고 칼로 썰어 들어간 돼지고기에 대한 두려움이 있는 난 맛도 그랬지만 이미 비쥬얼에서부터 별로였어서 인천 볶음밥 맛집이란데서 두 번 크게 실망한 후엔 인천 볶음밥 맛집엔 더 이상 관심이 없게 됐음.그래선지 용화반점의 볶음밥에 대한 느낌이 비슷한 장희님이 맛있게 드셨다는 여기 동해루의 것은 어떤지 급 궁금했음.우리집은 어렸을때 외식을 하면 거의 90%는 중식당이었을 정도였고 딱히 식사류를 요리를 먹고 나서 먹어야 한다는 건 없었어서 거의 대부분 요리로만 배를 채우는 경우가 대부분이었어서 딱히 코스요리를 시킨 경우가 아니면 따로 식사류를 먹었던 기억이 거의 없음.그래선지 나도 짜장면, 짬뽕, 볶음밥을 특별히 좋아하거나 즐기진 않았고 다만 특별히 맛있다는 가게가 있으면 들러보는 정도였었는데 볶음밥은 마포 외백의 것이 가끔 소금이 뭉쳐져 있거나 해서 먹으면서 짤때도 있지만 클래식 느낌 뿜뿜이면서 나름 괜찮아 중식 볶음밥이 생각나면 몇 번 들렀었음.동해루는 가게 이름도 클래식 느낌 뿜뿜이면서 블로그 등에서 보니 가게의 와관이나 내부도 역시 클래식 느낌 뿜뿜인데다 볶음밥도 고기가 안 들어가는 것 같아 혹시나 내 타입의 집일까 기대가 됐고 또 현금결제나 계좌이체만 가능하단 정보도 알게됐고 요즘은 날씨가 더워서 딱히 당기는 시즌은 아니었지만 그래도 서둘러 들러보기로 함.오늘 아침에 가족인원에게 허름한데 맛있는 중식당이 있는데 같이 가자니까 허름한 델 왜 가냐며 차라리 지난번 보광동 웨닝을 방문했을때 옆 테이블에서 먹던 삼선짬뽕이 근사해 보였는지 거기나 가자고 하길래 그럼 웨닝에 가서 난자완스와 삼선짬뽕이나 먹고 오자고 하니 어린가족인원이 아직 잔다고 그냥 혼자 먹고 오고 싶은 걸 먹고 오라고 해서 홀로 차를 갖고 집을 나섬.네이버지도를 따라 가다보니 가게의 위치는 몇 번 지나쳤던 대로변에 있었고 주말이어선지 뒷 편 골목에 적당히 주차를 할 수 있어서 주차를 하고 가게문을 열고 들어서니 아담하면서 옛날 느낌 뿜뿜인데 빈 테이블에 앉아 원래는 탕수육과 덴푸라가 같은 거고 소스가 뿌려지고 안 뿌려지는 차이면 소스를 반만 뿌려달라고 부탁드리려고 했는데 텐푸라는 반죽에 시즈닝이 들어간다고 하셔서 간짜장도 궁금했지만 계획대로 그냥 탕수육 소자랑 볶음밥을 부탁드림.사모님께선 클래식 느낌 뿜뿜인 플라스틱 컵에 역시나 클래식 느낌 뿜뿜인 엽차가 든 믈을 가져다 주심.손님들 대부분이 탕수육과 간짜장이나 짜장면, 볶음밥 등을 주문함.주방에선 탕수육을 튀기는 기름 소리가 들리고 사모님은 먼저 단무지와 양파, 간장을 따를 접시를 가져다 주셨고 다 옛날 느낌 뿜뿜이지만 특히나 춘장이 든 빨간색 미니 접시는 특히나 더 클래식 느낌 뿜뿜이었음.탕수육이 어떤 느낌일지는 모르지만 늘 만드는 방식대로 간장과 식초 많이 그리고 고춧가루 듬뿍 넣어 되직하게 간장소스를 만들고 어느 정도 기다려 드디어 탕수육이 그냥 공장 제품이어서 흔히 아는 동네 중식당에서 배달해 먹는 것과 같아 만두피는 약간 질깃하며 속도 흔히 아는 그냥 그런 맛이어서 따로 할 얘긴 없고 배도 불러 결국 두 개는 남긴 것과 같이 나옴.탕수육은 소자지만 양이 적은 느낌은 아니었고 케첩 베이스 소스인지 약간 붉은 빛이 돎.두근대는 맘으로 한 점을 집어 간장소스에 찍지 않고 맛을 보니 케첩 베이슨데 식초맛이 조금 강조되어 달짝시큼하고 가격이 저렴한 중식당의 탕수육에선 고기의 잡내나 질깃함에 경계를 하며 먹는데 다행히 잡내는 거의 없었고 고기도 다 먹을때까지 딱 한 점만 질깃해서 뱉어내고 무난했음.이 집의 탕수육은 내 타입은 아니더라도 고기의 맛보다는 빠삭한 튀김옷과 시큼함이 강조된 케첩 베이스 소스 맛이 특징이어서 가게 분위기도 그렇고 이런 옛날 느낌 탕수육이 어울리는 느낌임.시큼달큰한 탕수육을 자가제조한 간장소스에 찍어 먹으니 시큼함이 중화되는 느낌으로 더 좋아 그 후엔 계속 간장소스에 찍어 먹음.탕수육을 먹는 동안 볶음밥이 나왔는데 일단 고기가 들어가지 않은 것만으로 맘 편히 먹을 수 있겠단 생각이 들고 한 스푼 맛을 보니 음~함.마포 외백의 것처럼 어쩌다 소금이 더 많이 뿌려진 부분이 있는 게 아니고 전체적으로 짰음.난 밍밍한 것보단 짭짤한 걸 더 좋아하는데 나한테도 좀 과하게 짭짤함이 느껴지고 인천 용화반점의 정도는 아니지만 쇼트닝으로 볶아낸 것 같은 볶음밥은 밥도 고루 잘 볶아져 알알이 고슬하진 않고 군데군데 살짝 덜 고슬하면서 쇼트닝의 기름기가 과한 느낌임.난 볶음밥을 먹을때 따로 짜장소스를 비벼 먹진 않지만 맛을 보니 짜장소스는 특별히 신선하거나 맛이 좋은 건 아니어서 한두 번만 맛을 보고 그냥 볶음밥만 먹음.곁들여주신 단무지는 시큼함이 살짝 강조된 탕수육을 먹을땐 달달함보단 짠맛이 느껴지다 짜게 볶아진 볶음밥을 먹을땐 달달하게 느껴짐.같이 나온 짬뽕 국물은 볶음밥이 짜게 볶아져선지 상대적으로 걸쭉하거나 특별히 짜진 않은 타입이었음.다 먹고나니 배가 너무 불러 차를 안 가지고 왔으면 집까지 걸어서 가고 싶은 기분이었음.전체적으로 난 아마도 좋아하는 볶음밥이 일본 라멘집의 차항류나 우리나라식이 아닌 중국식 중식당에서 내놓는 계란과 파 또는 그 외 한두 가지 정도만 더 들어간 고슬하게 볶아낸 심플한 볶음밥을 좋아하는 느낌인데 우리나라식 볶음밥 중엔 마포 외백 말고 이 가게의 볶음밥도 내가 좋아하는 느낌일까 궁금해 급방문해 봤는데 이 가게 근처에 산다는 장희님 친구분들이 딱 그 가격만큼의 맛이라고 하셨다던데 그보단 낫더라도 가격 대비 특별히 높은 퀄리티라던가 아니면 독특함이나 내공이 느껴졌던 건 아니었어서 근처를 지날때 탕수육이 당기면 한 번쯤 들러볼만하지만 의외로 기댈했던 볶음밥은 짜면서 기름기도 제법 많게 느껴져서 집에 와서 나트륨 배출을 위해 바나나를 먹을 정도였어서 볶음밥을 먹으러 들르진 않을 것 같이 느껴졌던 방문이었음.",괜찮다
2922,동해루,장희,전농동 40년된 노포 동해루.  전농동이라길래 청량리로 깊이 들어가는 줄 알았는데 회기랑 청량리역 사이였다. 주문하면 바로 볶아주셔서 시간이 좀 걸린다. 볶는데 짜파게티스런 냄새가 나서 나만그런가 했는데 친구도 비슷하게 느꼈다. 맛도 약간 그런 느낌이.. 그래서 그런가 맛있게 먹었다ㅋㅋㅋ 볶음밥도 수분기없이 잘 볶았다. 그냥 먹어도 비벼먹어도 맛있다.탕수육은 튀김자체도 괜찮아서 덴뿌라로 먹어도 좋을 듯. 세메뉴 모두 만족스러웠는데 말도 안되는 가격. 간짜장 4천원 볶음밥 4500원 탕수육 9천원. 가격을 떠나서 수준급,맛있다
2923,동해루,hedonist,"아 여기 양념을 정말 잘합니다. 약간의 기름짐을 감수할정도로 아주 좋네요. 튀김류를 정말 잘하십니다. 클래식한 탕수육을 정말 맛있게 먹었습미다. 가격도 상당히 저렴해서, 다른 중식당 보다 여기를 정말 권합니다.",맛있다
2924,팔삼,평냉 남씨,"#한줄평 - 앞으로 해장엔 울면전날 과음하고 방문한 로컬 중국집 팔삼.여자친구가 강추했던 중국집이다.찹쌀탕수육이 진리라고해서 주문했으나 아쉽게도 재료가 소진되어 탕수육으로 주문했고, 그 외 짜장면, 짬뽕, 울면을 주문했다.탕수육이 먼저 나왔는데 탕수육을 부어서 주셨다…나는 찍먹파인데…근데 탕수육을 한 입 하는 순간 “와 부먹파가 이래서 부어먹는구나”라는 생각을 했다.바삭하면서도 소스가 잘 베여있는 탕수육 최고다…짬뽕..불타는 짬뽕을 시킨 게 아니였는데도 불맛이 기본 베이스로 되어있나보다. 불맛 짬뽕 너무 시원하고, 칼칼했다. 아 튀김새우가 들어있는 짬뽕은 처음이였는데 괜찮았다!울면. 국물을 마시면 마실수록 칼국수 맛이 났다. 칼집 내러져있는 오징어 사이사이에 국물들이 내 속을 해장시켜줬다…울면 해장에 최고인것같다.짜장면도 맛있었는데 생각보다 양이 적어서 조금 아쉬웠다!",맛있다
2925,팔삼,snoopy,"주문과 동시에 음식이 나오는데다, 음식은 굳이 이보다 맛이 있을까 싶은 정도! 나이스!!",맛있다
2926,팔삼,Wchelin,"무난하기도 하고, 호불호가 갈릴 것 같기도 한 중식집.신설동에 위치한 중식집. 추운 날씨인데도, 웨이팅이 상당히 많았다. 손님이 많아 주문한 음식이 나오는데 시간이 꽤 걸렸다.삼선간짜장과 탕수육을 먹었다.삼선간짜장은 무난하였다. 짜장은 중간 정도로 볶아냈는데, 크게 특색이 있지는 않고 평범하다. 간이 너무 진하지 않고 적당했다.탕수육은 호불호가 갈릴 것 같다. 소스에서 과일향이 많이 나고, 찹쌀의 찰기가 강했다. 개인적으로 과일향이 강해 취향에 맞지는 않았다.웨이팅만 없으면 한 끼 해결할만한 곳.",괜찮다
2927,팔삼,JW,짜장면은 맛있다! 예전엔 수타면이었는데  바뀐듯? 개인적으로 짜장면은 느끼해서 잘 못먹는데 아주 개운하다. 오모리찌개에서 파는 수타짜장면과 비슷한맛!!   탕수육은 별로 ~,괜찮다
2928,팔삼,맹고,20170312탕수육 소스 맛이 유자맛?이 나요! 전 너무 좋았구요 친구는 싫대요ㅋㅋㅋㅋㅋ배달시켰는데 생각보다 빨리 와서 놀랐어요! 넘나 배부르구요...짜장면 짬뽕도 무난무난!,괜찮다
2929,팔삼,키다리아저씨,"기본 탕수육과 삼선짬뽕을 주문하여 먹었다.""탕수육""은 유자청으로 소스를 만들었는지...먹을때마다 향이 은은하게 퍼지고 고기도 잡내없이 괜찮았다..하지만 나오자마자 먹었는데도~ 바삭함 보다는대부분 물컹거리는 느낌이 강해서 호불호가 갈릴 수도 있을듯~ 소스가 부어져서 나오는데 방금 튀긴것 같은 느낌이 좀 부족했다 ㅠㅠ 보기엔 바삭해 보였는데...ㅠㅠ""삼선짬뽕""은 처음에 딱 보이는 큰 새우튀김이 시선을 사로잡는다^^ 국물 역시~~야채와 해산물의 조화로운 깔끔한 맛과 시원함이 좋았고~ 너무 자극적이지 않아서 입이 개운했다.면발도 탄력이 있고 쫀득한 식감이라 먹기가 좋았다.맛은 전체적으로 괜찮았고... 일하시는분께서 좀더 웃는 얼굴로 손님을 대하면 더 좋을듯한 아쉬움이 남는다. 근처에 갈일이 있다면 가겠지만~ 일부러 찾아가진 않을듯!!",괜찮다
2930,중국관,chanwook_ie,"간혹 중국집에서 육개장이나 제육 또는 콩국수와 같은 메뉴들을 볼 수 있다. 개인적으로 중식과 한식이 결합된 이런 음식들은 상당히 매력적이라고 생각한다.이곳은 원래 고려대 앞에 있었다가 최근 지금의 자리로 이사했다고 한다. 가성비가 매우 좋지는 않지만 동네 중국집보다 퀄리티가 높아서 그런지 손님들이 많은 것 같다.메뉴판에는 없지만 단골들이 주문하는 제육덮밥을 주문했다. 제육덮밥은 한쪽에는 볶음밥이, 다른 한쪽에는 제육볶음이 올려져 있어 잡채밥과 비슷한 비주얼이다. 제육볶음은 고기가 길게 썰은 것들 위주로 달지 않은 양념에 불 맛이 강하다. 흔히 아는 제육볶음이 아니었고 볶음밥에 비벼 먹기보다 올려서 먹는 게 더 맛있었다.",맛있다
2931,중국관,JeonJae Hoon,"일단 가성비갑임. 남자 4명이가서 탕수육세트(16000), 짬뽕밥(5000), 특면(5500) 시켰는데 배부르게 먹음. 탕수육세트는 탕수육 소짜에 군만두 짜장 두개가 나옴. 짜장면은 다른 메뉴로 교환가능(단 2개가 같은 메뉴여야함) 짜장면 맛은 약간 옛날 짜장맛이남. 다른 중국집에 비해 뛰어나게 맛있다할 맛은 아님. 면발이 얇고 약간 가락국수느낌이 남. 짬뽕은 국물이 시원하고 특이하게 국물에 계란후라이를 올려주심. 개인적으로 가장 기억에 남는 메뉴는 특면임. 전주에서 먹었던 물짜장을 상기시켜주는 맛이었는데 물짜장을 안먹어본 사람들에게 맛을 전해주자면 매콤함이 가미되고 게살맛이 빠진 게살스프라고 생각하면 됨. 게살대신 홍합과 바지학, 오징어가 들어가 있음. 형용사로 표현하자면 고소한 맛이 가장 크고 매콤함과 부드러움이 뒤를 이음. 처음 먹을 때는 갸우뚱할 수 있으나 두젓가락째부터 중독성이 강해서 자꾸 손이가게 됨. 무튼 고대앞에 가는데 주머니 사정이 넉넉하지 않다면 꼭 추천해보고픈 집.",맛있다
2932,중국관,HJ,탕수육도 통통하고 맛있는데 짜장면이 진짜 맛있어요!!!  짜장면은 다 거기서 거기인줄 알았는데... 달콤하고 감칠맛나는 소스 때문에 배부른데도 계속 먹게 되더라고요ㅎㅎ 간짜장도 맛있다고 하더라고요!! 일행끼리 메뉴 통일하라고 하시는게 좀 싫어요...ㅎ,맛있다
2933,중국관,서울푸디,새우볶음밥,괜찮다
2934,중국관,마시러가자,"고려대 근처엔 유독 중국집이 많은데(설성, 용초수, 미각 등등) 중국관은 안암역보다는 고려대역에 가까워 정후와 참살이에 몰린 다른 중국집에 비해 찾기 힘들어서인지 모르는 사람도 꽤 많은 것 같다.그래도 내게는 안암에 있는 중국집 중 가장 맛있는 곳이다. 16000원으로 탕수육 세트를 시키면 짜장면 두 개에 탕수육 하나, 군만두까지 배터지게 먹을 수 있다. 짬뽕밥이 특히 기억에 남을 정도로 맛있었는데 국물이 좋다. 짬뽕국물이랑은 묘하게 달랐던 것으로 기억한다. 아무튼 맛있어서 올해만 세 번은 갔다. 추천",맛있다
2935,중국관,로영,웬만한 중국집 뺨촵촵 날리는 정도의 맛탕수육은 걍 그런데 볶음밥이랑 짬뽕이.... 크으,맛있다
2936,도원,키다리아저씨,"대림동이나 건대 양꼬치 골목에나 있을법한 수준의 중식당이 경희대/경희의료원 근처에도 있다. 상호명은 ""도원""2018년 초에 다녀왔을 당시에 손님이라고는 교환학생처럼 보이는 중국인들만 있어서 어느정도 중국현지인들의 입맛에 맞는다고 생각했는데...요즘은 종종 한국손님들도 찾는걸 보니 맛의 평준화가 되는듯하다.학생들의 부담을 덜어주기 좋은 세트메뉴도 있고~ 다양한 종류의 요리를 판매하고 있어서 무엇을 먹을지 고민이 되는곳이다.매운가재인 마라룽샤는 다른곳에 비해 가격이 저렴한데 그건 양이 좀 적기 때문이다. 그래서 조금씩 다양한 메뉴를 맛보기엔 장점이 될 수도 있는데... 개인적으로는 좀 알싸한맛이나 입맛당기는 감칠맛이 부족한 기분이였고~ 까먹는 노동대비 먹는건 양이 적어서 아쉬움이 남는다ㅠㅠ하지만 맛나게 먹을 수 있었던 ""홍소 우육면""은 국물이나 고수등의 야채향~ 거기다 잘 삶어진 고기가 조화롭게 어울려서 맛이 있었고 국물도 맑고 깔끔하게 시원해서 좋았다. 면은 살짝 아쉽;;그리고 별거아닌듯한 ""감자볶음""은 집에서도 해먹고 싶은 매력이 있던 음식!! 단순하면서도 재료의 맛을 느끼기엔 충분했고~ 감자가 차갑게 나오면서 적당히 익혀서 씹는 식감도 참 좋았다^^마지막으로 이곳의 인기메뉴 중 하나인 ""궁보지딩 덮밥""은 닭고기와 아삭아삭한 식감이 살아있는 야채들을 볶아넣어 각각의 맛을 느끼기도하고~ 먹어봄직한 소스의 맛인데도 은근 먹는재미가 있더군요~적당한 가격대에 여러가지 메뉴를 맛볼 수 있는점도 좋고~ 접하지 못한 독특한 메뉴를 먹어볼 생각이 있다면 한번쯤 방문해보는것도 괜찮을듯하다.",괜찮다
2937,홍콩반점0410,AlexTheFood,그냥 일반 체인이에요! 진짜 맛있다! 이런 것두 아니구 별루 이런 것도 아니라 그냥 괜찮아요- 정말 그냥 그냥 그런 중국집! 나쁘진 않아요 한 번 쯤 가볼만한 집 :),괜찮다
2938,킹마라훠궈,준영,킹수제만두에 갔는데 자리 없다고 맞은편 마라훠궈집에 가래요;; 뭔말인가 했는데 마라훠궈집에서도 똑같은 메뉴를 맛볼 수 있더라구요! 그래서 군만두랑 마파두부밥 먹었는데 오.. 만두는 적당히 맛있고 마파두부는 정말 맛있어요!! 가성비도 좋고ㅎㅎ 약간 화쟈오 맛이 나서 마라 거부감 있으신 분들은 비추해요ㅎㅎ 오히려 가게도 더 깔끔해서 좋았습니다:),맛있다
2939,킹마라훠궈,프리즘,"리뷰 올리기 전에 고민을 했다. 본래 'king수제만두'에 가려고 했는데 직원분이 만석이니 'king마라훠궈'로 가라고 안내해주셨다. 그래서 들어가 메뉴를 보니 'king수제만두' 카테고리가 따로 있었다. 수제만두 메뉴로만 주문을 했는데 나중에 보니 수제만두집에서 음식을 배달해주셨다. 먹은 것만 훠궈집이었고 수제만두집 메뉴를 먹었는데... 그래도 결제는 마라훠궈에서 했으니까... 엄... 가지튀김 20,000원얇은 비주얼을 생각했는데 반대로 완전 통통한 가지튀김. 가지만 튀긴 것이 아니라 다른 내용물도 들어가있어서 촉촉하다. 마이너한 가지무침 식감이 아니라 너무 좋았다. 양도 많아서 진짜 배불렀다. 마파두부덮밥 8,000원사실상 신설동 간 이유. 마라향이 가득한 마파두부덮밥은 거의 처음 먹어보는 거 같다. 심지어 양도 많다. king가성비. 이거 하나 먹으러 신설동 갈 이유? 충분.고기새우찐만두 8,000원위 두 메뉴가 너무 맛있어서 그런지 그냥 그랬던 메뉴. 분위기만 보면 킹마라훠궈가 훨씬 더 편하고 넓었다. 다음에 마파두부덮밥 먹으러 가면 또 만두 보다 훠궈로 들어갈 것 같다.",맛있다
2940,킹마라훠궈,미장,중국현지의 맛. 중국 사천에 온줄 알았어요. 국나에서 이렇게 맛있는 훠궈는 처음 먹어봅니다. 따봉!! 자주 올거예요,맛있다
2941,정궁중화요리,퇴근맨,"권오찬님의 리뷰를 보고 방문사진을 보면 알수있지만 이집의 김치볶음밥은 김치볶음+볶음밥이라 김치볶음밥으로 이름지었다고 보면 된다고기민찌와 김치를 적절히 잘볶아 만든 괜찮은 수준의 김치볶음과 오랜경력이 헛되지않음을 보여주는 불맛이 나게끔 잘볶은 중화식계란볶음밥의 조화는 매우 괜찮았다. 청량리에 잠시 일이 있어서 들렀다가 리뷰보고 우연히 방문한건데 후회는 없을정도.권오찬님 리뷰에서는 부추계란국을 줬다고하는데 나는 짬뽕국물을 받았다. 색깔을 보면 알겠지만 별로 맵지않다. 다른 중국집 짬뽕에 비해 전체적으로 맛이 약한편. 짬뽕의 강렬한 불맛과 매운맛을 좋아하는 나로서는 이 집 짬뽕국물은 별로였다. 담백한 짬뽕을 좋아하는 분이라면 이집에서 짬뽕을 시켜보는것도 괜찮을듯함이 가게의 또다른 특징은 동네에 오랫동안 있던 가게라 그런지 메뉴판에 없는 메뉴가 많았다. 식사하는 중에서 계속 전화주문들어오는걸 들어보니 마파두부밥도 있었고(이건 중국집에서 안 파는게 더 이상하지만 메뉴판엔 없음) 홍합짬뽕도 있었고, 각종 커스텀 메뉴들이 많은듯하다. 요리를 커스텀해보고 싶다면 한번 사장님께 물어보도록하자p.s. 김치볶음밥은 메뉴판 공간이 부족해서인지 밥류가 아닌 면류에 들어가있다 ㅡㅡ;; 처음에 못 찾아서 당황했다",맛있다
2942,정궁중화요리,권오찬,"* 한줄평 : 청량리의 삼고초려 김치볶음밥1. 이 자리에서만 20여년 넘도록 장사한 중식당인데, 블로그 리뷰도 몇 개 안 된다. 그도 그럴만한 것이 주거지구의 동네 주민보다는 시장상인이 주요 고객층이다보니 리뷰가 있을리 만무하다. 그럼에도 불구하고 이 세월을 버텼다는 것은 뭔가 한방이 있는 집이라는 반증이다.2. 나는 그 한방을 <김치볶음밥>으로 봤다. 원 메뉴판엔 존재하지도 않았던 음식으로 주문이 밀리지 않는 한가한 시간에 단골들만 주문하는 메뉴였는데, 화재로 리모델링 후 메뉴판에 정식으로 등장했다.3. 이 집의 김치볶음밥만큼은 <특허>라도 내야하는 것이 아닌가 싶을 정도로 굉장히 유니크하고 매력적이다. 계란과 야채로 약간 오일리하게 볶아낸 밥 위에 멋드러지게 부쳐낸 계란 후라이가 본체이고, 고기민찌와 잘게 다진 김치를 달달하게 볶아내 사이드에 담아낸다. 4. 약간 짭짤달달한 김치볶음을 담담한 <부추 계란국>이 간을 맞춰주는데 전체적으로 설계가 아주 잘 된 메뉴이다. 이걸 먹기 위해 한참전에 찾아왔다가 화재로 리모델링 중이라 발길을 돌리고, 재개업일에 왔는데 주방장 할아버지가 무리해서 누워계시다가 두번째로 발길을 돌리고, 오늘에서야!!!5. 광동식 탕수육은 평타 수준을 약간 상회한다. 바삭하게 튀겨낸 고기를 케찹 소스로 볶아냈는데 자못 새삼스러웠던 것은 조미료의 사용을 최소화하고 사과와 레몬, 토마토 등의 천연재료를 듬뿍 사용했다는 점이다. 강남의 유명한 중국집도 후르츠 캔으로 탕수육 소스의 단맛을 내는데 청량리 뒷골목의 식당이 이런 재료를 사용한다는 것은 분명 주목할만하다.6. 짜장면은 아니다! 소스도 그러하지만, 면의 삶은 정도와 굵기 등이 내 취향과는 거리가 좀 멀다. 아마 다른 면류도 크게 다르진 않을 듯 싶다.# 추가잡설지금이야 <군만두>가 어엿하게 돈내고 시켜먹는 <정식> 메뉴가 되었지만, 불과 몇년전까지만 해도 <군만두 = 서비스>라는 인식이 강했었다. 요즘에야 기름 온도를 재는 온도계가 주방 필수품이 되었지만, 과거 중식당에서 군만두는 탕수육 등 <튀김 요리>를 조리하기 전 기름 온도를 재고, 적당한 온도를 맞추기 위한 <사전 튀김 연습>이였던 적이 있어 아직도 오래된 업력의 중식당에선 요리를 주문하면 군만두가 서비스로 나온다.",맛있다
2943,우차이,도톨람쥐,탕수육이 너무 먹고 싶어서 포장해왔어요!바삭하고 맛있어요~ 사천이 매콤하니 좋네요전엔 유린기 포장해서 먹었는데 고기 야채 소스 다 따로 포장해주셔서 집에가서 먹어도 바삭하고 맛있었어용!여러분 가게에서 못먹으면 포장해서 드세요람쥐!!,맛있다
2944,우차이,규현,"유린기, 짜장면, 계란밥 시켰는데 너무 맛있네요 심지어 계란밥은 천원에 무한리필이고 유린기도 요리인데 만원에 굉장히 푸짐하고 맛있습니다~! 강추강추!! 요리사분이 도원 15년 경력이시라함",맛있다
2945,우차이,효뚱,"어쩌다보니 한달동안 3번이나 갔음. 15년 경력의 호텔 중식당 출신 쉐프님이여신 곳인데, 위치가 대학가라 저렴한 가격대로 메뉴가 형성돼있음. 모든 요리의 소스가 기가 막힘. 오픈 키친이라 깨끗함. 제일 좋아하는 건 유린기. 원산지가 국내산 닭고기라 더 맘에듬. 탕수육도 괜찮고 짜장면도 맛있음. 다만 짬뽕은 좀 실망. 6천원이라는 가격때문인지 해산물이 좀 적고 국물이 맑음. 오징어 넣어주셨음 좋겠음. 그런데 또 백짬뽕은 맛있었음. 사진엔 없지만 칠리새우도 먹었는데 이건 소스는 맛있는데 새우 자체가 별로였음. 재방문 의사(+)토요일도 가보고 일요일도 가봤음. 혼밥하기좋음.",맛있다
2946,짬뽕필락,맛집교수,짬뽕필락위치: 서울 동대문구 사가정로 130 원남빌딩 2층맛평점: A총평: 답십리 가성비 맛집 인정. 둘이서 배부르게 먹을 수 있는 양. 서비스 친절. 맛교수 추천식당1.찹쌀 탕수육: 주문 즉시 튀겨내는 탕수육 두번 방문 다 바삭쫀득한 찹쌀탕수육을 접했다.2. 짜장면: 재료 낭낭히 들어간 단짠한 일반 짜장면 맛3. 짬뽕: 진하게 우러나온 짬뽕맛. 국물까지 싹 긁어 먹고 완뽕 가능 ..스폰 없는 리뷰입니다,맛있다
2947,짬뽕필락,chochokong,짬뽕과 들어간 해물양이 어마어마하다.(...)맛도 평타이상.기본적으로 캐주얼하고 편안한 분위기.가게 이름부터 짬뽕이 주력메뉴고 짜장을 먹으려는 사람이면실망할것 같다. 안쪽에 가족들을 위한 문달린 룸이 따로 있고 전부 의자+테이블 형식이라 편하게 먹을수 있다.,맛있다
2948,짬뽕필락,이효진,여기 진짜 맛있어요 아빠랑 한번 갔었는데 그 이후러 아부지가 일주일에 한번씩은 여기 얘기하셔요;;..필락짬뽕은 불맛 강하고 맛있는데 식으면 조금 짜고 하얀짬뽕은 시원하고 식어도 비교적 더 맛있어요. 사장님도 무척 친절하시고 레몬탕수육 맛있어요!!,맛있다
2949,어염시수,NP,맛잇고 싸고,맛있다
2950,어염시수,E.T Jun ,스테이크331 옆에 생긴 중국음식점입니다. 식닷컴과 비슷한 느낌인데 중국분들이 운영하시는 듯 합니다. 어향육슬은 새콤하면서도 달콤한 소스에 고기가 볶아져 나오는데 간이 너무 세지도 않고 덜하지도 않아서 볶음밥에 곁들여 먹기 좋았습니다. 계란볶음밥은 생각보다 간이 살짝 있는 편인데 개인적으로는 다른 요리들과 같이 먹으려면 좀더 간이 약하면 좋을 것 같습니다. 가지튀김은 가지속을 고기로 채우고 튀긴건데 흔히 생각하는 가지 튀김의 모습은 아니었지만 맛있게 먹었습니다. 다만 많이 먹다보면 좀 물리는 면이 있어서 맥주 안주로 먹으면 좋을 것 같다는 생각이 들었습니다.전체적으로 저렴한 가격이어서 다양한 중국음식을 어러명이 가서 1인분씩 시켜서 나눠먹으면 좋을 것 같은 곳입니다.,괜찮다
2951,네남자,ustar,중식당 불모지인 장안동에 꽤나 괜찮은 중식당이다 메뉴가 많지는 않지만 요리도 맛있고 면요리도 맛이 괜찮다. 다만 배달로 시킬경우 면이 많이 퍼져서 보완이 필요할 것 같다. 홀에서 먹는다면 맛있게 먹을수 있다,맛있다
2952,네남자,sophie1218,"*한줄요약: 탕수육,짜사이 너무 맛있구요!! 짬뽕, 짜장면도 맛있었어요. 훌륭한 한끼식사!! 가보시길 추천드립니다!!큰길 안쪽길에 위치한 모던한 느낌의 외관을 가진 중식당입니다. 매번 지나치다가 최근에 중국음식이 먹고싶어서 다녀와봤습니다.안쪽에는 테이블이 4개가 있는 작은 식당이었고, 안쪽에서 유리창으로 주방이 보이도록 되어있었어요!배달앱으로 주문이 가능하다고 적혀있어서 그런지 주문하고 기다리는동안 배달기사님들이 여럿 왔다가셨어요.저는 짜장,짬뽕,탕수육이 들어있는 세트B를 시켰습니다.탕수육이 먼저 나왔는데, 얇고 긴 일반 탕수육 모양보다 좀 더 넓직한 모양을 가지고 있었고, 식감은 찹쌀 탕수육 같은 식감이었어요.저는 원래 찍먹만 고집하는 사람인데, 여기는 부먹을 해도 좋겠다 싶을만한 느낌이 들어서 부먹으로 먹어봤는데, 안에 들은 고기도 너무 실하고 튀김도 잘되어있어서 너무 맛있었어요!!(눅눅한 마지막도 맛있을정도ㅠㅠ)짜장면도 깔끔하게 맛있었고, 저는 백짬뽕으로 먹었는데 얼큰하고 깔끔하게 맛있었습니다!!개인적으로 중식을 좋아해서 까다로운 편인데 만족스러운 한끼였습니다!!다음에 또 갈 의향은 50번정도 있구요, c호텔 중식당 너무 좋아하는데 이렇게 가까이에 이정도 금액이면 굳이 멀리 안나가도 될것 같네욯ㅎㅎㅎㅎㅎ마지막으로 사진은 찍지 못했지만 짜사이 너무너무 맛있게 먹었습니다!!! 고추기름 넉넉히 들어있고, 더 달라고 말씀드리니 주방에 들어가 한참 있다가 주신걸 보니 바로바로 조리해서 주시는것 같기도해서 믿음직?스러웠습니다. 제 개인적인 평으로 탕수육과 짜사이 최고입니다!!!!",맛있다
2953,신라방마라탕,키다리아저씨,"최근들어 많이 핫해진 음식메뉴 마라탕, 마라샹궈~전문 프랜차이즈가 생길만큼 예전처럼 이색음식이 아닌듯합니다.알싸하고 매콤하며 특유의 향신료 매력에 빠지는거죠^^여기도 각각 메뉴에 따라 원하는 재료를 선택해서 무게로 가격을 측정하고, 계산하면 음식을 만들어 주시죠~매운정도를 선택할 수 있어서 취향에 맞게 조절가능합니다.이곳 마라탕은 한우사골로 육수를 만든다고 하던데...국물맛이 꽤 진하고, 담백 깔끔합니다. 같은 맵기로 마라샹궈를 주문했는데... 마라탕은 덜 맵게 느껴지더군요.선택한 재료 말고 계란 후라이도 넣어주셔서 좋았습니다.^^ 대부분의 야채도 신선했구요.마라샹궈는 탕보단 확실히 더 매웠고, 자극적인 맛이지만 꽤 중독적이게 끌리는맛이 매력적이였습니다.면도 다양한 종류로 준비되어 있으니, 원하시는 면을 선택하셔서 드시면 됩니다.꿔바로우의 경우는 겉은 바삭한편이고 속은 부드러웠고, 쫀득한 식감은 약했으나...소스의 새콤달콤함이 고기의 고소함과 더해 밸런스 괜찮았습니다.캐주얼한 분위기고, 약간은 한국식에 맞춰진곳이라 거부감이나 부담감 없이 가볍게 즐기기 괜찮습니다.",괜찮다
2954,홍익짬뽕,Chany♥,맛은 교동보다 약간덜찐한데 앙은확실하다.교동짬뽕 곱배기정도된다 보통이..불고기짬뽕에 고기량짱많음,괜찮다
2955,홍콩반점0410,Ray,"오랜만에 혼자 가서 탕짬면(8900) 먹고 왔어요! 탕수육 포함이라 다른 메뉴들보다는 나오는 데 시간이 좀 걸려서 아주 급할 때는 먹기 힘들겠더라고요. 그래도 맛있고 양도 많아서 만족이었습니다ㅎㅎ 탕수육은 바삭바삭보다는 푹신한 느낌이었어요!점심시간이라 홀 고객도 많고, 배달도 많은 것 같은데도 서버 2분이서 착착 잘 움직이셔서 신기했고요ㅋㅋㅋ 예전보다 매장 상태도 쾌적해진 것 같아요!",괜찮다
2956,홍콩반점0410,Ray,혼자 있는데 탕수육이 먹고 싶어서 탕짬면(8500) 먹으러 갔어요. 별 기대 없이 갔는데 너무 맛있게 잘 먹었습니다! 물론 완전 고퀄은 아니지만 간단히 먹기엔 좋은 거 같아요!식탁에서 냄새가 좀 났다는 건 아쉬웠어요ㅠ,맛있다
2957,아경면선,꽃같아,오늘은 포장이다!!!행복의 맛! 먹고있으면 더위가 물러갈것이니ㅋㅋㅋㅋ먹어본사람들은 공감할거다,맛있다
2958,아경면선,꽃같아,사랑합니다최애맛집이에요진짜.... 최고!!!!!!!너무맛있엉ㅎ♥️다른 메뉴도 먹어봤지만곱창국수가 제일 제 입맛에는 맞아요해장용으로도 좋구 든든하고 뜨끈 얼큰해서 보신용으로도 딱입니다!,맛있다
2959,아경면선,므쉐리 코코,"찬 바람 생생 부는 계절, 뜨끈한 국물이 생각나면 갈만한 곳. 식도락가 타대생 남친을 유인할 수 있는 정도의 대만식 맛집. 걸죽한 국물의 곱창국수(중, 3.9)에 부추 또는 고수와 겉들여 먹으면 든든하게 배를 채우고, 오후 일정을 시작할 힘을 얻을 수 있다. 저렴한 가격에 루로우판도 도전할 생각이 들수도 있겠지만, 유경험자로서 곱창국수 사이즈업 추천.",맛있다
2960,아경면선,BECKHAM,타이페이만 세 번을 갔는데 곱창국수를 못 먹었어요. 학교 근처에 갔다가 드디어 맛 봤어요. 곱창을 추가했구요. 채소는 고수나 부추 중에 선택가능하네요. 당연히 고수를 골랐구요. 중간컵 사이즈는 3800원에 곱창 1000원 추가네요. 매운 소스를 올려주시는데 매운 걸 잘 못 먹는 편인데 괜찮았어요. 걸쭉하니 추어탕 먹는 느낌이네요. 중간컵 사이즌데 먹고 나니 든든하네요. 가까이 있으면 한 번씩 사먹을 것 같네요.,맛있다
2961,만추,우이리,"유방녕 사부의 이름을 걸었는데...짜장면, 짬뽕, 탕수육, 멘보샤, 군만두. 골고루 먹어봤는데... 그냥 배부르기만 하네요. 첫 리뷰라 심히... 휴~~",괜찮다
2962,교동짬뽕,jinii_genie,들어갔는데 메뉴 주문하려니까 카드를 낚아채가서 너무 당황스러웠다. 선불이라고 말을 했으면 당연히 먼저 계산 했을텐데 앞뒤없이 카드 가져가면서 '이걸로 계산 할꺼죠?'는 다시 생각해도 어이가 없다.해물삼선짜장? 을 시켰는데 맛 자체는 중하.,별로
2963,교동짬뽕,블링블링,처음 가본 교동짬뽕. 삼선짬뽕으로 시키려했는데 짬뽕은 메뉴가 요거 하나뿐이라 교동짬뽕 시켰어요 가격은 7000원고기랑 해산물 이것저것 많이 들어있어 진하고 맛있었어요매운 걸 아예 못먹는데 약간 매콤하면서도 못먹을 정도는 아니었어요. 사장님도 친절하시고 다음에 다시 갈 의향 있습니당,맛있다
2964,교동짬뽕,항상^^~~~,맛이 그때그때  달라요!!!!!많이실망했네요..... 고기에냄새도나고  ㅜㅜ,별로
2965,장짬뽕,즌짱,"당당하게 이 동네 짬뽕 맛집이라고 외칠 수 있는 곳.불맛 가득하고 찐한 짬뽕 찾으신다면 여기입니다. 짬뽕 먹을 때는 꼭 여기서 시키는데ㅠ 맛이 좀 변했다. 차돌박이 짬뽕이 좀 느끼해졌음. 이 날만 그랬을 수도 있지만...ㅎ 그래도 여전히 이 동네 원탑 짬뽕이라고 생각. 해장 짬뽕, 콩나물 짬뽕 최고에요. 해장에 베리 굿! 맛있어서 짬뽕 다 먹고 나도 모르게 밥을 말고 있는 자신을 발견할 수 있어요.",괜찮다
2966,장짬뽕,띵시,"가성비 ●●●●○맛 ●●●○○분위기 - (배달)재방문의사 75한때 내 최최최애 짬뽕집이었으나, 요즘 맛이 바뀌어 광광 우는 곳... 작년에 처음 알게 된 뒤로 약 1년간 내 혈중나트륨농도를 높여주는 데 한 몫을 한 장짬뽕. 짬뽕은 고기고기짬뽕, 차돌짬뽕 등 다양하게 맛보았으나 역시 오리지널이 최고임. 홍합과 오징어를 정말 죽어라 때려넣어 줌! 국물에선 불향이 그득 느껴지고, 진하디 진해 술 안 마셔도 해장되는 느낌임. 그리고 탕슉이 정말 맛있음, 아니 맛있었음... 고기가 너무 두툼해 충격 받을 정도였음. 촉촉함도 남다르고 육향이 가득했음. 하지만 주방장이 바뀌었는지 짬뽕 국물도 탕수육도 예전의 감동이 덜한 느낌..매장은 방문해본 적 없고 항상 배달해 먹었기에 매장 분위기는 어떨지 모르겠음. 탕짬면 등 반반메뉴로 먹기보다는 역시 단품 주문해야 퀄리티가 훨씬 좋음. 괜찮다를 주긴 했지만 회기 인근 배달 중국집 중에서는 가장 맛이 괜찮으니 경희대, 외대 인근 거주자라면 배민으로 한 번 주문해 보길 바람!",괜찮다
2967,도쿄짬뽕,고바마,홈플러스스페셜 동대문점 1층의 푸드코트에 있는 짬뽕 전문점입니다. 차돌불짬뽕을 주문했는데 양도 꽤 많고 매콤하니 맛이 괜찮기는 한데 국물이 많이 짠 편입니다.,괜찮다
2968,진미,장희,기본이 유니인데 괜찮음,맛있다
2969,중국관,Ray,"'깐쇼새우 + 짜장면 + 밥 + 짬뽕국물 + 미니 빵' 구성의 깐쇼새우 정식(12000) 먹었어요. 구성이 다양해서 원하는 대로 조합해서 먹을 수 있는 게 좋아요! 그중에서도 제일 맛있었던 깐쇼새우는 크고 통통한 새우에, 살짝 매콤새콤한 양념 덕에 끝까지 질리지 않아 좋았고요.짜장면은 짜장이 부어져 있는데도 상태 괜찮고 생각보다 맛있었어요. 근데 달달하면서 건더기 없이 고운 짜장에 면도 보들보들해서 보통보다 좀 더 유아용 짜장면 같아요ㅋㅋ짬뽕이 꽤 맵다는 리뷰가 많았는데 짬뽕 국물 먹어보니까 진짜 맵더라고요. 맵찔이는 짬뽕 한 그릇 다 먹기 힘들 듯. 저는 밥 말아서 조금씩 조심스럽게 먹었습니다ㅋㅋㅋ미니 빵은 안에 팥 앙금 넣고 튀긴 투박한 옛날 맛이에요. 옛날 스타일 싫어하는 제 입맛엔 별로였어요..탕수육은 바삭하게 잘 튀겼지만, 소스가 너무 새콤해서 아쉬웠어요.",괜찮다
2970,공자식탁,GoodVibesOnly,"깔끔하고 맛있으면서 양도 많다!- 깐풍기: 달짝지근. 튀김옷 대비 고기가 많아 좋음.- 팔보채: 해산물 왕창!- 삼선짜장: 오동통 새우 많아 좋음. 면 양이 진짜 많았는데, 그에 비해 소스가 부족해서 아쉬웠음 ㅜㅜ- (사진) 쟁반짜장: 다 비벼져서 나와 좀 편하게 먹을 수 있다?! 삼선짜장과 맛의 차이가 별로 없는 느낌!instagram @mu._.eat",맛있다
2971,라황상,눈이베롱!!!,여기 맛있음. 경희대 앞 마라탕은 앞으로도 여기 갈 듯.마라탕에서 땅콩맛이 꽤 많이 느껴져서 맛이 마라썅!! 이런 느낌이 아니고 부드러움!!가격도 마라탕 치고 되게 저렴한듯?일단 양 진짜 많음. 마라탕도 엄청 많이 주셨고 밥도 엄청 많이 주셨다그냥 기본적으로 여기서 일하시는 분들이 약간 무관심한 스타일인데 그래서 좋음뭔가 마라탕 양이 많았던 것도 밥 양이 많았던 것도정이 많아서라기보다는째째하게 이만큼 줄까 저만큼 줄까 별 신경을 안 쓰시는 듯ㅋㅋㅋㅋㅋㅋ걍 푹푹 푸시는 것 같다하여튼 양 많고 가게 분위기가 좀 웃기고 재밌음중국인이신 것 같은데 암튼 중국인 특유의 무신경함이 느껴져서 뭔가 흥미롭다ㅋㅋㅋ(암쏘쿨차이니즈)전화벨이 아침 알람 수준으로 울리고 배달콜이 미친듯이 울려도 별 신경 안 쓰고 느긋하게 나~~중에 받으심ㅋㅋㅋ이런 거 싫어하는 사람들은 가면 안 됨…!!친구는 개빡치고 나는 배꼽 잡고 굴렀다 (행복…)아 그리고 여기 애기 졸귀다 눈 짱 큼인사하면 인사 받아줌!><,맛있다
2972,라황상,kkonoo,솔직히 마라탕 여기저기 너무 많은데 회기에서 여기가 제일 좋음,맛있다
2973,라황상,민주,진심 마라샹궈 존맛이에요 말하기도 입 아픔,맛있다
2974,호운래반점,귀차니즘,이국적인 맛 생선요리가 맛있는데닭먹음,괜찮다
2975,신장군마라탕,brighten_,"????여기가 안올라와있다니...한달에 3-4번씩 마라를 먹는데, 이 근처 여기만한데 없다.일단 청결. 재료 관리 이 주위에서 젤 잘 돼 있고 기본 재료+신기한 재료들 한가득(계란면, 치즈떡, 심지어 비엔나가 무료 토핑 ㅠ)후문 사골마라탕과 같이 사골 베이스긴 하나, 그것보다 깊고 감칠맛 남... 기분 좋게 매운맛.여기 땜에 이사 못 가고 있음",맛있다
2976,용궁,이은실,"짜장면 맛집이예요.탕수육  양이 엄청나고요, 예전부터 탕수육이 엄청 맛있어서 천안서 친정에 가게 되면 늘 먹고있어요.포장해서 할인받아 자주 먹네요.",맛있다
2977,황하,미동이,탕슉이 바뀌었는데 인상적인 맛은 아니지만 괜찮다,괜찮다
2978,황하,미동이,짬뽕이 괜찮았다,맛있다
2979,안동장,플렉서,두번째 낮방문 어라? 맛이 나아졌다 짜장 짬뽕흡입,괜찮다
2980,안동장,플렉서,청량리시장에 있는 허름하고 오래된 중국집 왠지 노포 맛집일거라는 막연한기대감근데 아녔다 그냥 오래된 중국집사장님과 가족분들 열심히 하시고 레트로한 분위기는 다시가보고싶게하긴하다 음식맛은 그냥저냥  탕수육 짜장 먹어봤는데 둘다 그냥저냥 근데 노오란 플라스틱종지에 나오는 춘장은 끌린다 마치 70 80년대 중국집에 온 느낌,별로
2981,국빈,*,여기 짬뽕 맛있어요ㅠㅠㅠ 해장으로 자주 찾는다능... 비록 해물은 별로 없지만 국물이 진짜... 배달중국집중에 짬뽕 여기보다 잘하는데 못찾았어요 짜장면은쏘쏘 볶음밥괜춘!!,맛있다
2982,문성해물짬뽕전문점,HP7,데일리 중식으로 매우 무난짜장 짬뽕 탕슉 모두 맛있음재방문의사 있음,괜찮다
2983,촨커,KimJohn,양고기는 그냥 그랬으나 요리가 아주 훌륭..마라새우 꼭 드시길,맛있다
2984,촨커,쩝쩝박사,쫘안득한 꿔바로우와 양꼬치가 땡겨서 간곳. 역시 후기대로 푸짐한 양과 바삭하지만 쫀득하고 두툼한 잘 튀겨진 그야말로 완벽한 꿔바로우였다. 양꼬치는 무난하고 기본에 충실해서 그것만으로도 만족스러웠다.이미 둘이서 양꼬치 10개를 해치운 상태라 꿔바로우가 막상 나왔을땐 너무 많아서 다 먹을수 있을까? 했는데. 역시 바삭 쫀득 육즙 팡팡 터지는게 순식간에 다 먹어버림.,맛있다
2985,촨커,미동이,역시,맛있다
2986,촨커,방글먹장군,꿔바로우가 새콤한 것이 질리지 않고 계속 들어감,맛있다
2987,촨커,벨포 8floor,이집은 진심이죠.맛이고 양이고 그냥 진심 식당느낌이 들어요.,맛있다
2988,촨커,무럭무럭개복치,"꿔바로우 (13000)푸딘코 맛집으로 유명해진 중국 가정식 전문점입니다메뉴가 많아 걱정스러웠는데, 정말 하나같이 맛있습니다... ㅜㅜㅜ유명한 꿔바로우도 분명 맛있지만, 저는 오히려 지삼선이 훨씬 좋았어요! 아무래도 기름을 많이 쓰다보니 조금 물리는데, 야채튀김은 좀더 담백하고 깔끔하게 느껴졌고, 달달한 양념이 밸런스가 좋았습니다.워낙 저렴하고 종류가 많아서 4명정도 가셔서 여러가지 드셔보는 걸 추천해요!웨이팅 시스템이 너무 비효율적이에요ㅜㅠ#먹어서응원",맛있다
2989,촨커,맛있으면짖는개,멍멍,맛있다
2990,촨커,미동이,꿔바로우 존맛 (맜있다)마라면도 맛있다 (맛있다 괜찮다 사이),맛있다
2991,촨커,수달,넘 맛있었어요촨커가 외대 대표 맛집 중 하나인듯!꿔바러우 가격도 착해요#망고하이,맛있다
2992,촨커,qwert,다른 곳은 먹다보면 끝부분이 잉? 스러울정도로 딱딱한 부분이 있는데 여기는 전부 다 엄청 쫄깃해요크기도 한 입크기라서 적당해요1가지 사이즈밖에 없어서 아쉬워요,맛있다
2993,촨커,루카스,"카스 별점 ★★★★★ [4.5/5]<인근 주민이라면 5점, 하지만 멀리서 일부러 찾아가서 먹을 필요는 없음>한 유명 먹스타그래머 덕분에 확 인기가 많아진 줄 알았는데 사장님께 여쭤보니 원래부터도 웨이팅이 길었다고 하네요. 메뉴가 상당히 다양합니다. 친구들에게 꿔바로우, 가지탕수육과 토달볶 덮밥 추천받았습니다. ♥계란토마토볶음: 볶음밥을 시킨다는 걸 주문을 잘못해서 볶음만 시켰네요. 저는 제가 먹었던 베스트 메뉴로 뽑고 싶습니다! 토달볶은 어디든 맛있다고들 하긴 하지만, 먹어본 토달볶중 가장 맛있었어요. ♥꿔바로우(13000원): 역시 맛있었습니다. 바삭바삭하기보단 찹쌀이 많아서 쫀득함이 더 강해요. 개인적으로는 찹쌀이 많은 꿔바로우는 별로 안 좋아하지만 촨커의 꿔바로우는 소스가 새콤해서 맛있었습니다. ♥가지탕수육(10000원): 기대보다는 평범했네요. 가지탕수육은 워낙 맛있게 하는 집이 많은지라.. 충분히 다른 곳에서도 맛볼 수 있는 정도입니다. ♥감자 단콩 볶음(10000원): 단콩이 뭘까 궁금해서 주문했는데 감자와 콩 볶음이라고 생각하시면 됩니다. 은근히 손이 많이 가는 메뉴였습니다. ♥온면(6000원): 면이 얇고 탱글탱글합니다. 속이 느끼하실 때 부담없이 시키실 수 있습니다. 양꼬치 가격도 괜찮던데 다음에 양꼬치 먹으러 가보고 싶네요. 아마 가격대가 저렴해서 인근 대학생분들이 주 고객층이 아닐까 싶습니다. 꿔바로로 인해 유명해졌긴 하나 매장이 작고 그렇게까지 특별한 맛은 아니어서 멀리서부터 방문할만할 정도는 아닙니다.",맛있다
2994,촨커,텐동천왕,"다른 메뉴는 잘 모르겠지만, 꿔바로우는 먹어본 꿔바로우중에서 최고로 맛있었어요. 사진은 없네요... ^^",맛있다
2995,촨커,kkonoo,일주일에 한 번씩 시켜먹는듯.. 정말 다 맛있어용,맛있다
2996,촨커,뿌디,"— 꿔바로우 무슨일인가 촨커!!!!! —외대 바로 후문에서 재개발로 인해 더 후문으로 이전.이 집의 명불허전은 바로 꿔바로우다!현지 중국인들이 만들어내는 꿔바로우는 얇고 바삭한 튀김옷과 달달한 소스, 그리고 실하고 꽉찬 돼지고기를 자랑한다. 그리고 이것은 맥주 칭따오와 미친 찰떡궁합이다!!! 촨커에서 꿔바로우 안먹는 사람 무죄다!!!!꿔바로우만 먹어도 양이 많지만, 물릴 수 있어 다른 메뉴를 추천하자면 지삼선이나 토달볶이 있다.특히 지삼선은 튀김을 잘하는 집이기 때문에 나올 수 있는 가지튀김맛이 작렬이다.아무튼, 여기 꿔바로우랑 맥주는 꼭 드셔보시길!",맛있다
2997,촨커,단이,"<< 꿔바로우 맛집~~!! 하지만 오랜시간 웨이팅할 정도는 아닌..?>>경희대 후문과 외대 사이에 위치한 촨커!!! 푸딘코에 꿔바로우 맛집이라 소개된 이후로, 외부인이 오기 힘든 위치에 사람들이 많아지기 시작했답니다....!! 본인은 11시 45분쯤 가서 바로 앉았지만, 내부가 좁은편이라 12시부터는 바로 웨이팅이 생겼어요! 실제로 저 시간에도 거의 꽉 찬 상태였답니다@@꿔바로우 맛집답게 모든 테이블에서 꿔바로우를 볼 수 있었어요ㅎㅎ 저희는 2명이서 꿔바로우+계란토마토덮밥을 주문했답니당. 계란토마토덮밥은 정말 금방 나왔고, 꿔바로우는 시간이 좀 걸리긴 했어요!기대했던 꿔바로우는 기대한만큼 맛있었어요! 정말 바삭바삭하고 쫄깃해서 그동안 먹었던 꿔바로우 중 가장 식감이 좋고 맛있었어요 ㅎㅎㅎ 하지만 소스가 저한텐 약간  시다는 느낌이 들었어요...!!! 그래서 나중엔 소스가 안발린 것만 골라서 먹었답니다ㅠㅠㅜ 시큼시큼한 소스때문에 재채기가 나오기도 했어요 저랑 일행 둘다ㅎㅎㅎ계란토마토덮밥은 무난무난 먹을만 했어요! 딱 계란토마토덮밥의 정석 느낌....!근처 사시는 분들은 한번쯤 와볼 집이지만, 멀리서 이거 먹으러 와서 웨이팅까지 해서 먹을 정도는 아니라고 생각했어요~~~ 그래도 맛있긴 맛있답니다&@ !!!",맛있다
2998,촨커,신승수,개안음,괜찮다
2999,촨커,사이코는못말려,가지 볶음덮밥? 과 필수☆꿔바로우를 두명이서 시켰습니당~~ 가지가 흐물흐물해서 맛있어요 7000원 가성비 짱!!꿔바로우는 .... 말해뭐해!!!! 씹기 딱 좋은 크기로 나와 적당한 소스에 찍어먹으면.... 흑흑 존맛탱...  13000원입니당 예전에 왔을 땐 양꼬치도 시켜먹고 했었던 것 같은데 이제는 모든 테이블에 꿔바로우가 하나씩 있네요!! 맛집,맛있다
3000,촨커,셔니,"한줄평 하라면 ""대학가 가성비 좋은 중식집""이에요푸딘코 리뷰보고 갔는데 생각보다 그저 그랬습니다꿔바로우는 덜 쫀득해서 아쉬웠고마파두부는 딱 한국인의 입맛에 맞춰진 맛이었어요가격 생각하면 나쁘지 않지만 웨이팅하면서 먹을정도는 아니에요",괜찮다
3001,촨커,ㅇㅅㅇ,"토마토계란볶음, 온면은 특별한 맛은 아니였어요다른 양꼬치집에서 흔히 맛볼수있는 맛?촨커의 메인은 꿔바로우...바삭하고 쫄깃한 식감 + 새콤한 소스한입먹고 인생꿔바로우다!!! 이건진짜다 싶었어요.재방문 시 꿔바로우에 다른메뉴 주문해보려구요",맛있다
3002,촨커,Hoon,꿔바로우 존맛,맛있다
3003,촨커,빈빈,건두부무침이랑 가지탕수 가치 먹었다 맛있다,맛있다
3004,촨커,장희,"대학가 식당답게 저렴하고 양 많은 가성비 좋은 중국음식점.마라두부덮밥, 가지덮밥, 꿔바로우를 주문했다. 마라두부는 화자오맛은 없고 그냥 마파두부다. 가지는 가지가 꽤 얇게 썰려나옴. 덮밥메뉴공통으로 밥양이 어마어마하다. 집에서 먹는양 두배는 나오는듯. 6~7천원에 아주 배불리먹을수있다.꿔바로우는 신맛은 강하진않고 고소하고 달달한 맛. 이것도 양이정말 많다.",괜찮다
3005,촨커,빈빈,휘리리릭 나오는데 개 맛있는 중식당 넘 쿨하고 멋있다 갑자기 연구소 회식함,맛있다
3006,촨커,NIWOOW,"외대 근처에서 밥 먹고 2차로 방문한 곳.꿔바로우가 맛있다는 리뷰가 많아서주문은 꿔바로우로. 아니나다를까 손님들이꿔바로우는 꼭 하나씩 주문하시네요.꿔바로우는 바삭해서 식감이 좋았어요.희미하게 쫄깃한 느낌도 있었지만,주된 식감은 바삭함이었습니다.소스는 레몬 느낌의 단맛이 강한 편이었는데,식초가 어느 정도 그 맛을 잡아줘서물리지 않고 먹을 수 있었어요.친구는 달아서 입에 안 맞는다고 하니,단 음식을 좋아하지 않는 분들은입에 안 맞을 수도 있을 것 같네요.점수가 조금 높다는 생각이 들지만,그래도 맛있게 먹어서 [맛있다]로 정했어요.",맛있다
3007,촨커,dotori,"7/10꿔바로우가 살린 곳!양고기볶음밥은 기름기가 적당히 묻어 밥알이 살아있다기보단, (양고기때문일수도) 조금 많이 기름져 축축한 형식이라 취향에 맞진 않았다.메뉴가 많고 하나하나 시도해보고 싶다. 근처에 먹을 게 별로 없기도 하고.. 그냥 여기와서 하나씩 시도하는 게!!",맛있다
3008,촨커,JaehoLee,마라두부덮밥 먹었는데 너무 맛있는데 6000원밖에 안해서 놀랐습니다. 5시반쯤에 방문했는데 홀을 보니 마라두부와 토마토계란 덮밥이 가장 많이 나가는 거 같더군요 꿔바로우도 너무 저렴해서 같이 시켜보고 싶었는데 마라두부덮밥 양이 너무 많아서 먹지 못했습니다 (남기고 싸갈까 고민했지만...),맛있다
3009,촨커,띵시,"가성비 ●●●○○맛 ●●●●○분위기 ●●○○○재방문의사 95단연컨대 서울 탑 5 안에 들 꿔바로우 맛집! 다른 메뉴들도 괜찮지만 꿔바로우를 정말 바삭바삭 감칠맛나게 볶는다.이 날에는 꿔바로우, 양꼬치, 궁바오지딩 주문. 꿔바로우는 한 입 크기로 맛깔나게 튀겨져 나온다. 쫀득하기보다는 바삭한 식감이고, 마지막 한 조각까지 따뜻함을 유지함. 식초가 적당히 들어가 딱 술안주로 최고임.양꼬치는 개당 천원이며 조리되어 나옴. 즉석에서 구워 먹는 스타일이 아니라 조금 빨리 식어 아쉽지만 이 정도면 맛있는 편임. 처음 주문해 본 궁바오지딩은 중국에서 밥반찬으로 먹는다고 함. 닭고기와 각종 채소를 전분 넣은 소스에 볶는 요리로, 재료가 잘게 썰어져 있어 숟가락으로 떠 먹기에 편했다. 덮밥으로도 주문 가능.그 외 가지튀김이 정말 맛있고, 3인 이상 오면 가끔 물만두를 서비스로 주신다. 곧 외대 후문 맞은편으로 이사한다고 하니 더 자주 갈 예정!",맛있다
3010,촨커,즌짱,"ㄹㅇ 존맛탱 진짜,,, 이 가격에 양꼬치 먹게 해주셔서 감사합니다... 이 날은 양꼬치, 힘줄, 닭똥집 먹음 ㅠㅠ 오늘 또 먹을까 진짜 ㄹㅇ 존맛",맛있다
3011,촨커,키다리아저씨,"외대 후문과 정문의 중간?지점 골목 모퉁이에 빨간 간판으로 양꼬치 chuanke라고 써있고, 상당히 아담한 중식당 입니다. 촨커의 뜻이 뭔가 의미가 있는걸까요?^^; 양꼬치를 다루는 사람이라고 봐야할까요?ㅋㅋ중국 교환학생 같은 분들이 식사하러 꽤 오는듯했구요~ 메뉴를 보시면 알겠지만...가격대도 저렴합니다.여기는 꼬치종류의 경우 우리가 집접 구워먹을 수 있게 되어있지않고;; 원하는 꼬치를 선택하면 구워서 갖다주세요^^ 중국에서 먹을때도 먹을 꼬치를 선택하면 구워서 접시에 주듯~ 그런느낌이네요. 소량씩 주문가능!!이날은 꼬치종류는 말고 꿔바로우하고 경장육사를 주문했어요~고기는 얇은편이지만~ 튀김옷이 바삭바삭하고 속은 쫀듯한 식감이 좋았습니다.소스는 달달하며 살짝 새콤한 맛이 있었는데 부담스럽지 않았어요^^경장육사의 경우 다진 돼지고기가 매콤하게 볶아져 나오는데 소스의 맛도 건두부와 함께 야채를 넣어서 먹기에 간이 딱 좋았습니다.고수를 못먹는 사람들 때문에 고수를 안주기도 한다는데...고수 좋아한다고 넉넉히 넣어달라니까 많이 주시더군요^^건두부와 함께 싸먹으니 꿀맛!! 역시 고수가 있어야 맛이 완성되는듯한 느낌입니다.근처에 계신다면 가볍게 중식을 즐기기 좋습니다.",괜찮다
3012,사골마라탕,승호,여기 코로나때문에 잠시 문 닫는다 하셨는데 혹시 오픈했나요?,맛있다
3013,사골마라탕,혀니,외대후문 근처에서 한동안 중국 학생분들 및 한국 학생분들로 인산인해를 이뤘던 곳입니다. 점심시간에는 웨이팅이 있기도 했는데(무려 대학가 골목에서! 웨이팅이!)요즘 점심시간에는 어떨 지 모르겠네요. 마라탕 국물에서 땅콩소스 맛이 나는 경우가 제법 있었는데 땅콩맛은 전혀 안 나고 상호명처럼 사골 맛이 진하게 납니다. 왜 기다려서 먹는 지 알 것 같았어요. 맛있는데 더군다나 다른데서 쉽게 맛 볼 수 없는 맛이어서 그런 것 같습니다. 사골 국물도 마라 향신료와 잘 어울리더라구요. 한 끼 식사로 좀 더 든든한 느낌도 나구요. 매운걸 잘 먹는 편은 아니라서 그런지 맵기 1단계도 꽤 맵더라구요. 매운 걸 못 먹는 편은 아닌데도 제법 맵게 느껴졌습니다. 자신이 없으시다면 1단계를 추천드립니다. ^^,맛있다
3014,사골마라탕,Ray,"가게는 협소한 편이지만 다른 리뷰들처럼 웨이팅이 있지는 않았어요. 그래서 다행이다 싶었는데 마라탕 재료를 고르려고 보니 야채들 몇 종류가 시들시들하더라고요ㅠㅠ 안 그래도 마라탕에 넣어 먹는 재료가 한정적인 편이라 뭘 넣어야 하나 살짝 난감했어요. 그나마 싱싱한 야채들만 골라다가 양고기 추가해서 약간 매운맛인 1단계로 주문했습니다.사실 재료 관리에서 아쉬움을 많이 느낀 상태라 기다리면서 많이 불안했는데요. 굵은 고춧가루가 들어가 생각보다 매콤칼칼한 국물 덕분에 다행히 맛있었어요ㅋㅋㅋㅋㅋ 단, 땅콩 소스 들어간 오리지널의 맛을 좋아하시는 분들에겐 아쉬울 것 같아요. 양고기도 냄새가 심하지 않고, 넉넉하게 들어간 느낌이라 좋았습니다.그래도 역시 근처 대학들이 다시 활성화되어 차라리 웨이팅이 있는 편이 나을 것 같긴 한 게 고르고 골라 넣은 재료들인데도 어떤 건 덜 싱싱한 맛이 나더라고요ㅠㅠ 특히 야채를 이것저것 푸짐하게 넣는 걸 좋아하시는 분들이라면 아쉬움이 클 것 같으니 방문 타이밍을 잘 잡아보는 걸 추천합니다.",괜찮다
3015,사골마라탕,kkonoo,지나다닐 때마다 냄새가.. 그냥 스쳐지나갈 수 없는 냄새. 근데 사골이 들어가서 그런지 냄새만큼 강렬한 맛은 아니에요. 그래도 맛있는 마라탕집!,맛있다
3016,사골마라탕,Joe,이 근방 마라탕집중엔 최고같아요. 쇼쫘삥도 맛있어요,맛있다
3017,사골마라탕,미콩,"◇강(한)땅(콩)마라탕, 합석가능, 웨이팅필수, 매운편X, 재료관리 굿지나다닐 때 웨이팅이 엄두가 안 나서 미처 가볼 생각도 못하다, 웬일로 대기자1의 기회가 와서 들렀습니다제일 매운맛으로 하고 최저가격 제한 때문에 소고기 추가했습니다회기-이문동엔 참 많은 마라 음식점이 있는데 이곳이 가장 땅콩향이 강하게 느껴졌습니다 그래서인지 가장 매운 맛으로 했는데도 그렇게 맵다는 생각이 안 들었습니다협소하기 때문에 합석은 거의 필수입니다재료칸이 다른 어느 곳보다 잘 관리되어있는 것 같아 믿음이 갔습니다",맛있다
3018,사골마라탕,qwert,마라샹궈 처돌이인데 마라샹궈는 개별로에요마라탕은 존맛,괜찮다
3019,사골마라탕,즌짱,"맛있다는 말이 많아서 마라 중독자 친구와 함께 사골 마라탕에 다녀왔어요. 가게가 좀 작은 탓에 저희 앞에 한 팀 기다렸는데 20-30분은 족히 기다린 듯 해요. 가게 100m 앞에서부터 엄청난 마라 향이 몰려 와서 잔뜩 기대를 했고, 이 정도 기다림 쯤이야 ^^! 하고 기다렸습니다.매운맛은 엄청 엄청 맵다고 하시기테 중간맛으로 먹었어요. 마라탕 나오고 괜히 쫄았구나 생각은 했는데 ㅎㅁㅎ 마라 매운맛을 즐기신다면 매운맛으로 드셔도 괜찮을 것 같아요. 국물이 꽤나 진한 편인데, 향에 비해 마!!하고 라!!한 그런 맛은 세지 않았어요. ㅠㅠ 그래서 좀 아쉬웠습니다. (사실 약 두 달 만에 먹은 마라탕인데 양이 줄었는지 입맛이 없는지 남기고 온 제 자신에게 더 실망했어요...)추천하는 마라탕 재료는.... 스팸 꼬치랑 도삭면이요! 여기 스팸 꼬치 탕이랑 잘 어울리고 맛있어요. 면은 라면 보다 도삭면이 나았어요. 라면은 탕이랑 면이 좀 많이 따로 노는 느낌이었습니당. (옥수수면은 좀.. 잘 안 잡히고? 집히고? .. 잘 끊어져서 ㅎㅁㅎ...) 이거는 약간 저랑 친구랑 호불호가 갈렸는데 튀김두부! 두부류 좋아하시면 추천해요:)그래도 이문동에서 마라탕은 .. 여기가 제일 맛있는 거 같아요. ㅎ_ㅎ",맛있다
3020,사골마라탕,Yenny,"또 새로운 마라탕맛집을 알게 되어 기쁘다:)마라샹궈와 마라탕을 포장해서 야외에서 먹었다!6시쯤 갔는데 이미 웨이팅이 조금 있었다.가게가 많이 작은 편이라 포장이나, 애매한 시간을 추천.마라탕은 100g, 1600원마라샹궈는 100g, 3000원확실히 어딜가나 샹궈가 훨씬 비싸다.둘다 보통맛으로 주문했더니 딱 먹기 좋은 매콤함이었다.기존에 먹던 마라탕과는 또 다른 맛이 났다.‘사골’마라탕이라 그런지 국물맛이 확실히 고소하기보다는 진한 느낌이 더 있었다.면보다 오히려 밥이랑 잘 어울리는 맛?마라탕밥, 마라국밥 느낌으로 먹으면 될듯.근처 편의점에서 햇반도 사다 같이 먹었는데 아주 잘한일..ㅎㅎ샹궈는 좀 더 마라를 확 느낄 수 있어 좋았다.여기의 장점은 샹궈도 탕도 짜지 않다는 점!요즘 이런 마라탕인데도 깔끔한 맛을(?) 내는 곳이 많아져서 행복하다.고사리는 처음 넣어봤는데 잘 어울렸고샹궈에는 역시 연근, 단호박, 소시지, 맛살이 잘 어울린다. 여긴 베이컨도 있어서 베이컨도 넣었다.아주 맘에 든 부분!!마라음식들은 설명이 참 어려운데,고대 칠기마라탕이랑 내 마음속 투탑이 된 곳이니마라탕 좋아하는 분들, 외대생 경희대생분들께 매우 추천!물만두 종류가 많던데 담에는 물만두까지 먹어봐야겠다!",맛있다
3021,사골마라탕,띵시,"가성비 ⚫️⚫️⚫️⚫️⚪️맛 ⚫️⚫️⚫️⚫️⚪️분위기 ⚫️⚫️⚪️⚪️⚪️재방문의사 100자존심 상하지만 내 소울푸드 사골마라탕... 이 맛에 현혹되면 다른 마라탕은 컵라면 맛이다. 외대 후문과 경희대 예술의전당 사이 경사길에 위치해 있음.재료가 신선하게 보관되는 편이며 매장도 타 마라탕집에 비해 깔끔함. 중간맵기 이상을 선택하면 ‘저희 마라탕이 매운 편인데 괜찮으시겠어요?’라고 여쭈시지만, 중간맛이 신라면 정도이므로 그닥 걱정하지 않아도 됨.일단 기본 사골 베이스 국물이 진하며 화자오도 센 편! 얼얼함이 꽤 세 처음 먹었을 땐 충격받고 반나마 남겼지만, 이틀 뒤에 홀린듯이 다시 가게 만든 현혹의 음식이다. 한국 탕처럼 얼큰한 느낌이 강하다. 토핑은 타 마라탕집들과 비슷하며 피쉬두부를 강추추추추함. 밥 시간에 가면 20분 이상의 웨이팅을 감수해야 함. 다이어터에게 독약이지만 끊을 수 없는 마성의...사골마라탕 사랑한다...",맛있다
3022,산해관,Ray,"- 탕수육보다 식사류가 훨씬 맛있어요!- 하지만 짜장은 얻을 수 없을 것입니다...!- 서비스도 포기하시는 게 좋을 듯...ㅎㅎ어제저녁에 방문하고 바로 쓰는 리뷰입니다! 어제는 짜장면을 포함해 짜장이 들어가는 메뉴들과 그 외 몇몇 메뉴들이 주문이 안 됐어요. 중식당에 왔는데 짜장을 먹을 수 없다니 생각도 못 한 일! 코로나 때문이라고 적혀 있었던 것 같은데 짜장 원하시는 분들은 방문 전에 꼭 전화로 확인해 보셔야겠습니다!결국 둘이서 넉넉하게 탕수육, 짬뽕, 잡탕밥 주문해서 총 78000원 나왔어요. 이 정도면 일반 동네 중식당보다 훨씬 비싼 가격인데요. 각 메뉴의 가격을 정확하게 모르는 이유는 주문 후 메뉴판을 좀 더 보겠다고 했으나 주문 완료한 테이블 메뉴판은 가져가야 한다고 하셔서... 저희가 한껏 당황스러워하는데도 추가 설명 없이 메뉴판만 원하시길래 내어 드렸습니다ㅋㅋㅋ제일 먼저 나온 탕수육은 식초 향이 코를 찌르는 왕 큰 목화솜 탕수육이었어요. 목화솜이 왜 이렇게 큰가 했더니 고기가 통으로 큼지막하게 들어가있더라고요. 고기의 씹는 맛을 중시한다면 특히 좋아할 것 같아요! 처음에 너무 강했던 식초 향은 다행히 줄어들었으나, 몇몇 개에서는 끝까지 살아남아 강력함을 뽐냈습니다. 전체적으로는 괜찮은 편이지만, 굳이 여기서 비싸게 먹을 정도는 아니었어요.짬뽕이랑 잡탕밥은 탕수육 나오고 한참 뒤에 나왔는데요. '탕수육이랑 같이 먹고 싶은데 짬뽕 언제 나오는 거야' 할 정도로 제가 원하는 타이밍보다 늦어서 애타게 기다렸습니다ㅋㅋㅋ 그러고 보면 원래 주인공은 늦게 등장한다고 하더니, 짬뽕이 베스트 메뉴! 불향이 잘 입혀져 뭔가 구수하면서 감칠맛 나는 국물이 일품이라 계속 떠먹었어요. 그에 비해 면에서는 특별함을 느끼진 못했습니다.잡탕밥은 큰 해삼이 1개가 다 들어갔나 봐요. 근데 여기 음식들은 그냥 재료들이 다 싱싱하고 큼직큼직해요ㅋㅋㅋ 특히 연근, 단호박, 파프리카, 아스파라거스 같은 채소들이 마구 들어가 있어 텃밭째로 상 위에 올린 것 같은 느낌ㅋㅋ 잡탕밥도 해삼도 처음 먹어봤는데 짬뽕만큼은 아니어도 맛있었고요. 딸려 나온 계란국도 아주 맑고 고급진 느낌이라 괜히 비싸게 받는 건 아니구나 싶더라고요. 향이 강한 국물이라 신기했어요.이 식당에서 제일 아쉬웠던 건 서비스 측면인데요. 우선 가게 밖에 세워두는 칠판에 분할 계산은 불가능하다고 적혀 있더라고요. 개인적으로 이렇게 시대에 맞지 않는 배짱 부리는 거 싫어해서 저한테 해당 없는 얘기였는데도 가게 인상이 별로였어요ㅋㅋㅋ 게다가 서버분은 아마 일을 시작한 지 별로 안 된 건 물론이고, 인생 첫 홀 서빙이 아닌가 싶어요. 미숙한 부분이 너무 많아 제대로 된 서비스는 한동안은 힘들 것 같습니다...",괜찮다
3023,산해관,반말했다존댓말했다,성북구 뿌시고 이사가기 중에 한곳탕수육과 잡탕밥 주문동네분위기상 가격대나 가게 특성이 잘 안먹힐것같아 이사가지 않을까 불안했음 ㅡㅜ탕수육 모든 재료가 살아있음;고기는 엄청 실하거나 맛잇는건 아녔지만 소스도적당했고 야채들 씹히는게 장난아니다잡탕밥 소스는 다른 중국집들과는 다르다이것이 좀 더 본토인가?이것도 통조림해산물 하나 옶이 수족관에서 갓 건진걸로하는 느낌맛이 엄청나다 보단 재료상태보소?,맛있다
3024,산해관,Hoon,재료 아낌 없음. 긴말 하지 않습니다,맛있다
3025,산해관,고덕 사랑,"듣던대로 원재료가 정말 신선하고 좋습니다. 재료가 신선하니 맛이 없을 수가 없겠죠. 가격이 쌔긴합니다만, 추천합니다.",맛있다
3026,산해관,푸싱기,"전체 사진이 없어요 ㅎ삭제됨 가격이 비싸요 짬뽕도 15000원, 짜장면 9000원. 그래도 재료 보면 해산물이 비싼 해산물에 하나 하나가 실해서 비쌀법 하다라는 생각이 들어요. 다들 백짬뽕 맛있다 하는데 그냥 짬뽕을 원래 더 좋아해서 그냥 짬뽕먹었는데, 별로 제 스타일은 아니었습니다. 짬뽕에서 된장?냄새가 나는데, 진짜는 아니지만 그냥 제 생각에는 아마 진짜 춘장을 조금 넣은게 아닌가 싶어요. 국물이 엄청 깊거든요. 근데, 국물에서도 약간 된장맛이 나는게 좀 함정이라 제 스타일은 아니에요. 해산물도 약간 비린내가 나기도 하고, 생각보다 별로였어요. 여러명이서 다같이 가서 유린기나 이런건 먹어보고 싶네요.",별로
3027,산해관,맛되디,"<합리적타령 불가 맛>요며칠간 다른 홀릭님들의 리뷰로 접한 식당들 중 가장 가보고싶었던 곳, 산해관! 퇴근하고 간 거라 아슬아슬했지만 어찌어찌 세이프!하고 맛보고왔다.언제 가도 편안한 회기에 있음에도, 정작 학생일 땐 이곳을 한 번도 가본 적이 없다. 돈까스집 텐이나 오관스시를 갈 때 몇 번 지나친 적은 있는 것 같기도 한데.. 어쩌다보니 가보지 못 하고 졸업함ㅠ 아마도 비싼 가격 이유도 있었을테고.. 정문근처 황하에서만 중식을 먹어버릇 한 탓도 있는 듯. 비슷한 사례로 홍릉각도 졸업하고나서야 알게된 맛집이긴 하다. 학생 때의 나는 증말 뭘한건지....;리뷰 속 탕수육, 식사류 전부 예사롭지 않아보여 저번 주말 바로 가고싶다 꾹이었던 산해관이나 이제야 가게 된 건 사실 이유가 있다ㅜ 주말 중 일요일 첫 방문 시도를 했으나 일찍 문 닫으신 건지 닫혀있었던 것..ㅋㅠ 이번주 주말 재시도를 할까도 생각했지만 맛이 너무 궁금해서 참을 수가 없었다. 그래서 달려갔다 오늘! 허탕치면 안되니까 전화와 함께ㅎㅎ 감사하게도, 여덜시반 전에 오면 받아주신다 하셨고 회기역에서부터 런닝맨 찍은 끝에 입성 성공했다 ^^역시 마감 시간이라 손님은 나 뿐이었음. 그거 뛰었다고 더 허기가 진 상태여서 바로 주문했다. 탕수육 하나 자장 하나! 중식 혼밥은 이거지ㅎ탕수육(34000)신락원, 홍릉각의 탕수육이랑은 다른 새로운 느낌의 탕수육이었다. 첫 입 식감은 찹쌀이 실하게 느껴져 살짝 궈바우러우스러울 수 있다. 그러나 푸짐한 야채와 함께 한 입 가득 넣어보면 알 수 있다. 탕수육, 그것도 아주 맛있는 탕수육이란 걸.배추, 연근, 목이, 피망, 당근은 일부는 아삭, 꼬들한 식감 그대로, 일부는 소스에 푹 샤워한 식감으로 식욕을 돋우고~~ 찹쌀 속 실하고 깨끗한 고기는 힘줄 하나 없이 뽀득뽀득하여 부드러운 비계같은 찹쌀피와 최고의 궁합을 뽐내니~~ 이런 탕수육이 맛없을 리가!! 눈 돌아가 와구와구 먹다보니 입천장은 장렬히 전사했지만.. 개죽음은 아니었당. 맛없는 거 먹다 까진 입천장이야 개죽음이지마눈... 이런 웰메이드 탕수육 먹다 까진 입천장은.. 호화로운 묫자리 잡고 산화한 거라 생각한다ㅜ 과장에 주책 같지만 그만큼 맛있었다. 신락원이나 홍릉각의 것과 아예 다른 느낌으로 맛있어 비교하며 먹는 재미도 쏠쏠한 건 덤.자장면(9000)소고기를 갈아넣은 자장면소스는 기대보다 평범해서.. 살짝 실망할 뻔 했으나.. 면이 복병! 비비기 전부터 기성품면과 다르게 울퉁불퉁하기도 하고 굵기도 흔히 본 자장면보다 가는 밀웜(육식 반려동물 사료로 쓰이는 애벌레) 정도 통통함이어서... 면이 특별한건가..?하긴 했다만 정말 그럴 줄이야. 중식 파스타라고 해도 될, 면 식감이 있는 자장면이다. 손칼국수나 특이한 파스타면을 먹을 때의 '맛있는 면 씹는 재미'를 자장면에서 느끼게 될 줄은! '맛있다' 감탄을 연발하며 뚝딱 먹어치웠다ㅋ음식 맛을 보기 전엔 제법 비싸다고 생각될 수 있는 집인건 맞다. 나도 그랬으니까. 하지만 음식을 먹어보면 알 수 있다. 그런 잣대 들이대기 미안한 재료, 정성, 조리가 들어간 음식을 내는 집이다. 가성비, 합리성 나도 참 좋아하는데요.. 여기선 그런 것들 들이대고 재단할 수 없었어요..여길 아직 안 가 본 회기러분들, 회기러는 아니지만 맛있는 중식을 사랑하는 분들 모두 만족하실 것 같은 집. 정말 맛있는 식사 직후 리뷰 쓸 땐 자꾸 웃음이 나는데 지금 딱 그러고 있다ㅋ. 잠정적 중단 상태였던 중식로드도 다시 시작할 수 있을 것 같은 기분이고ㅎㅎ. 다시 불타오르게 해준 산해관에 감사하며 리뷰 마친다 :)ps) 뭐든 비교질은 안 좋다. 그러니 재미로만 봐주시길.동대문구 중식3대장(내멋대로임) 비교타임므~~~탕수육_홍릉각 : 바삭보다 거의 고기식감 그대로, 달지도 시지도 않은데 맛있음, 야채도 맛남, 색 가장 진함, 전형적인 볶아낸 탕수육신락원 : 바삭강자, 손가락 크기 고기 실함, 개인적으로 가장 달았던 듯, 파인애플펜~, 황금색, 볶아낸탕수육과 부어낸 탕수육의 중간 느낌?산해관 : 찹쌀식감 독보적, 팅글쫀득, 달큰시큼한 소스맛, 자극적이진 않음, 거의 백색, 야채식감은 가장 훌륭, 소스 부은 탕수육자장면_홍릉각 : 거진 중식라구. 고기가 면을 삼킨다. 하나도 짜지 않고 담백하게 고소함. 면은 보통, 소스를 숟가락으로 퍼먹는 게 ♡산해관 : 고기, 채소가 적당히 들어간, 맛있는 자장 소스. 그러나 아주 특별한 건X, 면은 진짜배기, 홍릉각보단 제법 짠 편, 소스만 따로 먹을 때보다 면과 비볐을 때 맛 클라스가 확 점프함",맛있다
3028,산해관,권오찬,"* 한줄평 : 납득이 되는 음식 퀄리티 (신라 팔선 출신 주방장)1. 청담이나 압구정동이 아닌 경희대학교 인근 회기동 중식당의 음식 가격이 돼지고기 탕수육(34천원), 백짬뽕(15천원), 잡탕밥/유산슬밥(22천원), 짜장면(9천원)이라면 대부분 반응은 가격이 과하다라는 것이 정상적인 반응일 것이다.2. 중국 음식 대중화의 장점이 소비자 입장에서는 어디서든 쉽게 먹을 수 있는 <서민 음식>이라는 것이요, 사장 입장에서의 단점은 서민 음식이기 때문에 가격 밴드가 형성되어 <상승 제한폭>이 존재한다는 것이다.3. 그러나 자본주의 사회에서 재화와 용역의 퀄리티에 따라 정당한 가격이 책정되는 것은 시스템이 건강하다는 증거요, 공급자가 본인의 서비스에 프라이드가 있다는 의미이다.4. 우선 이 식당에 대해 첫번째로 칭찬해주고 싶은 것은 바로 <신선한 재료>이고, 두번째가 <아낌없는 사용>이며, 세번째가 <조리의 완성도>이다.5. 주문 요리에 대한 품평은 아래에서 별도로 세세히 하겠지만, 식당에서 머무는 내내 뭔가 퍼즐이 안 맞다 싶은 부분이 내내 신경쓰였다. 이 정도 수준의 음식이라면 대를 이어 가업을 이어온 화교 가문일거라 추측했는데 의외로 그러한 중식당에서 흔히 볼 수 있는 중국 문화재 모조품 등이 일절 보이지 않는데다 <복>이라는 한자도 거꾸로 걸려있지 않아 여쭤보니 오너쉐프께서 한국인이라 한다.6. 또 하나 맞춰지지 않은 퍼즐이 탕수육 토핑에 이렇게 다양한 야채 토핑이 올라오는 것은 <호남권 중식당>의 특징인데 그렇다고 보기에도 뭔가 결이 다른데다 정통 레서피에 경쾌한 최신 트렌드가 더해진 느낌이라 여쭤보니 쉐프께서 <신라호텔 팔선> 출신이라 한다.7. 굳이 중화음식 주방장 사관학교격인 <신라 팔선>이 아니였어도 충분히 만족스러운 식사였을텐데 그 이야기를 듣는 순간 가격이 <납득>되었다. 난 오히려 가성비있는 식사를 한게로구나..8. 음식 품평# 탕수육몽글몽글 목화솜 튀김옷에 고기의 두께감, 튀김옷에 들어간 공기층으로 인한 바삭거리는 식감, 제대로 잡은 고기 잡내 등 어디 하나 부족함이 없다. 소스는 북경식 화이트 소스로 간장이나 토마토 케첩을 넣지 않아 오히려 주연인 고기 튀김을 더욱 돋보이게 한다.토핑도 신선한 야채를 올려 화려한 컬러감을 주어 시각적으로도 높은 점수를 주고 싶다. 야채 토핑은 연근과 배추, 노란 호박과 적/녹색 파프리카 등 아삭거리는 식감이 주방장의 재료 관리 능력을 짐작케 한다.# 백짬뽕해물육수 베이스인지 고기 육수에서 느껴지는 묵직함 대신 깔끔함과 시원함이 느껴진다. 국물만 따로 떠먹으면 분명 좀 짠듯한데 그릇 안에 담겨진 탕으로써는 간이 딱 맞다. 면도 일반 중식당이 공장에서 받아서 사용하는 제품면과 달리 식감이 부드러워 한식 칼국수면에 더 가깝다.충분히 훌륭한 맛이지만, 왜 이렇게 가격대가 높은가 했더니 초록홍합과 죽순, 표고버섯, 생선살과 중새우, 갑오징어 등 동네 중식당 짬뽕에선 찾아볼 수 없는 재료들이 듬뿍 담겨있다. # 유산슬밥요리가 아닌 식사로 주문한 유산슬에 이렇게 건해삼과 중새우 등 해산물 재료가 많이 들어갔던가 싶을 정도로 풍성하고 맛있다. 이정도 가격에 짬뽕 국물이 나오면 실망할뻔 했는데 정말 중국식 향신료로 간을 한 제대로 끓여낸 계란탕이 사이드 국물로 제공된다.",맛있다
3029,산해관,키다리아저씨,"화교1세대 부터 내려오는 방식으로 조리를하여서 자장면과 간자장을 나누지 않아 메뉴에 간자장이 없는 곳으로 경희대와 카이스트 서울캠퍼스 근방에 위치한 ""산해관""매장이 화려하거나 규모가 크지 않아서 일반적인 중식당이라 생각했는데... 음식의 수준이나 가격대는 도심의 유명 중식당과 비교해도 뒤쳐지지 않네요. 이 근처에서 이정도 가격대라면 살짝 비싼듯하지만....음식맛이 좋아 입소문이 좀 났는지 인근 교수님들이나 접대/회식으로  꾸준하게 손님이 있네요. 규모가 작다보니...룸이 없고, 홀만 있다는점은 살짝 아쉽습니다.제가 주문한 메뉴는 탕수육 (34,000원) 그리고 매콤한 쟁반자장면 (22,000원)을 주문해봤어요.탕수육은 연근, 호박, 파프리카 등의 신선한 야채와 함께 맑은느낌으로 볶아져 나왔고, 탕수육의 튀김옷은 바삭한게 아닌 쫀득한 찹쌀탕수육 느낌이 강했습니다. 고기도 두툼한 편이여서 좋았구요. 소스도 자극적이지 않고, 은은하게 느껴지는 단맛이 좋아 야채나 탕수육과 함께 먹어도 재료의 맛에 방해를 주지 않아 좋았습니다. 다른 재료들은 몰라도 호박이 좀 덜 익혀져서 딱딱했던거 말고는 전체적으로 만족스러웠어요. 매콤한 쟁반자장면은 2인분으로 약간 칼칼함을 주어 느끼함도 덜하고~ 새우나 홍합~ 갑오징어의 해산물도 넉넉히 들어 비주얼도 좋지만 맛도 좋았습니다.소스도 은근 맛이 좋아서 밥에 비벼먹고 싶은 생각도 들었는데....배가 불러서 못먹어봤네요 ㅠㅠ 면발도 탄력있고, 재료도 신선해서 생각했던 쟁반자장보다 높은 퀄리티와 맛으로 입안이 즐거웠습니다.식사로 배부른 상태였는데...서비스 후식으로 나온 고구마 맛탕의 크기와 비주얼이 ㄷㄷ하더라구요. 겉은 크리스피하고 달달한데~ 고구마속은 촉촉하고 부드러워서 맛이 있었어요.하지만 식사로 배부른 상태에서 먹으려다 보니 살짝 버겁긴 하네요^^;; 간편하고 상큼하거나 개운한 후식이였으면 더 좋았을테지만... 맛은 있었으니 그걸로도 만족!!호텔이나 유명 중식당에서 먹는 수준에 뒤쳐지지않고, 근처에서 가볍게 식사하기엔 괜찮은듯합니다. 다른메뉴도 궁금해서 재방문을 해봐야겠네요^^",맛있다
3030,산해관,달팽,동네 중국집보다는 꽤 비싼 가격대이지만 그래도 reasonable한 가격에 고급스러운 중식입니다 백짬뽕이 특히나 맛있었어요. 살짝 칼국수같은 느낌의 쫄깃한 면발과 진하지만 느끼하지 않은 국물신선하고 풍부한 건더기까지 어느하나 흠잡을 것이 없었습니다. 간장소스의 깐풍기도 느끼하지않고 깔끔한 맛이었어요,맛있다
3031,산해관,영수증버려주세요~,요기가 아직도 등록이 안되어있다니?부연 설명을 길게할 필요가 있나? 고급스럽고 깔끔하고 맛있는 곳이다.아는 사람은 다 아는 곳!!처음 가면 깐풍기 꼭 시켜드세요.짬뽕도 쟁반짜장도 크림새우도 누룽지탕도 다 완죤완죤 맛있다.,맛있다
3032,항방양육관,내가 먹고 맛있는 게 맛있는 거지,- 매운쪽갈비는 한입크기로 뼈째 썰어 튀긴 후 적당히 매콤하게 술안주로 먹기 좋게 한입튀김형식으로 나오네요.튀김껍질에서 라면스프의 맛이 나고 맛은 그럭저럭 나쁘지 않은데 호불호 갈리는 맛인가봐요. 저는 별로 였습니다.- 마파두부는 밥 생각이나고 소스도 맛있고 괜찮았습니다.밥비벼먹고 다른메뉴랑 술마셔도 괜찮을거같 아요- 메뉴들이 전체적으로 나쁘지않아요.,괜찮다
3033,항방양육관,WonBokyoung,장한평역 근처에 갈만한 양꼬치집~^^오이냉채도 맛있었고 계란탕 서비스도 맘에들었어요~^^ 샹차이 부탁드리니 고봉으로 가져다주셔서 굿굿~ 경장육사도 괜찮았어요!,맛있다
3034,항방양육관,먹보대장,"계란볶음밥, 양꼬치, 칭따오 세 조합이면 꿀맛!ㅎㅎ계란탕을 항상 서비스로 주셔서 좋음기계식으로 구워지는것보다 빨리 구워져서 좋다",맛있다
3035,항방양육관,키다리아저씨,장안동~~ 장한평역 근처에 위치한 항방양육관~양꼬치~양갈비~등 중국현지 느낌의 다양한 요리들을 판매한다^^ 양꼬치의 경우 두툼한 편이지만 기름기가 좀 있고~ 한두번 정도 뼈가 씹히기도 해서 조금은 불편할 수도 있을듯하다~서비스로 나온 계란탕은 깔끔하고 시원하니 맛나고~ 옥수수국수도 담백하고 괜찮았다~,괜찮다
3036,심양,안선오,"3개월에 한번씩 들르는곳우리가족은 술을 안마셔서 안주가이닌 저녁으로 양꼬치를 먹는데 양꼬치는 어디를가도 맛있기때문에 저렴한곳을 좋아해요다른곳보다 1,2천원 저렴하고 특히 꿔바로우를 반접시(만원)에 먹을수 있어서 좋아요 향취새우도 만원정도라 다른 양꼬치집에비해 부담 없는곳이에요 서빙하는분도 친절",맛있다
3037,심양,JW,경희대점은 고기 한점 덜 끼워주는느낌?  옥수수 국수도 청담점이 훨씬 맛있는듯 ....하지만 회기로 이사오곤 너무 멀다ㅜㅜ,괜찮다
3038,심양,키다리아저씨,가끔씩 가서 먹는 곳으로~ 매콤한 못된 양꼬치와 일반 양꼬치를 즐기기 좋고~^^ 꿔바로우도 겉은 바삭 속은 쫀~ 득!! 고기도 부드러워서 좋다~자동으로 구워지니 자리만 조금씩 바꿔주면 되서 그나마 편하다~^^양꼬치의 맛도 괜찮고 전체적으로 먹을만한 곳!!,괜찮다
3039,심양,키다리아저씨,못된양꼬치~(매운) 맛난다~ 중독적임~!!꿔바로우도 속은 쫀득하며 부드럽고~ 겉은 바삭해서 좋다,맛있다
3040,심양,키다리아저씨,양꼬치의 다양성? 매콤/카레/데리야끼 등 기호에 맞게 주문할 수 있다^^ 체인 치고는 깔끔하고 맛난 양꼬치를 먹을 수있다. 개인적으로 연유에 찍어먹는 튀김꽃빵이 별미~ ㅎㅎ 매콤양꼬치도 좋아하고 옥수수 국수도 맛난다~ 다음엔 꿔바로우를 먹어볼예정!!이곳도 자동으로 꼬치가 돌아가며 구워지니 조금은 편한점이 있다!!,맛있다
3041,애신마라탕,먹잘알이되고싶다,"마라탕 3.5 / 5꿔바로우 3.5 /5딱 중간하는 마라탕집인 거 같다.외대 근처에 마라탕집들이 많아서 비교가 많이 되는데, 좋게 말하면 가장 덜 자극적이고 안 좋게 말하면 깊은맛?이 없다.그런면에서 따지면 사골마라탕을 선호하는 편이지만,친구는 사골마라탕 먹으면 기침난다는 이유로 애신만 먹는다고 한다.여기엔 오징어가 있어서 많이 넣었다 ㅎㅎ꿔바로우는.. 포장해가서 먹으면 안되고 현장에서 먹기엔 괜찮았다.생각보다 금방 눅눅해져서 빨리 집어먹는 편이 좋다.하지만 꿔바로우 특유의 쫀득한 외피덕분에 맛 좋당.그래도 시간 지나도 바삭한거 좋아하시는 분들에겐 비추천.양념은 다른 데랑 비슷한 새콤달콤한 맛으로 좋았어용",괜찮다
3042,애신마라탕,뎜(dyeom),코로나때문에 약속을 안잡고 식당을 안가서 리뷰를 2달만에 쓴다... 심지어 이것도 배달로 먹은거다... 코로나가 얼른 사라져야 친구들이랑 맛집탐방하러다니는데 ㅠㅜ여기는 괜찮다랑 별로중에 고민했다. 마라탕은 전체적으로 괜찮은데 얼얼한 맛이 적어서 좀 아쉬운정도인데 꿔바로우가 정말 별로다. 난 꿔바로우를 바삭하면서도 쫀득하게 씹히는 맛으로 먹는데 여기 꿔바로우는 물컹물컹...물렁하다...눅눅하다...? 식감이 너무 별로... 소스의 맛도 다른 마라탕집에서 시킬때하곤 뭔가 다른...ㅠㅜ 몇달전에 먹은건데 꿔바로우 식감에 충격받아서 기억이 난다.시킨다면 마라탕이나 샹궈만 시킬 것 같다.,별로
3043,애신마라탕,즌짱,"애신 마라탕의 마라탕을 배달로 먹었어요. 중 사이즈 시켰는데 양이 좀 적은 느낌이었어요. 엄마 아들이랑 같이 먹느라 중으로 시켰는데 좀 뭔가 양이 적다? 싶은 ... ㅎ ...맵기 단계를 맵게 로 해서 시켰는데 마라 맛이 강하지 않아요. 그래서인지 마라장이 따로 오긴 했지만, 국물에서 마라맛 보다 육수맛이 더 진하게 느껴져요. 마라는 맛이 안나는 듯 나면서 열일했었습니다.. 다 먹고 나니 입술이 좀 화끈거리고 부었어요. ㅋㅋㅋㅋㅋ 그리고 국물을 잘 저어서 먹어야할 것 같아요. 마라장이 바닥으로 가라 앉았는지 휘젓고 먹어야 마라맛이 더 났어요. 다시 시킬 의향도 있고 방문해서 먹어보고 싶은 생각도 있습니다.",맛있다
3044,애신마라탕,소현,"애신마라탕 여기 후기가 아직 하나도 없다. 글쓰기 약간 부담된다 .. 나는 여기 진짜 자주간다. 왜냐하면 가깝기 때문.... 먼저 마라탕이 호불호 극명히 갈릴 것 같다. 왜냐하면 사골 육수 비율이 굉장히 높다 마라맛 약하고 사골국에 마라 첨가한 느낌이다. 개인적으로 이 집 마라탕을 좋아하진 않는다 지삼선은 가성비 괜찮다 12000원인데, 꽤나 잘 하는것 같다. 같이간 이모랑 엄마 모두 지삼선이 젤 맛있다고 했다  볶음밥은 여느 마라탕집에서 파는 볶음밥이랑 맛이 똑같다 마지막으로 내가 이 집을 자주 가는 이유는 꿔바로우가 내스타일이다. 다른 마라탕집처럼 바삭하고 식초맛 소스가 아니라 붉은 소스에 푹 쩔어서 바삭한 맛은 없는데 새로운 맛있음이었다... 부먹 좋아하면 좋아하실거 같다. 근데 이날 점심엔 꿔바로우 안된다며 ..그래서 어쩌다 지삼선을 시켰다. 근데 맨날 점심 때가서 꿔바로우 시켰는데 난 어딜갔었던걸까...",괜찮다
3045,호화양꼬치,키다리아저씨,"(작년에 다녀온 리뷰인데... 현재는 셰프님이 바뀌셨다는 소문이 있네요ㅠㅠ)청량리 시장 먹자골목에 있는 중화요리 집인데... 상호명부터 호화양꼬치!!!숨은고수가 아닐까?? 라는 궁금증에 방문해봤는데...호화대반점 출신이라는 부분이 적힌 포스터를 보고 상호명이 이해가 되었습니다. 건물이나 주변환경 때문에 좀 지저분해 보이는 부분이 안타깝네요;제가 방문할 당시 운영하는 분은 진서생 셰프님이시고, 다양한 호텔과 청화대에서 근무한 이력을 갖고 있으니.. 중식으로는 인정받은 분이시겠죠??사실 1~2시간전에 다른음식을 먹고와서ㅠㅠ....많은 양을 먹지는 못할듯하고, 가볍게 양꼬치, 양갈비살꼬치, 경장육슬을 주문했어요~궁금했던건 기본적인 짜장부터 짬뽕이나 탕수육 등 중화요리를 주문하고 싶었는데...중식요리를 주문했네요;; 헤비하지 않은걸 선택하다가 주문하고 보니 후회를 하게 되었습니다ㅠㅠ그나저나 메뉴의 종류가 상당히 많습니다;; 중화요리 중식요리 전부 하는 곳이니까요^^우선 양꼬치나 양갈비살꼬치는 크게 남다른점을 느끼기엔 어려운 메뉴였죠^^;; 숯불에 구워먹으면 대부분 괜찮은 맛이 나는듯해서 ㅎㅎㅎ 평범한 느낌이라 감흥이 없더라구요.경장육슬의 고기볶음은 입맛당기게 양념이 잘배어서 두부피와 다양한 야채들과 싸먹기 좋았구요~ 고수도 넉넉하게 부탁드리니 많이 갖다주셔서 좋았습니다.잘못된 메뉴선택으로 고수의 음식맛을 보기엔 부족함이 있었던거 같아요^^;주변의 신락원이나 홍릉각 같은 남다른 중식이였으면 하는 기대감이 있었으나.... 최근에는 셰프님이 다른곳으로 옮기셨다는 소문이 있어서 지금은 어떤지 모르겠네요 ㅠㅠ",괜찮다
3046,팔선생,건강걍비,#고려대역 #중식 서비스로 준 가지튀김 미친존맛 계란볶음밥에 비벼먹으면 보끔밥 내가 혼자 다먹음,맛있다
3047,팔선생,참외,"그럴듯한 외관에 늘 벼르던 곳이었는데 날이 좋아서 홍릉쪽을 걸어서 가봤다. 자장면과 해물탕면을 시켰다. 요리도 시켜볼까 해지만 배가 그리 고프진 않았다. 결론은 맛이 없다. 미원맛이 너무 강하다. 면은 떡졌고, 육수나 춘장은 하나같이 조미료 맛 뿐이었다. 차라리 짜왕이 더 맛있을 것 같다.맛 1/5친절 2.5/5위생 3/5가격 2/5",별로
3048,해신루,정수민,매우매우매우매우매우 만족 애정 마라샹궈와 비교해도 뒤지지 않을 정도로 갠찮다다만 고추가 부서져서 많이 씹히는 게 좀 불편하다,맛있다
3049,해신루,oIHLo,맛이 세진 않은데 삼삼하고 좋다.,맛있다
3050,마라대학,김민경,마라탕은 맛나써여 근데 식을수록 짠데 마라탕 국룰임 꿔바로우가 고기맛이안나고 반죽? 찹쌀 맛이 더 나요 꿔바로우는 별루 ㅋㅎㅋ 알바분들이 착하셔서 좋았구 배추도 열심히 짤라주셔서 좋아써여 에타에서 3단계 안맵다해서 3단계 먹었는데 매워서 물 두 통 먹음 아마도 더 매워진듯 ㅎㅋㅎㅋ,맛있다
3051,마라대학,Ray,"마라탕 1단계에 소고기 추가해서 먹었는데 맛있었어요!1단계는 하나도 안 매워서 매운 거 좋아하시는 분들은 2단계 이상으로 드셔야 할 거 같고요. 사실 마라탕을 처음 먹어봐서 원래 무슨 맛인지는 모르지만, 여기는 기본적으로 이국적인 향은 많이 나지 않았어요. 국물이 간간하긴 해서 당면 같은 거 좀 덜 넣고 공기밥 추가해서 먹는 게 덜 짜게 먹을 수 있을 거 같아요. 같이 간 일행 중에 고수 많이 넣고 양고기 추가한 게 있었는데 개취로는 그게 국물 맛도 확 다르고 더 맛있었어요!",맛있다
3052,와인양꼬치,로우니,양꼬치도 싸고 잡내도 없고 요리류도 맛이 좋은 편입니다! 양념양꼬치는 쯔란양념을 묻혀 굽는 식인데 저에게는 다시 짠 느낌이 강했어요 저보다 간이 조금 센 편인 제 일행은 양념이 가장 맛있다고 하더라구요 평소에 간이 센 걸 좋아하시는 뷴들이시면 양념양꼬치 입에 잘 맞으실 거에요그리고 여기 옥수수면은 진짜 해장하면서 술 마시는 기분입니다 꼬맥에 옥수수면만 먹어도 진짜 2병은 순삭이라고 생각합니다,맛있다
3053,와인양꼬치,미동이,여기서 비운 칭따오만 몇 병인지..양꼬치도 맛있고 토마토달걀볶음도 맛있음..,맛있다
3054,양찬,Wchelin,"양꼬치가 맛없기 어려운데.회기에 위치한 양꼬치 체인. 회기역 근처는 파전골목 외에 마땅히 갈 곳이 없다. 그나마 근처에서 덜 배부르게 한 잔 하려고 들어간 곳. 도네누 삼겹살하고 같이 운영을 해서, 전문성 없이 맛이 없겠다 예상이 되긴 했지만 일단은 들어갔다.양꼬치를 먹었다. 촉촉함이 없고, 양고기의 맛 자체가 없었다. 양고기의 맛이 느껴지지 않았다.서비스는 보통이었으나, 맛 자체가 없어서 안갈듯.",별로
3055,호호브라더스,*,중국음식술집. 중식 안주로 먹고싶을때 가기 좋을듯. 1년전에 뭘 먹었는데 깐풍기였나. 무튼 괜찮았음.소주먹기도 좋았고!,괜찮다
3056,신룽푸마라탕,루카스,샹궈~ 친절하시구.. 학생증할인 하면 제법 저렴하게먹을수 있다!!추천추천,맛있다
3057,신룽푸마라탕,ere,"경희대주변 새로생긴 마라탕집!! 새로생겨서 그런지 재료 핵신선하고 학생증, 쿠폰이벤트 많이하는중이라 꼭 가보는것 추천!마라샹궈가 진짜진짜 맛있다... 고추기름 좔좔 흐르고 재료에서 윤기남 먹어본 샹궈중에 제일맛있음 샹궈보다 탕을 더 선호하는 편인데 여기 샹궈는 예외다. 마라가 안그래도 중독성 심하다는데 이건 그중에서도 갑인듯 계속계속 생각나ㅜㅜ 진심 여기 마라샹궈에 약탄거 아니냐구ㅠㅠ매운맛 정도는 1.2.3단계가 있는데 2단계가 무난한듯!",맛있다
3058,당식당,Ray,"점심특선 메뉴 중 어향육슬덮밥(6000) 먹었는데 꽤 괜찮았어요! 고기도 많고 채소도 많고 밥보다 어향육슬 양이 푸짐한 것도 좋았고요. 단, 먹으면 먹을수록 입에 신맛이 누적돼서 나중엔 최대한 소스 없이 건더기만 골라먹게 되더라고요ㅋㅋ일행들은 1인쟁반짜장(6000) 먹었는데 딱 봐도 별로인 게 우선 건더기가 일반 짜장보다도 없어보였어요ㅠㅠ 해물이라곤 엄지손톱만큼 작은 새우 한두마리 정도에 양파만 가득하고 심지어 간도 안 맞아 심심했대요ㅠㅠ꿔바로우는 고기도 찹쌀도 너무 안 들어가서 얇은 돈까스 같은 느낌이었어요. 그래도 양은 많았습니다...참고로 무한양꼬치집이라 그런지 점심시간에도 저희만 점심특선 먹고, 다들 양꼬치를 먹고 있었습니다ㅋㅋㅋ",괜찮다
3059,얼땅쟈,즌짱,"경희대 쪽에 있는 꼬챙이 훠궈집!방문했을 당시 저희 빼고 모든 테이블이 중국인이었어요. 버섯탕+홍탕 시키고, 꼬챙이를 담아와서 먹는 구조고, 셀프 소스바도 있어요. 꼬챙이 가격도 저렴해서 야금야금 가져다 먹기 좋았어요. 그리고 꼬치 중에 말이류도 많아서 좋았어요. 어떻게 보면 먹을 게 없고,,, 어떻게 보면 먹을 게 많았던... 신기한 곳... 고기는 따로 추가 가능하고, 면사리도 있었어요. 저렴하다 생각하면서 야금야금 먹었더니.. 다 먹고 나니 가격은 일반 훠궈집이랑 비슷하게 나온 게 함정:(식기가 좀 끈적거린 점이 있어서 아쉬움이 있지만, 대체적으로 나쁘진 않았습니다.",괜찮다
3060,하얼빈양꼬치샤브샤브,요닝,여기 늘 가는 제 인생 양꼬치 집입니다.. 다들 먹어보세요 존맛탱,맛있다
3061,하얼빈양꼬치샤브샤브,장진혁,굿,맛있다
3062,하얼빈양꼬치샤브샤브,플렉서,ㄱ신설동역 근방 양꼬치집이 여기 한곳인가싶다여덜시쯤 가봤는데 제법 사람이 많아보여 들어갔다결론적으로 양꼬치집이 희소해서 사람이 많았던듯.양꼬치 11000 양갈비살 14000각종안주 10000~15000대체적으로 가격대 쎄고 가성비 낮다양꼬치 작고 화로에 직접뒤집어가며 양꼬치를 구워야한다 불편 양꼬치는 특별할것없고 기름지지도않다 양갈비살과 양꼬치의 차이점을 구별하기어렵다대체적으로 그냥 개선의지 보이지않는 동네 구석 양고치집같다 재방문 의사 없다 누가사주면 갈생각있음 워낙 양꼬치를 좋아해서리  이집이 좋아선아니다 ㅋ,별로
3063,자매양꼬치,아몬초코,양꼬치 부드럽고 정말 맛있어요서비스로 계란국도 주시는데 친절하시고 음식도 다 맛있어요~!!근처에 사시면 꼭 가세요!,맛있다
3064,소담촌,로한,"#소담촌6일 날 점심으로 방문옆 동네 아차산점을 갔었는데 매장이 널찍하고 깔끔하고 깨끗하고 셀프바도 정리가 잘 되어있어 만족했었음 청량리 롯백에 있는 로운을 갈까 하다 집 근처 소담촌이 평이 좋길래 방문했는데... 너무 실망했음 음식은 잘 모르겠지만 테이블 돌아가는 게 엉망이었음 휴일 점심이고 예약을 안했으니 어느 정도 웨이팅은 있을 수 있다고 생각하나 곳곳에 빈 테이블이 있는데도 30분 가량 허무하게 기다리다 화가 나서 돌아왔음 처음 왔을 때 앞으로 8팀 정도가 있었는데 40분 동안 2팀 들어갔음 직원들이 정말 서빙만 함 다 먹은 자리 정리를 안해서 곳곳에 빈자리가 났는대도 안내를 못하고 손님을 방치함 대기석, 가게 입구, 가게 앞 복도까지 많은 사람들이 복작이고 있는데 신경도 안씀그러나 보니 2팀 들어간 이후 빈 자리가 여러 곳 났는대도 30분 넘게 자리로 안내 받은 팀이 하나도 없었음 잔반과 다 먹은 그릇을 치우는 카트를 손님들 왔다 갔다 하는 길, 테이블 앞에 20분 넘게 방치해두는 걸 보고 헐... 했음 그릇 몇 개 치우곤 잔반통과 카트를 그냥 방치해뒀음 연휴라 사람이 많은 날이었고 붐비는 시간대라 좋게 좋게 생각을 하려고 하지만 너무 실망했음 ㅠㅠ근거리와 주차, 셀프바에 대한 메리트는 있어서 손님이 적은 평일에 샤브가 땡긴다면 방문할 수도 있을 것 같긴 한데 가기 전 미리 예약을 하거나 손님 붐비는 걸 미리 체크하고 가야 할 것 같음 이날 화가 좀 나서 별로를 주고 싶었지만 음식을 맛 본 건 아니라서 일단 괜찮다를 눌렀음",괜찮다
3065,송쉐프,YNZ,"가로수길 지점부터 참 좋아하는 송쉐프. 이젠 지점이 많아져서 점차 프랜차이즈화가 되어가고 있는 느낌이지만 그래도 여전히 믿고 먹을 수 있는 맛있는 중식집임은 틀림없다. 장안동 지점은 다른 지점들에 비해 내부 분위기가 좀 섭섭하긴 한데 다행히 맛이나 서비스 모두 좋았음.가족 식사로 방문해서 요리 3가지와 식사 2가지를 주문했다.송쉐프의 게살볶음을 정말 좋아한다.이번엔 약간 색다른걸 시켜보고 싶어 게살삼슬을 주문해보았다. 유산슬과 비슷한 요리지만 게살을 넣고 xo소스로 볶은 것이라고. 야채와 해산물의 익힘도 좋고 감칠맛 팡팡터지는 부드러운 소스의 조합도 참 좋았다. 추천!!그 다음으로 나온 팔보채. 그간 먹었던 것과는 다른 독특한 스타일이다. 고추를 넣어 매콤하고 색도 빨갛고. 뭣보다 송이버섯이 들어가 송이향이 맴돈다. 부모님이 무척 좋아하심.직원분이 강추해서 주문한 어향동고. 사실 맛보면서 송쉐프의 스승 격이자 방송에 어향동고 맛집으로 소문난 일일향과 자연스럽게 비교하게되었다. 감히 송쉐프의 것이 더 맛있다고 자신있게 말할 수 있음. 완자 크기도 더 크고 속은 탱글하고 겉은 살짝 바삭하게 익혀냈다. 파프리카와 버섯을 듬뿍 쓴 소스도 적당히 달큰하다. 아쉬운 점은 소금 간이 조금 강했다는 것. 먹다보니 점점 입이 짜졌음.마무리로는 짜장면과 짬뽕 하나씩 주문해 나눠 먹었는데, 송쉐프는 무조건 짬뽕이다. 국물을 정말 잘 우렸다. 시원하고 깔끔하면서도 묵직하고 진한 맛이 있음.",맛있다
3066,송쉐프,망고,저녁코스로 2인 먹었는데.. 옆테이블에 자동차 수리하는 젊은 남자들이 머리가 띵해질 정도로 너무너무 시끄럽게 이야기하는 통에 무슨 맛으로 먹었는지 모르겠네요. 정말 30년 넘게 살면서 본 사람 중 제일 목소리 크고 시끄러웠는데 식당측에서 제지하는 것도 없고..주변 사람들 다 눈치줘도 나몰라라... 카카x맵에 다른 사람도 시끄러운 사람때문에 기분잡쳤다는 댓글 봤는데 그런 사람들이 자주 회식겸 오는거보면 식당 분위기가 코스요리 먹을 곳은 아닌 것 같아요. 탕수육은 맛있어요. 다른건 분위기 탓인지 그닥..ㅠ 분위기는 식당의 잘못이 아니라고 하실 수 있으나 비싼 돈 주고 이용하는 입장에선 많이 아쉽네요.,별로
3067,송쉐프,키다리아저씨,"신사동의 송쉐프는 워낙 유명하기도하고~ 이영자님의 맛집으로도 알려지다보니...몇곳의 분점이 생기고 있는데...그중 제가 살고 있는 장안동에도 송쉐프가 들어왔다고 해서 약간의 기대감을 갖고 방문했어요.예전 이 자리에는 다른 중국집이 있었는데...폐업하고 1층엔 소고기집...2층은 홀~3층은 룸으로 송쉐프가 자리잡았네요. (주차는 주차타워 가능)기본찬으로 나온 짜사이와 양배추절임은 신사점과 같더군요~^^평일 점심 코스도 가능해서 주문하려고 보니...시간이 살짝 지나서...안된다고ㅠㅠ양이 어느정도 나오는지 몰라서 단품으로 육즙 탕수육(2.5) & 옛날짬뽕밥 (0.9) 을 주문했습니다.탕수육은 일일향처럼 고기가 두툼하고 부드러운편이였고~ 튀김옷도 두껍지않아서 고기맛을 즐기기 괜찮고, 소스의 맛도 살짝 달달한 정도로 자극적이진 않아서 좋았는데...양이 생각보다 좀 적은듯해서 살짝 아쉽더군요~ 소스양은 많아서 거의 남기는 수준;;그나마 짬뽕밥은 불향이 은은하게 느껴지면서 국물맛도 담백하고 시원해서 많이 얼큰하지않아 밥하고 먹기에 딱 좋았습니다.해산물은 생각보다 별로 안들어서 아쉬웠지만...국물의 맛은 좋았네요.기대감이 있던 곳이라 그럴 수도 있지만...그냥 괜찮은 중식당 느낌?? 맛집이다!! 라고 느끼기엔 살짝 아쉬움이 남았습니다ㅠ그래도 가까운곳에 있으니...다른 요리도 맛보러 갈듯하지만....동네 근처에서는 가는 중식당이 2~3군데 있다보니...언제 또갈지는^^;;",괜찮다
3068,티원,우이리,간만소고기탕수육이 더 맛있어졌네요. 전보다 과일 종류가 더 늘어서 흡사 과일탕수 같아요. 소고기 탕수는 냄새 잡기가 힘든거 같은데 오늘은 냄새가 하나도 없네요전복 해물 냉면도 시원하니 좋아요.,맛있다
3069,티원,우이리,소고기탕수육 부먹이고 달아요. 주방장이 바뀌었는지 오늘은 좀 뭉쳤네요. 프리미엄자장면 되고 진한 자장입니다. 역쉬 달아요^^ 사천새우탕면 국물은 허연데 마른고추가 둥둥. 시원합니다. 전체적 간은 쎕니다.,맛있다
3070,포레스티,흠냐링~,참나 태어나서 이렇게 맛있는 파니니는 또 처음양 대비 가격이 너무 좋아요그리고 과일스무디 해장할 때 최고입니다,맛있다
3071,포레스티,kkonoo,파니니 맛집이라고 들었습니다. 맞습니다.안에 있는 재료 비율이 매우 적절하게 조화로운 느낌,맛있다
3072,포레스티,뿌디,"— 파니니 아저씨가 구워주는 정겨운 파니니 —원래 이름은 ‘파니니에 꽁빠니’였던 것으로 기억하며, 외대 후문 쪽에 위치한다. 바삭하고 또 건강한 파니니를 먹고 싶을때 방문하길!토마토모짜렐라/ 버섯가지 빠니니는 물론 음료도 맛있다. 다만 대학가라는 점을 감안했을 때, 커피와 세트로 사먹어도 부담되는 가격은 좀 단점이다.주문이 들어가면 파니니 아저씨가 시간이 다소 걸려도 정성스레 파니니를 만드는데, 신선한 재료와 정성으로 파니니는 맛이 없을 수가 없다!",맛있다
3073,포레스티,owo,구운가지 파니니 맛있어요ㅠㅠ,맛있다
3074,포레스티,띵시,"가성비 ●●●●○맛 ●●●○○분위기 ●●●●○재방문의사 90따뜻한 북유럽 감성을 느낄 수 있는 파니니 카페 빠니니에꽁빠니. 외대 후문과 경희대 후문이 맞닿는 언덕길에 위치해 있어 학생들에게 접근성이 좋은 카페이지만, 갈 때마다 북적거리지 않고 차분해 굉장히 맘에 드는 곳이다. 테이블 간격이 넓어 조용히 점심을 때우며 공부하기에도 적격임.항상 햄치즈루꼴라를 주문함. 빵을 꼭 눌러 바삭하게 구워내 식감이 굉장히 좋고 구수한 풍미가 있다. 건강한 속재료들도 가감할 필요 없이 밸런스 좋음. 아메리카노 세트를 이용하면 더욱 가성비가 좋다. 다만 파니니 특성 상 하나를 먹으면 초반에는 든든하지만 5g 속도로 다시 배가 고파지기 때무네,, 양이 큰 사람들은 감안해야 함. 언덕길을 등산해야 한다는 점이 은근히 사람들이 덜 찾는 이유인 듯하다. 번잡한 시험기간 조용히 공부할 곳을 찾는 분들, 산뜻하고 건강한 한 끼 식사가 필요한 분들께 추천함.",맛있다
3075,포레스티,NIWOOW,"친구를 기다리는 동안 간식 먹으러 들렀어요.7가지 종류의 파니니가 있는데, 무난해 보이는 햄치즈루꼴라를 주문했습니다.빵은 구워서 꽤 바삭바삭해요. 아무 생각없이 먹다가 입 천장이... ㅠㅠ맛 자체는 무난했습니다.햄과 치즈가 잘 어울릴 것 같아 주문한건데햄 맛이 치즈 맛에 묻히는 느낌이었어요.메뉴판을 보니 저지방 햄을 쓰신다는데, 저염한 햄이 아닐까하는 생각이 들었어요.치즈 때문에 자칫 무거울 수 있었겠지만,루꼴라의 쌉쌀함이 밸런스를 잡아줘서한결 맛있게 먹었습니다.양이 적은 게 조금 아쉬웠지만요.개인적으로 아쉬웠던 것은 토마토.분명 들어가는데 있는 듯 없는 듯맛이 강하지 않아서 아쉬웠어요.향이나 맛이 더 강했으면 좋았을 것 같네요.아쉬운 부분도 있었지만, 따뜻한 파니니를 이 가격에 먹을 수 있다는 게 좋았구요.맛만 따지면 [괜찮다]에 가깝지만,가성비를 고려해서 [맛있다]로 정했습니다.",맛있다
3076,포레스티,갈색곰도리,외대 후문 쪽에 있는 파니니집. 스파이시 파니니와 아아 주문!(파니니 주문시 음료 1000원 할인) 반으로 잘라서 하나씩 개별 포장 해주신 것도 좋았고 생각보다 양도 많았다. 치즈도 양 진짜 많고 치킨도 엄청 많이 들어가있다. 빵이 딱딱하다는 리뷰가 있는데 나한텐 딱 바삭하고 좋았다. 점심시간엔 사람이 많긴한데 혼밥하기도 좋고 다음 번엔 치즈치즈 먹어보고 싶다!,맛있다
3077,포레스티,이지현,도대체 언제 열고 언제 닫아요?평일 낮에 가도 갈때마다 닫혀있어요,괜찮다
3078,포레스티,ㅇㅅㅇ,조용한 분위기에 친절하고 맛있음,맛있다
3079,포레스티,HanDongheon,그 때 다 떨어져서 목먹었는데시험공부하는 동생들로 가득차있네생각보다 빵이 딱딱해서어메이징하진 않았지만청춘기운 가득해서 패스,맛있다
3080,포레스티,지슈,식감이 너무 좋은 파니니치즈치즈햄 - 치즈가 주르륵 흘러나오는 비쥬얼의 파니니. 그만큼 치즈가 듬뿍 들어있고 햄이 짭조름한 맛을 담당한다. 파니니 자체가 바삭하게 잘 구워져서 빵은 바삭하고 치즈는 쫄깃해서 식감이 너무 좋았다!치킨 루꼴라 - 손으로 집는 순간 느껴지는 묵직함. 안의 내용물이 많이 들어있다! 치킨은 부드럽고 토마토 베이스를 바른게 아니라 생토마토의 향이 느껴져서 더 신선하게 느껴졌다. 맛있었음두개 다 맛있었는데 개인적으로 치즈치즈햄이 더 맛있었다! 파니니도 맛있고 인테리어도 깔끔하고 예뻐서 맘에 들었다. 다음에 또 가야징,맛있다
3081,포레스티,우이리,기대보단 못 미치는 듯 합니다. 곡물 빵의 식감도 거칠면서 더 바삭했다면... 아쉽네요,괜찮다
3082,포레스티,촘촘,맛있어,맛있다
3083,포레스티,AlexTheFood,"170601.맛 ★★★ 분위기 ★★★ 가성비 ★★★☆재방문 의사 있음 주문한 메뉴 (2명 방문) 더치 아메리카노 - 3500원 요거트 스무디 - 5000원 총 8500원커알못이지만 할 일이 너무 많아친구와 함께 공부를 하기 위해 방문한Panini et Compagnie (빠니니에꽁빠니).매일 지나가는 카페였지만공부를 하기 위해 들려보았다.일단 가격이 생각보다 싸다.친구는 더치 아메리카노를,나는 요거트스무디를 주문했는데,친구한테 왜 굳이 아메리카노가 아닌더치아메리카노를 주문했냐고 물어봤더니,요새 카페인을 너무 많이 섭취해서라고...커알못인 나는 그냥 입을 닫았다.(응... 그랬구나...)일단 요거트 스무디의 맛은누구나 상상할 수 있는 그런 맛이다.요거트를 얼려서 갈아서 주셨다.딱 그 맛이므로뭐라 그 이상 달리 설명할 수가 없다.친구의 더치 아메리카노도그냥 쓴 물이다.개인적으로 커피의 맛을전혀 모르겠어서이 이상 맛을 설명할 수가 없다...저렴하게 공부하기 좋은외대 경희대 후문 카페.외대와 경희대 후문 사이에서컴플리트 커피가 더 맛있을 수 있지만,커알못의 입장에서는자리도 넓고 커피 말고도 다른선택지들이 꽤 많았으므로빠니니에꽁빠니에 더 자주 올 것 같다.(니에니에 라임?!)저렴한 가격에 무난한 음료와앉아서 수다떨기도공부하기도 좋은 곳이니 추천!",괜찮다
3084,포레스티,뱌뱌퍄퍄,분위기▪️▪️▪️▪️▪️맛있지만 ㅠ▪️▪️▪️▫️▫️재방문의사▪️▪️▪️▫️▫️햄치즈파니니!상가 주변과는 다르게 세련된 뷴위기의 가게! 하지만 파니니는 너무 기대했던걸까 엄~~청 맛있다 정도는 아니였어욤 ㅠㅠ 야채가 조금만 더 많았다면 맛도 풍미있고 좋았을텐데 기본채소는 토마토만 들어가는 것 같더라구요. 먹다보니 물리기도하고 ... 가격이 착해서 이 정도 가격에 퀄을 따지자면 가성비는 좋다고해야되나요ㅋㅋㅋㅠ햄치즈다음에는 루꼴라나 시금치가 들어간 파니니를 먹어봐야겠어요 ㅎㅎ그래도 뷴위기는 정말 좋더라구요 직원들도 친절하고!,괜찮다
3085,포레스티,루루,저렴하고 맛있어요 ㅎㅎ,맛있다
3086,포레스티,qwert,기대없이 배고파서 시켰는데 매일 먹고싶은 빠니니가 되었다!,맛있다
3087,포레스티,Lee,빠니니도 정말정말 맛있고 커피도 개인적으로는 경희대 외대 근방에서 제일 괜찮은것같다. 주인 아저씨 인상도 좋으시고 인테리어도 예쁘다. 그리고 화장실이 너무 깔끔해서 놀랐다. 주말에는 영업을 잘 안하니 (특히 방학때!) 평일에 들리는걸 추천. 제일 좋아하는 카페다.,맛있다
3088,포레스티,Andreas (지우),"Good and friendly service, great prices, and most importantly yunmy food!",맛있다
3089,이상한떡볶이집,맛있으면삼행시,이 비주얼에 만원 정도하는 메뉴라니상 상만 해도 가성비가 살아서 숨쉰다한 동안 절약할겸 취준생의 마음으로 돌아가볼까...?+전문직이 짱이다. 입사지원 말리고 로스쿨 진학 추천,맛있다
3090,이상한떡볶이집,혀니,"그 유명한 이떡집! 이상한 떡볶이집이란 상호에 걸맞게 이상하게 정이 많이 가는 식당이에요. 아무래도 1. 서비스로 국민 푸드인 떡볶이를 준다-그리고 심지어 떡볶이가 맛있다! 2. 정감가는 아기자기한 인테리어 때문이 아닐까 싶어요. 사실 번번이 가장 맛있게 먹는 메뉴는 떡볶이였네요. 달달하고 찹쌀기가 있어서 맛있어요. 별로 맵지는 않습니다. 리필 가능이지만 메인메뉴와 함께 먹다보면 배불러서 2번 이상 먹은 적은 없는 것 같아요. 메인 메뉴류는 필라프, 파스타 등 양식입니다. 양식이긴 한데 느끼하지 않고 뭔가 한국스럽게 바뀐 맛이었어요. 마늘을 많이 쓰시는 것 같기도 하고.. 메인 메뉴들은 무난한 가격에 무난한 맛입니다. 벽에 다양한 낙서도 할 수 있어서 친구 혹은 연인과 방문하면 좋을 것 같아요. 매장이 좀 좁아서 가끔 웨이팅이 발생할 수는 있습니다.",맛있다
3091,이상한떡볶이집,이성헌,평점 4.1은 우선 아닌 것 같습니다.리뷰수가 적기도 하고 중간 중간 별로라는 댓글평도 있었기에 좀 더 신중할 걸 그랬어요.다른 분들 댓글 참고해서 날치알새우크림파스타랑 김치볶음밥을 먹었는데 다른 분들 댓글처럼 초딩입맛..? 가격이 저렴한 만큼 대학생들이 가벼운 한 끼 하고 가면 적당하겠다 싶은 곳이에요. 맛이 없다는 아니지만 처음 먹었을 땐 맛있고 점점 질리는 저렴한 맛이 느껴진다고 해야 할까요..? 제가 리뷰를 거의 안 적는데 이곳은 리뷰가 별로 없고 기대하고 와서 실망한 만큼 저와 같은 분들이 없으시길 바라는 마음으로 리뷰 작성해 봅니다. 사장님도 딱히 친절하신지 모르겠습니다.맛 : 3.5분위기 : 3재방문의사 : x,괜찮다
3092,이상한떡볶이집,뿌디,"— 상호명: 이상한 떡볶이집인데 떡볶이 안파는 이떡 —여기 참 요상하다. 낡고 알록달록한 내부부터 자그마한 공간까지. 근데 그냥 돈없는 대학시절을 생각했을 때 누구나 그리워할 만한 요소들을 지니고 있다.날치알크림파스타와 김치볶음밥리뷰를 보는 누군가, 혹은 나를 아는 누군가는 놀랄 수도 있다. 아니 이렇게 평범한 곳을 맛있다고 한다고??지금까지 내가 갔었던 고급진 식당도 아니고, 특별한 맛도 아니다. 그냥 크림파스타고, 그냥 김가루 뿌려진 김볶이다.하지만 어딘지 모르게 용인되는 쎈 조미료의 맛, 그리고 같이 밥을 먹었던 사람들 덕에 본인 기억 속에 맛있게 추억되는 곳. 리뷰는 주관적인 거니까, 엄청나게 주관적인 평을 하자면... 그냥 이 곳은 파스타, 김치볶음밥 시켰는데 떡볶이가 마치 반찬처럼 나오고, 가격은 또 주머니가 가벼운 대학생한테 아주 적절하고, 적당히 깨끗하고 지저분한 위생이 아무렇지 않았던 그 시간들이 그리워지는 곳이다.그리워서 맛있었던 곳. 그리고 지금도 많이 그리운 맛이다. 조만간 날치알 파스타 먹으러 가야겠다",맛있다
3093,이상한떡볶이집,미동이,맛이따 맛있다랑 괜찮다 사이,괜찮다
3094,이상한떡볶이집,치새미,요기는 오므라이스도 정말 맛있는데 말이죠ㅠㅠ 외대를 졸업하고 가장 그리운 곳이나 후배 밥약을 잡았던 곳을 뽑자면 이떡이에요합리적인 가격과 무한으로 주는 떡볶이도 달달하고 맛있어요!!! 항상 외대앞의 맛집을 꼽자면 이떡이죠 ㅎㅎ크림 파스타도 맛있고 오므라이스도 베스트메뉴로 추천해요!,맛있다
3095,이상한떡볶이집,주배,"3.7 / 5.0왠지 모르게 정겨운 분식집, 분식집 특유의 자극적인 맛외대 근처에 갈 일이 생겨서 방문했습니다.이 곳 떡볶이가 정말 맛있더라구요..ㅠㅡㅠ 제가 먹은건 함박 스테이크와 파스타입니다.이 곳에 따로 떡볶이 메뉴가 없어요.그대신 메뉴를 주문하면 떡볶이 무한리필이 제공됩니다.1. 함박 스테이크무난한 맛입니다.속은 야들야들한 고기, 그리고 함박 스테이크 특유의 소스.무난한 맛이에요.2. 크림파스타크림파스타가 꽤 짜요.. 근데 크림은 또 단맛입니다.한마디로 자극적인 맛 !!가끔씩 자극적인 맛이 엄청 땡길때가 있어요.(마라탕처럼)그때 생각나는 맛이에요.분식집에서만 맛볼 수 있는 그런 자극적인 맛이라 개인적으로 애정이 가는 메뉴였어요.3. 떡볶이떡볶이 진짜 맛있었어요,.,.사실 평범한 떡볶이였어요. 떡볶이 소스도 흔히 알고 있는 맛.그러나 사실 가끔씩 떡볶이 소스가 너무 묽다거나 진하다거나 그런 문제들에 봉착할때가 있는데 !!이 곳은 딱 적절하게 맛있었고 떡도 쫄깃쫄깃해서 좋았네요!가끔씩 정겨운 분식집과 자극적인 맛이 필요할 때 갈 곳인것 같아요. 친구랑 가면 좋을 맛집 입니다 :)#아무리뷰",맛있다
3096,이상한떡볶이집,즌짱,"가게 이름에 떡볶이가 들어가지만 떡볶이를 팔지 않는 이상한 떡볶이집. 팬스테이크와 볶음밥, 파스타 등을 팔고, 메인 메뉴를 시키면 떡볶이는 서비스로 제공된다.외대 앞 골목길에 있는 작은 밥집인데 손님이 생각보다 많다. 공간이 협소한 편이라 주변 사람들의 대화도 너무 잘 들리고 지나다니던 사람들에게 툭툭 치이기 좋다,,, ㅎ,,그리고 매운 냄새가 심하게 많이 났는데, 어디서 시작된 것인지 어느 요리에 들어간 것인지 모르겠지만 많은 손님들의 기침을 유발했다 ^.ㅠ 비염 환자는 울어요... 말도 못하고 코는 따갑고,, 여긴 무조건 괜찮다 줄 거야 생각하고 있었는데.....음식 나오고 생각이 바뀌었습니다. (급 존대) 김치볶음밥과 날치알 새우 크림 파스타를 먹었는데 둘 다 너무 맛있어서 동공이 확장되었습니다. 김치 볶음밥 위에 뿌려진 치즈 소스가 잘 어울려서 더 맛있었고, 친구 표현을 빌리자면 본인이 집에서 먹는 집밥 보다 더 집밥 같다고 합니다. 그리고 날치알 새우 크림 파스타는 크림이 진하고 부드러워서 크림 파스타를 자주 먹지 않는 저에게도 굉장히 맛있었습니다. 그리고 매운 거와 느끼한 거 같이 먹으면 두 배로 살찌는 맛 두 배로 맛있는 거 아시죠..? ㅎㅁㅎ 오므라이스도 맛있어 보이고(=먹어보고 싶고) 가격도 저렴하고 서비스로 나오는 떡볶이도 맛있고,,, 언제든 재방문 할 생각 있습니다.",맛있다
3097,이상한떡볶이집,Jㅐ,"외대 정문 앞에 위치한 ""이상한떡볶이집"". 진짜 이상한 떡볶이 집이다!! 왜냐구요!? 메뉴판에 떡볶이가 없거든요!! 대신 1인1메뉴 시키면 떡볶이는 무한리필ㅋㅋ 김치볶음밥이랑 날치알새우크림파스타 존맛. 강추 : D'김치볶음밥'. 오오 이거 진짜 맛있다ㅋㅋ 첫 입 딱 먹는 순간 느껴지는 버터향ㅋㅋㅋㅋ 뭔가 어린시절 많이 먹었던 것 같은 입에 착착 달라붙는 그런 맛!! 위에 김가루까지 찹찹 뿌려져있으니 이건 뭐 말해 모해ㅋㅋ 당연히 맛있지!!'날치알새우크림파스타'. 이거 뭐야ㅋㅋ 왜 맛있어ㅋㅋ 엄청 자극적인 맛인데 맛있다ㅋㅋ 아니 솔직히 한국에서 맛있다는 파스타집들 많이 가본 것 같은데 여기만큼 충격적인 맛은 없었어요ㅋㅋ 진짜 느끼한데 맛있다고ㅋㅋ 계속 생각나는 맛ㅠㅠ'떡볶이'. 무한리필이라고 무시하면 안 되긔. 기대했던 것보다 쫌 매웠는데 덕분에 크림파스타랑 완전 잘 어울림!! 이거도 자꾸 생각나는 맛..!!분위기 완전 학창시절로 돌아간 기분ㅋㅋ 라디오도 흘러나와서 뭔가 영화 유열의 음악캠프가 생각났다!! 가격도 저려미. 네가 학창시절 때 좋아했던 집이라고 했지만 이제 내가 더 좋아하게 된 것 같다.",맛있다
3098,이상한떡볶이집,갈색곰도리,"외대 정문쪽에 위치한 이떡집. 저렴한 가격에 파스타,볶음밥을 먹을 수 있다. 고급진 맛은 아니어도 이 가격에 이 정도 맛이면 훌륭하다는 생각! 사이드로 나오는 떡볶이도 맛있고 원하면 리필도 가능하다. 함박보다는 파스타나 볶음밥 추천~",맛있다
3099,이상한떡볶이집,Ansohwee,벌써 10년이 다 된 집이네요 처음 연 이후 가격이 지속적으로 올랐지만 그래도 요즘 물가를 감안할 때 비교적 합리적인 것 같습니다 주인분도 알바들도 별로 친절하지 않고 복작복작한 분위기가 마이너스 요인이긴 하지만..각1메뉴를 시키면 떡볶이게 무제한이라니!!! 심지어 맛있어요 다른동네 사는 친구가 한번 놀러왔다가 배달비를 떡볶이값보다 더주고 먹고싶을정도라고 했으니ㅋㅋㅋㅋㅋ그렇다고 너무 기대하실 맛은 아니고 옛날 떡볶이맛(?)이에요개인적으로 날치알크림파스타 치킨덮밥 김치볶음밥 오므라이스가 맛있는거같고 음..전반적으로 음식이 조미료맛이라고 하실수도 있겠지만 초딩입맛이시라면 만족하고 드실거에요 근데 찾아올 정도는 아니고 근처시면 한번 들릴 수 있을정도!,맛있다
3100,이상한떡볶이집,룡키,"가게이름만큼 이상한 맛의 떡볶이가 반찬으로 나온다.파스타는 밍숭맹숭, 오므라이스는 무난한 편이지만 양이 적은편이라 가성비가 좋지 않음.스테이크는 안먹어봤지만...그 이상한 떡볶이의 냄새가 가게 안을 가득 매워서 다시는 가고싶지 않은 가게.",별로
3101,이상한떡볶이집,E.T Jun ,"4년전에는 안좋은 선입견도 있었고 서비스도 기대에 못미쳐서 별로라고 남겼었지만 이번에 다시 방문하고 생각이 바뀌었습니다. 요새 이만한 가격에 크림스파게티나 김치볶음밥 사먹기도 힘든데, 가격대비  맛이 괜찮습니다. 물론 어떻게 생각하면 고급지거나 건강한 맛은 아니지만 이렇게 달고 짜고 한 맛들도 가끔 생각날때가 있고 먹고싶을때가 있습니다. 음식을 시키면 나오는 떡볶이도 딱 제가 좋아하는 양념과 밀떡의 식감이었습니다. 크림스파게티는 너무 담백하지도 너무 느끼하지도 않고 딱 적절하게 죄책감느껴지는 맛이었고, 김치볶음밥은 딱 일반적으로 생각하는 김치볶음밥의 맛에 통조림 옥수수의 단맛과 식감이 느껴져서 계속 먹게 되는 맛입니다. 외대생들에게는 누구나 추억이 있는 식당에 오랜만에 다시 방문했다가 리뷰 다시 남깁니다.",괜찮다
3102,이상한떡볶이집,띵시,"가성비 ●●●●○맛 ●●●●○분위기 ●●●●○재방문의사 90볶음밥, 덮밥, 파스타 등의 메인메뉴를 주문하면 떡볶이가 나오는 장르 불분명한 식당. 음식이 전체적으로 간이 쎄긴 한데, 한식 스타일 소울이 담겨 있어서 맛있다. 특히 베이컨 링귀니 크림스파게티의 소스가 맛있어서 김치찌개처럼 퍼먹게 됨. 자리는 매우 협소, 메뉴 늦게 나옴. 가끔 떡볶이가 불어 있긴 하지만, 그래도 나는 죠으다",맛있다
3103,에잇올리,풀롱옹,브런치 플래터랑 로제 스파게티 먹었는데 맛있었어요!! 둘 다 14000원 했던 것 같아요!스콘도 다 너무 맛있어보이던데 다음에는 스콘 먹어보고 싶더라구요ㅠㅠ!! 스콘이 완전 종류도 많고 화려하더라구요브런치 플래터는 완전 양도 많고 종류도 다양하게 나오고 맛도 있어서 좋았네요 로제스파게티도 새우가 진짜 통통해서 좋았어요!! 소스도 넉넉하고 면도 맛있고 좋았네요만족스럽게 먹어서 회기 근처 지날 때 재방문 할 것 같아요!!,맛있다
3104,에잇올리,추진단장,경희대 예쁘고 맛있는 브런치 집안먹어본 메뉴가 없는 것 같다그럼에도 계속 가는 이유는 맛있기 때문에..... 달콤새콤한 드레싱이 특징인 곳토마토 리코타 샐러드는 풀은 아주 째끔이고과일 위주의 샐러드다재료 수급 따라서 조금씩 음식은 바뀌는듯 하는데기본적으로 맛있다 (하지만 난 이 집의 가장 좋은 점은 칼이 잘든다는 것...?!),맛있다
3105,에잇올리,무럭무럭개복치,"사장님이 왜 회기에 계신지 잘 모르겠어요... 물론 저는 좋지만ㅎㅎ 딱딱한 스콘이 아니라 주문하면 따뜻하고 포슬포슬한 스콘을 갓구워서 내어주세요! 12시 점심시간이면 사람들이 엄청 몰려서 기다려야하지만 전화로도 예약가능하니 얼른 고고!아이스크림스콘에는 하겐다즈가 두스쿱이나 들어갑니다..  역시 혜자...브런치 메뉴도 13000원대로 형성되어있는데, 양이 진짜 많아서 세명이 두그릇 먹을 정도에요 샐러드도 진짜 양이 많아요!#먹어서응원",맛있다
3106,에잇올리,kkonoo,음식이 예쁘게 나오긴 하는데.. 맛도 나쁘지 않은데.. 회기에 이런 곳이 잘 없어서 인기가 엄청 많음,괜찮다
3107,에잇올리,다다다,경희대입구 쪽에 위치하고 있으며 플래터랑 스콘 맛집입니다미리 예약하고 안가면 자리가 없을 때도 있어요ㅠㅠ,맛있다
3108,에잇올리,즌짱,"경희대 정문 앞에 있는 브런치카페! 오랜만에 다시 다녀왔어요:)지난 번에 먹었던 에잇올리 브런치 플래터가 너무 맛있어서 또 먹기로 하고, 배가 많이 고프지 않아서 샐러드나 샌드위치 중에서 고민하다 에그 오픈 샌드위치를 같이 시켰습니다.브런치 플래터 정말 알차요! 어린잎 샐러드, 두툼한 소세지, 베이컨, 샌드위치 햄, 버섯, 새우, 베이크드 빈+콘옥수수, 치즈 위에 감자샐러드 바른 빵, 치즈와 샌드위치햄 계란이 올라간 빵, 오렌지... 먹다 보면 양 너무 많다고 느껴질 정도로요 ㅎㅡㅎ에그 오픈 샌드위치는 에그 오믈렛을 올려주셨는데, 두개 다른가 싶어 펼쳐보니 내용물은 비슷해보였어요. 포실포실한 계란이 맛있긴 했는데, 제 입맛에는 브런치 플래터가 더 맛있었어요 ㅎㅡㅎ커피는 아아! 산미가 적고 그 쓴맛도 안 느껴져서 홀짝홀짝 마셨습니다. 아 그리고 빨대가 하트에요! 귀여워,,늘 다시 오면 스콘을 먹어야지! 하지만 먹지 못하고 가네요 ㅎㅎㅎㅎ 다음에는 스콘 먹고 싶어요 :)",맛있다
3109,에잇올리,즌짱,"회기에서 느낄 수 없던 맛을 느끼게 해준 곳. 미콩님의 리뷰를 보고 가면서 설렁탕 집 냄새가 미스라는 말에 적극 공감하며 들어갔습니다. 맨 안 쪽 자리에 날이 추워 문을 닫아둔 터라 그래도 냄새가 덜 나고 좋았어요. 일단 화려한 스콘들이 눈길을 사로잡는데, 식사를 위해 왔으니 일단 참았습니다. 알리오 올리오 파스타와 에잇올리 브런치 플래터를 시켰어요. 양이 정말 많아요. 맛도 있어서 둘 다 먹을 수 있는 양을 초과해서 먹었는데도 좀 남았어요. (어느 후기에는 셋이 가서 두 개 시켜 먹으면 될 거라고 하던데... 껄껄...)브런치 플래터의 빵이 정말 맛있고, 새우도 소세지도 햄도 베이컨도 딱 알맞게 맛있게 익혀 나와서 맛있었고, 촉촉한 알리오 올리오 파스타도 ㅠㅠ 맛있고.. 심지어 동행인은 샐러드 마저 맛있다고ㅋㅋㅋㅋㅋ 그리고 세심하게 신경 써 주신 덕에 행복하게 식사를 마쳤어요.그리고 스콘,,, 옆에서 시켜 드시는데 비주얼 너무 시강이라 ㅠㅠ 먹고싶었어요.. 배가 너무 불러서 못 먹은 제 자신이 한심해지는.. ㅋㅋㅋㅋ ㅠ 그래서 베리, 로투스, 레몬리츠 스콘을 포장해서 선물을 했는데, 각각 스콘, 크림, 장식 등을 따로 포장해서 주시더라구요. 선물했더니 반응도 최고였습니다! 맛있다고 해요 :) (솔직히 맛 없을 수 없어 보이는 비주얼,,) 다음에는 제가 스콘 먹으러 또 가려구요 희희",맛있다
3110,에잇올리,미콩,"◇경희대 정문 바로 앞, 브런치카페!, 다양한 스콘, 편한 좌석, 근처 설렁탕집 냄새가 미스회기,, 무슨 일이 일어나고 있는거죠 생긴지 얼마 안된 브런치카페로 알고 있는데 영혼없는 맛이 아니어서 놀라워요별다른 기대없이 에그몽땅 샌드위치를 주문했는데 정말정말 배부르게 나왔어요❤ 전 마요네즈를 별로 안 좋아해서 에그 샌드위치 주문할 때마다 좀 걱정하는데 여긴 마요네즈 맛이 강하지 않아서 정말 좋았어요 햄, 치즈, 루꼴라 등이 함께 들어간다는 점도 다른 에그 샌드위치와 차별화되는 특징이에요 샌드위치에서 조화를 가장 중요하게 생각하는데 정말 재료간의 하모니가 좋았던.여기 함께 나온 샐러드가 진짜 정말정말 맛있어요 ㅠㅠ 소스 올라간 샐러드 별로 안 좋아하는데 상큼한 소스가 샐러드랑 정말정말 잘어울렸어요! 다음엔 여기 와서 샐러드 먹어봐야겠어요 ㅎㅅㅎ인테리어가 아기자기하고 앉아있기 편한 곳이에요!자주자주 들를 것 같아요",맛있다
3111,회기버거,Capriccio06,"최근 새우버거+와사비 조합 좋아해서 비슷한 메뉴들 있으면 먹어보고 싶어서 방문했다. 프랜차이즈 운영하는 매장인데 이곳이 본점이라고 한다. 다른 번화가 수제 버거 가게들 보다는 가격이 1~2천원 저렴하고, 크기가 약간 작다. 새우버거 사진이 꽤 괜찮아서 기대를 좀 했는데, 포장을 해서 그런가... 그냥 무난한 정도였다. 새우를 많이 넣긴 했는데 와사비 소스가 문제인지, 번이 문제인지, 튀김상태가 문제인지 잘 모르겠는데 약간 조화가 안되는 느낌과 생각만큼 맛있지는 않아서 실망했다. 간김에 같이 구매한  치즈버거가 더 괜찮았는데 패티가 좀 퍽퍽한 느낌도 있지만 고기 양이 많고, 야채도 괜찮고, 여기에는 부드러운 빵도 잘 어울렸던 것 같다. 근처에서 햄버거 먹고 싶으면 나쁘지 않을 것 같고, 멀리서 찾아갈 필요는 없는 듯.",괜찮다
3112,회기버거,이영은,☆회기버거에 계란추가 모르는사람 없게해주세요☆수제버거가 땡긴다면 회기버거~쉑쉑이 조금 질릴때쯤 가정식 수제버거 느낌이 나는 회기버거를 먹으니 맛있었다 ㅋㅋㅋㅋ회기치즈버거에 계란 추가하니까 샌드위치같기도 하고 빵도 꼬소하고 맛있었다.감자튀김이 길쭉한게 넘넘 맛있다. 무조건 세트로 드세엽^^,맛있다
3113,회기버거,noname,새우버거 진짜 패티 미쳤습니다.근데 세트는 캔콜라 주고 리필도 안되니 단품 두개 시켜서 드세요,맛있다
3114,회기버거,궁궁,회기동에 위치한 회기버거 입니다. 상호명만 봤을 때 이곳 회기에서 영업하는 수제버거구나라고만 생각했었습니다. 허나 확인해보니 회기를 본점으로 타 지역에도 체인점이 꽤나 많은 버거집이였습니다.제가 주문한 버거는 기본 치즈버거와 탱글 새우버거였습니다. 기본 치즈버거의 경우 수제버거의 정석의 가격대비 훌륭한 버거라 생각이 듭니다. 탱글 새우버거의 경우 새우패티가 매우 식감이 좋았으며 이름 그대로 탱글탱글하며 김이 모락모락 따듯하게나서 좋았습니다. 다만 하나를 다 먹기엔 느끼함이 생기기에 이 가게의 와사비새우버거가 인기있는 이유를 알 것 같았습니다. 다음에는 꼭 와사비새우버거를 맛 보겠습니다.회기에서 수제버거 가게 찾기가 어려운데 그 욕구를 충분히 해소할 수 있는 가게라 생각듭니다.,맛있다
3115,회기버거,Lydia,<회기역에서도 무난한 수제버를 먹고싶을 때>키오스크에서 주문하면 10분 이내에 점원분이 가져다 주신다.셀프코너도 필요한게 다 구비되어있다.배달이 많은데도 홀 주문도 빨리 나와서 좋았다.브리오슈 번이라는데 사실 그건 잘 모르겠고 ㅎㅎ번이 부드럽긴 했다.패티와 신선한 재료의 담백한 맛이 좋았다.통통한 감자튀김도 버거엔 빠질 수 없지 ^^다음엔 와사비 새우버거다!!,맛있다
3116,회기버거,눈이베롱!!!,"- 치즈버거 세트, 와사비새우버거 세트 시켰음! 당연히 버거는 둘다 맛있었음! 치즈버거는 그냥 기대할 수 있는 그 맛있는 치즈버거의 맛임! 난 개인적으로 그 가게에서만 먹어볼 수 있는 뭐 그런 시그니쳐 메뉴 처돌이라서 와사비새우버거가 개맘에들었다!!!- 진짜 새우가 엄청 많이 통실통실하게 들어갔음! 개인적으로 새우 버거는 느끼해서 싫어하는데 여긴 와사비가 들어가서 그런지 하나도 느끼하지않고 굉장히 부드럽게 먹었음!- 암튼 회기 쪽 오면 와사비새우버거는 꼭 포장해갈 것 같다!! 존맛이었음!! 친구랑 존맛 존맛 연발하면서 먹었다!",맛있다
3117,회기버거,박범진,회기에 수제버거집이라니!그것도 새우가 통으로 들어간 집!!서울숲에 제스티살룬처럼 와사비슈림프버거가 인상적이다!깔끔한 맛이라 좋았음! 혼밥하기도 좋음,맛있다
3118,회기버거,Ray,와사비새우버거(6900)에 음료(2000) 추가해서 먹었어요. 버거가 크지는 않아서 버거에 음료만 먹으면 보통 1인분 식사에 좀 못 미치는 양이에요!와사비새우버거는 새우패티가 엄청 두껍고 중간중간 통새우살이 있어서 씹는 식감이 탱글탱글해 좋았어요. 근데 소스가 와사마요 같은 게 아니라 생와사비를 살짝 묽게 만든 거 같아서 생각보다 코를 너무 찌르더라고요. 버거 먹다가 울 뻔했어요ㅋㅋㅋ 그리고 수제버거라고 하기엔 구성이나 맛이 너무 빈약해서 아쉬워요. 그래도 가까워서 타르타르소스 새우버거로 재도전할 의향은 있습니다ㅋㅋ오픈 직후인 1~2주 전에 갔다왔는데 주방에서 많이 헤매시더라고요. 안정화될 때까진 음식 나오는 데 시간이 좀 걸릴 수 있을 거 같아요ㅋㅋㅋ,괜찮다
3119,메이크샐러드,뿌디,"— 멬셀은 사랑입니다 —혼밥은 해야겠고, 그냥 백반집가면 살이 찔 것 같고.. 그럴때 갔던 곳이 메이크 샐러드다. 잘생긴 청년들이 샐러드를 만들어주는데, 요즘에 리모델링 공사한다.후두루촵촵촵 샐러드를 먹었던 기억이 나서 써보는 리뷰목살샐러드 : 가장 많이 시키는 단골 메뉴라고도 할 수 있다. 그날의 고기질 상태나 굽기 정도에 따라 맛이 좌우된다고 해도 과언이 아님. 많이 구웠을 때 어찌나 뻑뻑한지...ㅠㅠ 잘 구운 날에는 더할 나위 없이 훌륭하다연어샐러드 + 그 외여기는 콥샐러드라고 생각하면 될 것 같다. 다양한 야채를 다양한 가격에 든든히 먹을 수 있으니 너무 좋다.다만 한번씩 양상추를 깨끗히 털어내지 않아서 물이 나올때가 있어 문의가 빗발친 적이 있었는데.. 이 또한 많이 개선되었다고 한다.",괜찮다
3120,메이크샐러드,서현,외대 터줏대감 같은 샐러드집ㅎㅎㅎ요새는 인터넷 배송도 하시던데 그만큼 맛은 보장이고 메뉴들이 다이어트에 도움이 되지않을만큼 뭐가 많아요ㅋㅋㅋㅋㅋ(양이넘침!)리코타샐러드랑 로제샐러드 먹어봤는데 다른것들도 하나씩 뿌셔볼계획@@,맛있다
3121,메이크샐러드,grace,"샐러드를 좀 챙겨 먹어야겠다고 생각은 들지만길티한 맛을 놓치고 싶진 않을 때 (짱 모순적...ㅎㅎㅎ)ㅋㅋㅋㅋㅋㅋㅋㅋㅋㅋ가는 샐러드집이에여......!두부, 연어, 파스타 샐러드가 제 기준 젤 맛있는데요,꼭 매쉬드포테이토와 와사마요 소스를 추가해야해요.(이렇게 해야 마치 포테이토 핏자를 먹는 거 같은 기분을 조금이라도 느낄 수 있거든요......ㅎㅎ)진짜 평범쓰 샌드위치가 부럽지 않을 정도로 맛있습니당.이 근방은 배달도 되니까혹 궁금하시다면 포테이토, 와사마요 꼭 추가해서드셔보세욘......!",맛있다
3122,메이크샐러드,한음,“경쟁은 가게를 발전시킨다”솔직히 요 앞에 ㅌㄱ 샐러드 생기기 전에는 양도 줄고 초심잃었다는 말이 계속 나왔던 곳. 그러나 ㅌㄱ 생기고 나서 안에 들어가는 야채들도 훨씬 다양해지고 양도 많은 것 같다.(개인적인 생각) 사장님이 계속 가게를 업그레이드 시키기 위해 노력하시는 것 같아서 넘 보기 좋아용그래서 그런가  그 전에는 잘 안갔었는데 요즘은 자주 가게 되는 샐러드 집. 다른 곳과 제휴도 많이 하고 솔직히 이 근방에서 자취한다면 야채를 먹을 일이 거의 없기에..개인적으로 좋아하는 샐러드는 훈제연어 샐러드인데 사진은 그게 아니네용ㅠㅠ와사마요 소스와 조합이 끝내줍니다. 와사비 좋아하시는 분들은 와사마요+훈제연어 조합으로 드셔 보시기를...!,맛있다
3123,메이크샐러드,갈색곰도리,맛있게 샐러드 먹고싶을 때마다 찾아가는 곳! 가격이 저렴한 건 아니지만 채소도 신선하고 양도 배부르게 한끼 먹을 수 있다. 토핑이나 드레싱도 다양해서 좋다!,맛있다
3124,메이크샐러드,정윤선,"연어 샐러드 + 와사마요 6,300(?) 후배가 사줘서 기억이 안나는 가격,,,⭐️하지만 샐러드치고 진짜 착한가격이었다!채썬 당근이 들어간게 특이했고귀리병아리콩렌틸콩 다 추가안했는데도 풍부하게 들어서 넘죠와따ღ솔직히 샐러드에 마요드레싱은 의미없는거 아는데와사비라 포기못했다,, 근데 진짜 와사마요 대JMT 꼭 연어에는 와사마요 추가 추천합니다!",맛있다
3125,메이크샐러드,미콩,"이문동 샐러드 전문점, 동네 주민이었다면 자주 갔을법한 곳이에요리코타치즈샐러드를 주문했어요리코타치즈가 과하게 달지 않아서 좋았어요 야채도 나름 신선했고, 재료간의 조합이 괜찮았어요양도 충분했어요!다만 가게 내부에서 우유비린내? 비슷한게 좀 심하게 나서 저는 샐러드 먹는 내내 역하더라고요 ㅠㅠ주문은 키오스크에서 해도 되고, 직접 말로 해도 돼요저는 여기까지,, 재방문할 것 같지는 않아요",괜찮다
3126,메이크샐러드,띵시,"가성비 ⚫️⚫️⚪️⚪️⚪️맛 ⚫️⚫️⚫️⚪️⚪️분위기 ⚫️⚫️⚫️⚪️⚪️재방문의사 70작년에 한동안 많이 방문했으나 가격이 인상되어 방문을 끊은 곳. 다이어터들에게 외대앞이란 불모지도 이런 불모지가 없다. 이문동에서 샐러드를 먹고자 한다면 멬셀 또는 저 머나먼 회기까지 가야 하는 슬픈 현실...전체적으로 수분 많은 채소들을 써 물맛이 많이 나는 샐러드. 거기다가 발사믹 등 물 위주의 드레싱을 추가하면 채소국이 된다. 목살이나 닭가슴살 등 고기류 토핑을 선택하면 불맛이 나서 좋았고, 연어는 가끔 가다 비릴 때가 있었음.가격 인하한다면 가끔 갈 의향 있음!",괜찮다
3127,메이크샐러드,즌짱,"신선하고 맛있습니다,, 훈제연어 샐러드에 와사마요 드레싱을 추천해주셔서 먹어봤는데 맛있어요 - 친절하고 야채 신선하고 ㅎㅅㅎ 식단 조절할 때, 샐러드 먹고싶을 때 좋아유",맛있다
3128,메이크샐러드,김예슬(Ariel),가격도 저렴한 편이고 맛있었다.,괜찮다
3129,메이크샐러드,진리지안,먹어본 5-6천원대 샐러드 중에서 제일 맛있었던 것 같다! 연어샐러드는 원래 올리브 들어가는데 콘덕후라 콘으로 바꿈...! 그리고 양파를 추가했는데 원래 들어가있음 ㅠㅠ 괜히 추가함 쨌든 메뉴이름은 훈제연어샐러드인데 생연어가 들어가있다 그래서 더 맛있ㅎㅎㅎㅎ,맛있다
3130,메이크샐러드,E.T Jun ,"외대앞에 생긴 샐러드집입니디. 이문시장 옆에 위치하고있습니다. 인테리어가 시원시원하고 앉을 자리도 꽤 됩니다. 왠지 다이어터들의 성지가 될 느낌..훈제연어 샐러드 5900원, 목살 샐러드5800원에 샐러드를 사면 드립커피가 1000원 입니다. 가격대를 살짝만 낮췄으면 더 자주이용 할것 같은 개인적인 바람이지만, 한끼 식사 비용 생각하면 그리 가성비는 나쁘지 않은것 같습니다. 직원분들도 친절하게 어울리는 드레싱도 추천해 주시고 좋았습니다. 저녁에 가볍게 해결하고 싶을때 다시 갈듯합니다.",맛있다
3131,17,미동이,맛보다 가성비!,괜찮다
3132,17,Taste10good,"회기 #17.백종원 골목식당 경희대편에 반영된  피자, 파스타집. 6,000원부터 시작하는 피자가격이 대학가답게 혜자스럽다! .방송에서는 더 저렴하고 사각모양의 피자로 나온듯하며, 원형으로 모양이 바뀌면서 양과 가격이 뛴 것 같다!.2명이서 피자 두판, 파스타 한개를 시켰는데 생각보단 양이 많았다!.방송에서 큰 이슈를 낳지 않았지만 실력만큼은 우등생이었기에 기대가 컸지만, 엄청난 맛은 아니었다.도우와 토핑이 따로노는 느낌과 함께 도우가 너무 얇아서인지 기대했던 맛과는 큰 차이가 있어 아쉬웠다..크림 파스타는 크리미하고 맛있었다. 가성비는 아주 훌륭한곳!.메뉴정보:페퍼로니, 치즈피자 - ₩6,000마르게리따 - ₩8,500리코타명란 - ₩9,000파스타류 - ₩6,900~9,500",괜찮다
3133,17,kkonoo,음식이 늦게 나오는 편이지만 맛은 있음..,맛있다
3134,17,즌짱,"골목식당에 나왔던 피자집 17. 영업 시간이 다소 불규칙적이라는 평이 많아서 못 갔었는데, 병원 다녀오는 길에 열려있길래 먹고 왔어요 :)마르게리따 피자 4500원, 포치즈 피자 4900원, 아마트리치아나 6500원으로 말도 안 되는 가성비를 보여줍니다. 피자 가격이 너무 저렴해서 진짜 자그마한 사이즈의 피자겠구나 싶었는데 그것도 아니고... 파스타 양도 많고.. 게다가 무엇보다 맛도 있어요 ! 양이 적을까 싶어서 피자 두 개 파스타 하나 했는데, 피자 하나였어도 괜찮겠다 싶었습니다.이 날 먹었던 피자와 파스타 모두 기대 이상으로 맛있었어요 :) 기회가 된다면 또 먹고 싶어요 !",맛있다
3135,17,Ray,식사 시간에 지나가면 조금씩이라도 웨이팅이 있었는데 이제는 방학이라 그런지 평일 저녁 6시쯤에 갔더니 널널했어요. 혼자서 요기만 할 생각이라 게살크림 피자 하나 먹으려고 했는데 이제 없더라고요ㅠㅠ 그리고 피자만 파나 했는데 파스타도 몇 종류가 저렴한 가격으로 있었어요. 그래도 피자가 더 메인인 거 같아 포치즈피자(4900)를 주문했습니다. 사실 포치즈 시키면서 걱정했던 게 햄이든 뭐든 없이 오직 치즈만 있는 게 과연 괜찮을까 싶었거든요. 근데 치즈들이 확연하게 다른 맛이라 비교하면서 먹으니 재미있더라고요ㅋㅋ 그리고 토핑이 있었으면 각각의 치즈를 맛보는 데 방해되긴 할 거 같아요. 치즈 싫어하시는 분들 빼면 무난하게 먹기 좋은 맛인 것 같습니다.,괜찮다
3136,17,ㅋㅡㅋ⚘,"생긴지 3개월 된 핫플레이스!  분위기도 맛도 짱짱 근래에 간 2차 펍중에 와인과 럼, 블루베리가 쉑쉑된 프로즌 샹그리아는 충격JMT  가성비도 갑입니다!",맛있다
3137,로이앤벨라,키다리아저씨,사는곳에서 가깝기도하고 맛있다는 리뷰가 4개나 있어서 확인하고자 갔지만... 개인적으로는ㅠㅠ아마 재방문은 없을듯합니다.그냥 동네의 일반적인 수준... 오~~래전 이태리레스토랑 체인점 같은곳에서 먹는 수준이였어요.뭔가 이곳만의 특색이나 장점은 모르겠어요.피자 토핑은 괜찮아 보였지만... 도우의 수분기도 많이 날아가고~ 그렇다고 도우가 다른곳과 다른느낌이거나 맛이 더 좋거나 식감이 좋은것도 아닌 평범하고 얇은 씬피자 느낌.그나마 빠네의 경우는 크림소스가 먹을만해서 빵과 함께 먹기에는 괜찮은듯~ 요즘 맛난곳이 워낙 많다보니 맛있다는 느낌은 안들고~ 무난하다?! 그정도의 느낌이였어요.,괜찮다
3138,Wells,kkonoo,샐러드 맛있는데요.. 양이 많아서 먹다 보면 턱이 아파요..ㅋㅋ,맛있다
3139,Wells,서현,월스랑훈제오리+오리엔탈과일웰스랑 버터새우토핑!!!+파인애플 드레싱샐러드치고는 비싼감이 없진 않지만 예쁜 나무 볼에 푸짐한 야채와 토핑을 보니 전혀 아깝지 않았습니다!!!손소독제 옆에 사은품?이 있어서 봤는데 사장님들이 아기자기하게 만든 브로치도 있더라구요ㅎㅎ몇번 더 방문하고싶습니당,맛있다
3140,Wells,루카스,훈제오리 토핑 웰빙 샐러드 발사믹소스 따로 포장 8900원재료 많이들어가고 양 많아서 2번에 나눠먹었다 그런데 가격이 좀 사악 ㅜ 맛있긴함,맛있다
3141,뉴올리언스 버거클럽,Capriccio06,"경희대 근처 수제버거집. 내쉬빌핫치킨 버거가 메인이고, 와사비 쉬림프 버거랑 패티+채소 외에 구성이 조금씩 다른 버거를 판매한다.햄버거 생각나서 주문했는데 내쉬빌핫치킨 버거 맛있었다. 매운 맛 조절이 되는건 아닌데 기본도 꽤 매콤하다. 맛은 맵지만 카이엔페퍼 특유의 매운 향은 덜해서 먹기는 더 편한 것 같다. 코울슬로 양이 좀 많아서 신맛이 강한데, 치킨도 두툼하고 튀김상태도 좋고 괜찮게 먹었다. 시내 유명한 집들에 비해서는 물론 조금씩 아쉽지만 그만큼 가격도 조금 저렴하다. 감자+음료수 세트도 3천원만 추가하면 된다. 와사비쉬림프 버거는 생각보다 만들기 어려운지... 여기도 와사비가 조금 따로 노는 느낌으로 좋아하는 스타일은 아니었다. 코울슬로가 들어가서 신맛도 강하고 여러모로 맛이 좀 튄다. 일반 치즈버거나 고기 패티가 평이 좋은걸 보니 그쪽이 나았을 것 같기도 하다. 요즘 유행하는 버거들을 판매하는데 아주 특별한 맛은 아니지만 이 근처에서는 나쁘지 않은 선택일 것 같다.",괜찮다
3142,뉴올리언스 버거클럽,noname,"이름은 뉴올리언스 버거지만 내슈빌 핫치킨 버거가 대표메뉴에 가까워 보입니다. 버거번도 직접 굽고, 와사비 새우 버거랑 핫치킨 버거 둘다 상상 이상의 맛이었음. 생각보다 많이 맵진 않고 그냥 매콤해서 느끼함을 잊을 정도?",맛있다
3143,노브랜드버거,미동이,음...,별로
3144,노브랜드버거,Ray,할라피뇨불고기 세트(4500) 먹었는데 불고기버거는 완전 비추! 패티가 진짜 고기가 아닌 거 같은 식감에 맛도 별로인 게 너무 싸구려 품질 아닌가요ㅠㅠ 근데 시그니처버거 시킨 일행은 이 가격에 불향 나는 고기 패티가 가능하냐며 너무 좋아하더라고요. 그래서 다음번엔 불고기버거류를 피해서 도전해볼 생각입니다ㅠ실망스러웠던 버거에 비해 감튀는 정말 좋았어요! 원래 통감자 같이 두꺼운 감튀보다는 얇고 바삭바삭한 걸 좋아하는데요. 여기는 통감자 스타일이지만 겉은 바삭하면서 안은 포슬해서 제 취향의 감튀가 아닌데도 맛있었어요. 덕분에 버거는 남겼어도 감튀는 다 먹었습니다ㅋㅋ,괜찮다
3145,노브랜드버거,김찬영,"주문메뉴 : 산체스세트 , NBB시그니처 세트, 상하이 핑거 포크맛 : ⭐⭐⭐☆☆분위기 : ⭐⭐☆☆☆서비스 : ⭐⭐☆☆☆맛이유 : 산체스 버거 -> 향신료 냄새가 약간나고 소스양이나 조화는 그럭저럭 괜찮으나 먹을만 하다의 느낌.NBB시그니처 버거 -> 그냥 와퍼느낌.상하이 핑거포크 -> 양고기에서 나는 그 향신료 냄새가 나서 호불호가 갈릴거같다 은은하게 나는게 나한테는 맛있었다.양은 많지않으니 참고하세요 칠리소스 나오는데 감튀 찍어먹으면 됨감자튀김 -> 두껍고 맛있다 (케찹부족)분위기 이유 : 깔끔하고 여러명이 앉을 수 있는자리와 2인이쓰기 적절한 4인용테이블이 몇개있음. 전형적인 패스트푸드점 좌석서비스 이유 : 따뜻한 물이나와서 손씻기 좋았으나 2점인 이유는음료 리필이 안됨.. 저렴한 가격이니 그럴 수 있지만 아무래도 아쉬움. 코카콜라없고 펩시만 있는데 펩시MAX 따랐는데 거품이 반.. 재방문 마음 : 40점",괜찮다
3146,노브랜드버거,띵시,가성비 ●●●●○맛 ●●○○○분위기 ●●○○○재방문의사 30기대했던 것의 반의 반의 반도 못 미쳤던 노브랜드버거... 광고 문구인 Why pay more? 의 뜻을 이제서야 알아버림. 이 버거를 돈 더 내고 먹는다면 호갱이라는 의미임. 휴게소 버거 퀄리티.베스트 메뉴라는 NBB 시그니쳐 세트 주문. 오픈한 지 얼마 안 되어 대기번호가 꽤 되었음. 기다림 끝에 받아 본 버거는 허접하기 짝이 없음. 육즙 가득 어쩌고 하던 패티는 퍽퍽하기 짝이 없으며 야채도 그냥 물 찬 샐러드 야채임. 소스는 롯리 새우버거 소스와 비슷한 맛임. 아 의외로 감튀는 두툼하고 고소하니 맛있었음.물론 가격이 가격이니만큼 만족하고 먹어야겠지만 광고에서 어찌나 맛있다고 떠들어대던지 무슨 대단한 버거라도 되는 줄 기대했던 내가 바보 같음. 그냥 파산 직전에 햄버거가 너무 먹고 싶어진다면 한 번쯤 더 먹을 의향 있음.,별로
3147,노브랜드버거,치키,"가성비갑! 롯데리아,맥날 패티보단 낫고 버거킹이랑은 살짝 비슷하고 쉑쉑같은 버거에는 훨씬 못미친다그래도 일단 가격 자체가 너무 사랑스럽다주문 후 만들어서 그런지 양상추가 샐러드에 들어가는 것처럼 살아있어서 그 점이 가장 감동빵도 롯데리아보단 훨씬 쫄깃하고 맛있다시그니처 버거랑 산체스 버거를 먹었는데시그니처는 패티 양상추 치즈 보통 소스의 아주 스탠더드한 버거고 산체스는 살사 소스+할라피뇨+아보카도 소스가 들어갔다개인적으론 산체스가 더 맛있었다감자튀김은 개인적으로 맘스터치가 가장 맛있다고 생각하는데 노브랜드 감자튀김은 통통하고 포실한 스타일이었다 기름에 절어있지 않아서 그것만으로도 합격!!샐러드는 시저샐러드(3800원)가격에 비하면 혜자로운 구성이다다음에 와도 또 시켜먹을 듯근방에 맘스터치 말곤 버거집이 없어서 개인적으로는 앞으로도 계속 자주와서 먹을 듯!",맛있다
3148,노브랜드버거,골목여행,뛰어난 가성비를 광고 포인트로 삼았지만 딱히 와닿지 않았다. 내가 먹은건 제일 기본적인 버거였는데 다른 프랜차이즈 버거에 비해 저렴한 대신 구성도 딱 그정도 가격대인 느낌. 가성비만 따진다면 버거킹 몬스터 베이비류나 맘스터치에 밀리는 것 같다.두툼한 감자튀김은 선호. 근데 버거가 생각나서 다시 가고 싶거나 하진 않을 듯.,괜찮다
3149,레프트커피,추진단장,2층으루 확장된 레프트 커피!커피 좋고 디쟈트 좋고 샌드위치 좋고테이블간격 좋고 화장실 좋고힘을 숨긴 경희대 카페입니다버터스카치라떼(5500)-크리미함이 일품캬라멜라떼(5500)-카라멜이랑 설탕 빨아먹기 잼씀크로플(6500)-말해 모해그릴드 아보카도 샌드위치(8500)-한끼식사 가능회기 물가 생각하면 커피는 꽤 비싸지만자리값 생각하면 만족입니다테이블이 넓고 평탄해서 좋아요오자주 갈 예정!!!,맛있다
3150,레프트커피,Ray,"독일식 팬케이크가 궁금해 평일 점심때 먹으러 갔어요! 소시지, 햄, 계란, 아보카도, 샐러드가 올라가는 완전 식사용 팬케이크였는데요. 채소가 많아 싱그러우면서도 소시지와 햄 덕분에 든든한 게 브런치 메뉴로 딱이네요. 하지만 나오는 데 시간이 오래 걸려서 1시간의 점심시간 내에 먹기에는 너무 빠듯했어요ㅠㅠ재방문 때는 시그니처 음료 중 딥 카라멜 라떼를 테이크아웃! 컵 입구를 따라 카라멜 결정이 가득 붙어 있어 달달하면서도 씹는 식감까지 있어 재미있어요. 근데 달아서 그런지 커피 맛이 너무 약하게 느껴지는 건 아쉬웠는데요. 테이크아웃하면 할인해주는 돈으로 샷 추가해서 먹으면 더 맛있을 것 같아요ㅋㅋㅋ",맛있다
3151,레프트커피,잘먹는 인도인 Raj,크로플 맛-집☆,괜찮다
3152,레프트커피,마니,맛있어요~~ 10:30 오픈해서 브런치 즐기기 좋습니다 ㅎㅎ,맛있다
3153,초록뜰식당,사이코는못말려,"이게 바로 비건 맛집..?들깨 러버라면 도전!!! 딱 알맞는 칼국수...(8,000원)찐은 버섯탕수육(12,000원) 존맛탱.. 과일파르페같은 비주얼이지만 버섯이 정말 고기같은 식감입니다..최고...",맛있다
3154,초록뜰식당,이진쓰,채식식당주인장께서 제칠일안식일예수재림교(SDA)라서 육식을 안하셔요. 하지만 삼육대학식을 먹어보신 분이라면 알겠지만.. 채소와 버섯으로도 충분히 맛있습니다. 여기도 그래요. 매우 정갈합니다. 들깨칼국수 국물이 막 걸쭉하거나 느끼하지도 않고 담백깔끔해요. 버섯탕수는 표고버섯을 튀겨서 달콤한 소스에 묻혀주는데 어머? 어맛? 표고가 이렇게 담백하고 향긋한 버섯이었나 싶을 정도라니까요ㅠㅜ으엉ㅋㅋㅋ그리고 두부전골?도 깔끔하구요. 진짜 건강한맛이니까 다이어트하시는 분들 꼭 가보세요 ♥!다음엔 연잎밥 먹을겁니닷!,맛있다
3155,서울치즈피자,kkonoo,가격 저렴하고 치즈가 부들부들해서 맛있어요! 전체적으로 간이 세지 않음,괜찮다
3156,서울치즈피자,빈빈,윤쏘야 잘 지내니..,괜찮다
3157,서울치즈피자,촘촘,언젠간 꼭 야외석에서 1인 1피자를 하고 말테다,맛있다
3158,서울치즈피자,맛있는게제일좋아,여자 3명이서 한 판 먹으면 배부르게 먹어요 :) 스페셜이랑 불고기 피자를 먹었는데 든든하고 집밥먹은 기분이었어요. 외국인 분들도 많이 포장해가시더라구요 ! 주머니가 가벼운데 피자가 먹고 싶을 때 방문하면 좋을 듯.,맛있다
3159,서울치즈피자,평양냉면 대법관,"복학하고 자주 찾아오는 이 곳은 서울치-즈피자이다. 피자 한 판이 사이즈가 작아서 2명이서 한 판먹기는 양이 적고 3명이서 2판 먹으면 적당할 것 같으나 나는 친구가 한 명 밖에 없어서 둘이 한판을 먹는다... 가격도 한 판에 7,000원 선이고 치즈크러스트랑 고구마 무스 추가해도 2,000원 밖에 추가가 안된다. 일주일에 한 번은 가는 것 같은데 졸업할 때까지 열심히 다닐 예정이다ㅋㅋㅋㅋ",맛있다
3160,서울치즈피자,김재식,엄마 같은 사좡님의 미소가 너무 좋아요ㅎㅎㅎㅎㅎㅎㅎ치즈가 너무 후해욯ㅎㅎㅎ허어어어어ㅓ어어어어어어어ㅓ어어어어어어어엉베란다에서 먹으면 너무 센치해요우 그리고 여긴 외국인이 겁나게 많아요 간지가 터진다는 거죠. 지방러들에게 서울의 맛을 느껴주고 싶다면 이곳으로...콜라도 왠지 모르게 맛있어요.빵도 팔고 커피도 팔고 담배도 팔어요ㅋㅋ 술은 제외ㅜㅜㅜ전자레인지도 있는데 이거ㄴ 전자레인지가 아니에요.오후 11시까지 주문할 수 있고요 가격도 싸고 맛있어요. 싸랑핼요 연예갸 즁계이.,맛있다
3161,써브웨이,AlexTheFood,"난 서브웨이를 사랑한다...특히 외대점이 좋은 점은 올리브를 많이 넣어달라고 하면 '정말' 많이 넣어준다는 점! 다른 지점들은 말해도 그냥 저냥 넣어주는데..이탈리안 BMT로 허니 오트빵에 할라피뇨, 오이 빼고 양파랑 올리브를 듬뿍 넣어서 랜치 소스에 스윗어니언 소스 넣어 먹었다! 세트로 해서 쿠키는 라즈베리 치즈케이크... 이 쿠키는 처음 먹어봤는데 그냥 초코쿠키나 화이트초코마카다미아였던가 그게 더 나았던 것 같다세트로 저렇게 먹고 6천원대 초반인가 나왔다- 솔직히 근처의 맥도날드나 롯데리아에서 세트로 시켜먹는 것보다 싸고 건강하므로 야채 섭취가 부족한 자취생에게 서브웨이가 근처에 있다는 것은 정말 감사한 일! 심심할 때마다 가서 테이크아웃 해 먹는 곳 :)",괜찮다
3162,샌디앤샐리,코랄,고대 정문 근방의 유일한 샐러드 가게.차돌 샐러드는 고기 질은 괜찮은 것 같은데 정말 아무 맛도 안 났다. 무맛의 느끼함. 소금 간도 거의 안 되어 있거나 아예 안 되어 있는 것 같았다. 그릴드 베지터블 샐러드는 정말 별로였다. 이름에 그릴드가 들어가서 그릴마크 있는 따뜻하고 단 맛이 도는 야채가 토핑되어 있을 거라 생각했는데 너무 차가워서 당황했다. 야채를 미리 볶고 냉장고에 넣어놓았던 걸 그대로 넣은 것 같은데 노맛이었다.드레싱도 드레싱 같지 않고 굉장히 단순한 맛이었는데 별로였다. 드레싱 종류는 모든 샐러드에 이거 딱 한 가지인 것 같았다. 드레싱 한 가지 밖에 없는 샐러드 전문점은 처음 봤다.양도 투고 샐러드와 비교했을 때 훨씬 적은 편이었다.주문이 들어가면 바로 만드셔서 음식을 받는 데 꽤 오래 걸린다. 물론 뭐든 갓 한 음식이 제일 맛있는 법이지만 샐러드 중 프리패키징 해놓을 수 있는 건 미리 만들어놓아 바로 픽업해 갈 수 있는 옵션이 있는 것도 좋을 것 같다. (근데 그릴드 베지터블은 미리 해두지 마시지...)더 심각한 건 사진에 보이는 저 뾰족한 플라스틱 조각. 어디서 떨어져 나온 건지 모르겠지만 샐러드 안에 들어있었다... 먹다가 진짜 식겁했다ㅠㅠ,별로
3163,샌디앤샐리,조은짱,다이어터의 좋은친구! 정문은 워낙 샐러드 불모지이기도 하고 자주 오게 되지는 않았는데 여기 괜찮네요. 투고는 맛있지만 다이어트식이라기보다는 채소를 곁들인 맛밥 느낌이고.. 샌디앤샐리는 진짜 깔끔한 메뉴들만 있어서 본질에 충실한 거 같네용 음료도 판매합니다!,맛있다
3164,샌디앤샐리,JosephVaret,Charming and cozy new cafe with tasty and healthy sandwiches and salads made fresh daily by the owner. Very reasonable prices for the quality. Great music too! Perfect place to chill out or spend some quality time with your laptop / phone.,맛있다
3165,맘스터치,소금,무난해요.,괜찮다
3166,버거플래닛,또치,"회사 근처에 있길래 금요일에 방문했더니 휴일...한달이 지난 뒤에야 다른요일에 방문해봤다.매장이 매우 작다. 테이블이 3개뿐. 매장에서 먹으려면 타이밍을 잘 잡아야할듯.바베큐버거세트를 주문했다.살짝 좀 짜긴했는데 패티, 빵등이 매우 부드러워서 먹기 편하고 식감도 괜찮았다. 베이컨은 바싹 구워줘서 과자같은 식감.아무래도 주문후에 바로 만들어서 나오다보니 따끈따끈하게 먹을수 있었고 식감도 질기지 않아 괜찮았던 점심.너무 짠게 약간 아쉬웠지만 회사근처에서 가끔 아주가끔 버거 생각나면 한번쯤 올?",괜찮다
3167,버거플래닛,m.new,처음 오픈하자마자 갔을때보다 맛이 안정화(?) 된 것 같다.테이블이 3-4개 정도밖에 없어서 매장 내부는 협소한 편이지만 배달시켜먹는 사람들이 더 많은듯. 남편도 나도 하우스버거보다 체다치즈버거가 더 맛있었다. 채소를 듬뿍 넣어주심!,맛있다
3168,버거플래닛,맛있으면 우는애,버거 존맛탱집 생겼어욤 ㅠㅠㅠㅜㅜㅜㅜㅜㅠㅠㅠ사진은 베이컨체다치즈 버거세트 (어니언링 변경)+ 바베큐 버거!!넘 맛있어욤 ㅜㅠㅠ!!!!!! 사장님 부자되세여!!',맛있다
3169,길섶함박,눈누난나,보기에는 평범한 함박스테이크인데먹고나면 묘하게 계속 생각나는 맛이에요생긴지 얼마안됐는데 점심시간에 사람많아서거의 오픈시간 맞춰서가요ㅠ고기도 촉촉+부드럽고 소스도 먹을수록 중독이에요 ㅋㅋㅋ먹다보면 밥이 좀 남는데계란노른자랑 소스랑 비벼서 숙주랑 같이먹음 끝장남근처가 학교라 일주일에 두번씩가는데기본이랑 매콤 번갈아가면서 먹으면 평생 안질릴듯요,맛있다
3170,써브웨이,AlexTheFood,"170413.맛 ★★★☆ 분위기 ★★ 가성비 ★★★☆ 재방문 의사 있음 주문한 메뉴 (2명 방문) Italian B.M.T. (이탈리안 비엠티) 30cm - 8700원 (15cm는 4900원) 세트 2개 Upgrade (+ 쿠키, 콜라) - 1900*2 = 3800원 총 12500원내게 제일 좋아하는프랜차이즈를 꼽으라고 한다면바로 버거킹과 SUBWAY(서브웨이).피자, 치킨, 햄버거 같이 기름지고달고 짠 것을 좋아하는 초딩입맛이지만,왠지 서브웨이는 야채가 많아도 맛있다.이번에 경희대 앞의 서브웨이에서친구와 함께 주문한 메뉴는Italian B.M.T.서브웨이는 매장마다 그 크기가 다 다른데,전엔 외대 앞의 그 좁은 곳에서 항상Take-out만 해가다가,처음으로 경희대 앞의 서브웨이를 가보니매장 안이 생각보다 여유 있어서친구와 둘이 그냥 안에서 먹었다.가격표를 보면 알겠지만15cm를 두 개 시키는 것보다30cm 풋롱으로 주문한 다음,반으로 갈라달라고 하는 것이1000원 정도 싸니 참고하도록 하자.(물론 같은 메뉴일 때만 해당된다.)우리는 옥수수 가루가 씹히는하티 이탈리안 빵에,오이 빼고 올리브 많이,소스는 마요네즈 베이스의랜치 소스와, 스위트 어니언 소스로,쿠키는 초코칩과 라즈베리 치즈케익!서브웨이를 먹을 때마다 느끼는 것이지만,정말 거의 풀떼기 밖에 없는데어떻게 이렇게 맛있고 배가 부른지 모르겠다.심지어 가격도 햄버거랑 비슷한데햄버거보다 몸에도 좋고 맛도 좋다니!야채가 부족한 자취생들에게는최고의 프랜차이즈.자취할 때 정말 많이 Take-out 해갔었는데,이제 통학을 하다보니 잘 가지 않았던서브웨이.외대점은 좁아서 갈 생각도 못 했었는데,매장이 좀 여유있는 경희대점은앞으로 자주 방문할 것 같다.날씨 좋은 날잔디 위에 앉아 맥주 한 잔과함께 서브웨이를 먹어보는 것은 어떨까.",괜찮다
3171,맘스터치,John Oh,역시 맘스터치는 실망시키지 않는다. 두툼한 내용물보소.,맛있다
3172,파치,맛있는게제일좋아,감베로니로제파스타/순살간장갈릭치킨기대 안하고 갔는데 파스타에 새우가 생각보다 많이 들어가 있어서 놀랐다. 소스도 제법 고소한 편. 치킨은 한 마리 시키니까 너무 많았다. 반마리가 일인분인 것 같다. 그냥저냥 간장치킨맛? 그런데 맥주가 500cc부터 있어서 아쉬웠다... 300하나 만들어줬으면ㅠㅠ배달도 많이 가는 모양이다. 파스타+리조또/필라프 로 시켜도 괜찮을 것 같다.여기 가면 감베로니로제파스타가 드셔보세용,괜찮다
3173,히포크라테스스프,조은짱,혼밥하기도 좋은 정문 맛집이에요 ~ 저는 참살이점은 안 가봤는데 별 차이는 없을 거 같아요. 비프스튜는 빵도 별로 없고 해서 우습게 보일 구 있지만 진짜 배부른 1인분이고여.. 라따뚜이도 양 정말 많습니다 2인분인거 같아요 ^^.. 그리구 조금 짜서 다른 크림스튜나 등등으로 중화하면서 먹으면 더 맛잇겠네요,맛있다
3174,굿샌드,Ray,혼자 먹으러 갔는데 단체 주문 때문에 바쁘시더라고요. 1개 주문이라고 먼저 해주셔서 먹었지 여럿이 갔으면 못 먹을 뻔했어요ㅋㅋ 다음부터는 포장하러 올 땐 미리 전화해두는 게 좋다고 하셨습니다!저는 훈제연어샌드위치(6900) 포장해와서 먹었고요. 이름은 모르겠는 초록색 풀이 어찌나 신선한지 금방 따온 거 같은 푸릇푸릇함ㅋㅋㅋ 근데 너무 많이 넣어주셔서 먹기는 좀 불편했어요. 나중엔 아예 풀의 반은 빼서 버거에 감튀 먹듯 따로 집어먹는데 혼자 먹어서 다행이다 싶더라고요ㅋㅋ 훈제연어도 양이 많아서 아쉬운 느낌이 안 들어서 좋았고요. 굳이 찾아갈 정도로 맛있는 건 아니어도 신선한 음식이 먹고 싶을 때 또 갈 거 같아요!,괜찮다
3175,프랭크버거,Capriccio06,"요즘 이곳 저곳에 매장이 많이 생겨서 접근성이 많이 좋아진 듯. 쉑쉑을 너무 카피한 느낌이 나서 처음엔 착각했는데 가격이 훨씬 싸다. 기본버거가 3900원에 그냥 동네에서 바로 먹을 수 있다면 이정도 느낌이면 나쁘진 않은 것 같다. 빵도 일반 프랜차이즈 보다는 부드럽고, 패티는 조금 퍽퍽해도 그냥 무난한 듯. 크기가 좀 작긴하다. 뭔가 속에 들어가는게 하나 추가되면 가격이 금방 비싸지지만 기본은 그냥 간편히 먹기엔 나쁘지 않은 듯.",괜찮다
3176,그린치킨닥터,Ansohwee,학생시절 학식먹기 싫을때 남녀 안가리고 만만하게 가던 곳이에요메뉴를 시키면 옛날식 양배추샐러드에 김치 그리고 콜라 한잔씩이 나와요항상 양념스테이크로 시키게 되는데 매콤한 양념치킨소스가 구운 닭고기에 발려나오는데 막상 양념치킨과는 전혀 다른맛?가격은 여전히 학생들에게 부담없을 수준으로 저렴하고 추억의 맛으로 괜찮게 먹었지만 밥에서 돌도 씹었고ㅜㅜㅋㅋㅋㅋㅋ굳이 찾아갈만한 가게는 아니라서 괜찮다로^*^,괜찮다
3177,그린치킨닥터,이리저리,치킨스테이크 6500콜라 무료제공 및 무한리필가능가격대비 완전 만족했어요!! 치킨스테이크 양도 많고 달달해서 맛있었습니다,맛있다
3178,소일,려한,4.5/5.020층 테라스가 있는 고층 뷰합리적인 가격깔끔하며 세련된 맛2022.04.06. 방문,맛있다
3179,소일,찻집고냉이,"신설동역 근처에 신설된 맹그로브 20층의 '소일'일단 뷰맛집 부터 말씀드리고 싶군요. 비록 바다도 없고 산도 저 멀리 있긴한데 아무튼 20층에서 바라보는 전경이 꽤나 좋습니다. 천장도 높아서 하하호호 차도남/녀 분위기 낼 수 있음. 참고로 밖에 나가시면 바깥공기도 쐴 수 있으니까 시간 되시면 나가보시는것도 좋을듯.매실장아찌핫도그(7000): 익숙함 90%에 10%의 독특함을 가미한 맛. 매실장아찌 굉장히 맛있네요..? 핫도그 퀄리티도 좋은편이라 더 맛있습니다. (끼니 간단히 드시는 정도입니다 양이 많진않아요)참명란비빔밥(9000): 사이드메뉴로 이것저것 나오는 샐러드, 튀각도 상당히 맛납니다. 명란 비빔밥 처음 먹어보는데 상당히 깔끔하군요. 그런데 사실 본메뉴 보다는 튀각이 더 인상깊긴 합니다렌틸콩 라구파스타(9000): 비건 파스타이지만 전혀 채식 특유의 헛헛함이 적은 파스타. 라구는 무조건 고기다, 라는 생각을 버리게 된 계기입니다.접근성도 좋고 강추드려요!!",맛있다
3180,버거킹,로한,"# 버거킹, 드라이브스루 가능주말 아침, 일이 있어 잠깐 나갔다 돌아오는 길에 들림드라이브스루라 편해서 좋긴 한데버거와 감튀가 많이 식었음...?! ㅜㅜ",괜찮다
3181,에그드랍,Ray,계란이 보들보들해서 좋았지만 그렇다고 굳이 또 사먹을 거 같진 않은 느낌. 점심으로 먹긴 했지만 양이 적어서 딱 간식거리였어요ㅋㅋ,괜찮다
3182,에그드랍,즌짱,"이제야 먹어본 에그드랍 ^ ^ ,,, 추천받은 갈릭 베이컨 치즈 포장해서 집에서 먹었는데, 가는 내내 냄새가 아주 엄청나더군요ㅎㅁㅎ 와 당장 먹고싶었는데 간신히 참고 집에 가서 먹는데 식어서 그런가 와 엄청 맛있네 하지 않았어요... 맛이 냄새를 따라가지 못해 슬펐습니다 ㅜ",괜찮다
3183,버거호,미동이,ㅠㅠㅠㅜㅜ 잔맛,맛있다
3184,버거호,미동이,회기 1타 버거집..!!가격도 저렴한데 맛있다아!! 가격에 비해 괜찮은 맛은 것이 아니라수제버거 중에서도 꽤나 맛있었다,맛있다
3185,KFC,꽃같아,알바언니들이 엄청 친절한 매장입니다오픈한지도 얼마안되어서 깨끗하고 넓어요~ 맛있어요,맛있다
3186,그린브로스샐러드,노요,"* 주문메뉴수비드 비프샐러드 -13,000￦참치마요키토롤 - 7,000￦맛 ★★★★★서비스 ★★★★★완전만족합니다!학교앞에 샐러드 가게들 많이 사먹어봤지만정말 찐찐찐맛집이네요.샐러드가 거기서 거기라는 생각이 바뀌는 한끼였습니다.직원분들도 완전 친절하셨어요 :) * 와사비오리엔탈 꼭드세요 만번드세요!!! 진짜 짱맛",맛있다
3187,지미버거,미콩,"보기보다 밸런스가 좋았던 버거.주문한 버거는 머쉬룸치즈버거예요. 머쉬룸 버거는 생각보다 조리법이 다양한데 여기는 머쉬룸 자체가 패티로 쓰인 쉑쉑 스타일은 아니고, 고기 패티에 머쉬룸이 올라간 스타일이에요. 버섯은 주로 새송이버섯이 chop chop 올라가 있어요. 잘 구워진 버섯의 향과 고기 패티가 잘어울려요. 똑똑 떨어질 수 있기 때문에 주의해서 먹어야 해요. 번도 생각보다 파삭파삭 잘 구워져서 전체적인 식감의 밸런스가 좋아요.",괜찮다
3188,맥도날드,꽃같아,맥날은 역시... 역시다! 번바뀌고 패티귭는 법도 바꿨다는데 여튼 진짜 더 맛있어진건 확실! 이날은 초코콘이 너무 땡겼다,맛있다
3189,몬스터플레이스,여니,"양이 정말 많았던 몬스터플레이스! 샐러드 양이 어마어마해서 남길정도.파스타 샐러드에 리코타 추가,파스타 샐러드에 연어 추가 해서 먹었습니다요거트도 팔던데 다음에 기회되면 또 가서 먹어보고 싶어요!",맛있다
3190,라마파스타,Nixie,"My favorite restaurant, especially red bean sweet spring rolls. The restaurant is decorated like a coffee shop, neat and cozy. We also can leave some messages or wishes to hang on the wall",맛있다
3191,여빈,HP7,이것저것 다양하게 파는 카페딸기요거트 스무디는 너무나도 달았다.분위기는 매우 만족재방문의사 없음,괜찮다
3192,미뇽,플러스오키로,에그인헬 비추..계란이 너무 오버쿡+신선한 계란이 아닌지 비린 맛이 남..에그인헬이랑 함께 먹는 빵은 짜투리를 주셨더라고요..,별로
3193,미뇽,문문문,"에그인헬 (13,000) , 깻잎페스토펜네 (10,000) , 루꼴라샐러드 파스타 (12,000) 먹어봤어요!이쪽에서 보기드문 감성감성한 브런치카페에요. 아메리카노, 오렌즈주스를 마셔봤는데 아메리카노는 비추천이고, 오렌지주스는 맛있지만 가격이 좀 쎄서 상관없으시다면 추천드려요.제 최애 메뉴는 깻잎페스토펜네에요 이 메뉴 꼭 드셔보세요! 깊은 페스토 맛이 나서 맛있어요.",맛있다
3194,미뇽,뿌디,"— 망플 평점 살짝 과대평가 된 듯한 느낌 —고대 안암 사거리에서 국수집 골목을 끼고 들어가 2층에 있는 Mignon. 국밥집 노포가 잔뜩 있을 것 같은 골목에 안어울리는 조합이긴 하지만, 인테리어가 우선 예쁘다1. 생각보다 내부는 꽤 큰데, 2-4인용의 동그란 테이블이 옹기종기 있고, 중앙에 나무 탁자로 다인용석이 존재한다. 흰 배경을 베이스로 창문 쪽 인테리어나 조명 등의 깔끔하고 예쁜 느낌을 자아내고 있다. 3명의 여성분들께서 분주하게 일을 하신다.2. 메뉴가 생각보다 조금 뻔(?)해서, 집에서도 자주 만들어 먹는 에그인헬이나 파니니를 여기서 시켜야 하나... 고민하다가, ‘페스토치킨파니니’를 주문했다. 스프or감자튀김 중 선택이 가능하며, 따뜻한 게 들어가야 할 것 같아 스프로 선택했다.3. 맛은 꽤 괜찮았다. 바질페스토를 직접 만드는 것 같았고, 내부의 닭가슴살이라던지 치아바타 상태도 좋았다. 다만 곁가지로 나온 토마토 스프는 조금 상대적으로 아쉬웠다. 유리 볼에 예쁘게 나오는데, 확실히 열이 빨리 식다 보니까 나중에는 더 먹고 싶지 않았던 것 같다. 또 토마토 스프가 시판매하는 것을 그대로 내놓는 것인지, 직접 곱게 갈아서 만든 스프의 그것과는 다소 차이가 있었다.4. 문을 열어놓으시고 일을 하는데, 굉장히 손님 입장에서는 춥다. 재료를 손질하거나 다듬느라 내부에서는 굉장히 분주하나, 손님에 대한 배려가 섬세하지는 않은 편. 고객이 들어왔나 나갔는지도 크게 관심이 없고, 아직까지는 기본적인 조건들을 갖추느라 플러스 알파요인까지는 획득할 여력이 없는 것 같다고 느꼈다.+ 크게 재방문 의사는 없다.",괜찮다
3195,미뇽,온전히_먹기,"소문만큼 맛났던 치즈 프렌치토스트. 궁금했던 곳이라 여기 가자! 해서 갔는데, 기대만큼 괜찮더라 샐러드는 가격대비 부실했으나 커피맛 나쁘지 않았고, 무엇보다 프렌치토스트가 미 미! 엄마랑 또 가고픈 곳. (프토 콩포트가 많이 단 편이니 따로 주문하세용)",맛있다
3196,미뇽,홍블리,후기를 보고 가본 식당 언제나 그렇듯 기대를 많이 하고 갔다 좁은 골목 주차를 어렵게 하고 터벅터벅 이층으로 올라 갔더니 안내해준곳은 화장실앞 이자 문앞인 자리 자리는 넓고 문앞이라 춥고 화장실 앞이라 찝찝하고 주문을 할려고 했더니 학생들이 많이 다니는 곳이라서 그런지 데스크에 와서 주문을 하고 결제를 하고 가라고 하신다 음료는 필요 없다 했더니 강요를 하는 것처럼 음료는 필요 없으세요?라는 멘트를 3번 정도 외쳐 주시고 나오는 음식은 사진 찍기 이쁜 맛있어 보이는 음식 그러나 굉장히 먹기가 힘들었다 느끼하고 짜고 두번은 방문이 힘들거 같고 주변 지인한태 추천도 못해주겠다,별로
3197,미뇽,코랄,사랑 받는 고대 앞 브런치 가게. 최근부터는 저녁에는 와인바로 운영하신다.포장한 뒤에 시간이 좀 지나고 먹었는데도 음식이 전체적으로 맛있었다. 가게가 굉장히 감성 있고 예뻐서 다음엔 꼭 dine in을 하고 싶다.깻잎 페스토는 깻잎향이 강하지 않고 은은해서 일반 바질 페스토와 큰 차이는 못 느꼈고 부담스럽지 않고 무난했다. 중간중간 씹히는 베이컨도 딱 적절히 간을 더해줘서 좋았다.사장님이 어디서 인터뷰를 하신 걸 우연히 봤는데 모든 걸 from scratch로 만든다고 하셔서 인상 깊었다. 파스타까지 생면으로 만든다고 하셔서 놀랐는데 보기에는 그냥 마트에서 파는 펜네 파스타처럼 생겼다. 확실하게는 모르겠지만 만약 이게 자가제면 하신 거라면 정말 놀라움!연어 스크램블드는 좀 더 클래식한 브런치 메뉴의 조합이었는데 평범하게 맛있었다. 스크램블드 에그가 촉촉해서 좋았지만 우유나 크림을 많이 섞었는지 살짝 느끼함이 있었다. 사워도우가 몇 조각 함께 나오는데 다행히 시큼한 맛을 극도로 싫어하는 나도 특별한 향을 못 느낄 정도로 무난했다. 다만 빵이 세 조각 밖에 안 나와서 아쉬웠다. 빵 추가 옵션이 있는지는 모르겠다. 참고로 같이 나오는 연어는 훈제 연어다. 바나나브레드는 한국에서 흔히 볼 수 없는 베이커리여서 반가웠다. 미국에서 원래 먹던 바나나브레드보다 덜 달면서 촉촉하고 맛있었다. 단 거 별로 안 좋아하는 남자친구가 맛있다 x10번 외쳤다ㅎㅎㅎ다음에는 매장에서 프렌치토스트와 에그인헬을 먹어봐야지. 샹그리아나 와인도 곁들이면 더 좋을 것 같다.,맛있다
3198,미뇽,마시러가자,"와... 돈 많이 벌어서 맨날 먹고싶은 맛...미트볼 들어간 파스타가 보통 크림 파스타랑 전혀 다른 맛이기 때문에 꼭 먹어보길 추천하고, 이번엔 안시켰지만 치즈토스트도 맛있어요. 그리고 깻잎페스토 펜네는 언제나 시키는 스테디셀러 메뉴 ㅋㅋㅋ",맛있다
3199,미뇽,주배,"4.0 / 5.0요즘 안암 브런치로 정말 정말 핫한 곳. 데이트 코스라고는 찾아볼 수 없는 안암 불모지에서,. 데이트하기에 적당한 식당이 여기인 것 같다ㅠㅡㅠ 인테리어도 부농부농하고 인스타 특유의 샤라락한 커튼까지 있어서 금상첨화,. 메뉴의 가격대는 다 10000원 이상을 호가해서 비싼편이다. 그래서 아직 브런치는 시도해보지 못했지만..☆ 내가 여기서 포장해온 건 샐러드!여기 샐러드 진짜 맛있다. 포장으로 6천원에 가져왔는데 콩을 싫어하는 내가 콩을 맛있게 먹게한 곳.. 간이 다 잘되어 있어서 너무 맛있게 먹고왔다ㅠ 닭가슴살도 두툼.,. 크으브런치 샐러드 맛집으로 추천 ☆",맛있다
3200,미뇽,반말했다존댓말했다,브런치 리뷰는 처음인듯합니다만?전날 과음하지않은 주말아침 날이 좋아 근처 브런치집을찾아보다 알게됐습니다이 골목에 이런곳이 하는 느낌이고 일욜 아침인데도손님이 몇테이블 있고 배민주문이 들어오더라규요주문은 페스토치킨파니니와 연어스크램블드에그파니니는 재료도 실하게 들어있고 맛도 좋았어요감튀도 많고 혼자 파니니 두조각 다 먹긴 질리고 둘이나눠먹기 좋은?!연어스크램블드는 계란이 주를 차지하더라고요연어는 신선했고 전체적인 비쥬얼은 좋았으나 빵이 달랑 두조각이라 아쉬웠어요 파니니 안나눠먹었음 빵 추가햇을듯~~~예전 리뷰보면 빵이 세네조각으루 보이네요 메뉴구성이 조금씩 바뀌나봅니당음료는 아아를 먹었는데 얘는 생각보다 그냥저냥1인1메뉴 주문시 음료1처넌 할인되어 저렴히 먹었습니다엄청난 대존맛은 아니지만 다른리뷰어의 말처럼안암의 빛으로 인정ㅎㅎㅎ,맛있다
3201,미뇽,조은짱,"재오픈한 미뇽! 뭐 말이필요있나요~~예쁜 플레이팅으로 사람을 현혹하는 음식 같지만 아주 맛이나고 배도 부릅니다 ㅎㅎ 프렌치토스트도 간식 느낌 아니고 밥느낌이 나고, 핫한 동네에서 브런치 먹어도 사실 미뇽이랑 크게 차별점 못 느끼고 있습니다 ✧*.◟(ˊᗨˋ)◞.*✧ 생과일 오렌지주스도 꼭 드셔보세요!2층인 점이랑 자리가 좀 좁다는 것만 주의하세요~~",맛있다
3202,미뇽,박수정,고대 앞에 에그인헬이 있는 브런치 집이 다시 생기다니! 너무 기뻐요...연어스크램블드도 맛있었어요다른 메뉴도 또 먹으러 올거에요!!!,맛있다
3203,미뇽,간헐적망플러,안암으로 돌아온 미뇽. 안암의 빛. 안암에서 맛집을 말할 때 주저하지 않고 미뇽을 외치자. 파스타와 프렌치토스트밖에 안먹어봤지만 평생 먹어본 것들 중에서 손에 꼽는 맛이다. 고대생이라면 꼭 가보자,맛있다
3204,미뇽,Snufkin,Not bad!,괜찮다
3205,파델라,준영,"회기 쪽에서 캐주얼하게 먹기 좋았던 이탈리안! 뭔가 이 동네답지 않은(?) 아늑함이 마음에 들었어요. 둘이서 봉골레, 리조또, 라자냐 먹었고 양이 적은 탓에 배는 딱 적당히 불렀네요ㅋㅋ 파스타는 좀 밍숭맹숭했고 리조또가 제일 괜찮았어요. 가격대가 좀 있고 음식 준비도 느린 편이지만 전반적으로 만족스럽게 먹었습니다:)",맛있다
3206,파델라,루루,"평 보고 기대를 하고 가서 그런지 그저 그랬어요저녁 때 방문했는데 분위기도, 서비스도 썰렁~~ 따스한 분위기를 기대하고 굳이 역에서 먼 곳까지 찾아간건데 특별할 건 없었네요음식 양도 굉장히 적은 편에 근처 물가보다는 높은 편이에요",괜찮다
3207,파델라,kkonoo,흐음.. 회기에 있기 힘든 가격. 맛은 괜찮지만 가격 정도 맛인지는 모르겠어욤. 뭔가 재료들이 따로 노는 기분..,괜찮다
3208,파델라,문문문,"링귀니 바질페스토 (15,000), 봉골레 오일 파스타 (14,000) 주문☆바질페스토에 꽂혀서 찾아갔는데 꾸덕하니 맛있어요봉골레는 무난무난하게 맛있었는데, 이 동네에 찾으러 갈 정도의 감격스러운 맛은 아니였던 것 같아요 ㅋㅋ이 근처 갈 일 있다면 방문해볼만한 식당!",괜찮다
3209,파델라,샨티,조개 해감 덜 됨 맛도 그냥 저냥...,별로
3210,파델라,지쾅,맛있어요,맛있다
3211,파델라,박치,"회사 근처에서 맛있는 파스타를 먹고 싶다면 파델라로❣️한국식의 크림 소스 많은 까르보나라가 아니라,수란이 올라가있는 되직한 까르보나라입니다!맛, 분위기, 다 1000점. 실제로 자주가는 단골집저희는 회사분들이랑 자주 가서 메뉴가 더 다양했으면 좋겠습니다(사이드메뉴나 피자, 등등)단점이 있다면, 요리사분이 1명이라 타이밍 안맞으면 음식 나오는 데에 너무 오래걸려요(내 점심시간..)",맛있다
3212,파델라,sueK,파스타 소스까지 모두 직접 만드신다고하셨는데 정말 맛있어요!라자냐도 느끼하지않고미트볼과 토마토 소스의 조화가 아주 좋아요바질페스토크림 베이스까지모두 추천입니다:-)가끔 나오는 빠떼 역시꼭 맛볼 메뉴에요:-),맛있다
3213,파델라,맛집사냥,"회기에서 파스타로 1위!제가 회기주민이라 회기맛집에는 평이 너그러운 편이긴 한데, 다른 지역에서 굳이 올 맛은 아니지만 맛집이 별로 없고 특히 이태리음식을 제대로 하는 집이 거의 없는데 이 집은 꽤 괜찮은 집입니다.바질파스타랑 수란올라간 까르보나라 아렇게 두 개를 시켰는데 둘 다 만족스러웠어요. 면의 익힘 정도가 너무 훌륭했고, 자극적이지 않은데 입맛을 사로잡아서 좋았어요. 디저트로 주신 티라미수도 좋았습니다!! 친구들 데리고 다시 오려구요. 여기저기 알렸습니다!!",괜찮다
3214,파델라,104,"바질페스토, 까르보나라 파스타와 서비스로 주신 티라미수!제가 지금껏 먹어본 바질페스토 파스타 중 가장 맛있었어요바질 맛도 깊고 치즈와 잘 어울리더라구요까르보나라는 너무 꾸덕하고 짠 걸 좋아하지 않는데 적당히 꾸덕하고 간도 세지 않아서 좋았습니당티라미수까지도 너무 맛있게 먹었어요재방문의사 완전 있는 곳!!",맛있다
3215,파델라,Kimkegaard,괜찮지만 맛있지는 않았습니다. 비주얼과 리뷰에 기대를 한껏 하고 먹었는데 기대에 미치지는 않았습니다. 별로라고 하는 이유는 가격 입니다. 너무 가격대비 so-so 한 맛. 저처럼 너무 기대하지 마시고 드세요.,별로
3216,파델라,주성은,"너무 맛있었어요ㅠㅠㅠ(에고, 사진이 옆으로 누웟네욯ㅎㅎ)휴업전에 갔는데 너무 깔끔하고 맛있고 좋더라구요~~메뉴가 어려워서 여쭤봣는데 친절하게 다 설명도 해주시고, 음식 퀄리티가 장난아니였어요~남자친구랑 우연히갔는데, 친구랑 또 갔었어욬ㅋㅋㅋ 휴업끝나면 다시 갈꺼에요~!!^^*",맛있다
3217,파델라,Yenny,"기대이상이었던 탈회기감성 레스토랑친구가 우연히 발견하고, 여긴 꼭 데이트하러 와야지! 했는데 계속 못 갈것 같대서 같이간 곳(눈물)생각보다 훨씬 예뻤던 매장 분위기와 오랜만에 보는 오픈키친.파스타 가격들도 오랜만에 보는 만원중반대라 반가웠다!일단 링귀니 바질페스토가 취저.입에 들어가기도 전에 퍼지는 바질향과, 먹은 다음의 치즈풍미가 아주 조화롭다..아주 단순하고 깔끔해보이지만 제일 맛있었다. 바질러버라면 꼭 추천하고 싶다.모시조개 봉골레도 깔끔하고 담백한 맛. 면도 정말 알맞게 익혀서 더 좋았다. 조개가 많은 편은 아니다.수란까르보나라는 별 기대없었는데,고소하고 진해서 좋았지만 크림은 역시 크림. 가장 손이 덜 간 메뉴였다.먹다보니 와인이 땡겨서..일어난지 얼마 안된 시간이었지만 샹그리아도 주문했다ㅎㅎ무난무난탄산음료는 싫었는데 딱 가볍게 곁들이기 좋았다.*참고로 간은 세지 않은 편. 오리지날 이탈리안의 짠 맛을 기대하면 많이 실망할거다. 반대로 깔끔하고 담백한 파스타를 더 좋아하는 사람에게 추천.큰 가게는 아니지만 평일 낮이라 그런지 3팀 정도 있었다. 테이블과 바테이블이 같이 있으니 테이블에 앉고 싶다면 예약하는게 좋을 듯.또와서 라자냐도 먹어보고 싶고, 저녁에 방문해도 괜찮을 것 같다.",맛있다
3218,파델라,즌짱,"경희대 인근에서 분위기 괜찮고 깔끔하고 맛있는 파스타를 찾을 때! 단, 자리가 넉넉하지 않고 방문 시에 요리하시는 분이 한 분이시고 손님이 많아서 주문 후 대기 시간이 좀 있었습니다. 링귀니 바질페스토, 시금치 크림 파스타.원래는 라자냐가 먹고 싶었는데, 다 떨어졌다는 말에 시금치 크림 파스타. 어쩌다보니 초록초록한 파스타 두 개^_^ 먼저 나온 시금치 크림 파스타는 시금치 색이 나는 향이 좋은 크림 파스타,, 맛을 어떻게 표현할 수가 없네요 맛있는데 ^.^... 시금치를 선호하는 편은 아닌데 거부감 없이 먹을 수 있었어요. 링귀니 바질페스토는 바질 향이 향그럽고 좋은데, 크림 파스타 뒤에 먹어서 그런가 투 머치 오일리하다는 느낌이 있었어요.그렇다고 이게 맛 없다는 것은 아니고요... 두 그릇 싹싹 비우고 나왔어요. 파스타 좋아하는 사람에게는 추천할 만 한 곳이에요. 회기-경희대에서 이 정도의 파스타를 먹을 수 있다니 26년 회기러 참 행복하네요XD재방문한다면 못 먹은 라자냐와 솔드 아웃이던 화이트 라구 파스타를 먹고 싶습니다 ㅠ 흑 흑 ㅠ",맛있다
3219,파델라,ethanghymn,이쪽 동네에서 가고 싶던 가게 중 한군데였던 파델라에 들러봄.혹시나 인기가 많아 손님이 많을까 오픈시간에 맞춰 도착했는데 다행히 내가 첫 손님이었고 가게 한편의 4인용 테이블 2개엔 예약석 표시가 되어 있었고 난 바 테이블에 앉아 메뉴를 보니 내가 특별히 끌리는 메뉴는 딱히 보이지 않아 제일 대표메뉴가 수란이 올라간 까르보나라인지 여쭤보니 빨간색 캡을 쓰고 수줍은 표정의 셰프님은 아무래도 그렇다고 답하셔서 까르보나라를 부탁드리고 가게 한쪽에 있는 옷걸이에 코트를 걸고 앉음.누군진 잘 모르지만 네이버로 검색해보니 가게 분위기와 어울리게 스피커에서는 Eddie Calvert의 Roses of Picardy나 Brenda Lee의 I'll Be Seeing You같은 옛날 팝이 흘러나옴.이때쯤 여자손님 한 명이 4명 예약했다며 들어오자 4인 테이블로 안내받아 앉음.조금 더 기다려 드디어 수란이 올라간 까르보나라가 제법 큰 접시에 담겨 나왔고 접시 크기만큼이나 양도 제법 넉넉함.수란을 터뜨려 노른자가 스파게티면에 묻게하고 포크로 돌돌 말아 한입 맛을 보니 꾸덕하면서 크리미하고 뭔가 여러 좋은 재료를 아낌없이 넣으신 느낌이었는데 그러다보니 뭔가 맛이 심플하면서 조화로운 느낌이라기보단 복잡하면서 각각 노는 느낌이어서 음..함.더 먹어보니 레몬도 좀 짜 넣으셨는지 레몬의 시큼함도 가끔 느껴지고 은은히 단 맛이 느껴져 한국스타일 파스타구나 함.양은 넉넉한 편이었는데 거의 다 먹었을 때쯤 오이와 무 피클을 건네주심.아마도 처음에 내어주셨어야 하는데 깜빡 잊고 계시다 부랴부랴 내어주신것 같은 느낌으로 난 특별히 피클같은 걸 먹지 않아서 모르고 있었는데 주셔서 맛을 보니 시큼달큼하고 아삭하게 담그신 피클이었음.다 먹고 일어나려는 때쯤 디저트로 티라미수를 건네주시길래 원래 나오는건지 여쭤보니 아니라고 하심. 헐..맛을 보니 시원하게 제공된 티라미수의 부드러움이 나쁘지 않음. 서비스니 뭘 바람.전체적으로 망원동 마리오파스타 느낌의 사장님이 혼을 넣어 맛난 파스타를 내놓는 가게인가 싶어 들러봤는데 혼을 넣으시고 여러 좋은 재료를 아끼시지 않으시고 조리하시는 수줍은 인상의 사장님이 운영하시는 가게는 맞는데 파스타의 완성도는 조금 아쉬웠던 방문이었음.,괜찮다
3220,파델라,키다리아저씨,"젊은셰프 1인이 운영하며 경희대 인근에서 저렴한 가격에 만족스러운 이탈리안 파스타를 즐기기 좋은 ""파델라""서글한 인상과 친절함 때문에 따뜻한 느낌이 들어서 좋았고, 아담한 이태리식당이라 4인 테이블은 2개, 그외엔 바테이블로 구성이 되어있었어요.살치살 스테이크를 먹으러 갔었지만, 그날따라 솔드아웃이라 파스타만 두가지 주문해서 맛보았네요^^-링귀니 바질페스토온도가 따뜻한 수준이여서 사람에 따라선 약간 식은듯한 느낌을 받을 수는 있을듯해요.그래도 진하게 느껴지는 바질의 맛과 향이 좋았고, 중간중간 올라오는 치즈의 향이 나름 잘 어울렸고, 느끼함도 덜해서 괜찮았네요.면의 익힘도 적당했던거 같아요^^-수란이 올라간 까르보나라잘 만들어진 수란을 터트려 크리미안 노른자와 소스를 섞어 깊은 풍미와 부드러운 맛을 느끼기 좋았고, 뭔가 익숙한듯하지만 전체적 소스의 간이나 면과의 어울림 밸런스가 좋아서 생각보다 맛있게 먹을 수 있었습니다.생각도 못했던 수제 티라미수를 서비스로 주셔서 그것도 맛있게 먹었네요^^ 진하며 부드럽고 은은히 달콤함에 약간의 부족함을 채워주는 느낌이였습니다.남자가 먹기엔 양이 살짝 부족할 수 있겠으나 가성비 좋고 맛도 좋은 파스타를 먹을 수 있어서 좋았고, 이런 소규모의 파스타집도 활성화가 잘 되었으면 좋겠다는 뜻으로 맛있다로 등록했고, 재방문의사 있습니다^^",맛있다
3221,파델라,미콩,"회기에서!!! 파스타 먹고 싶을 때!!! 데려가면!!! 욕 먹지 않을 곳!!! 메뉴 다양하게 조져본 결과 여긴 찐이라구요,, 맛에서 탈회기 갬성 늑겨진다구요,, 일.단.라자냐 소스 시판소스느낌 1도 안 나구요 라구소스 직접 갈아만드신 것 맞숩니다,,혀가 느껴요 면과 소스가 부드러운 식감이구요 그에 비해 까르보나라는 조금 평범한듯합니다 그래도 나쁘지 않아요 바질페스토 파스타는 저번 리뷰에 썼으니 패스, 제 생각엔 바질페스토도 꼭 시키셔야하지 않나,, 고렇습니다이번에도 염치없이 ㅠ  서비스를 받아먹었는데 티라미수였어요,, 티라미수,,, 맛있습니다,,, 사장님 아무래도 옆애 디저트카페 따로 더 내셔야할 듯. 제발요.",맛있다
3222,파델라,회기동8년차,"회기동 7년차가 자신있게 이야기할 수 있는 제대로 된 파스타집! 오픈키친에서 쉐프님이 직접 만들어주는 형식인데 모든 메뉴를 추천할 정도로 맛집이다.그 중에서도 이 집의 최고는 바질파스타와 라자냐. 끝나고 직접 만드시는 디저트까지 주문하면 모든 코스를 완벽하게 한 곳에서 마무리할 수 있다. Instagram : @padella_hoegi맛 : 9/10, 서비스 : 10/10, 분위기 : 9/10",맛있다
3223,파델라,띵시,"가성비 ●●●●○맛 ●●●○○분위기 ●●●○○재방문의사 85회기에서 (거의 유일하게) 깔끔한 파스타를 맛볼 수 있는 곳! 기대를 많이 했는데 약간 아쉽기도 했고, 그럼에도 재방문의사가 있기에 일단은 괜찮다를 준다.오늘의 샐러드, 연어 크림 파스타, 까르보나라 주문. 오늘의 샐러드는 신선한 채소와 발사믹, 선드라이드 토마토, 살라미, 튀긴 빵의 조합이 아주 좋았다. 건강하면서도 너무 라이트하지 않고 재미있는 식감으로 포인트를 줌. 매일 먹고싶은 샐러드!아쉽게도 파스타들이 좀 미스초이스였음. 까르보나라는 당연히 오리지널일 줄 알았는데 크림이 들어가 많이 아쉬웠음. 하지만 버섯 풍미가 고소한 감칠맛을 살려 주고, 수란이 농도를 촉촉하게 잡아 줌. 회기에서 이 정도 파스타 맛보기 정말 쉽지 않다고 생각함.연어크림 파스타는 정말 비주얼 그대로의 맛이라 아쉬웠음. 원래 숏파스타를 즐기지 않는지라... 깔보나라도 크림크림하고 이 메뉴도 묽은 크림 베이스라 두 개를 같이 먹으니 약간 질리더라.아쉬움이 많이 남았지만, 다른 메뉴들(특히 직접 만드시는 디저트)이 궁금하여 점심 영업 때 다시 방문할 예정!",괜찮다
3224,파델라,미콩,"◇핸드메이드 파스타!, 오픈키친, 회기 근처 베스트 이탈리안, 친절, 모던아아 드디어 회기 근처에도 제대로 된 '이탈리안'이 생겼나봅니다바질 덕후라 링귀니 바질페스토를 주문했어요바질페스토는 자칫하면 많이 느끼해질 수 있는데 신선한 느낌이 강했어요 꾸덕꾸덕, 약간 소스가 바질페스토인 정통 까르보나라 먹는 느낌도 들었고요 면은 알덴테로 제가 가장 좋아하는 익힘 정도였어요사실 앞 주문이 밀려 제가 좀 기다렸는데 이 부분에 대한 서비스로 얼그레이 아이스크림을 주셨어요! 홈메이드 아이스크림이라고 적혀있는 것이 바로 이건가봐요 전 다음에 오면 이거 꼭 시킬거예요 얼그레이 향이 정말 강해요!! 후식으로 최고였어요이정도 되는 파스타 가게가 이 주변에 없는데 생겨주신 것만으로도 고마운 곳이었어요 정말 친절하시고! 가게 분위기도 모던해서 데이트하기 좋아요",맛있다
3225,파델라,•Sarah•,오픈한지 2개월 되었다는 회기맛집예정 이라는 파델라 다녀왔어요 :) 일단 회기역에선 좀 한참 걸어서 들어가야 마주할수 있고 가게 공간 자체는 작은 편이에요- 바 테이블에 앉아서 식사했는데 젊은 사장님이 혼자서 요리도 하시고 서빙도 해주시고 계산도 해주시는데 몹시 빠르시더라구요~ 음식 나오는 속도에도 놀랬어요! 수란이 들어간 크림파스타와 라자냐 그리고 드라이토마토와 바질이 곁들어진 에피타이저까지 넘넘넘 맛있었어요!! :) 기본에 몹시 충실한 맛에 예쁜 플레이팅까지 즐기며 먹는 저녁식사라 행복했어요 :),맛있다
3226,치보,루카스,"카스 별점 ★★★★★ [5/5]<외대 후문 밥약의 성지>전부터 인근 식당중에서 좀 괜찮은 식사자리로 항상 꼽히는 곳입니다. 다른 식당에 비해 가격대는 좀 있는 편이지만 음식의 퀄리티를 생각하면 상당히 합리적입니다. 그래서 전부터 밥약으로 좀 좋은 데 간다! 하면 치보를 갔던 것 같아요. 거의 대부분의 메뉴를 먹어봤는데 다 맛있었습니다. 식전빵도 참 맛있었는데 나중에는 아예 식당 한 구석에 빵집을 따로 운영하시더라구요. 식전빵이 진짜 맛있어서 식사 끝나고 빵도 따로 구매해가는 곳입니다. ♥마리나라(14000원): 토마토 리조또입니다. 해산물이 풍족하게 들어있고 치즈도 고소하고 맛있었습니다. 밥알도 적당히 익어서 맛있었어요. ♥살모네(16000원): 크림연어 파스타라고 생각하시면 될 것 같습니다. 구운 연어 스테이크 하나가 통으로 올라가있고 새우, 브로콜리 등이 함께 올라옵니다. 크림이 느끼하지 않아서 맛있었네요. ♥카비알레(13000원): 새우, 날치알을 올린 로제파스타입니다. 살짝 매콤해서 느끼하지도 않고 날치알이 톡톡 터지는 식감이 좋습니다. 아쉬운 점이 하나도 없습니다. 가끔 웨이팅은 있을 수 있습니다.",맛있다
3227,치보,백유성,"""아끼는 후배들에게만 사준다는 그 맛집.""외대생의 증언을 들어보면 그랬다고 한다.근처에 살짝은 어설픈 파스타집이 많았던 시절, 치보의 위상은 대단했다.정통 파스타! 탈동대문구 파스타맛집!나도 예전에는 그 말에 절절히 공감하면서 치보의 파스타를 먹었더랬다.그런데 오랜만에 가서 그럴까.가격은 여전히 싼 편은 아닌데 맛의 특별함은 모르겠다.치보가 변한 것은 아닐 것 같으니, 내가 변한 것 같다.",괜찮다
3228,치보,kkonoo,가격이 탈회기지만 맛도 탈회기!,맛있다
3229,치보,유새벽,맛있는 파스타. 가격은 조금 쎈 편?,괜찮다
3230,치보,이관섭,"경희대 후문에서 내려와 외대 후문 쪽에 위치한 파스타 식당 치보, 아담하고 마음씨 좋은 부부가 운영하는 맛집이다. 코로나로 오랫동안 외식을 못했는데 아내와 함께 맛있는 식사를 하면서 행복한 시간이었다. 꼭 다시 방문하고 싶은 곳이다.",맛있다
3231,치보,키다리아저씨,"외대에서 오랜시간 꽤 높은 평점을 유지하고 있는 파스타 맛집~DNA커피 건너편의 아담한 식당이고~ 그옆에 파이브로브스 베이커리도 함께 운영하시네요.내부 인테리어나 분위기는 캐주얼하고 파스타를 판매하는 식당의 느낌은 아니였어요^^;;오픈키친이고, 평일에 방문해서 그런지...조용하게 식사하기 좋았습니다.치보에서 유명한 식전빵!!! 맛이 좋은편이더라구요^^ 왜 많은 분들이 식전빵 얘기를 하는지 이해가 되었습니다. 따뜻할때 먹어서 그런것도 있겠지만, 해초?의 향이 거부감없이 구수한 빵과 잘어울렸어요.왕새우와 날치알이 들어있는 감베로니는 토마토 스스와의 감칠맛으로 무난한 수준의 파스타였던거 같아요^^ 면의 익힘도 좋았고, 소스가 너무 묽지않아서 좋더라구요.왕새우의 상태도 살짝 걱정은 했지만 괜찮았습니다.바질페스토 파스타에는 중새우가 들었고, 케이퍼와 브로콜리 그리고 바질로 인해 은은하게 풍기는 향이 매력있더군요~대학가 근처인 점에서는 가격대가 약간 있는듯해도....적당한 가격이라 생각이 들구요~충분이 이 지역에서 파스타 먹을때 떠오를 수 있는 수준이라 생각합니다.일하시는 분들도 친절했고, 전체적으로 무난하게 괜찮았던 파스타였어요.",괜찮다
3232,치보,NIWOOW,"경희대에 친구 보러 갔다가파스타가 먹고 싶어서 방문했습니다.카치아토레, 카비알레를 주문했어요.카치아토레는 '허브, 와인이 들어가서 풍부한 맛이 나는 이탈리아식 닭볶음탕'이라고적힌 레시피를 본 기억이 있어 주문했어요.개인적으로 기대를 많이 한 메뉴였는데,조금 매콤한 토마토 소스의 맛만 나더라구요.닭가슴살은 소스와 어우러지는 느낌이 없었고,소스도 기대에 비해서 무난해서 아쉬웠어요.카비알레는 날치 알과 새우가 들어가는로제 파스타로, 크림소스 맛이 더 강했어요.크림소스의 부드러운 풍미가 나쁘진 않았으나,토마토와 크림이 밸런스 잡힌 맛은 아니었고날치알도 조금 비려서 아쉬웠습니다.굳이 비교하자면 카치아토레보다카비알레가 더 입에 맞는 파스타였어요.근방에서는 제일 맛있는 파스타집이라고 들어기대가 컸는데, 생각보다 많이 무난했네요.만족스러웠던 식사는 아니라 [괜찮다]로.",괜찮다
3233,치보,ㅇㅅㅇ,아기자기한 분위기에 음식이 맛있다 식전빵이 맛있는데 파이브로브즈는 당분간 영업 안한다는 슬픈 소식 ㅠㅠ,맛있다
3234,치보,플렉서,적당히 작지않고 정돈된분위기의 식당외대뒷편 다소 외진건아닌가했는데  아마도 외대 근처에선 제법 알려진 골목같다 골목 좌우로 몇곳의 식당들데이트하기도 좋아보였다 아주 럭셔리한건아니지만.모짜렐라치즈토마토스파게티 13500토마토 리조또 14000양이 적어보이는 첫느낌였지만 제법 배는 불렀다 아주 특별한건 아니지만 레스토랑 파스타맛  분명했고 신선하고 맛있엇다 조미료를 넣지않는다한다 재방문의사있음,괜찮다
3235,치보,min_a,"식전빵 - 카비알레 로제파스타, 페스카토레 화이트와인소스파스타식전빵 괜찮았구, 카비알레 로제파스타에 날치알 많구 오동통 새우도 서너마리 들어있어서 먼저 이름값 하는걸루! 생크림맛 그득한 소스도 좋았어요.페스카토레는 해산물이 진짜 가득가득..! 이렇게 해산물 가득한 파스타는 이탈리아에서도 못 먹어봤슴다.. 화이트와인 소스 베이스라 알리오랑은 또 다른 매력이었어요. 알리오(봉골레 베이스)가 오일향이 강하다면, 페스카토레는 오일리한 느낌에 더해 해산물에서 날 법한 비린내를 화이트와인 특유의 산미로 확 잡아주는 느낌?로제, 새우, 날치알 각각을 넘 좋아하는 개인적 취향으로 카비알레가 더 맛있었지만 페스카토레는 지금까지 먹어본 봉골레/페스카토레 베이스 소스 파스타 중에 젤 알찼다고 생각해요.멀리서 굳이 찾아올 곳은 아니지만 근처에 있다면 합리적 가격대 + 네이밍에 충실한 맛으로 추천할 만 해요~",괜찮다
3236,치보,Jㅐ,"외대 후문에 위치한 이탈리안 ""치보"". 이탈리아어로 <요리>라는 뜻이라고 해요. 가격도 괜찮은데 재료도 아끼지 않은 게 느껴져서 맛있게 먹었어요. 대학가 파스타 치보, 아니 치고 훌륭함. 좋다 : )'포르치니'. 여기 오면 이거 먹어야한다고 해서ㅋㅋ 버섯이 들어간 크림 리조또에요. 버섯도 많이 들어가서 식감도 재미있음!! 크림 리조또인데도 신기하게 안 느끼해서 좋더라구요. 쌀보다는 밥의 느낌이었지만 누구든지 편하게 먹을 수 있을 것 같아요. '카비알레'. 날치알과 새우가 들어간 로제 파스타. 새우도 통통한데다 날치알도 많이 들어가 있어서 맛있음!! 면 익힘 정도도 좋았어요.분위기도 좋아요. 따뜻한 분위기. 내부는 생각보다는 넓게 느껴졌어요. 외대 졸업생 분 말에 의하면 원래 더 좁았었는데 확장 시킨거라고ㅋㅋ 아 여기 식전빵이 맛있는 걸로 유명한데 그 중 해초빵이 굳굳.",맛있다
3237,치보,NP,"까비알레,만조샐러드손님응대 최악 사장님인 것같은데 학생들이 많아서 그런가 다 아래로 보나봄",괜찮다
3238,치보,김챌,외대 친구가 맛집이라구 데려가 줬는데 뭐 움 그냥 대학 앞에 하나씩 있을법한 큐트뽀짝한 파스타집.. 나쁘지는 않았음,괜찮다
3239,치보,촘촘,마싯는데 치보가까? 하면 다들 딴데 가자고 한다ㅠㅠ 그래서 딱 한번 가봤다,맛있다
3240,치보,우이리,"적당한 면이 좋았어요. 딱딱하거나 무르지않은 제게는 적당한 면. 캄베로니는 가격 대비 새우도 많이 들어 있고, 고르곤졸라도 느끼했지만 부담스럽지 않았어요.빵도 겉이 바삭해서 기분도 업됬어요.^^한가지 주차가 힘든데 가게 앞에 세웠는데 식당분이 좀 예민하신게... ㅡㅡ맛있는 점심이였습니다.",맛있다
3241,치보,빈빈,하지원이랑,맛있다
3242,치보,E.T Jun ,외대 생활 수년차지만 드디어 가보게 된 치보. 그동안 명성을 익히 들어서 기대감이 많이 높아진 탓인지 결론부터 얘기하자면 제 입맛에는 그저 평범한 맛이었습니다. 일단 제일 좋았던 점은 바로 옆의 파이브로브즈의 빵이 식전빵으로 나온다는것. 동일 종류가 아닌 해초빵부터 초코가 들어간 빵까지 다양한 종류의 식전빵이 푸짐하게 나와서 좋았습니다. 감베로니 파스타는 왕새우와 날치알이 곁들여진 토마토소스 파스타였습니다. 일단 화학조미료를 쓰지않는다는 건강한 맛은 좋았지만 특별히 뛰어난 맛이라는 느낌은 받지 못했습니다. 그리고 파스타마다 공통적으로 들어가있는 브로콜리는 제입맛에는 특별히 나쁘지는 않았지만 사람마다 호불호가 갈릴수도 있을것 같았습니다. 그리고 접시에 담긴 플레이팅도 살짝 어수선 하지 않았나.. 이러저래 제기준 조금 아쉬웠던 집이었습니다. 그래도 대학가라는 점과 후문쪽에서 이정도의 이탈리안을 찾기는 쉽지 않다는 점에서 충분히 방문할만한 식당인것 같습니다.,괜찮다
3243,치보,JW,회기에선 맛있다 하지만! 에어컨 좀 틀어달라해도 이미 틀었다고 더 안틀어줌 ㅜㅜ 창가쪽이라 창가쪽 에어컨 틀어달라말한건데... 이번엔 너무 더워서 음식 허겁지겁 먹고 나왔다! 5시에 바로 가서 안틀어준건가?... 여름엔 더워서 음식 여유있게 못먹을듯.... ㅜㅜ,괜찮다
3244,치보,노가리구운김,"애들이 뭐 도와달라고 할때 ""치보 사드림""이 최고 고급진 조건이었음 (자매품 dna 쿠폰 드림도 있음)특별한 일 있으면.... 딱히 가고싶었던 것도 아닌데.... 그냥... 어느새 치보에 앉아있는 나를 발견",맛있다
3245,치보,AlexTheFood,"170407.맛 ★★★★ 분위기 ★★★☆ 가성비 ★★★ 재방문 의사 있음 주문한 메뉴 (3명 방문) Vongole / 봉골레 - 10500원 Gorgonzola / 고르곤졸라 - 11500원 Salmone / 살모네 - 15000원 총 37000원경희대 / 외대 근처에서파스타를 제일 잘하기로 유명한CIBO (치보).외대 후문에서 커피로 유명한Coffee D.N.A Roasting Company에서조금만 더 가면 왼쪽에 있는 바로 그 곳.거의 매일 지나치던 곳인데,이 곳이었구나...전혀 몰랐다.들어가서 메뉴를 보고 사실 조금 놀랐는데,가격이...대학가의 가격이 아니었다.솔직히 일반적인 파스타집을 생각하면평범한 가격이지만,대학가이기에 조금 비싼 가격.우리는봉골레와, 고르곤졸라, 살모네.이렇게 3개를 시켰다.메인 메뉴 전에 나오는 식전빵은생각보다 그저 그랬다.해초빵이야 유명해서 맛있게 먹었지만,다른 하나의 빵은 정말 별로였다.(그래도 역시 해초빵은 유명할만 했다.)저번 이태원의 Greek Cuisine인산토리니에서도 느꼈던 것이지만,역시 맛집은 디테일에 신경을 쓰는구나...물병 디자인이 별 거냐고 하겠지만생각보다 물병이 이쁘면왠지 맛집인 것 같고 그렇다.어쨌든 이런 저런 이야기를 하다보니파스타들이 서빙되었는데,개인적으로 한 번에 나와서 좋았다!하나씩 나오면 괜히다른 사람 것도 나올 때까지 안 먹고괜히 기다리게 되는데...처음으로 서빙된 메뉴는 고르곤졸라!난 버섯을 별로 안 좋아하는데,이 파스타가 제일 맛있었다.크림 풍미가 제일 진했던 파스타.두 번째 메뉴는 살모네.연어를 좋아해서 시킨 메뉴인데,홀그레인 머스터드 때문인지크림소스가 약간 매콤했다.남은 식전빵과 함께 마무리하기에좋았던 소스.봉골레가 제일 마지막에 나왔는데,위에 마늘 후레이크를 엄청 뿌려주셔서굉장히 맛있게 먹었다.잠깐 매드포갈릭에 온 느낌...ㅎ하지만 가격대비 제일 맛있었던 것은역시 고르곤졸라였던 것 같다.확실한 외대/경희대 원탑.하지만 아쉬운 가성비.솔직히 맛은 있었지만이 가격이면 다른 지역에 가서충분히 먹을 수 있으므로,대학가에서 이 가격을 주고이 파스타를 먹을 필요가...없을 것 가기도 하고...그럼에도 불구하고 역시나중에 또 근처를 돌아다니다가파스타가 땡긴다면,(통장잔고에 여유가 있다면)어김없이 재방문 할 예정이므로,추천한다.왠지 모를 아쉬움이 남긴 했으나,맛은 있었으므로.음, 맛은 있다.",맛있다
3246,치보,띵시,"가성비 ⚫️⚫️⚫️⚪️⚪️맛 ⚫️⚫️⚫️⚪️⚪️분위기 ⚫️⚫️⚪️⚪️⚪️재방문의사 50외대 후문 파스타집. 이문동 물가에 비해 비싸다는 혹평을 받고 있지만, 무르무르나 프라도 등 인근 이탈리안 레스토랑에 비하면 꽤 괜찮은 가격대. 점심시간에는 웨이팅이 꽤 길다.식전빵은 파이브로브즈 해초빵과 베이컨 바게트를 쓴다. 치보 식전빵이 너무 맛있어서 손님들의 요청에 파이브로브즈를 운영하기 시작했다는 썰도 있다. 따끈할 때 먹으면 정말 맛있음!소고기가 올라간 샐러드는 꽤 괜찮다. 빵가루를 살짝 입혀 구운 소고기와 토마토가 잘 어울림.비텔로 파스타는 버섯과 소고기가 듬뿍 들어간 토마토 파스타. 고기에서 약간 소냄새가 나긴 했지만 그리 거슬릴 정도는 아니다. 하지만 너무 무난하고 특징 없는 맛이라 다시 먹고 싶지는 않음.라구 파스타는 왜 이게 라구인지 모르겠다. 닭고기와 새우가 들어 가고, 소스는 맑은 토마토 베이스. 심지어 새우는 두 마리 뿐...자리는 좁은 편, 가게가 작아 약간 소란스럽다. 외대에서 굳-이 파스타가 땡긴다면 와 보길!",괜찮다
3247,치보,소금,식전빵으로 근처 가게 파이브로브즈의 빵이 나와요,괜찮다
3248,치보,루루,ㅎㅎㅎ 이동네에 잘 없는 파스타 맛집인듯,맛있다
3249,치보,qwert,식전빵이 5로브즈에서 나오는것이라 맛있다. 특히 해초빵이 부드럽고 내스타일!!크림파스타 여기보다 맛잇는데 못가봄 존맛임 가격도 그렇게 안비싼거같음,맛있다
3250,라구퀸,DD,"라구파스타가 먹고 싶어서 들린 라구퀸가게 이름에 “라구”가 들어가니 당연히 맛있겠지. 라구파스타와 바질페스토 파스타를 주문. 두 파스타의 맛은 정말 괜찮았다. 그러나 인상적이지는 않았다. 이정도 맛의 파스타는 각자 동네에 한 두군데쯤 있을듯. 일부러 찾아가지는 않겠지만, 매우 친절한 스태프와 유럽 비스트로 같은 친근한+이국적인 분위기로 (두 컨셉이 공존할 수 있다는 게 놀랍지만! 사실이다.)동네 들릴 일이 있다면 방문할만한, 나름 매력이 있는 레스토랑.",괜찮다
3251,라구퀸,하몽이,라구 좋아해서 방문해봤습니다. 두 명이 가서 세 개 시키려했더니 많을 거 같다고 만류해주시는 모습에서 감동받았습니다. 아! 여기는 맛있게 먹을 만큼의 음식을 파는 양심적인 가게구나! 싶었거든요. 물론 싹싹 안 남기고 다 먹고 나왔지만요^^ 라구라자냐(14000) 쉬림프바질페스토(13000) 엔쵸비파스타(13000) 먹어봤는데 다 맛있었어요 추천합니다!,맛있다
3252,라구퀸,미동이,ㅜㅜㅠㅠ,별로
3253,라구퀸,jy,"라구소스가 정말맛있어서 포장해간적도있어요:)모든메뉴가 괜찮고, 식전빵도 몽글몽글 부드럽고 맛있어요.토마토소스요리가생각날때 젤먼저 떠오르는집이예요.분위기도 아기자기하고 깔끔하고, 그릇이 예뻐요.데이트로도 좋아요:)추천메뉴:  라구라자냐, 엔쵸비파스타, 쉬림프바질페스토",맛있다
3254,라구퀸,궁궁,"오랜만에 방문한 회기. 못 온 사이에 많은 음식점들이 새로 생겼습니다. 그 중 회기에서 귀한 양식 전문점이 생겼습니다.가게 이름부터 라구퀸인 것을 보아 라구소스 전문 음식점 입니다. 또한 많은 회기인들이라면 아실 제이비파스타에서 새로 오픈한 가게라합니다.  주문한 메뉴는 리코타 치즈 샐러드, 라자냐, 살몬 링귀니 파스타 입니다.회기 학생들에게 인기가 있을 만한 개성있는 인테리어 및 퀄리티인 것 같습니다.(라자냐가 좀 답니다.)",맛있다
3255,라구퀸,이리저리,어린이날 기념으로 오랜만에 친구를 만나면서 맛집을 급하게 찾다가 가게된 곳인데 대만족했습니다라구링귀니라구라자냐감자튀김셋다 너무 맛있었어서 무조건 재방문!!,맛있다
3256,라구퀸,배동이,"제가 파스타를 너무 좋아해서 맛집을 많이 다녀봤다고 자부하는데 이 집은 그 중 베스트 3위 안에 들 정도로 맛집입니다~ 라구 파스타 소스가 너무 맛있고, 메뉴에는 없지만 부탁드리면 만들어주시는 쉬림프 링귀니도 면발도 알단테로 탱글거리면서 감칠맛나는 소스가 환상의 조화를 이룹니다. 사장님도 늘 친절하게 맞이해주세요~ 강추합니다!!",맛있다
3257,코지인무르무르,로우니,대학로에서 먹을 수 있는 나쁘지 않은 양식집이라고 생각해요 간이 꽤나 센 편이고 주방과 홀이 가까워서인지 음식냄새가 홀에 가득한 느낌이 있어요 특히 트러플향이 압도적입니다 음식 자체는 무난한 편이라서 가끔 양식 먹고싶을 때 배달하거나 매장 방문해서 먹기 괜찮아요,괜찮다
3258,코지인무르무르,쿠리뷰,"가게이름 : #코지인무르무르⠀위치 : 서울 동대문구 회기로 139(경의중앙/경춘/1호선 회기역 1번출구)⠀메뉴/가격 : 목살플레이트 13800원레몬민트쉬림프 파스타 13800원샹그리아 4300원⠀평가 : 9.5점 / 10점회기에 있는 맛과 비주얼을 모두 잡고 가성비까지 훌륭한 양식 맛집 코지인무르무르를 다녀왔습니다! 여긴 올때마다 기대를 하고오는데 항상 성공하네요⠀목살플레이트와 레몬민트쉬림프 파스타, 리조또메뉴 1개, 샹그리아 2잔을 주문했습니다! 스테이크, 파스타, 리조또 조합은 이탈리안 레스토랑의 교과서 같은 느낌이죠ㅎㅎ⠀잘 익은 두툼한 목살이 잠발라야 위에 올라가있고 샐러드와 같이 나오는 목살플레이트입니다! 잡내도 없고 기름기까지 쏙 뺀 목살은 엄청 부드럽고 맛있더라구요 저는 잘 구웠을 때 기준 삼겹살보다 목살을 더 좋아한 편입니다⠀아래에 깔린 해산물리조또 느낌의 잠발라야도 이름은 상당히 어색한데 맛은 거리감없이 상당히 맛있고 익숙한 맛이군요! 일단 밥메뉴에다가 간이 잘 잡혀있고 소스가 맛있어서 목살과 넘나 잘 어울리는 것⠀레몬민트쉬림프 파스타는 들어간 재료가 참신한 조합인데요!? 레몬이 들어가는거부터 신기한데 민트까지..! 호불호 갈리는 그 민트까지는 아니고 풀떼기만 몇개 들어가서 향을 잡아주는 역할☆⠀오일파스타답게 올리브오일이 촉촉하게 깔려있고 그 안에 가득한 감칠맛과 레몬 제스트와 민트의 향긋한 향이 들어가서 세상 고급지고 깔끔한 맛의 파스타입니다⠀토마토소스나 크림소스, 로제소스 등의 진한 소스를 좋아하는 편인데 이 정도 오일소스라면 오일파스타도 절대 밀리지 않을 듯 합니다 기가막힌 저 소스와 과하지 않게 조절된 향까지 완성도가 상당하네요⠀이 집의 또 하나의 포인트인 샹그리아는 화이트와인에 신선한 과일들이 듬뿍 들어가서 전체적으로 상큼한 맛과 향이 인상적이고 끝맛이 살짝 달달하기까지 한 주류입니다!⠀목살과 오일소스 등이 먹다보면 살짝 무거워질 때가 있는데 그 때 샹그리아 한 모금해주면 세상 깔끔하게 정리되는 느낌이죠ㅎㅎ 맛이 세지도 않고 알코올 도수도 적당해서 이탈리안 음식들과 궁합이 너무 좋아요⠀계속 칭찬만 하는것 같은데 실제로도 그렇게 느끼고 맛보고 온거라 달리 표현할 방법이 없네욬ㅋㅋㅋ 먹어본 메뉴들이 하나같이 다 맛있고 깔끔하면서 고급진 느낌까지 나는 곳, 샹그리아뿐만 아니라 바뀐 식전빵조차 맛있는 회기 최애 집입니다..전에 방문했을 때는 샹그리아 가격이 좀 더 비싸고 레드/화이트 종류가 있고 보틀로도 판매하셨던 것 같은데 이번에는 화이트를 잔으로만 판매하시는 것 같았어요! 가격도 4천원대로 부담이 확 줄었네요ㅎㅎ⠀아 그리고 예전 리뷰들을 보다가 알았는데 메뉴 가격들이 다 저렴해졌군요?!? 파스타도 만원중후반대였는데 만원초반대라니.. 이전 가격도 워낙 맛있고 양도 괜찮아서 비싸다고 생각못했는데 더 저렴해지다뇨 세상에⠀그리고 매번 신메뉴를 출시하고 독특한 조합을 만들어 내시는 곳이라 다음 메뉴도 기대되는 곳입니다 오랜만에 고득점 맛집 빠박",맛있다
3259,코지인무르무르,jy,"식전빵을 식사 다 나오고나서 챙겨주셨어요. 촉촉한 식전빵에 리코타치즈발라먹으니 맛있더라구요. 배달주문이 워낙 많아서 알바생분이 넘 바빠보였는데 매장 서비스 조금만 더 신경써주시면 좋을것 같아요. 식사는 전반적으로 만족했습니다.● 샹그리아: 갸우뚱한맛?!오렌지향이강한 화이트샴페인 느낌인데, 저는 레드와인베이스의 샹그리아는 먹어봤는데 화이트는 처음이라 신선했으나 또 찾아먹고 싶은정도로 맛있진 않았어요.● 트러플알리오올리오: 트러플향이 매우매우강했어요.올리브오일이아니라 트러플오일로 요리한 느낌. 간이 센것 같았지만 그래서 느끼하지 않아 맛있었습니다.● 통목살찹스테이크앤 토마토라따뚜이: 라따뚜이랑 스테이크가 따로나오는줄알았는데, 라따뚜이에 찹스테이크가 들어가있었어요. 해쉬브라운이랑 같이 먹으니까 탄수화물이 갖춰지니 맛이 조화로웠습니다.",맛있다
3260,코지인무르무르,분당동,망플 평점이 낮을 이유는 없는 것 같다. 외대-회기 중에서 여유로운 분위기를 누리기 좋다. 좌석사이 공간도 넓고 인테리어도 좋다.세가지 치즈 파스타는 좀 평범했고 목살매콤크림파스타는 매우 맛있었다. 다만 목살이 조금 뻣뻣했다.그전에 먹었던 꿀갈비리조또가 정말맛있었는데 이번에는 패쓰~,맛있다
3261,코지인무르무르,형석,"지금 만나러 갑니다 이벤트로 방문하게 된, 머나먼 경희대 앞 작은 캐쥬얼 레스토랑딱 생각했던 수준과 맛 그정도 5명이서 다양한 메뉴를 주문해서 먹었는데 파스타는 적당했고 개인적으론 스테이크들이 좀 별로였음 서가앤쿡 미니버전? 구성은 나쁘지 않은데 육즙이 1도 남지 않은 굽기가 둘다 최악이었음.. 혹평일색의 두 로제는 뭐 그냥저냥와인 가격이 생각보다 상당히 저렴했고 콜키지도 무료라 그부분에서 가산점",괜찮다
3262,코지인무르무르,즌짱,"솔직히 굉장히 실망이 컸던 곳 (머리짚는 이모티콘)로제 소스가 기대 이하였다는 평이 우세했고, 스테이크는 오버쿡.. 시어링을 좋아하시나^^ 싶었지만 전체적으로 오버쿡되었다는 느낌이 강했다. 내가 먹은 문어 봉골레는 그나마 맛있는 편이었지만, 다시 방문할 생각은 없다. 이 정도 가격대와 이 정도 퀄리티와 서비스라면, 경희대 인근에서도 다른 선택지가 충분히 있다고 생각함. 아 그리고 식전빵이... 굉장히 신기하고... 신기했다. (참고로, 여기서 신기하다 =/= 맛있다)하나 큰 장점은 콜키지프리. (형석님 덕분에 와알못 즌 맛있는 와인을 마실 수 있었습니다. 감사해요S2)서비스 면을 이야기하자면, 무르무르 세번째 가게인데다 오픈하고 좀 지나서 여러 모로 체계가 잡혀있을 줄 알았는데 전혀 아니었다. 5-6인 예약을 하고 갔고, 공간이 협소해서 원래 떨어져있던 테이블을 붙여서 자리를 만들어주셨다. 그런데, 바뀐 자리가 익숙하지 않으셔서 그런지 끄트머리에 앉은 분을 계속 치고 지나가시고... (적어도 여러 번 부딪치면 사과와 함께 주의가 필요하다고 생각.) 그릇 역시 깨끗하지 않은 상태. 심지어 주문을 받는 것도 서툴고-서툰 것이야 이해할 수 있고 핸드폰에 주문을 받아 적느라 늦어지는 것도 이해할 수 있는데- 그 와중에 메뉴 누락도 발생했는지 '곧 나와요!'라는 말 이후로도 한참을 더 기다려야했다.무엇보다도, 코로나19로 인해 개인 위생이 중요하다고 말하던 시점에서 홀 직원 및 주방 직원 전원이 마스크도 안 쓰고 있었고, (필수는 아니지만) 매장 내에 손소독제도 없었다. 당시에 동대문구 확진자가 0명이었다지만, 2월 말 한창 시끄럽던 그 시기에 ^^... 조금 주의를 한다면 더 좋았을 것 같다.",별로
3263,코지인무르무르,Ray,- 로제 소스만 믿고 걸러도 '괜찮다' 가능할지도. - 가보고 싶다면 좀 더 저렴한 런치 메뉴로 도전해보는 게 나을 듯. 공식인스타(murmur_cozy)에서 오늘의런치 확인하실 수 있어요!홀릭이벤트로 방문해 총 7가지 메뉴를 주문했고요. 그중에서 제가 맛본 4가지 메뉴에 대해 써볼게요. 참고로 제가 맛보지 않은 나머지 3가지가 호평이었습니닼ㅋㅋ우선 식전빵이 머핀 비슷하게 생겼는데 하나는 굉장히 타서 나왔더라고요ㅋㅋㅋㅋ 맛은 짭쪼롬했는데 이게 빵 자체 맛이었는지 치즈를 발라서 그랬던 건지는 기억이 안 나네요. 여튼 간간한 맛에 쫄깃한 식감이 꽤 괜찮았는데 식전빵으로 적절한지는 조금 의문이었어요. 제가 고른 스캘럽로제리조또(16800)의 로제 소스는 풍미 따위 1도 없었는데요. 제법 최근에 먹었던 이탈리안 중 한 곳도 소스들이 이런 느낌이었던지라 슬픈 데자뷰를 느꼈습니다ㅋㅋ 게다가 믿었던 관자마저 그냥 그래서 아쉬웠어요ㅠㅠ라자냐&구운야채(17800)도 똑같은 로제였고요. 다른 파스타 드신 분들은 만족하셨던 거 보면 로제 소스만 거르셔도 될 거 같아요ㅋㅋ 특이했던 게 라자냐 속 고기가 향신료 향이 강한 게 케밥 비슷한 느낌이었어요!스테이크류는 크림리조또랑 콜드파스타 같은 게 곁들여 나오는데요. 제 리조또에 실망해서 그랬는지 리조또엔 손도 안 댔던 게 이제와서 아쉽네요ㅋㅋ 콜드파스타는 피자헛 샐러드바에서 먹던 맛인데 그 위에 있는 치즈가 좋았어요. 엄청나게 타서 나온 이베리코 통목살 스테이크(22800)는 냄새가 너무 나서 입에 넣은 한 점만 겨우 넘겼습니다. 평소에는 냄새 나는구나 생각하면서도 그냥 먹는 편인데 정말 오랜만에 도무지 먹을 수 없는 고기를 만났어요ㅋㅋㅋ그에 비해 채끝등심 찹스테이크(26800)는 제가 맛본 메뉴 중 제일 괜찮았어요. 지금 보니 최고가의 위엄인가요ㅋㅋㅋ 플레이팅은 도대체 뭐가 나온 거지 싶었지만 맛은 적당히 달짝지근하니 괜찮았습니다. 버섯이 어마어마하게 나오니 버섯을 싫어하시는 분은 주의하세요!,별로
3264,코지인무르무르,띵시,"가성비 ●●●●○맛 ●●●○○분위기 ●●●●○재방문의사 70기대치가 낮아서 그랬는지 대체로 만족스러웠음! 이전 리뷰들 속 사진에 비해 플레이팅이 고급스러워진 것을 보니 나름의 프리미엄화를 시도한 듯함. 신메뉴라는 이베리코 스테이크 플레이트 및 문어 봉골레를 주문함. 봉골레는 깔끔한 감칠맛이 돌아 좋았음. 조개도 꽤 많이 들어가고, 문어 다리가 꽤 크고 통통해 놀랐음. 다만 문어가 약간 오버쿡되어 정말 정말로 자르기 힘들었음... 그 점만 빼면 가격 대비 만족만족. 이베리코 스테이크 플레이트는 15000원 밑이라는 가격 치고 구성이 아주 좋음! 한 플레이트에 스테이크 두 피스, 매시드 포테이토와 각종 구운버섯, 트러플 머쉬룸 리조또, 파스타 샐러드와 직접 만들었다는 리코타치즈가 올라감. 스테이크가 약간 느끼하고, 파스타샐러드가 기성품 맛이 난다는 점 빼면 만족. 가성비 귯그 외 화이트와 레드 상그리아는 와인에이드 느낌으로 낮에도 부담 없이 마시기에 괜찮았고, 달걀향이 부드러운 식전빵 역시 만족스러움. 존맛! 이라기에는 많이 모자라지만, 은근 먹을 것 없는 회기에서 이 정도면 선방했다고 봄. 대학생 커플들 데이트코스로 추천.#아무리뷰 13",맛있다
3265,코지인무르무르,영수증버려주세요~,"메뉴가 한정적인 것과 식당 내부가 환기가 안된다는 것 빼면 나무랄 곳 없는 곳.물에 허브랑 자몽/레몬 한 조각씩 들어있어서 상큼한 향이 정말 좋고파스타는 아기자기한 구성으로 트레이 하나씩 나온다.같이 나오는 빵이랑 크림치즈가 굉장히 잘 어울린다.파스타 면도 늘 적당한 익힘에 맛도 좋다.파스타에 그린빈스 올려주는 것도 귀엽고, 가지랑 마늘 몇 개씩 들어가 있는 것도 귀엽다.그린올리브랑 할라피뇨, 오이피클도 함께 나온다.하나씩 먹어보는 중인데 여태까진 연어 올라간 게 가장 맛있었다.베이컨이 짠 편이라 싱겁게 먹는 사람은 다른 메뉴 시키는 게 좋을 것 같다.",맛있다
3266,코지인무르무르,미콩,"◇무르무르3rd ,양식 한상차림, 경희대 근처, 탈대학가물가, 평범!성북구의 무르무르드구스토, 이문동의 무르무르드마르젬, 그리고 회기동에 코지인무르무르가 생겼어요! 마침 점심 먹을 시간이 생겨서 멀리까지 나와봤어요 ㅎㅎ저는 바질&마르게리타 파스타를 주문했어요파스타는 마치 일본 규동을 담는 듯한 그릇에 담겨 나왔어요! 나무트레이에 서브되는 것도 어딘가 일본 가정식을 떠올리게 해요 이색적이라고 볼 수도 있겠네요 그렇다고 맛이 크게 달라지는 것은 아니지만.맛이 없는 것은 아닌데 엄청 특별히 맛있다는 느낌도 없었어요 꾸덕하긴 하지만 토마토 소스가 이곳만의 맛을 냈다고는 할 수 없는,, 솜씨 좋은 친구가 자취방에서 만들어줬을 때와 비슷했어요 ㅎㅎ;; 아무래도 대학가다보니 근방 음식점들과도 가격이 비교되는 것도 어쩔 수 없군요! 그래서인지 손님 중에서도 학생분들이 많이 보이지는 않았어요전식인지 후식인지 공갈빵 같은 것이 함께 나오는데 식사 후 조금씩 뜯어 먹으면 마무리되는 느낌이더라구요 ㅎㅎ 뭔가 공장맛나게 생긴 비주얼과 달리 수제빵 맛도 났어요!!재방문의사는 없어용!",괜찮다
3267,제이비파스타,예송이,대학가의 꽤나 괜찮은 파스타집!그냥 파스타집 이라기에는 따끈한 식전빵을 주시고 나가는 길에 미니 초콜릿을 쥐어주신다막 멀리서 찾아올 맛집은 아니더라고 학교 근처에서 꽤 괜찮은 파스타를 먹고 싶을 때 올만한 곳! 일반 파스타는 만원~만천원 정도의 가격이고 시그니처 파스타는 만사천원 정도이다.봉골레(13.0)와 시그니처 메뉴 중 하나였던 볼케이노(14.0)을 주문했다. 봉골레에는 바지락이 아닌 모시조개가 충분히 들어가있었다. 면 익힘도 적당하고 감칠맛나는 오일소스가 잘 어우러졌음! 볼케이노는 상당히 매콤했는데 기분 좋게 매운 맛이라 스트레스가 풀렸다는 후문 ㅋㅋ,맛있다
3268,제이비파스타,사이코는못말려,볼케이노 파스타...4년 전보다 4천원이 올랐다...☆양도 많고 맛도 있지만...! 특별한 느낌은 없다.. ㅠㅠ아쉬운 마음...,괜찮다
3269,제이비파스타,서현,무난무난한 파스타랑 흠...꽤나 얇았던 고르곤졸라피자! 꿀은 미리 발라져서 나와욧 일부러 찾을 식당까지는 아닌거 같다ㅠㅠ 사장님들이 조리와 서빙을 동시에 하셔서 메뉴들은 여유롭게 받는편이고 가게도 아담해서 많은 인원은 힘들듯ㅠㅜㅜ 3~5시가 브레이크타임이라 방문 하실분들은 참고하세여,괜찮다
3270,제이비파스타,미동이,나쁘지 않다,괜찮다
3271,제이비파스타,트라울,맛이 없진 않는데 그렇다고 맛있다고 하기에는 애매한 느낌? 피자가 생각보다 많이 얇았어용여자 둘이서 갔는데 파스타 피자 시켰다가 다 먹어갈 때쯤 서로 시선 교환하고 파스타 하나 더 시키기로 했습니다ㅋㅋㅋㅋ오일파스타가 그저그럼과 별로 사이였고 로제는 그나마 나았던 것 같네용저는 이 맛이라면 차라리 언더파스타 가서 저렴하게 먹겠어요!,별로
3272,제이비파스타,즌짱,"꽤 유명세 있는 곳으로 알고 있는데, 개인적으로 그 기대에 못 미쳐서 아쉬웠어요. 이달의 파스타와 풍기 오일 파스타를 먹었는데, 메뉴판에 써있던 '매콤한'이 다 사라진 느낌 ㅎ..ㅎ 오일 파스타 촉촉하고 면도 적당히 잘 익고 괜찮긴 한데... 뭔가 와 엄청 맛있어! 는 안되는... ㅠㅠ 아, 양은 갱장히 많아요.마감하시려던 차에 받아주신 것 같았는데 늦은 시간이라 그랬던 걸까요? ㅠ 첫 방문이었던 터라 잘은 모르겠지만 좀 아쉬웠어요.",괜찮다
3273,제이비파스타,으니,해산물 토마토 파스타랑 까르보나라 먹었어용 ㅎㅎ 저는 까르보나라보다 토마토가 더 끌리는 맛이었네용 !!,맛있다
3274,제이비파스타,ei,여기 완전 맛있어요 점심시간에 갔는데 웨이팅 1번이었어요 양도 많아서 다 못 먹고 나왔어요,맛있다
3275,제이비파스타,kkonoo,흠.. 메뉴마다 차이가 있는건지.. 유명하대서 가봤는데 저희는 마르게리따 피자랑 감베로니 로제 파스타 먹었어요. 파스타는 그냥 평범했고 마르게리따 피자는 치즈가 짰던건지 좀 많이 짰어요..,별로
3276,제이비파스타,Ansu,회기시장 맛집 JB파스타 드디어 가봤다! 파스타 종류도 다양하고 정말 맛있었다. 풍기 파스타는 버섯 향도 살아있고 좋았다.,맛있다
3277,제이비파스타,사이코는못말려,오일 까르보나라(10000원) 먹었어요~ 저는 오일 많은 거 좋아해서 그런 걸 기대했는데 생각보다 오일은 적었답니다 그래도 맛있었어요~~ 다음에도 또 올거예요~~,맛있다
3278,제이비파스타,만종스,"경희대 친구가 너무너무 가고싶다고 노래를 부르던 JB파스타! 드디어갔다!파스타 두 개를 시켰는데 개인적으론 감베로니 파스타가 더 맛있었다! 크림이 꾸덕꾸덕한게 진짜 존맛ㅠㅜ아라비아따도 맛있는데 크림이 너무 맛있어서 빛을 못 본 듯 ㅎㅎ파스타 양도 꽤 많고 좋았다~.감베로니 파스타 (₩10,000)아라비아따 파스타 (₩10,000).매장 小 맛 @@@@가성비 @@@@총점 @@@@",맛있다
3279,제이비파스타,맹고,20170324까르보나라(10000)랑 마르게리따(7000) 먹었어요! 까르보나라는 찐~하고 꾸덕해서 좋은데 무언가 다른 파스타랑 다른 맛..? 양은 많아용 학교 앞이라 점심 시간에 웨이팅 해야해요! 후식으로 초콜릿 두 개를 주셨어요오오옹 초콜릿은 달달합니댜,괜찮다
3280,제이비파스타,Lee,가격과 양이 정말 괜찮은집. 다른 어정쩡한 가격의 어정쩡한 파스타집들 보다 맛이 좋다. 직원분도 항상 웃으면서 대해주시고 마지막엔 조그만 초콜릿도 챙겨주신다!,맛있다
3281,제이비파스타,피글렛,좋아하는 곳 중 하나에요그치만 전 까를로봉봉이 더 좋아요까를로 봉봉이 3000원정도 더 비싸지만..그치만 오일 파스타는 굿입니다간이 심하게 짜다는걸 빼면 가성비 정말 훌륭한 곳이라 생각합니다피자가 싼건 특히 최고에요식사시간에 가시면 웨이팅은 필수입니다,맛있다
3282,제이비파스타,김은정,소스를 듬뿍 주셔서 좋아요. 그리구 여긴 알리오올리오가 제일 맛있고요 봉골레도 수준급입니다. 오일파스타를 잘하는곳이예요. 다른 소스에 버무려진 파스타도 맛있습니다 ㅎㅎ쉐프님도 훈남이시고요. 회기에 갈때면 꼭 들렀다 가는 집입니다. 혼자서라도 가고싶은곳. 다만 맥주 한병씩 먹다보면 둘이서 3만원 금방임 ㅋㅋ 데이트할때 가보세요!,맛있다
3283,호랭이양식당,kkonoo,"적당한 가격, 무난한 맛. 파스타 먹고싶을 때 가세요",괜찮다
3284,호랭이양식당,이리저리,맛있었어요! 목살 필라프랑 알리오 올리오 먹었는데 목살필라프도 좋았구 알리오 올리오에도 마늘이 아끼지 않고 많이 들어가서 벙말 좋았습니다. 또 방문하고싶은 식당,맛있다
3285,호랭이양식당,띵시,"가성비 ⚫️⚫️⚫️⚫️⚪️맛 ⚫️⚫️⚫️⚪️⚪️분위기 ⚫️⚫️⚫️⚪️⚪️재방문의사 65멜란자네를 그리워하는 친구와 함께 가지튀김 맛보러 방문. 점심 피크시간에 도착하니 약간의 웨이팅이 있었음. 자리는 금방 빠짐. 둘이서 멜란자네와 청양크림파스타 주문하니 충분충분! 가지튀김은 소스가 자작하고 가지 특유의 촉촉함을 잘 살린 채로 튀겨 꽤 만족스러웠음. 중식 바이브도 느껴지는 듯했음! 가지를 기름에 담갔다 토마토 소스 뿌리고 치즈 착착 뿌리면 맛이 없을리가요... 여튼 대학가 특수로 저렴한 가격에 좋은 메뉴를 양껏 먹을 수 있어 만족.청양파스타는 이탈리안 아니고 한식이죠...! 집에서 파스타 만들 때 페퍼론노보다 청양고추 만드는 걸 좋아해서 매우 만족. 가지와 마찬가지로 소스가 자작해 밥을 부르는 맛.섬세한 맛은 절대 아니나, 가격도 괜찮고 양도 든든해 근처 대학생 새내기 cc들 데이트하기에 좋아 보임.",괜찮다
3286,호랭이양식당,미동이,페퍼로니 피자가 괜찮다,괜찮다
3287,호랭이양식당,먹짱,저렴한데 퀄 좋은 양식당!청양고추크림파스타...? 였나 그게 최애입니다,맛있다
3288,호랭이양식당,서울촌놈,"알료올료 8800청양고추크림파스타 10500싼 파스타에 대한 편협된 시각을 깨부수긴 아직 일렀던 것 같고, 적당히 만족하고 온 파스타집입니다 :)! 가성비 최고!일욜 오후 5시? 즈음에 방문했는데도 피자가 다 떨어져 먹을 수 없다고 하더라구요. 넘나리 너무한것알료올료 - 만원 이하로 먹은 알료올료 중에선 제일 맛있었습니다. 마늘 + 버섯 + 치즈 조합도 잘 어울렸고, 무엇보다 가끔가다 사이드를 투머치로 넣는 경우도 많았는데 적당해서 너무 좋았어요! 기름도 느끼함보다는 고소함이 크게 올라와 먹는 내내 질리지 않는 맛였습니다.또한 이 집은 면을 특히 제 스타일대로 잘 삶더라구요. 꼬돌면과 퍼진면 사이의 그 느낌적인 느낌. 너무 좋아요.청양고추크림파스타 - 크리미+매코미의 조합은 말해뭐합니까. 사실 한 입만 먹어봐서 정확하게 뭐라고 얘기는 몬하겠는데 오 음 오 괜춘 맛있네 할 정도의 맛이였어요. 미-미 정도의 맛은 아니고, 동급가격대의 파스타에 비하면 훌륭한 깊이를 주는 크리미였습니다!지갑사정이 애매할 때, 동네 근처에서 급하게 파스타가 먹고싶다, 하면 또 올 것 같아요. 근데 지갑이 낭낭하거나 할 때는 다른 곳 갈래요!",맛있다
3289,호랭이양식당,즌짱,알리오 올리오와 해산물 필라프.이 곳 알리오 올리오는 이 가격대에 이 정도면 진짜 감사합니다 싶은 맛. 최애 메뉴임.해산물 필라프에는 홍합 껍데기가 섞여 있었어서.. 그리고 간도 좀 덜 된 느낌? 그래서 좀 별로. 등심 필라프인가..? 개인적으로 그게 더 나은 듯!! 등심 필라프는 존맛이었음.데이트하기 좋은 장소이며 낮술하기 좋음 ㅎㅅㅎ 맥주 종류 다양함,괜찮다
3290,호랭이양식당,미콩,"데이트 최적 장소 호랭이 양식당제가 이 음식점에서 가장 놀랐던 점은 체인이 아니라는 것..인싸 친구가 함께 가줘서 와볼 수 있었어요청양고추 크림파스타, 호랭이 목살 스테이크 주문청양고추 크림파스타는 꼬릿~한 치즈가 듬뿍 올라가있는 크림파스타예요 막상 맛을 보면 치즈가 엄청 풍부하게 느껴진다거나 크림이 풍부하게 느껴진다거나 하는 맛은 아닌데 전반적으로 조화는 괜찮아요 면도 잘 익었구요 청양고추 안 들어갔으면 이 메뉴는...^^ 저는 매운걸 워낙 잘 먹어서 청양고추를 막 주워 먹어도 매운 맛이 하나도 안 느껴졌는데 같이 먹은 친구는 매운 것을 잘 못 먹어서 좀 매콤하지만 느끼한 것을 잡아주는 역할을 해서 좋다고 했어요 먹다가 엄청 물리는 느낌은 아니어서 좋았어요목살스테이크는 처음 받았을 때 어디선가 닭가슴살스테이크 냄새가 솔솔..ㅋㅋㅋ 뭔가 맛과 식감은 양념 잘 된 떡갈비 먹는 기분이었어요 잘게잘게 자르다보니 힘줄처럼 질긴 부분 덕분에(?) 스테이크의 정체성을 드러냈다고 할 수는 있었지만.. 다시 생각해봐도 이건 떡갈비와 .. 양념 갈비.. 그 어딘가에 있는 애매모호한 메뉴였어요 맛은 나쁘지 않았어요!분위기나 맛이나..뭔가 여대생 타겟팅 제대로 한 느낌데이트 성지답게 아주 그냥 커플들이..^^한 번쯤 방문해보기 괜찮은 곳 같아요양이 은근 많았어요! (여자 2인 기준)",괜찮다
3291,일곱평,풀롱옹,"무난무난하게 먹었던 파스타집! 처음에 파스타 나오기 전에 케이준샐러드가 나오고 후식으로 푸딩도 같이 나와요!가격은 12000원대로 무난했던 것 같고, 맛도 괜찮아요!매콤로제베이컨파스타는 생각보다 매콤했어요! 그래도 맛있게 먹을 만해요! 바질크림리조또엔 새우가 통통해서 맛있었고 버섯도 통글했어용! 식당이 딱 7평이라서 가게 이름이 일곱평인 것 같았어요! 화장실은 문이 엄청 작아요여자 알바생분이 정말 친절했어요!",괜찮다
3292,일곱평,미콩,여기 배달해서 혼자 먹으려면 가격적인 면에서 조금 부담은 돼도 맛은 떨어지지 않는데 생각보다 평점이 낮아서 오잉스럽다! 파스타를 위한 소스에 쓰는 재료를 아낌없이 쓰는게 느껴지고 함께 오는 케이준 샐러드도 너무 냉동음식같은 느낌 없게 잘 오는데..! 면은 살짝 단단한 느낌이어서 좋고 꾸덕꾸덕한 파스타가 먹고 싶을 때 시키면 좋다. 닭가슴살도 숭덩숭덩 넣어주셔서 살짝 헬스를 위한 음식 같은 느낌도 있다ㅋㅋㅋㅋㅋ 먹으면서 근성장하는 느낌(?). 케이준 치킨도 바삭바삭 잘 튀겨졌고 뽀얀 속살이 마음에 든다. 마카롱은 나쁘진 않지만 약간 한국화가 많이 된 느낌이라 ㅋㅋㅋ 마카롱 그닥 좋아하지 않는 내게는 그저 그랬다.,맛있다
3293,일곱평,행복한 나나나,아기자기한 자극적인 그러나 귀여운 그렇지만 맛에서 인상깊지 않은그러나 친절한 곳정말 7평짜리 집을 개조한 식당맛은 나쁘진 않았지만 그래도 맛이 와!!!! 이정도는 아니였어서 … 그냥 그랬다 식전 샐러드에 치킨후라이드가 있어서 우와~! 했는데식다못해 차가운 ..리조또는 맛있긴 했는데 맛이 너무 쎄고 오일 파스타는 약한 .. 그냥 그런 맛이였다다시 간다면 안갈꺼에요 ( ꈨຶ ˙̫̮ ꈨຶ ) 죄송요 너무 친절하셨는데그리고 식사 중 옆에서 손님 테이블에 파스타면이랑 밥 널어놓고 선풍기 놓고 식히는데 좀 … 먹기가 싫어지는 … 동행인이 고른 식당이라 그냥 조용히 따라갔으나 망플 평점 낮은거에 두근거렸다능~ 외려 근처 감자탕 맛집이 있어보였다는 먹깨비의 감으로 그곳은 엄청난 맛집으로 보여뜸 다음엔 거기에 가봐야지,별로
3294,일곱평,심아호,까르보나라랑 로제 리조또 먹었습니다! 가격은 다 12000원으로 통일이었어욤. 근데ㅠㅡ너무 맛이 없었습니다. 사장님이 오일을 많이 사용하시는 지 딱 먹자마자 오일향이 강하게 났어요. 그런데 오일향이 꺼지고 나니까 산미가 강하게 느껴졌습니다...파스타를 먹는데 시큼한 맛이 너무 많이 났어요. 차라리 식전에 나오는 샐러드가 더 맛있었습니다...가게는 한옥 인테리어에 너무 이쁜데 좁아요ㅠㅠ그리고 제가 갔을 때는 왜인지 저희 일행 빼고 다 외국인 분이셨습니다..이태원 온 줄..ㅎㅎ별로...재방문은 안 할 것 같습니다.,별로
3295,일곱평,메롱,가성비 괜찮아요 ㅎㅎ굿굿,괜찮다
3296,일곱평,Mistletoe,대학가에서 괜찮다는 평가 들을만한 정도의 식당맛은 괜찮은 정도지만 분위기 버프가 있다식당 브랜딩 및 인테리어를 잘 했다고 생각,괜찮다
3297,일곱평,띵시,"가성비 ⚫️⚫️⚫️⚫️⚪️맛 ⚫️⚫️⚫️⚪️⚪️분위기 ⚫️⚫️⚫️⚪️⚪️재방문의사 85정통 파스타보다는 소스 짱짱한 k-파스타를 사랑하는 이들에게 추천하는 일곱평. 크리스마스 저녁 식사차 방문했고 여러모로 매우 만족스러웠음!에그인헬과 명란크림 파스타 주문. 메뉴는 가끔 바뀌는 듯함. 전체적으로 적당~히 간간하면서, 섬세함이나 여백의 미보다는 꽉 찬 맛을 중요시하는 듯함. 두 메뉴 모두 소스 자작자작해 한국인이라면 호불호 없이 싹싹 비울 만한 맛. 사라다 샌드위치 등등 애피타이저가 오밀조밀 귀여웠음. 메뉴들 양이 꽤 되는 편. 예약을 하고 방문했음에도, 크리스마스라 그런지 회전률이 느려 자리가 나지 않아 사장님께서 너무 죄송해하며 상그리아를 한 잔씩 서비스로 제공해 주셨음. 아쉬운 점은 자리의 협소함. 하지만 맛도 전체적으로 좋았고 사장님의 친절함이 오래 남아 재방문의사 높은 식당임.",맛있다
3298,일곱평,더치커피워터,"찾아올 때 무심코 지나칠 수도 있다. 외관상 가게인 것을 알기가 쉽지 않다. 이름값 하는 가게, 일곱평. 공간활용을 최대화했음에도 테이블이 다섯개..?밖에 없다. 대학가의 식당이고 설 대체공휴일이라 장사가 될까 싶었는데 금방 꽉 들어찬다.웰컴플레이트 우유푸딩이 세상 맛있다. 따뜻하게 데운 모닝빵은 식전빵으로서 그 역할을 충실히 해낸다. 통마늘 베이컨 오일파스타와 아마트리치아나를 시켰는데 개인적으로 오일파스타가 훨씬 맛있었다. (이는 개인적으로 토마토를 별로 안 좋아하기 때문이다) 마늘이랑 면이랑 정말 잘 어울린다. 아마트리치아나도 괜찮았다. 브런치를 주로 하다가 최근 이탈리안으로 메뉴를 전격 개편했는데 공식 인스타에서는 에그인헬이 생각날 때 추천한다고 한다. 자몽에이드는 별 기대 안 했는데 평균 이상이다. 샹그리아 2인세트도 팔던데 다음에 도전하고 싶다.통마늘 베이컨 오일파스타 (11 정도)아마트리치아나 (12 정도)자몽에이드 L (6.5 정도)...다 정도인 건 제가 정확히 기억이 안 나서 그렇습니다 ㅋㅋ큐ㅠㅜ 다음엔 메뉴판도 찍어 올게요오전 11시 ~ 오후 9시 (브레이크타임 3시 반 ~ 5시)일요일 휴무인스타 @7pyoung",맛있다
3299,일곱평,코랄,"고대 정문에 있는 한옥 개조 브런치 스팟.근처에 있는 또 다른 브런치 레스토랑인 더멜팅과 자주 비교되는데 개인적으로는 더멜팅보다 여기가 더 맛있었다.-일곱평의 아침: 시금치, 치즈, 수란을 베이컨으로 감싸 구워낸 메뉴. 할라페뇨 잼이 특이했다. 약간 점도 있는 매콤한 다진 피클 느낌이었다. -에그인헬 펜네: 에그인헬에 펜네파스타를 추가해서 먹었다. 난 이게 제일 맛있었다.-그릴드 바나나 프렌치토스트: 위에 설탕을 뿌려 카라멜라이징한 바나나가 맛있었다. 블루베리 콩포트가 좀 더 넉넉하게 있으면 좋을 것 같다.다른 지역에서 일부러 찾아올만한 곳은 아니지만 여자들끼리 밥약이나 데이트하기 좋은 분위기다.인테리어는 한옥 개조라서 감성 돋는다. 가게가 굉장히 좁아서 약간 답답했지만 아기자기한 맛이 있다. 점심 땐 타이밍을 놓치면 한팀 정도는 웨이팅을 해야한다. 홈메이드 밀크티를 마셔보고 싶었는데 솔드아웃이었다. 대신 시킨 커피는 나한텐 꽤 진하고 썼다.저녁 때도 오픈하는데 디너 때는 딱새우 감바스나 파스타에 샹그리아를 곁들이면 좋을 것 같다.다음에는 버섯크림소스 파스타를 먹어보고 싶다.",맛있다
3300,일곱평,조은짱,그냥.. 예쁨예쁨한 브런치집 ^^ 안암에 이런거 요즘 많이 생기는추세긴 하지만 특별한건 모르겠넹용.. 맛이 없다는건 아니고 보이는 그 맛 그대로. 메뉴가 적은 것도 아쉬워요,괜찮다
3301,일곱평,Grandma_taste,맛이 없는건 아닌데특별한 맛은 아니네요..블로그에서 되게 맛있다고 해서 갔는데에그인헬도 간이 좀 세고바게트도 그냥 일반적인 바게트..?그리고 양도 좀 작은 편입니다..,괜찮다
3302,일곱평,박수정,고대 정문앞 숨은 브런치 맛집!음식 나오자마자 정신없이 먹어서 사진은 없지만 ㅠ 에그인헬이랑 연어샐러드...? 먹었는데 맛있었어요~브런치 집이지만 파스타도 팔아서 저녁에 와도 괜찮을것 같아요 ㅎㅎ,맛있다
3303,디어테이블,루카스,"카스 별점 ★★★★☆ [4/5]<장안동 브런치카페>이 근방에서 거의 유일한 브런치집이 아닐까 생각합니다. 여기에 이런 가게가 있다고?!하고 놀랐네요. 분위기 내며 먹으러 가기 좋습니다. 매장 내부도 제법 넓직하고 인테리어도 모던합니다. 저희는 브런치 2종류 먹었어요. ♥잉글리쉬 에그 베네딕트(14000원): 수란, 아보카도, 토마토, 베이컨을 올린 오픈샌드위치와 감자튀김, 샐러드가 나옵니다. 수란을 익힌 정도가 상당히 만족스러웠고 비리지도 않았습니다. 제가 방문했을 때는 통감자튀김처럼 나왔는데 요즘에는 패스트푸드점 감자튀김처럼 나오는 것 같더라구요. ♥오믈렛(11000원): 토마토와 크림 중 하나를 고를 수 있는데 저희는 토마토를 골랐습니다. 사실 에그 베네딕트가 맛있긴 했는데 좀 양이 너무 적어서, 둘이서 오시면 오믈렛이랑 같이 시켜먹으면 딱 적당할 것 같아요. 안에는 치즈, 해산물, 야채가 들어있습니다. 치즈가 특히 고소하고 맛있었네요. 에그베네딕트도 맛있긴 했지만 사실 크게 음식솜씨를 요하는 메뉴는 아니라 전 베네딕트보다는 오믈렛이 더 만족스러웠습니다.",맛있다
3304,디어테이블,김경하,우리 가족 가장 좋아하는 외식 장소가끔 직장 동료와도 추천하여 오게되네요크림파스타와 모든 아보카도 샐러드아이들이 좋아하는 팬케이크는 미리 예약해두는 센스 잊지마세요(시간이 좀 걸리거든요)저와 함께온 모든 사람이 만족했어요,맛있다
3305,디어테이블,^.^,리뷰 진짜 괜찮거나 별로일때만 쓰는데 다먹고나서 리뷰써겠다 생각해서 음료 메뉴판밖에 못찍었네요ㅋㅋ 해물오일 파스타 하나랑 토마토피자 시켰는데 피자가 좀 늦게나오긴 했지만 파스타와 피자 모두 정말 맛있었어요! 피자는 토핑이 적고 씬피자여서 양은 조금 적은 느낌이지만 배달피자보다 훨씬 고급스러운 느낌이에요. 해물오일파스타도 재료의 맛이 잘 베어있고 해물도 적당히 들어가있었어요. 그리고 1인1메뉴 하면 아메리카노도 서비스로 주시는것도 좋았네요ㅋㅋ 요새 코로나때문에 예전보다 손님은 많지 않던데 힘내시고 장사 꼭 오래해주셨으면 좋겠어요. 음식 솜씨도 좋으시고 서비스도 좋아서 나중에 꼭 더 잘될 가게 같아요^.^,맛있다
3306,디어테이블,._.,"별로라는 평이 있길래 긴가민가 하다가 브런치가 너무 먹고 싶어서 가깝길래 갔는데 진짜... 너무너무너무너무 별로에요...버섯크림파스타랑 에그베네딕트 시켰는데 버섯크림파스타는 버섯은 오래됐는지 냄새나고 크림도 뭔가 맛이 오래된것 같은 이상한 냄새가 났구요, 에그베네딕트도 제가 이때까지 먹어온 에그베네딕트랑은 재료도 맛도 너무 다르고 싼 느낌이에요 피클도 쉬었는지 한 입 먹고 바로 뱉었어요",별로
3307,디어테이블,eh,음식은 맛있는데 갈때마다 물컵에서 냄새가나서맛있게 다먹고 물마시는순간 비위가  확 상합니다.몇번 말씀드리고 컵도 바꾸고. 물도 바꾸고 했는데냄새가 계속나요.,괜찮다
3308,디어테이블,지유,까르보나라 / 토마토 오므라이스벚꽃이 한창일 때 주말 점심에 갔는데 음식을 무려 40분만에 받았다 웨이팅이 있거나 그런것도 아니었는데 직원이 적어 그런가 음식 받기 전부터 배고픔에 절어있었다 그 배고픈 상태에서 먹었는데도 음식맛은 별로였다 토마토 오므라이스는 집에서 대충만들어먹는 맛이고 까르보나라도 마트 소스맛 이었다 분위기랑 서비스는 나쁘지 않았는데.. 음식과 음식 나오는 시간에서 너무 마이너스,별로
3309,디어테이블,안짠게좋아,장한평 근처에는 입맞에 맞는 식당이 전멸 수준이다. 에그베네딕트는 무진장 투박했다. 햄이랑 슬라이스 치즈가 너무 쌈마이 느낌 나서 부드러운 홀란데이즈 소스 맛을 해친다. 그리고 저 정체 불명의 검은 샐러드 드레싱 싫음. 저거 뭐지 하여간 샐러드 드레싱 맛있는 곳 거의 없는 듯. 정성들여 만든 안주 같은 맛. 맛은 참 저렴한데 가격이...14000원이라는 게 좀 놀랍다. 내가 기억하는 에그베네딕트는 담백하고 깔끔한 맛이었는데.,별로
3310,디어테이블,쩡ㅋ,굳. 에그베네딕트도맛있고 닭가슴살샐러드도맛있당!!!몬가 닭가슴살을 크링같은거에 뭉쳐서주시는데 그게너무마싯당..♥. 동네에 이런거잘없는데 좋다..맛도좋아서 인기잇을법한 식당ㅎㅎ,맛있다
3311,디어테이블,키다리아저씨,유기농 재료를 사용하고 건강하고 맛있는 음식을 추구하는 디어테이블~^^예전보다 메뉴판도 새로워지고~ 좀더 깔끔해진 느낌이다.새로운 메뉴들도 추가가 되었다.다양한 브런치와 오믈렛~ 그리고 파스타 종류를 판매 중이고~ 맛난 음료들도 판매한다.로제파스타의 면도 딱 좋았으며 소스 또한 부드럽고 맛있었다.오믈렛은 양파와 버섯이 가득해서 건강식을 먹는 기분^^한적한 동네에서 이정도 수준의 음식이라면 가 볼만 한듯!! 수제 피클도 내취향!!굿,맛있다
3312,디어테이블,키다리아저씨,장안동에 이런카페가?!?!~ 디어테이블 브런치/파스타/ 오믈렛 등 식사도 가능하고 커피한잔 하기에도 괜찮다~~ 음식재료도 좋은걸 사용하는듯~!! 분위기는 그냥 일반적이지만~ 맛은 훌륭한편!!,맛있다
3313,디어테이블,SongJeesun Yvie,엄청 자주 가는 곳. 새로 생겼길래 눈여겨보다가 한번 가본 후 자꾸만 생각나요ㅋ 브런치메뉴도 맛나지만 파스타도 맛날줄은 몰랐어요. 근데 케익까지 맛있다는건 안비밀. 티라미수 추천. 여기 메뉴 다 먹어볼 예정임. 음식맛도 음식맛이지만 매번 갈때마다 생화를 테이블마다 두시는데 엄청난 정성이 엿보입니다. 분위기도 좋고 맛도 좋은 디어테이블 쌍엄지척!,맛있다
3314,피자헤븐,AlexTheFood,"170910.맛 ★★★☆ 분위기 - 가성비 ★★★ 재방문 의사 있음  주문한 메뉴 (Take-Out) 베이컨 포테이토 치킨 콤보 SET - 29900원 총 29900원진짜 오랜만에 만난 사촌동생!원래 볼 일이 거의 없었는데이번에 경희대 쪽에서 자취하게 됐다고 해서놀러갈 겸 먹을 것을 가져갔다.자취방에는 역시 피자와 치킨이지!하는 생각 + 블로그 협찬 받아 가져간피자헤븐의 치킨콤보세트.테이크아웃을 해갔더니 주시는 게 참 많다.기본으로 나오는 치킨, 피자, 콘샐러드는 제외하더라도,우린 맥주를 마시니 필요없었지만 어쨌든 1.25L 콜라에,허니머스터드 드레싱에, 핫소스에, 피클에 게다가손 잘 닦으라고 주시는 물티슈...★갈릭디핑소스는 내가 따로 추가주문했다!어쨌든 그렇게 가져온 피자헤븐의치킨콤보 세트!열어보면 이렇게나 많이 들어있다.이렇게 보니 치킨이 굉장히 쭈구리 같이 작아보이는데,그건 엄청난 착각이다.치킨박스 제일 위에 보이는 저 바베큐 윙이 보통 사이즈고,제일 밑의 순살텐더치킨이 좀 큰 편이고,중간의 너겟이 조금 작기는 한데...근데 어쨌든 전부 착시!피자가 어마어마하게 큰 거다.L사이즈인데 다른 곳 패밀리사이즈 급...치킨 메뉴를 먼저 보자면윙만 나오거나 너겟만 나오거나,텐더만 나오는 그런 게 아니라,정말 모든 게 다 나온다!마치 네가 뭘 좋아할지 몰라서 다 가져왔어-수준이라고 해야하나...개인적으로는 바베큐윙이 꽤 괜찮았고,순살 텐더도 식감이 좋았다.그리고 이것은 베이컨 포테이토 피자...분명히 라지 사이즈인데 더 큰 편이다.난 진심 엄청난 먹보라 다른 곳에서피자 혼자 거의 한 판 다 먹는데,여기 피자는 다는 못 먹음...ㅋㅋㅋ아무리 치킨 저거 조금 먹었다고는 하지만,난 치킨 세 조각 정도밖에 안 먹었는데...사실 여기 리뷰들이 맛있다 일색인데사실 맛있다를 줄 정도로 맛있지는 않고,꽤 괜찮다 수준이다. 꽤 괜찮은 피자집.물론 가격이 조금 있긴 하지만가격보다 가성비가 더 좋으니후회하지는 않을 것.자취하는 친구 집에 놀러갈 때는피자 헤븐 들고 찾아가시길★",괜찮다
3315,봄솔레씨네,미동이,기대를 너무 많이 했나봐요,괜찮다
3316,봄솔레씨네,천경민,봄솔레씨네는 리조또가 맛있어요>.<,맛있다
3317,봄솔레씨네,silvert,괜찮았습니다.,맛있다
3318,봄솔레씨네,조소,단순 소스맛으로 먹는 게 아니라 정말 재료의 맛이 그대로 살아있는 파스타! 시립대 대학가 가격은 아니지만 제 값을 하는 맛집이다. 샐러드와 브런치 메뉴 정말 맛있다!,맛있다
3319,카페 115,즌짱,"아기자기한 분위기의 카페 겸 밥집.연중무휴라 연휴에도 방문 가능했다. 음료는 특별히 인상적이지 않았고.. 공간이 굉장히 넓고, 친절하셨던 것이 기억에 남는다. 여기는 보통 밥에 음료가 함께 나오는 세트 메뉴를 시켜먹는 듯..!",괜찮다
3320,카페 115,비밀이얌,한돈김치볶음밥이랑 브라우니를 먹었습니다김치볶음밥 8500원브라우니 6000원(?)메뉴를 시키면 기본제공되는 음료가 있어서 가격대비 괜찮은것 같아요 샐러드도 같이 나옵니다분위기도 괜찮고 음식도 맛있어요김치볶음밥은 별로 안매워요 한돈이라고 써져있는거에비해 고기는 별로 없어요브라우니는 위에 바닐라 아이스크림 얹어있고 안에 견과류있어서 식감이 좋았어요,맛있다
3321,카페 115,띵시,가성비 ●●●●○맛 ●●●○○분위기 ●●●●○재방문의사  75엄마가 방금 해 준 듯한 음식을 아기자기한 분위기 속에서 먹을 수 있다.  음료+식사 세트 대부분 7000원대. 자극적인 맛이 전혀 없고 깔끔해 주말 집밥 느낌이다. 음료는 양이 꽤 많은 대신 대체로 맹맹하다. 소고기카레 추천!,괜찮다
3322,카페 115,E.T Jun ,브런치 든든하고 좋습니다 분위기도 아늑함,맛있다
3323,낙원스낵,이리저리,하프피자 + 샐러드 + 감자튀김맛있었어요! 가게도 깔끔하고 피자 샐러드 감자튀김 셋중에 맛없는것이 하나도 없었어서 만족했습니다ㅎㅎ,맛있다
3324,낙원스낵,이리저리,마약 옥수수랑 바질피자? 정확한 명칭이 기억안나는데 여튼 피자 맛있었습니다! 크기도 크구 맛도 있어요,맛있다
3325,낙원스낵,준영,아무 생각 없이 하프앤하프 주문했는데... 무슨 코스트코 같은 피자 한판이 나와서 당황ㅎㅎㅎㅎ 둘이서 반판 정도 먹고 배 터지는 줄 알았어요ㅋㅋㅋ 이정도로 크면 주문 받을때 확인 한번만 해주셨어도 좋았을 것 같아요..ㅠㅜ 맛은 무난한 피자였고 직원분들끼리 장난치시는 소리가 너무 커서 조금 신경쓰였어요.,괜찮다
3326,낙원스낵,즌짱,가볍게 피맥하기 좋은 곳! 포테이토 피자 세트에 빙맥 :)세트를 시켜서 함께 나온 로메인 샐러드와 마약 옥수수 덕에 덜 느끼하게 먹을 수 있었어요. 감자튀김이 올라간 포테이토 피자가 이제는 많이 흔해진 만큼 새로운 맛은 아니지만 무난하게 맛있었어요. 빙맥은 그냥 시원한 맥주 ! 그래도 다른 곳보다 물이 덜 떨어져서 좋았어요 ㅎㅡㅎ,괜찮다
3327,엘더키친,배부른민족,집근처 이탈리안이 별로없어서 나름 기대하고 간 곳실망 포인트 두가지만 적도록 하겠다1. 레드와인을 무려 냉장보관한다. 와인냉장고 이런거 아니다. 그냥 냉장고말이다. 2. 화이트 파스타에서 설탕맛이 한웅큼 느껴진다. 재방문 의사는 없음,별로
3328,엘더키친,키다리아저씨,"장안동 주택가 골목에 자릴잡은 아담한 이탈리안음식점 ""엘더키친""매장은 아담해서 4~5개의 테이블로 이루어졌으며 옆에 2~3대 정도의 주차공간이 있어서 좁은 골목이지만 주차걱정은 없다.피자와 파스타를 주메뉴로 판매하고 있어서 ""프로슈트 루꼴라 피자"" 그리고 여기 나름의 시그니쳐 메뉴라는 ""매콤크림 누룽지 파스타""를 주문했다.화덕이 있는키친이 아니지만~ 숙성도우를 사용해서 얇은데도 화덕에 구운듯한 느낌의 맛을 느낄 수 있었고~ 건조하고 푸석한 도우일까봐 걱정을 했는데... 쫀득한 식감도 살아있어서 좋았다. 프로슈트햄과 루꼴라 재료도 괜찮고 맛도 좋은편이라 동네 음식점 대비 만족스러운 피자였다.부드러운 크림소스인데...청량고추를 사용하였는지...깔끔하게 매콤하다. 그런데도 크림소스의 느끼함은 어쩔 수 없나보다.홍합과 새우가 적당히 들어있어 약간의 해산물맛도 느껴지지만~ 안에 들어있는 누룽지 먹는 재미도 괜찮다.번화가도 아닌 일반 주택가 골목에 있는 아담한 이탈리안 식당이지만~ 동네주민이나 인근에 사는분들이 가끔들려서 먹기에 괜찮은 곳~",괜찮다
3329,새벽두시,CDS,ㅎ,맛있다
3330,새벽두시,CDS,ㅎㅎ,맛있다
3331,램반장,ㅇㄱㅇ,"양갈비 정말 맛있고, 식당 인테리어도 예뻐요:)",맛있다
3332,램반장,방준영,"램반장이라는 이름답게 양갈비 스테이크가 맛있다양갈비 라무진 같은데서 구워만 먹어봤는데 스테이크로 먹는것도 상당히 맛있었다특별히 소스 뿌리지 않고 소금, 치미추리만 내어주어 양갈비 맛에 좀더 집중할 수 있었다양고기 특유 향을 좋아하는 사람으로서 육향도 적절했다램바스라고 사이드가 있었는데 메인과 곁들여 먹기에 좋았다 술안주로도 괜찮은듯 기존 감바스에서 새우 빼고 빨간색 뭘 넣은것 같은데 그것까지는 모르겠음 안느끼해서 좋았다인테리어도 답십리에 이런곳이? 할정도로 감성 있었다고대로 들어서 연남동 가져다 놔도 이상하지 않을정도재방문 의사 99%",맛있다
3333,램반장,윤덕진,"이 가격에 먹을 수 있는 최고의 양갈비, 양꼬치와 비교불가!답십리 근처에 갓 생긴 양고기 전문점. 사진 찍기도 전에 먹느랴 정작 중요한 양갈비 사진이 없다 ㅠㅡㅜ단품 양구이 메뉴 세 종류와 양고기를 먹지 못하는 사람을 위한 돼지고기 메뉴, 그리고 양으로 만든 감바스와 양덮밥이 있다. 우리 테이블에서는 먼저 먹어볼 램바스와 양갈비를 인원별로 주문했다. 이후 추가로 탄수화물을 챙기려 양덮밥을 추가했다.양갈비 : 굽기 정도가 완벽하고, 누린내가 거의 나지 않았다. 굽기 정도는 미디엄-미디엄웰정도로 약간의 연분홍색이 보일 정도였는데 딱 적당하였고, 고기는 매우 연했으며 곁들여주신 감자 역시 훌륭한 맛이었다. 램바스 : 기름으로 볶은 고기보다는 중국식 양고기 스튜에 가까웠는데, 아마 기름으로 볶으면 너무 쉽게 느끼해져서 그렇지 않을까 하는 생각을 했다. 칼칼하고 묽어서 부담없이 계속 먹기 좋았다. 소주가 당기는 맛이었다.양덮밥 : 회사 근처에 있다면 매일 점심으로 먹고싶은 맛이었다. 느끼하지 않고 깔끔한데, 마늘향이 많이 나서 먹고도 개운한 느낌이다.인테리어도 훌륭하고, 어떻게 이 가격에 이 퀄리티의 음식을 제공할 수 있는지 궁금했다. 애매하게 특별한 날 자주 가고 싶은 집이다재방문 의사 매우 있음!",맛있다
3334,카페치쥬,슈슈,1인1주문(두 명이서 음료1개 음식1개도 가능) 커피도 정말 맛있고 직원분도 친절하셨어요 사진은 안찍었지만 불고기버섯 파니니가 정말 맛있어요!!음식도 자리로 가져다주시고 다 먹으면 그냥 두고 가면 돼요 전농동에 몇 안되는  맛집이라 너무 소중해요,맛있다
3335,카페치쥬,또바기,파니니가 괜찮다커피도 가성비 좋다+ 음식 먹은 건 자리에 두고 가도 됨,괜찮다
3336,카페치쥬,DK,"동네라 한동안 가던 곳인데 서비스가 너무 나빠져서 이젠 안가려구요맛은 없지만 가까워서 자주 갔는데 알바인지 사장님인지 무슨 기분이 안좋았는지 손님한테 틱틱대고 무안주고..동네 친구들한테 얘기하니 친구들도 그래서 다시는 안간다고 하네요, 특히 여자분들끼리 가시거나 할때는 조심하는게 좋을 거 같아요",별로
3337,카페치쥬,웡키,"추천! 전농동의 몇 안되는 맛집 중 한 군데임. 다만, 음식을 시키면 음료 주문이 필수라는 점이 살짝 아쉬움. 가성비가 떨어짐...",맛있다
3338,굿갓,Ray,베이컨 리조또 먹었는데 베이컨이랑 버섯이 많이 들어있어서 좋았어요!,괜찮다
3339,굿갓,즌짱,"경희대 정문 근처에 있는 굿갓- 어무니랑 둘이 점심 먹으러 다녀왔어요! 생긴지 얼마 안 된 거 같기도 하고,,,,, 제가 회기를 자주 간 지 얼마 안 되어서 잘 모르겠는데, 잘 안 알려진 느낌이 드는 곳이었어요. 까르보나라와 꽃등심 팬스테이크를 먹었는데 둘 다 괜찮았어요. 가격 대비 만족스러웠어요. 맛있다와 괜찮다의 사이 정도..? 재방문할 의사 있습니다 :)",맛있다
3340,이수영피자,준영,학교 근처에서 나름 핫한 피자인가봐요. 학교에서 행사로 어쩌다 먹을 일이 생겨 맛을 봤는데 음~ 굳이 제가 직접 사먹을 생각이 드는 그런 맛은 아니었습니다ㅋㅋ 토핑이나 치즈도 무난하고 도우는 약간 질깃한 편이에요.,맛있다
3341,이수영피자,h,꽤나 괜찮은 동네 피자집입니다멀리서 찾아올만한진 모르겠으나 가까이 있다면 꽤나 좋은 선택지,맛있다
3342,이수영피자,진슐랭가이드,"이수영피자의 이수영피자입니다!(뭔가 말이 헷갈리지만..;;) 특징이 되는 토핑이 소세지와 새우인 것 같은데요, 개인적으로 맛있었습니다! 안암에서 먹을 수 있는 피자 집 중에 맛있는 편에 속하는 거 같아요ㅎㅎ이제 처음 가보시는 분들을 위해 참고할 점을 적을게요!카운터에서 주문하고 바로 계산하셔야 하고 그 이후에 접시와 포크, 나이프, 커터?(피자를 자르는 도구), 피클, 음료수(주문하신 경우에만)를 셀프로 가져오셔야 합니다! 이것만 기억해두시면 무난하게 가서 드시고 오실 수 있을 것 같습니당:)",맛있다
3343,이수영피자,돼지냥,고려대 학생들 사이에서 맛있다는 피자집이라고한당. 치즈가 넉넉하니 피자도 두껍고 뜨거울때 먹으니 맛있엇다,괜찮다
3344,이수영피자,진리지안,피자를 별로 좋아하지 않는 내가 즐거운 마음으로 갈 수 있는 곳!!!!!!! 가격도 저렴하고 무엇보다 넘 맛있다...뭐가 맛있는 메뉴였는지는 기억안나는데 하여튼 맛있음. 홀은 굉장히 좁다ㅎㅎ 옹기종기,맛있다
3345,피자웍스,kkonoo,피자 주문하면 여기서 자주 먹어요.,맛있다
3346,피자웍스,즌짱,"여기 피자가 맛있다는 말을 듣고 친구들이랑 파티하는 날 배달 주문해서 먹었어요 :)베이컨 체다치즈 피자 미디움과 사이드 메뉴로 가라아게를 시켰는데, 둘 다 너무 맛있어요! 다만 가격 대비 사이즈가 너무 작아서 아쉬웠습니다 ㅠㅠ",괜찮다
3347,피자웍스,김주연,맛있는 피맥을 먹을수 있는곳♡,맛있다
3348,ASAP PIZZA,숑아,배달로 시켜먹었는데 집앞에 생겨서 너무 좋아요 ㅜ맛있어요!!근데 가서 찍은 사진은 조명이 너무 푸르딩딩하게 나와서 너무 아쉬워유 ㅜ,맛있다
3349,ASAP PIZZA,휘,진짜 개맛있는 피자다.. 동대문구에 있으면 안되는 피자같다 분위기 맛 도합 이태원 빰쳤다 ㅇㅇ 특히 메뉴 1번 에이셉피자 먹었으면 좋겠다..  넘모 맛있다 그리고 소주팔아서 너무좋다 피자엔 소주지 암암 너무 잘먹고 간다 동대문구에서는 배민으로 많이 알려졌었다고하는데 몰랐다 자주시켜먹을듯,맛있다
3350,ASAP PIZZA,yeaon,미쳤다 존맛이다 ASAP 꼭 드세요 인생피자아진짜 맛있어서 욕 나온다피자가 입에서 그냥 녹아요 처음 느낄 수있는 입안에서 녹는 피자 (feat.사진고자),맛있다
3351,고무래,권여현,완전 맛있어요 근처 지역오면 고무래 파스타부터 생각나요,맛있다
3352,고무래,키다리아저씨,"맛과 질      : 34/40  가격/가성비: 16/20 위생/서비스: 17/20위치/분위기: 6/10개성          : 6/10총점       79/100재방문 : 고민주문메뉴 : 잠봉피자, 쥬키니 크림 빠께리4개 대륙을 여행하고 돌아온 1인 요리사가 운영하는 식당겸 와인을 즐길 수 있는 곳이예요.약간 엉뚱한 위치의 건물2층에 있다보니...눈에 들어오는 곳은 아니였는데...사는곳 근처에 요즘 떠오른다고해서 가보게 되었네요.카페인듯한 내부 분위기에 오픈키친이였고~ 테이블은 3개? 정도여서 혼자 운영하시기 위한 제한을 두신 느낌이라 공간적 여유가 있고, 답답하지 않아서 좋습니다.화덕이 있는건 아니지만 오븐에 구운 이태리스타일의 피자 ""잠봉피자"" 그리고 빠께리파스타를 사용해 만든 ""쥬키니 크림 빠께리""를 먹었어요.잠봉피자의 경우 너무 얇지않고 두툼한 잠봉햄이 올려져 있어서 고기의 맛과향이 꽤 풍부하게 다가오고, 신선한 루꼴라와 버터의 풍미까지 더해지니 꽤 먹을만했어요~ 도우도 수분감 적당하며 쫀득해서 좋았습니다.쮸키니 크림이라 그런지 녹색의 크리미한 소스가 바닥에 깔려있고, 트러블 오일의 향이 은은하게 풍겨지네요. 적당히 해산물의 맛도 느껴지면서 후추의 향도 중간중간 자극을 주다보니 많이 느끼하지 않고 크림의 진한맛을 음미하며 먹을 수 있었습니다. 빠께리면 속으로 소스가 스며드니 파스타면의 겉도는 느낌없이 잘 먹은거 같아요.동네식당치고는 가격대가 있지만, 맛의 수준이나 재료를 생각하면 적당한 느낌이고, 음식과 함께 와인한잔 하러 오기엔 괜찮은 장소라 생각되네요.아쉽게도 식당건물이 재건축 때문에~ 올해까지만 운영하시고 다른위치로 옮기신다는데...가게가 옮겨지고 난 뒤에 기회가되면 방문해보고 싶네요:)",괜찮다
3353,피자알볼로,Ray,"도우 때문인지 어딘가 건강한 느낌에, 그만큼 맛이 덜해요... 그래도 쫀득쫀득한 건 좋았어요!",괜찮다
3354,무나드,문정욱,바질 파스타 너무 맛있게 잘 먹었어요~,맛있다
3355,빈체로,야아옹,생긴지 얼마 안된 곳인데 음식이 가격대비 훌륭하고 다들 친절합니다,맛있다
3356,샤로스톤,띵시,"가성비 ⚫️⚫️⚫️⚪️⚪️맛 ⚫️⚫️⚫️⚪️⚪️분위기 ⚫️⚫️⚫️⚪️⚪️재방문의사 70외대생들 사이에서 예뻐하는 후배를 데려가는 곳 3대장(스시쟁이, 치보, 샤로스톤). 비교적 최근에 생긴 밥집이다. 본점이 샤로수길에 있어 이런 이름이 붙었다고 함.여길 자주 안 가게 되는 이유는 열악한 환기 시스템. 매캐한 냄새가 심해, 식사를 하고 나오면 인간 규카츠가 된 기분이다. 페브리즈가 비치되어 있지만 효과는 그닥.갈비살과 규카츠 주문. 뜨거운 돌판에 생고기째로 나와 직접 익혀 먹으면 된다. 금방 익어 질겨지니 후다닥 구워 옮겨 두어야 한다. 갈비는 타 저렴한 스테이크 브랜드, 팬스테이크집 고기와 비교해 부드러운 편이다. 가격 대비 괜찮음. 규카츠도 지방주입육이 아닌 기름진 부위를 쓰는 것 같다. 이 메뉴 또한 가격 대비 맛있음.사실 외대앞에서 술 없이 고기를 먹을 수 있는 곳이 이 곳 빼고는 없을 것이다... 접근성이 좋고 비교적 저렴한 가격에 소고기를 먹을 수 있기 때문에 재방문할 듯하다. 가성비라는 단어가 참으로 무서운 거시다",괜찮다
3357,카페37 5,혜뤼리;-),"맛이 없지는 않은데, 가격도 꽤 있는데 물도 셀프- 쉐어해서 먹는거라 식기류를 알아서 잘 챙겨주면 좋을텐데, 요청한 만큼만 주고 응대가 소극적이라 친절하다고 느껴지지는 않는 곳. 굳이 찾아가서 먹고 싶은 곳은 아니에요.",괜찮다
3358,피자알볼로,로한,"#. 새우 탱글, 피자 맛있고 지점도 괜찮음예전엔 피자헛, 도미노를 주로 먹었는데(그땐 알볼로가 거리가 좀 있었음)지역이 바뀌고 나선 알볼로를 먹고 있음개인취향이지만근처 프랜차이즈 피자집 중 여기가 제일 맛있음(맛, 토핑 등 피자에 들어간 재료, 지점 서비스 등을 모두 고려했을때/ 내가 먹는 피자 기준으로~)최근에 시켰을땐 새우가 넘나 탱글해 놀랐음ㅋㅋㅋ배달도 예상 소요시간보다 조금 더 빨랐고지점 서비스도 좋아(사이드 메뉴)여긴 모바일 주문이 아닌 전화주문으로 이용다른 피자집은 모바일 주문넣고 픽업을 해가면 할인을 해주지만여긴 그냥 할인없이 정가주고  배달시켜 먹어도  만족함",맛있다
3359,브릴란테,빈빈,친구들과 모여 1월 결산을 했다.,별로
3360,브릴란테,E.T Jun ,외대앞에서 찾아보기 힘든이탈리안 식당. 약간 캐주얼한 느낌이고 가성비가  좋은 느낌이다. 세트메뉴를 시키면 합리적인듯. 모든 메뉴가 평균 이상은 하는듯하다. 말그대로 이탈리안 밥집이라는 말이 잘 어울린다.,맛있다
3361,도시락파스타,kkonoo,맛이 괜찮지만 가격이 괜찮지 않음.. 양도 적음,괜찮다
3362,도시락파스타,미콩,"호고곡;; 체인인줄 알았는데 체인이 아니었던가,, 친구가 이끌어줘서 들러본 도시락파스타! 정말 옛날 그 도시락에 파스타가 담겨 나와요저는 버섯크림파스타를 주문했어요 일단 맛에서 공산퓸의 내음이 느껴지지 않아서 와 의왼데?했어요 이야기하면서 천천히 먹었는데도 불구하고 면이 생각보다 퉁퉁 불지도 않고! 버섯도 많이 들고 양도 많아서 좋았어요 다만 크림파스타이다보니 ㅠ 물리는건 확실히 있었어요식전빵이 석탄마냥 동글동글 귀여운데 파삭하고 단단한 식감이 매력적이었어요..! 샐러드도 주문했는데 솔-직히 샐러드는 무나니무나니.이야기하면서 먹느라 열받는 주제가 나와 순간적으로 머리카락을 묶는 시늉을 했는데 바로 캐치하고 고무줄을 주머니에서 꺼내주시더라구요ㅎㅎㅎ 참 센스가,,bb이외에도 친절한 응대가 인상깊었구요!가격은 조금 높다고 생각될 수 있는데 근처에서 파스타로 나쁘지는 않은 곳 같아요",괜찮다
3363,피자보이시나,준영,다른 지역에서 유명한 피자 보이시나가 제가 있던 쪽에서 배달이 되길래 한번 시켜봤어요! 세트?로 치즈오븐 스파게티 같은거도 같이 먹었는데 음… 다들 스파게티 한번 먹고 충격이 가시지 않았답니다ㅋㅋㅋ 삶은 면에 그냥 케첩스러운 소스 뿌린 맛이었어요. 피자는 그래도 괜찮았던 편이에요..,괜찮다
3364,도미노피자,로한,도미노 1+1 이벤트가 오늘까지라 막날 이용엄마랑 마트갔다 오면서 픽업하려고 4시에 예약주문을 시도픽업은 6시 1분부터 가능하다해 넉넉하게 감프리미엄은 스타 셰프 시그니처로 주문드라이에이징  스테이크 + 트러플 크림소스.클래식은 리얼 불고기도우는 나폴리스타셰프는 스테이크 큐브가 좀 큼직하게 들어있긴한데찹스테이크 느낌이 강함 그리고 소스가 전반적으로 달달함불고기는 살짝 직화의 느낌? 불향을 입힌듯한 느낌옛날에 쉬림프? 피자땜에 도미노를 좋아한 때가 있었는데... 요즘은 쏘쏘한 듯도미노에서는 나폴리 도우로 시켜왔는데오늘은 라지 두 판을 시켜  클리어했는데도배가 안참.,괜찮다
3365,백정스테이크바,JJJ,너무너무 맛있어요일주일에 한 번은 먹고싶어요먹을 때마다 맛있습니다.특히 연어는 쉽게 맛볼 수 없는 특별한맛이라정말 반했어요,맛있다
3366,백정스테이크바,장희,"서비스, 위치, 가격, 메뉴도 꽤나 과감한 선택이라고 생각되는 곳.이 위치인데 예약제 원테이블에 가격도 상권에 비해선 비싸고 주류도 와인이 아니라 위스키가 메인인 것 까지 모두 의외다.주문한 메뉴는 수비드플랭크, 립아이, 연어 그라브락스, 샤또브리앙.연어는 스테이크를 먹기전에 먹는게 좋을 듯. 고기사이에 먹으니 좀 뭍히는 느낌이었다.수비드플랭크는 비주얼은 좋았지만 이게 스테이크중엔 선호도가 제일 떨어지는 맛.립아이는 씹는맛도 적당하고 고기맛도 좋았다.샤또브리앙은 비싼만큼 제값하는 맛.확실히 가격이 올라갈수록 맛있다.곁들여먹는 소스랑 사이드가 좀 더 개선되면 좋을 것 같다",맛있다
3367,백정스테이크바,로그인,맛이 좋다,맛있다
3368,백정스테이크바,토요미식회장,투박한 상호명 투박한 외관을 가진 회기역의 작은 바. 예약제로만 운영되는 원테이블 다이닝이었다.수비드 프라임 연어 식사 사이드 주류로 구성되어 있다.수비드플랭크립아이 샤또브리앙그라브락스이렇게 4종류를 주문했고 음료로 벨기에맥주를 주문했다. 위스키가 메인 주류로 보이지만 나같은 알쓰에게는 거의 사약이다.굽기는 기본이 미디움레어인데 호불호가 있을 수 있어 스태프 분께서 조리 하시기 전에 물어보신다. 우리는 전부 미디움레어. 좋은 재료로 조리된다면 미디움레어가 가장 맛있는 듯.수비드플랭크. 시즈닝이 잘 되어 있는 앞치마살 부드럽고 육즙이 많이 느껴지는데 다른 메뉴들보다는 임팩트가 좀 적다.립아이스테이크. 제일 먼저 먹었었는데 약간 실수다. 수비드 플랭크가 강중약 중 중이면 이건 강에 해당되었다. 시즈닝은 비슷한 거 같고 주문한 고기 중 가장 쫄깃한 식감이었다. 사람이 가장 고기를 맛있게 느낄 수 있는 적절한 식감. 육즙도 많고 느끼한 맛도 없고 적당히 부드럽고 적당히 쫄깃하기도 한.소스는 홀그레인머스타드 와사비 소스가 또 한가지 있었는데 이 곳에서 유일하게 별로였던 것이 바로 이 소스. 이름을 잘 못들었는데 너무 시큼한 맛이 강해서 고기 맛을 살짝 해친다.와사비도 좋고 홀그레인도 좋은데 와사비는 굉장히 매우니까 양 조절을 잘 해야한다. 홀그레인도 살짝 톡쏘는 소스이긴 하지만 그래도 적당해서 고기를 맛있게 만들어 준다. 하지만 나는 그냥 먹는게 제일 맛있었다는 게 함정. 모든 고기 메뉴 아래 쪽에 양배추가 깔려있다. 한 분이 싸우어크라우트 느낌이라고 하시길레 먹어봤더니 진짜 똑같다. 시큼한 맛인데 모든 고기에서 전혀 느끼지 못한 약간의 느끼함까지 잘 잡아주었다.연어그라브락스는 상태 좋은 연어를 잘 숙성해서 만든 요리. 어떻게 보면 회라고 보면 될까? 유명한 북유럽음식인데 사실 좀 우리에겐 그리 낮선 맛은 아니다. 하지만 순서를 달리했다면 조금 더 잘 기억할 거 같다. 고기랑 동시에 나오니까 임팩트를 느끼기 살짝 어려웠다. 카르파치오나 샐러드처럼 먼저 나오고 고기가 나중에 나왔다면 굉장히 맛있게 먹을 수 있었을 거 같다.샤또브리앙은 그냥 미친 메뉴다. 적당히 고기 맛을 느낄 수 있으면서 극강의 부드러움을 제공해준다. 육즙도 많고 너무너무너무너무너무 부드럽다. 가위도 있지만 다들 숟가락으로 잘라서 먹었다. 숟가락으로 갈라질만큼 부드러운 식감이다. 만약 여유가 있다면 꼭 한번 주문해보길.,맛있다
3369,백정스테이크바,예랑,"한줄평: 스테이크×위스키의 만남! 예랑Pick은 프라임 립아이 or 샤또브리앙망플 밋업으로 다녀온 원테이블 스테이크 전문 레스토랑. 강남러 입장에선 조금 멀지만, 이 근처 사는 사람이라면 스테이크 맛나게 먹기 좋은곳! 게다가 원테이블이라 코로나19 걱정 없이 우리끼리 먹을 수 있다.여기는 고기를 자체 숙성시킨 웻에이징 소고기를 사용해 부위별로, 두가지 방식 중 택일해서 주문할 수 있다.(메뉴판에 친절하게 안내해줌) 수비드 방식과 프라임 방식. 수비드는 수비드 후 스테이크를 굽는 거임. 우리는 수비드 플랭크 270그램과 프라임 립아이 400그램, 그라브락스 150그램을 주문해 먹었다.일단 프라임 립아이부터 먹었는데, 와우! 입에서 사르르 녹는다! 개인별로 나이프를 주진 않는데, 어느정도 커팅해서 줘서 괜찮았다. 덜어먹을 때 쓰라고 집게와 가위를 주는데, 이 가위로 더 잘게 커팅해서 먹으면 됨. 일단 립아이는 정말 부드럽고, 진해서 맛있었다. 함께 내준 3가지 소스 중 와사비랑 먹으니 잘 어울렸다! 수비드플랭크도 먹었는데, 엄청 부드러울 거라고 기대한 것에 비해 아쉬웠다. 오히려 립아이보다 오버쿡돼서 약간 아쉬운 느낌. 역시 립아이가 맛있다. 아래 깔린 양배추는 약간 사워크라프트 같은 맛이다. 신맛이 싫은 사람에겐 그닥이겠지만, 나는 기름진 스테이크와 잘 맞는거 같아서 괜찮았다.연어 그라브락스는 고기들에 비해 착한 임팩트. 순서를 잘못먹었어 ㅜㅜ 연어부터 먹을걸 ㅠㅠ 부드럽고 괜찮았는데 말이지...Bar라는 이름답게 주류 라인업도 화려한데, 가게 들어서자마자 사장님의 위스키 lineup이 한눈에 보인다. 글라스로도 판매하기 때문에 부담없이 한 잔 할 수 있다. 물론 맥주나 softdrink도 있음. 나는 4명이서 먹기에 약간 아쉬워서 프라임에서 고급부위인 샤또브리앙도 추가해서 먹었다. 그런데... 역시나...!!!!!!!!! 샤또브리앙 만세 ㅠㅠ 역시 고기는 고급부위를 먹을수록 ㅠㅠ 더 맛있다 ㅠㅠ 간사한 내 혓바닥 ㅜㅜ 넘흐 맛잇쟈나... ㅠㅠ 스테이크랑 곁들여먹을 소스가 조금 아쉬웠다. 트러플솔트나 히말라얀핑크솔트 같은 소금류도 하나쯤 있었으면 어땠을까 싶다. 강남러가 일부러 찾아올 수준은 아니지만, 강북에서 이근처 산다면 위스키와 스테이크를 우리끼리 맛보기에 좋은 곳 같다. 사장님도 친절하고 서비스도 좋아서 그런 점은 마음에 들었음! 맛있다와 괜찮다 사이지만, 밸런스 맞추기 위해 맛있다 줌.",맛있다
3370,백정스테이크바,우이리,"고기와 위스키연어 그라브락스 150g 19700 + 스비드 프랭크(치맛살) 270g 47000 + 프라임 립아이 400g 85000 + 프라임 샤또프리앙 450g 135000테이블에는 칼 대신 가위 두개가 있었고, 소스로 와사비와 A1, 머스타드가 준비 되어 있었어요.테이블 옆에는 몰트위스키와 버번 위스키 위주로 준비 되어있고 토끼 소주와 벨기에 맥주 두브랜드가 있었어요. 와인은 준비되어 있지않았으며 콜키지도 하고 있지는 않지만, 콜키지 쪽으로 하실 생각이신거 같아요.연어그라브락스는 실수로 고기를 먹고 먹어서 첫입에 임팩트가 있지는 않았어요. 그래도 느끼하지 않아서 물리지않고 먹을수 있었던거 같아요.수비드 프랭크는 미디움 레어인데 저에게는 오버쿡 같았어요. 우드향도 괜찮았지만 조금 퍽퍽했다고 할까요.프라임 립아이는 우드향이 더 진하면서 부드러웠어요. 고기를 먹는데 칼을 안주셔서 이상했지만, 미리 잘라서 서빙해주셔서  먹는데는 큰불편함은 없었어요. 그리고 고기밑에 깔린 볶은 양배추가 새콤하니 느끼함을 잘 잡아주네요.프라임 샤또브리앙은 립아이보다 더 부드럽고 육향과 우드향이 잘 어우려서 아주 좋았어요.바뀌었으면 하는 점은 연어를 먼저 서빙해주시는 센스와 A1 같은 제품 보다는 특산물 소금이나 좀더 특별한 시그니처 소스였으면 좋을꺼 같아요.",괜찮다
3371,백정스테이크바,어디야,100%예약제 원테이블다이닝바분위기도 좋고 사장님도 세심하고 친절하다무엇보다 맛있다스테이크가 프라임라인 수비드라인으로 구성되어있고 선택할 수 있는 부위도 다양했다직접 손질하고 숙성까지 하시는 것 같았다고기는 말할 필요도 없고 양도 엄청 많고 가니쉬조차 맛있다라구파스타는 하 진짜 소스 장난아니다주류가 멋지게 진열되어있는데나는 알쓰지만 맥주를 좋아한다벨기에 맥주 처음 먹어봤는데알쓰라 한 잔을 마셔도 제대로 된 걸 먹어야 화가 안난다이런 사람들 이거 꼭 마셔보길!먹는 동안 배민에서 주문이 많이 들어오는 것 같았다나도 원래 이집 연어그라브락스베이글 배달시켜 먹어보고 깜짝놀라서 예약하고 온 건데와서 고기 냄새에 유혹당해서 스테이크 시켰다우리가 예약한 동안은 문을 잠그고 배달원에게 직접 갖다주시는 거 같았다직접 와서 깨끗한 음식점까지 눈으로 보니 더 맘에 든다집에서 또 배달시켜 먹어야징,맛있다
3372,노바이탈리아노,kkonoo,탈회기 가격에 맛은 회기.. 옛날에 엄청 맛있었다고 하는데 엄청 옛날 이야기인듯..,괜찮다
3373,노바이탈리아노,즌짱,"솔직히 이 가격에 이 정도 맛이면 그냥 딱 괜찮다와 별로 그 중간 정도.경희대 앞에 꽤 오랜 시간 자리를 지키고 있는 곳인데다 중학교 때 선생님께서 여기 맛집이라고 부모님이랑 같이 가보라고 하셨을 정도로 오랜 시간 동안 기대했던 곳인데 그냥 그랬어요. 맛이 없는 건 아닌데 기대치에 부응하지도 못했어요. 기본 18000원 대의 파스타들인데, 개인적으로 재방문 할 의사가 자동적으로 사라지는 그런 느낌의 아쉬운 곳이었어요.그나마 ㅈㅔ가 먹었던 단호박 크림 파스타는 독특하고 맛있다 라는 생각을 했었지만 나머지는 평범한 새우 로제,평범한 까르보나라, 평범한 버섯 토마토 파스타였어요.아쉬움이 큰 곳... ㅠ",별로
3374,노바이탈리아노,Margareth,It's delicious but I don't really like the piano that was played during our dinner time. The sound was too loud.,맛있다
3375,금의환향,YNZ,"매드포갈릭보다 약간 부족하거나 비슷한 수준의 스테이크를 내는 곳. 가격을 생각하면 나쁘지않은 수준이다. 등심 스테이크는 질기지만, 부채살 스테이크는 제법 부드럽다. 하지만 파스타는 총체적 난국.. 그간 크림 듬뿍, 시판 양념 듬뿍 범벅한 분식 같은 파스타를 나름 꽤 좋아하고 잘 먹는다고 생각했는데.. 여기는 영 아니었다..",별로
3376,금의환향,최치타,(미국 치킨집아들 비린거빼곤 다먹는 똥땡이 4.0소식에 입맛이 까탈스러우며 짠걸 못먹는 커피하는 치타 3.5)인스타 협찬으로 들른곳 ㅎ 그냥 나쁘지않앗다유고기도 질도 괜찮고 스파게티는 무난한맛 토마토라서 내취향은 아니라가지고 ㅎㅎ그래도 좋은분위기에장안동에 이런분위기 잘 없는데 오오 가족모임이나 데이트할때 진짜 좋을거같은 그런 장소였어요 ㅎㅎ대가족 모일때도 나쁘지않을듯한 장소로는 추천입니다아 #항상함께해,괜찮다
3377,금의환향,이정애,금의환향 장안동맛집 인정인정!!! 파스타랑 스테이크 입에서 살살녹아~~!!맛있고 분위기까지 좋은데 가성비까지 착해서 장안동사는 나는 완존 단골각!!!!,맛있다
3378,금의환향,김 은정,"갈비살스테이크랑 들기름육회, 우삼겹고추장파스타 먹었는데 진짜…여기 뭐에요.ㅠ 저만 알고싶은 가성비있는 레스토랑이에요…스테이크는 취향에따라서 더 익혀먹을수있게 뜨거운 원형팬도 같이 나오고 야채들도 따뜻하게 뎁혀먹을수도있고 사장님 센스 쩌시네요ㅋㅋ기본으로 제공되는 한식 반찬들하고 현미밥 조금 나오는데 육회시키니까 달래장도 주길래 밥이랑해서 비벼먹었어용!! 음식들이 정갈하고 분위기도 아늑하니 부모님 모시고 오기 딱 좋겠더라구요! 몰랐는데 네이버예약하면 샐러드 서비스로 준대서 다음에는 꼭 예약하고 갈게용~~",맛있다
3379,더테이블,고맛,맛있으나불친절함가격비쌈,맛있다
3380,더테이블,토요일아와랏,생면 파스타집이라길래 궁금했는데 들어자가마자 중앙에 커다란 치즈가 딱! 그 치즈를 갈아서 바로 샐러드 등등에 넣어주시더라고요 파스타랑 피자 리조또 골고루 먹어봤는데 전체적으로 맛있었어요!,맛있다
3381,더테이블,우이리,넓은 공간에 비해 손님이 많지않은건 코로나 때문인건지...가게 분위기는 한가롭고 조용했어요.기대없어서인지 맛도 괜찮았어요.비프 샐러드는 부드러운 스테이크에 신선한 야채를 느낄수 있었어요.토마토 해산물 파스타와 미트볼 파스타도 좋았던거 같아요.,괜찮다
3382,더테이블,Julie Ahn,"이렇게 맛있는집이 리뷰가 별로없다니 ~ 안타까워서 제돈내고 잘먹고 ,처음으로 맛집리뷰씁니다~아는 사람은 다 아는 고대근처 최강맛집이죠~배우한석규님 단골집으로도 소문나있어요~압구정,청담 등 유명 이태리 식당은 다 가봤지만,더테이블은 정말 최고로 맛있고 감동적이였어요~!!물론 강남만큼 세련된 인테리어는 아니지만, 늘 사람이 믾아도 친절하신 사장님, 쉐프, 직원분들덕에 갈때마다 기분좋게 식사한답니다. 근처에 직장이 있어 일주일에 한번씩 갈정도로 사랑하는 식당이에요! 언제가도 맛남주의!!국내 최애 피자 푸르셧도 뽀모도로셧도 피자(꼭꼭꼭 드세요!) 까르보나라(굵직한 면에 찐덕한소스) 너무싱싱한 해산물 스파게티, 아보카도치킨샐러드(퀴노아,흑미,병아리콩 조합이 예술)직접구운빵, 디저트까지 뭘먹어도 다 맛있습니다.전 제 아들과 남편이랑 거의 매주가요 ㅋㅋ 가격대가 좀 높지만 먹어보면 재료를 아낌없이 쓰심이 느껴져요 ㅎㅎ주말엔 부모님모시고도 오셨고 부모님도 감동하셨네요~ 더테이블 강추해요 진짜! 꼭가보세요♥️♥️♥️",맛있다
3383,더테이블,서울투어,"봉골레 파스타 쓰기만하고 무슨맛인지.... 스튜, 까르보나라, 피자 그냥 다 괜찮았는데 봉골레가 너무 충격이었어요다들 한입 먹고 인상 팍 쓰면서 버렸네요..;; 그리고 파스타 양이 너무 적어요",별로
3384,더테이블,SangshinYi,생면 파스타라는 점이 유의미하게 다가왔던 집. 휴... 언제 또 간담,맛있다
3385,더테이블,윤휘 이,"가격대는 좀 있지만 그만큼 분위기도 좋고, 서비스나 음식재료에서 정성이 가득 느껴지는 파스타전문점이예요. 우리나라 식으로 퓨전된 파스타라기보다는 이태리 전통 맛을 내려는 노력이 돋보여요 :)",맛있다
3386,비나,빨강코알라,"인도음식 첫 경험. 빠니보틀급 라씨먹방. 탄두리치킨도 괜찮았지만 난이 너무 맛있었음. 조금 청결하지 못한 분위기 제외, 안암골 기준 사치지만 ㅅㅌㅊ.",맛있다
3387,비나,임채원,"안암에 좋은 커리집이 많지만, 제게는 비나가 최고입니다.",맛있다
3388,비나,혜화얌냠이,지금까지 먹어본 파니르 중에 최고..지금까지 파니르는 그닥 좋아하는 커리는 아니었는데요. 여기서 먹어보고 지금까지 내가 파니르를 단단히 오해하고 있었다는 사실을 깨달았습니다!! 삭파니르 꼭 시키세요♡♡ 완전 꾸덕하고 커티지치즈 많이 들어감 ㅠㅠ 반면에 치킨 차파타 라는 메뉴는 좀 아쉬웠습니다. 매콤한 커리라길래 시켰는데 왠지 익숙한 분식의 향기가 ㅋㅋㅋㅋ 생각보다 매콤한데 뭔가 저렴한 톡쏘는 맛이예요. 난도 좀 질겨서 아쉬웠구요! 하지만 삭파니르가 모든 것을 만회합니다.#먹어서응원,맛있다
3389,비나,Minju Song,"""검소한 공간”@주관적 평점 4.5후미진 상가 2층. 날씨 때문이었는지 아님 건물 자체의 분위기가 원래 어둑어둑한 건지 전체적으로 음의 분위기를 띄고 있었고 식당 내부 역시 이와 같았다. 이러한 분위기 속 인도 현지 사람으로 예측되는 종업원분들과 셰프님들이 밝은 미소를 띠시며 안내해 주시는데 식당 분위기와 굉장히 상반되는 친절함이었다. 마치 음과 양이 같이 공존하는 공간이랄까. 메뉴를 보는데 정말 종류가 다양하고 많았다. 난만 해도 종류가 수두룩. 평소 먹어보지 못했던 커리들이 줄을 지어 열거되고 있었고 선택에 능숙하지 못한 사람들에게는 다소 어려운 레벨에 식당이 되겠다. 내가 그랬으니까. 아무래도 대학가 근처에 위치해있다 보니 가격대가 전체적으로 매우 저렴하다. 그렇다고 절대 저렴하게 서브되지 않는다. 1. 탄두리 치킨 9,000₩반 마리 기준. 입맛을 돋우는 붉은 씨즈닝, 노릇이 잘 구운 닭. 작은 닭이 아니다. 흔히 내게 있어서 첫 탄두리 치킨은 고등학교 급식에 나온 진 고동빛 향신료에 쩔은 닭이었는데 이곳에서 서브된 치킨의 빛깔은 선명한 다홍빛이었다. 생각보다 향신료 향이 강하지 않아 향린이에게도 즐거울 정도의 맛이었다. 2. 치킨 티카 마살라 9,000₩자칭 영국 음식이라 불려도 무난할 만큼 영국인들에게 사랑받는 음식인데 사실상 내 경우 지인이 만들어주는 버전으로만 먹어본지라 바깥에서 현지인이 만들어주는 치킨 티카 마살라는 이번이 처음이었다. 고소한 버터의 존재감이 묵직하게 들어옴과 동시에 토마토소스가 미세하게 입맛을 돋운다. 향신료의 향 역시 은은히 입안에 감돈다. 전체적인 밸런스가 아주 훌륭했던 커리였고 중간중간 큼직한 닭고기의 존재감 역시 결코 작지 않았다. 한편으로 그 완벽한 밸런스가 입맛을 돋구다 못해 중독 증세를 불러일으키는데 인도가 허락한 유일한 마약이 있다면 그건 과연 커리가 아닐까 싶다.   3. 갈릭 난 3,000₩난 라인 중에서 잘나가는 메뉴. 까짓것 3000원에 자그마한 난 몇 조각 나오겠거니 했는데 엄청난 크기의 난이 무려 3피스나 서브되어 나온다. 크기가 다가 아니다. 겉은 바삭 속은 쫄깃 촉촉하니 어느 흠잡을 데 없는 완벽한 난이었다. 커리에서도 감동, 이어서 난에게도 감동을 받을 줄이야. 여기서 난을 주문 안 한다면 바보다. 총평은훌륭한 음식과 서비스에 비해 너무 검소한 공간.",맛있다
3390,비나,무밍요,"인도 분들이 운영하시는 인도커리집!치킨마크니와 램티카마살라, 삭파니르를 주문했다. 웬만해선 어딜가나 실패가 없는 치킨마크니! 역시나 달달하니 맛있다. 토마토 향과 크림이 잘 어우러진다. 난에도 잘어울리지만 개인적으로 치킨마크니는 밥과 찰떡궁합이라고 생각한다ㅎㅎ램티카마살라가 예상보다 더 매웠다. 양고기가 큼직하고 부드럽다. 고기의 질감도 느껴지는 편이라 고기를 건져먹는 재미가 있다. 독특한 건 삭 파니르. 시금치와  코티드치즈가 어우러지는 커리다. 시금치도 치즈도 부드럽다보니 아주 부드러운 그런 커리다. 건강하고 가벼운 맛이 좋았다. 난도 쫄깃하니 식감이 좋다. 버터난과 갈릭난 모두 만족! 유명한 인근 커리집 만큼이나 만족스러운 한 끼였다. * 생활의 달인에도 나왔다고 한다.ㅎㅎ",맛있다
3391,비나,h,보기 드문 훌륭한 커리집,맛있다
3392,비나,카밍밍,인도음식 자발적으론 처음갔는데(예전에 잘아는사람하고 가봄)정말맛있었다.꽂혀서 그주에 한번더갔다 ㅎ일부러 갈만한곳 카레먹고싶으면 일부러 찾아가도 안아깝다처음 갔을때 메뉴시키기 넘 어려웠다망플에는 뭐시켜야 맛있다고 친절히 안써있는데메뉴는 진짜 너무많아서 인도음식 초짜인 나에게 혼란스러웠다ㅜ여전히 초짜지만 추천을해보자면처음갔을때 뭔지도 잘모르고탄두리치킨 반마리+ 허니난+ 램 하라바라 를 시켰다시금치 카레가 맛있다고 다들그래서 램하라바라에 시금치라고 써있길래 ㅋㅋ..(알고보니 베스트는 삭파니르 라는 시금치 야채커리였다 램하라바라는ㄴ 양고기가 들어있고 조금더 짜고 삭파니르는 순한맛 그냥 퍼먹어도되는맛)근데 이조합이..엄청 맛있었다탄두리치킨이 조금 짠데거기에 허니난에 램하라바라의 조합을 먹으면 단짠단짠이 이루어졌다....너무맛있었다램하라바라에 양고기가 큼직하개들어있는데그것도 맛있음근데 사람들이 하도 삭파니르가 맛있다해서다시갔다두번째가서는허니난(다른거 시키고싶었는데 친구가 허니난 먹고싶다해서 시켰다 ㅜ)+삭파니르+ 탄두리 치킨반마리삭파니르..맛있었다 고소한맛? 그냥 퍼먹어ㅆ는데 넘맛있었다두부같은 치즈가 있는데 고소했당근데 허니난과의 조화가..ㅜ 별로였다다른난과는 담에 도전해보려고한다근데 개인적으로 처음게 더 나았던거같긴하다두번다 두명하고갔는데세명 이서 간다면탄두리 반마리+ 삭파니르(그냥 퍼먹기)+ 램하라바라+허니난 이 조합으로 시킬고같다다시가서 삭파니르의 조합난을 찾아봐야겠당 ㅜㅜㅜ도움이 될까봐 주저리 써봤는데하여튼 넘 맛있는곳..!결정장애라 메뉴고르기 넘 힘들지만많이많이 가서 다 먹어보고싶다최고조합을 찾을때까지..누가 최고조합을 만들어주면좋겠당..또갈거다 재방문의사 100프로❤️강추!!사진 초록색카래는 삭파니르램하라바라는 사진이 엄당 ㅎ조금 어두운 빨간색아 참고로 탄두리치킨에는 레몬을 꼭꼭 뿌려먹어야맛있다!옆에 양파도 맛있음 ㅎㅎ그리고 허니난은 피자식으로 쪼개져서 나온다쭉쭉 찢어드시고 싶다면 다른난으로 ㅎㅎ,맛있다
3393,비나,Yeonhwa,갠적으로 좋아하는 커리맛집ㅋㅋ이곳 탄두리가 예술예술예술입니다 꼭꼭 드셔보셔야해요! 커리도 맛있고 치킨도 맛있고치킨 사이드에 있는 양파까지 맛있어버린 엄청난 가게홀도 넓고 조용한 분위기 다 만족했어요:),맛있다
3394,비나,"Shawn, SeunghwanBang",티카 마쌀라티카 빈달루치킨 마카니프라운 칠리,맛있다
3395,비나,코랄,오샬과 더불어 안암에서 제일 자주 가는 커리집.오샬보다 좀 덜 달다. 오샬이 약간 한국화된 인도커리라면 비나는 좀 더 authentic한 느낌인 것 같다.그런데 아쉽게도 배달에는 특화돼있지 않다.직접 가서 포장해와서 먹었는데 기름이 너무 많아서 (거의 육개장 수준으로 빨간 기름이 둥둥) 연락했더니 카운터 직원 분이 땀을 뻘뻘 흘려가면서 가져오셨더라ㅠ친절하시긴 하다.그리고...허니난이 진리다!라씨는 망고라씨 ㅊㅊ,맛있다
3396,비나,진리지안,맛있네영 난 매우 커서 좋음물 한 모금 마실 때마다 사장님이 오셔서 다시 가득 따라주심ㅋㅋㅋㅋㅋㅋㅋㅋㅋㅋㅋㅋ근데 망고플레이트 사진 업로드하는거 왤케 오래걸리나요.......... 제 폰이 1분 후에 화면이 어두워지는데 업로드 성공함과 동시에 화면이 어두워지는걸 보니 1분이나 걸리네요ㅠㅠㅋㅋㅋㅋㅋㅋ,맛있다
3397,비나,숨니,비나최고ㅠㅠ!시금치커리는 꼭 드세요,맛있다
3398,비나,참외,이유를 모르겠지만 아마 전국에서 인도커리 식당이 가장 치열하게 경쟁하는 곳이 안암 아닐까? 수준 높은 인도커리집들이 잇따라 생기면서 시장경쟁의 긍정적인 측면을 느낀다.(중국집들은 그렇게 많이 생겨도 왜 긍정적인 효과가 없는걸까? 역시 시장경제는 불완전함이 많다)최근엔 에베레스트 분점도 생겨서 커리덕후는 행복. 아무튼 워낙 수가 많고 맛도 다양한 덕택에 취향따라 커리를 맛볼 수 있다.향신료에 대한 거부감이 없을수록(한국화가 덜 된 맛을 선호할수록?) 비나·에베레스트>>고고인디아퀴진>>>>>오샬>>>>베나레스라고 생각함. 첫 도전이 비나라면 조금 빡세겠지만 어쨌든 커리에 빠져들수록 비나만 찾게 된다.맛 5/5위생 3.5/5친절 4.5/5가격 4/5한번 설거지가 덜 된 물컵이 있었기 때문에 위생 감점.,맛있다
3399,비나,waterskyblue,서울내에서도 이정도면 손꼽히는 인도 음식점이라고 생각합니다.주인아주머니랑 아저씨도 매우 친절하시고 메뉴에는 없지만 허니난 주문하시면 받아주시는데 진짜 맛있어요개인적으로 안암을 일부러 방문해서 먹을만큼의 음식점이 안암에는 거의 없다고 생각하는데 여긴 그 정도 수준의 음식점이라고 생각합니다.,맛있다
3400,비나,짱숨,제가 가 본 인도커리집 중에 가.장. 맛있습니다. 인도커리 좋아해서 자주 먹으러 다니고 유명한 데 많이 찾아다녔는데 학교 앞에서 보물을 만날줄이야!! 인도인 사장님이 운영하시는 데 한국말도 잘 하시고 친절합니다. 1.정말 맛있고 2.양도많고(고기 메뉴는 고기 양도 실하고 고기도 두툼합니다) 재료를 아끼지 않고 정성껏 요리했다는 걸 알 수 있습니다.,맛있다
3401,비나,대치꿀꿀이,치킨마크니+치킨..(이름까묵..크림맛나는것)+버터난인도 음식점으로 포화된 안암에서 제일 맛있는 인도 음식점이라고 생각한다!오샬보다 아쉬운점은 접근성과 밥커리 무한리필이 안된다는점...ㅠㅠ하지만 난도 엄청크고! 양도 많아서 리필을 굳이 안해도 배부르다!,맛있다
3402,비나,방탄하는자이,오샬보다 좀 비싸지만 그만큼 맛있음ㅋㅋㅋ,맛있다
3403,비나,서울푸디,평범,별로
3404,비나,youjeong,"최애 커리집이다. 적당한 가격에 푸짐한 양, 그리고 맛!! 최고최고",맛있다
3405,비나,로영,원래 카레 안먹었었는데 비나로 카레입문. 신세계.,맛있다
3406,비나,lunemiel,옆살이에 있는 2호점을 자주 갑니다. 저는 안암에서 제일 맛있는 인도커리집이라고 생각해요. 다른 지역과 비교해도 손색없구요! 가격도 착한편이고 주인 아저씨도 친절하시고 짱짱!!ㅋㅡㅋ 추천해요.,맛있다
3407,비나,Joon Sung,"정말 맛있다고 생각하는 비나!! 새우커리 닭고기 커리와 갈릭난 버터난 먹었읍니다. 갓 구워낸 난이 아주 맛있읍니다.한국에 들어온 많은 외국 음식점들 중에서 특히나 인도 음식점은 현지 맛과 정말 비슷한데, 여기 커리는 그 중에서도 아주 맛있는 편에 속하는 것 같습니다. 물론 저는 인도에 가본 적이 없고 갈 계획이 없지만 같이 먹은 친구가 그렇다고 하네요.",맛있다
3408,비나,조오조,개인적으로 베나레스보다 맛있다! 직원분들 친절하고...! 감자난이랑 시금치커리 쫀맛!,맛있다
3409,비나,소금,맛있고 양도 많아요. 안암의 커리 식당들 중 가장 좋아요. 식당 주인분들도 참 친절하세요.,맛있다
3410,수퍼보울,모진수,체중을 조절할 필요가 있겠다 싶어서 + 신선한 음식이 먹고싶어서 방문했다!포케… 너무 맛있는데 이게 실제 칼로리는 만만치 않을 것 같다….비건과 참치반 연어반 + 크래미 추가로 주문했다. 비건에는 팔라펠이 있었고 그외 구성은 동일하다. 테이크아웃과 배달 전문점인지 좌석이 많진 않았다. 양이 무지하게 많았고 재료가 실했다…물가도 저렴한 축이었다! 대학가 만만세!이 근방에 연고가 있으면 자주 올 것 같은 곳이다!,맛있다
3411,수퍼보울,미동이,양이 많다..! 잘 먹는 여자 기준 많았습니다! 즐거운 식사 경험을 제공하는 공간은 아니었지만 건강한 한 끼를 제공하는 곳이었다. 포장을 한다면 더 만족스러운 식사가 되지 않을까 싶다.,괜찮다
3412,수퍼보울,루카스,"카스 별점 ★★★★★ [5/5]♠비건 고로케, 팔라펠 맛집을 찾아 떠나보자 2편♠<건강을 생각하고 싶을 때>포케를 정말정말 좋아해서 처음 수퍼보울이 학교 근처에 생겼을 때는 정말 반가웠네요! 원래 인기많은 국수집이었던 장소에 생겼습니다. 팔라펠, 참치, 연어, 닭가슴살, 크래미 포케를 판매중입니다. 저는 그중에서 팔라펠이 제일 맛있더라구요. 인상적이었던 건 사장님이 연어, 참치 상태가 안 좋은 날은 양해를 구하시고 판매를 안하시는 모습이었어요. 요리에 대한 애정과 자부심이 있으신 분 같아서 더욱 신뢰가 갔습니다! 인근 자취생들의 배달 맛집이라 배달 주문이 정말 끊임없이 쇄도해서 매장에 앉아있어도 음식이 늦게 나오는 경우가 가끔 있습니다ㅠ.ㅜ (이 경우에도 사장님이 미리 양해를 구하시긴 합니다) 전에 1시간 가량 기다린 적도 있어요...그래도 포기하지 않고 계속 갈만한 맛입니다.♥팔라펠 포케(5900원)+연어토핑(2500원)추가: 칙피스 급으로 맛있는 팔라펠을 판매하십니다. 팔라펠은 직접 만드시는 것 같더라구요. 렌틸콩, 병아리콩, 완두콩 등의 여러가지 콩 종류와 블랙 올리브, 옥수수, 적양파, 파인애플, 할라피뇨, 해초무침의 토핑을 풍족하게 넣어주십니다. 안 좋아하시는 토핑이 있으시면 말씀드리면 빼주십니다. 전 매번 할라피뇨가 너무 자극적이어서 빼곤 했습니다. 현미밥/샐러드 반반이 기본 옵션이고 원하시는 대로 현미밥만 하거나 샐러드만 하거나 선택하실 수 있는데 둘 다 너무 맛있어서 포기할 수 없습니다... 반반 드시는 걸 추천드릴게요! 양이 적으신 여자분들의 경우 별도로 토핑 추가 안하셔도 될 것 같아요.학생 때 정말 많이 갔는데 그립네요.. 제게 팔라펠과 포케의 매력을 알려준 곳입니다. 근처에 사시면 꼭꼭 방문해보세요.",맛있다
3413,수퍼보울,kkonoo,토핑 생각하면 비싸다고 할 수 없는 가격! 푸짐하고 먹으면 건강해지는 느낌이 들어서 좋아용ㅋㅋ 근데 음식 나오는 게 좀 느려요..,맛있다
3414,수퍼보울,서현,처음 먹어본 포케!!!지하철역으로는 외대역이랑 가깝지만! 15~20분 정도 걸어야도착하는 아담한 매장의 식당:)미리 어플로 포장 주문을 했는데 사장님 혼자 하시는지 분주해 보이셨어용ㅠ배달 기사님도 앉아서 기다리고 있었고 그 와중에 계속 주문 알림이..ㅋㅋㅋㅋㅋㅋㅋ 재료 소진이 빨리되서 제가 도착했던 5시에는 영업마감 하시던데ㅠ 진짜 인기가 많은가봐용조금 기다리니까 주문한 연어포케 등쟝!사장님이 서비스로 단호박도 주심ㅎㅎㅎㅎㅎㅎ집에와서 먹어보니까 연어도 되게 많이 들어있고현미밥?이랑 병아리콩 그리고 특이하게 미역같은 해조류도 있더라구요 야채도 적당히 있고~다이어트 하는분이나 가볍게 한끼 먹을분 추천합니당!,맛있다
3415,수퍼보울,망고망고,외대에도 드디어 포케상륙!!연남동의 슬로우캘리보다는 확실히 맛있다는 느낌은 덜해요. 그래도 맛있긴해요ㅎㅎ자극적인 느낌이 덜해서 그럴까요? 어떻게 보면 더 건강한 느낌이라고 할 수도 있겠네요. 밥은 현미밥으로 밥양은 많은 편인 것 같습니다! 먹고나면 아주 든든합니당! 가성비 좋은 것 같아요! 굳이 찾아갈 정도인지는 모르겠으나 근처에 포케집이 없어서 외대에서 포케먹고 싶을때 종종 먹을 것 같습니다. 배달도 된다고 하네요.,괜찮다
3416,수퍼보울,루카스,팔라펠에 참치추가동대문에서 단언컨데 가장 혜자로운 샐러드 맛집~!~!,맛있다
3417,하마 쌀국수,kkonoo,미분당 느낌인데 하위호환.. 고기 양이 더 적어욤..,괜찮다
3418,하마 쌀국수,즌짱,언제 한 번 먹어야지 하다 다녀왔는데.. 기대가 굉장했는데... 실망이 컸던 쌀국수집... 국물이 맛있다고 하는 평이 많아서 기대했는데 제 입맛에는 좀 안 맞았어요. 줄 서서 기다리시던데... 제가 입맛이 없었던 걸 수도 있지만... 저는 별로였어요. 아쉬웠던 곳.... ㅠㅠ,괜찮다
3419,하마 쌀국수,미동이,고기듬뿍쌀국수 감기 낫는 맛,맛있다
3420,하마 쌀국수,Ray,"가게가 굉장히 협소해 여유 없는 바 형식임에도 6명 정도 앉을 수 있는 듯해요. 그래서 처음엔 점심시간에 갔다가 자리가 없어서 못 먹고, 두 번째 시도 때 성공했어요ㅋㅋ제가 주문한 메뉴는 비빔쌀국수! 불고기에 수제 느억맘 소스를 넣어 비벼 먹는 거라고 적혀 있었는데요.먹어 보니 숯불고기와 상추, 새콤한 느억맘 소스가 잘 어우러지지만 굉장히 심플한 맛이라 맛있다는 느낌까지는 못 받았어요. 그리고 고기, 상추, 면을 열심히 잘 섞어 먹었는데도 상추가 많이 남아서 상추는 좀 덜 주고, 고기는 좀 더 주면 좋겠다 싶었습니다ㅎㅎ사실 메인인 비빔쌀국수보다 더 인상 깊었던 건 사이드로 제공되는 쌀국수 육수였어요! 깊이 있는 국물에 칼칼한 맛까지 있어서 그냥 쌀국수가 비빔보다 훨씬 맛있겠는데 싶더라고요. 언젠가는 쌀국수 먹어보러 재방문할 것 같아요ㅋㅋㅋㅋ",괜찮다
3421,하마 쌀국수,YNZ,"앞선 맛되디님의 리뷰에 등장하는 <한국형 쌀국수의 극치>라는 표현보다 더 좋은 것을 찾지 못하겠다. 이곳의 쌀국수는 향신료향이 묻어나고 진한 감칠맛이 있는 베트남 현지의 그것과는 정말 거리가 멀다. 향신료가 느껴지지 않는 깔끔한 육수에 잘게 찢어 소복하게 담아낸 고기 고명과 매운고추는 국물이 심심하지 않게 포인트를 잘 잡아주고, 숙주나물과 국수는 자박한 국물에 몸을 담그고 있다. 재료의 맛이 아주 정직하고 고스란히 느껴지는 정말 참한 맛의 국수다.평소에 '고수안넣을거면 쌀국수를 왜 먹어?'하는 발언으로 고수혐자들의 몰매를 맞던 나였는데, 먹는 내내 고수가 전혀 생각나지 않았다. 이곳의 국물을 한모금 맛본다면 자연스럽게 고개를 끄덕일 것이다. 강한 향신료는 이 맑고 깨끗한 국물 본연 맛을 해칠 것 같다. 이 정도라면 내가 알고 있는 쌀국수와는 모양만 같고 다른 음식인지도 모르겠다. 돼지 냄새 없이 맑게 끓인 옥동식의 돼지 곰탕이 은근 생각났다. 쌀국수계의 옥동식이라고 해야할까. 대학가 식당들에는 사실 크게 감흥이 없는 편이지만 이곳은 종종 생각날 것 같다. 경희대 학생들 부럽다.",맛있다
3422,하마 쌀국수,맛되디,"<한국형 쌀국수의 극치>자주 가는 곳인데 아직도 이 곳 리뷰를 안 썼었다니!.. 새삼 반성했다 최근 넘 나태해진 듯...ㅠ회기에서 뜨끈한 면이 먹고 싶을 때마다 가는 곳이 영화장, 레알라면, 여기 하마 쌀국수인데, 영화장은 맛쭉날쭉이 심해 손절, 레라는 몸에 넘 안 좋아 줄이고 있는 고로....  지금까지 발길이 이어지고 있는 곳은 여기뿐임! 또 다른 내 애정식당인 독립식당과도 가깝다!메뉴는 쌀국수, 비빔쌀국수, 짜조로 단촐하다. 그러나 내가 늘 시키는 메뉴는 정해져있음. 쌀국수 고더듬! 고더듬이란 고기더듬뿍이라는 이 집만의 옵션이다. 원래도 푸짐한 소고깃살로 된 실을 한 층 수북히 얹어주셔서 더듬뿍!ㅋㅋㅋ현지 느낌 뿜뿜의 동남아시아식 쌀국수를 원한다면 조금 갸웃할 수 있다. 이 집 쌀국수는 지극히 한국화된 쌀국수이기 때문. 향신료 느낌이 옅다 못해 없다시피하며, 육수도 맑은 고깃국의 그것에 더 가깝다. 전반적으로 장국밥에 국수를 푸짐하게 말아먹는 스타일.이름만 쌀국수지 베트남, 태국의 쌀국수와는 전혀 다른 이 집만의 메뉴라 해도 될 만큼 이질적이다. 근데 문제는 아니다. 이유는 간단. 맛있기 때문이다. 진하기보다는 산뜻, 담백하며 속이 편안한 맛이다. 기름진 국물과 비계 고기에 약한데ㅠ 이 집은 순수살코기만 찢어넣어주시는데다, 국물도 기름기가 아주 적기 때문에! 더 내 취향이기도 함ㅎㅎ오리지널 쌀국수를 좋아하는 분이라면 호불호 갈릴 수 있는 집이다. 그러나 동남아시아 쌀국수가 아닌! 맛있는 온국수 한 그릇 먹으러간다고 생각하면... 누구나 만족할 맛이라고 생각한다. 비빔쌀국수는 아직 먹어보지 않아 모르겠고, 짜조는 나쁘진 않으나 특색 있었던 적도 없다. 꼭 시켜야하는 메뉴냐 묻는다면 노!ps)젊은 부부께서 운영하시며, 남자 사장님 아주 친절하시다ㅎ 자주 가다보니 많이 편해져서 이제 말 편히 해주시는데 맛집 정보도 알려주시고 좋은 형님 스타일ㅎㅎ 가게를 자주 방문하는 또 하나의 이유다. 시끄럽게 간섭하거나, 훈계하거나, 추근대는 식당 주인은 맛까지 떨어뜨리지만.. 여긴 반대 케이스라고 보면 될 듯. 딱 심야식당 마스터 느낌이다. 과묵, 친절, 손님이 원한다면 잘 들어주시고 알려주신다.",맛있다
3423,하마 쌀국수,김수현,시립대에 다니는 친척동생의 인도로 다녀온 쌀국수집. 평소에는 줄서서 먹는다고하는데 방학이라 그런지 다행히 사람이 별로 없었다.일단 이 곳은 대학가 근처라 그런지 가격이 저렴했다. 메뉴가 다양하지는 않았지만 오히려 그점이 깔끔하고 맘에들었다.우리는 분짜 쌀국수 짜조를 주문했다(메뉴가 이 세개가 전부) 분짜는 처음 먹을때는 괜찮았지만 먹다보니 소스와 면이 따로노는 것 같아 아쉬웠다.. 이곳의 짜조는 일반적으로 쌀국수집에 있는 안에 만두속처럼 들어있는 재료가 아닌 호박과 고구마 필링이 들어있었다.전체적으로 아주 맛있지는 않았지만 저렴한 가격으로 먹기 괜찮은 곳 같다.,괜찮다
3424,미스사이공,snoopy,그냥 김밥천국 같은 모습이네요.,별로
3425,미스사이공,Hepzi,3.0소고기 쌀국수사이공 새우볼가성비가 매우 좋고 무난한 맛! 새우볼은 튀김옷이 좀 아쉽,괜찮다
3426,르안타이,홍윤기,지금 포장주문 해놓고 적어요. 맛에 비해 여기 평점이 좀 낮네요. 적어도 4.5 이상은 되야 할 텐데...게살볶음밥이랑 똠양꿈 조합이 가성비로 괜찮고 다른 메뉴들도 일정 수준을 항상 유지해요,맛있다
3427,르안타이,이리저리,닭 팟타이돼지고기덮밥가성비와 맛을 동시에 잡은 태국음식 맛집 정말 맛있어서 싹싹 긁어서 먹었어요,맛있다
3428,르안타이,잘먹는 인도인 Raj,"재방문 의사 흘러넘침.맛, 분위기, 사장님 ☆완벽★Bahut badhiya",맛있다
3429,르안타이,Hiunique,파일애플 볶음밥이랑 똠양꿍 먹었어요... 한국 사람입에 맞춘 라이트한 느낌 ㅠㅠ 태국사람이 하는 찐한 똠양뀽 기대하면 실망 제가 2개만 먹어 그롤 수도....분위기는 깔끔 하고 조용... 막 태국음식같은 동남아 특유의 맛이 약해 아쉬워요,괜찮다
3430,르안타이,빈빈,팟타이 핥핥,맛있다
3431,르안타이,탁지윤,맛있음,맛있다
3432,르안타이,E.T Jun ,"아임파이, 미스사이공 근처에 있는 태국음식점 입니다. 제가 아는한 외대근처 유일한 태국음식점인듯. 저녁시간에 방문했는데 금세 자리가 다 차고 웨이팅을 할만큼 인기가 좋았습니다. 네명이서 총 세가지 음식을 시켰는데 제일 맘에 들었던거는 푸팟퐁 커리였습니다. 다른 곳에서는 비싸서 접근성이 안좋은 음식이었는데 가격도 18000원이면 합리적이고 소프트크랩의 양도 많았습니다. 게도 잘 튀겨져서 먹는데 문제 없었고 달달한 커리와 밥과 잘 어울렸습니다. 팟타이는 새우와 닭고기중에 선택할수 있습니다. 맛은 메뉴판 소개 그대로 매콤.새콤.달콤한 맛이었습니다. 맛있지만 흔히 먹을수 있는 전형적인 팟타이였습니다. 똠얌꿍에는 쌀국수를 추가해서 먹었는데 개인적으로는 너무 자극적이어서 입맛에 맞지는 않았습니다. 똠얌꿍 특유의 시큼한 맛보다는 매운맛이 강조되어서 손이 덜가는 똠얌꿍이었습니다. 전반적으로 외대근처에서 태국음식을 맛볼수 있는 곳이라는 메리트도 있고 음식들도 맛이 괜찮아서 인기가 있는곳인것 같습니다. 단 저희가 갔을때는 음식이 상당히 늦게 나와서 꽤 오랜시간 기다려야 해서 불편했던 점도 있었습니다. 다음 방문시에는 볶음밥 종류를 먹어 볼 생각입니다.",괜찮다
3433,르안타이,맛있으면우는고양이,푸팟퐁커리 쌀국수 팟타이 가성비 굳굳. 외대오신 분들께 추천,맛있다
3434,르안타이,이상영,"오랜만에 다시 방문뿌팟퐁커리 처음 먹어봤는데 정말 맛있었다!!그런데 뚬양꿍은,.. 별로였다 툭툭이 더 맛있음 ㅠㅠ",맛있다
3435,르안타이,Ansu,가격에 비해 양이 좀 적다. 팟타이 나는 그냥 그랬는데 같이 간 남자친구는 엄청 맛있었다 그랬다. 푸팟퐁커리도 기대만큼 막 맛있진 않았다. 게의 식감은 좋았다.,괜찮다
3436,르안타이,이상영,외대 후문쪽에 있는 태국음식점오랜만에 태국음식먹고 싶어서 가봤음처음으로 먹었던음식은 카오팟무(7000)! 음식이 나오자마자 나던 바질향은 내 식욕을 자극하기에 충분했다.. 돼지고기의 감칠맛과 소스의 조합이 일품두번째 음식은 팟타이(8000)! 카오팟무가 너무 맛있어서 기대했으나.. 면이 너무 퍽퍽하고 간이 잘 안되있었다.. 해물은 맛있었지만 약간 실망스러운 메뉴 ㅠ,맛있다
3437,르안타이,키다리아저씨,"한국외대 근처의 타이음식점~아담하고 조용한 매장 분위기였고~  인테리어나 분위기는 그냥 평범한 장소였다.갔을때 손님이 없어서 상당히 불안했지만...막상 주문을하고 음식맛을보니 안심이 되었다.타이음식 먹을때 항상 주문하게 되는 ""쏨땀""(7,000원)!!달콤상큼매콤한 맛의 조화와 파파야 씹는 식감을 좋아해서 쏨땀을 주문한다~ 여기 쏨땀도 깔끔하다~^^그리고 가장 기본적인 팟타이(8,000원)~ 양은 넉넉하진 않지만 적당한 달콤함과 고소함~ 면의 익은정도는 괜찮다~ 약간의 계란비린맛이 살짝 나는 아쉬움은 있었지만 무난하게 먹을만했다.꿍팟프리완(14,500원)은 새우튀김에 매콤달콤한 소스로 버무린 요리인데~ 살짝 칠리새우 느낌이라 쏘쏘~~전체적으로 맛은 괜찮은 편이지만~ 타이음식을 먹으면서 뭔가 부족한 느낌이 살짝 들었다. 향이나 깊은 맛이랄까??....하지만 다른 타이음식점에 비해 가격대는 저렴한건 좋은듯!!",괜찮다
3438,르안타이,띵시,가성비 ⚫️⚫️⚫️⚫️⚪️맛 ⚫️⚫️⚫️⚫️⚪️분위기 ⚫️⚫️⚫️⚪️⚪️재방문의사 90항상 먹던 푸팟퐁커리 말고 새로운 요리 도전. 양지쌀국수 6500 카오팟무 7000원. 카오팟무는 바질 양념 입혀 고슬고슬하게 볶은 돼지고기와 뚱뚱한 반숙프라이가 올라간 덮밥. 향신료가 부담스럽지 않고 익숙한 감칠맛 가득해 누구나 좋아할 맛.쌀국수 국물 맛 예술. 고수 향이 셈. 고기토핑이 적은 건 아쉽지만 국물 때문에 만족도 높았다. 카오팟무와 궁합 짱짱이시다. 담번엔 튀김류도 먹어야겠음. 내 마음 속 1위 메뉴는 여전히 커리!,맛있다
3439,르안타이,띵시,"가성비 ●●●●○맛 ●●●●○분위기 ●●●○재방문의사 80엘포레 옆쪽에 있는 타이 음식점. 가성비도 괜찮다 보통 6500~8000원 정도? 사진에 있는 푸팟퐁 커리가 18000원 이지만 안에 소프트쉘크랩도 들어있고, 공기밥 한개 추가해서 둘이 나눠먹기에 좋은 양이다. 사장님 음식 이렇게 하면 안돼요. 너무 맛있어서 사람 쥬거요ㅠㅠ 여기 음식은 양심상 올해 안에 올클해야겠다.",맛있다
3440,아라기,peang,다른 메뉴도 먹어보고싶다 재방문의사 있음,맛있다
3441,아라기,m.new,"베트남분이 운영하는 쌀국수집쌀국수에 들어간 고기는 약간 질긴편이었고, 월남쌈이 조금 특이했다 (당면, 상추, 새우, 고기만 들어간듯?)가격대비 나쁘지않지만.. 맛있어서 재방문할정도는 아닌 곳",괜찮다
3442,아라기,식품업계종사자,볶음쌀국수랑 쌀국수 먹었습니다. 베트남쌀국수는 즐겨먹진 않지만 가면 에머이로 많이 갑니다. 가격대는 에머이보다 싸고 양도 많은편입니다. 외국인들도 많이 찾는걸 보니 한국사람의 입맛에 맞춘것은 아닌것같습니다. 분위기도 그렇고 메뉴판도 보아하니 베트남의 남새가 물씬풍겨 이국적인 느낌이 많이 드네요.,괜찮다
3443,아라기,키다리아저씨,"답십리역 인근 오피스 건물1층에 있는 베트남 전문식당 ""아라기""베트남에서 오신 외국남자 2명이 일하고 계시네요^^ (한국말 기본적인것만 가능하신듯~ 못알아 들으시는 부분이 좀 있어요^^;)매장은 아기자기 아담하고 왠만한 메뉴들은 다 판매하고 있어요.가격대가 저렴한 편이지만 양이 푸짐한 편은 아닌듯합니다.베트남식 전 같은 반세오는 상추나 라이스페이퍼에 싸서 피시소스와 함께 즐기기 좋은편이지만, 여기 반세오는 뭔가 재료가 좀 부실한듯하고 기름지네요. 개인적으로는 좀 별로였어요.쌀국수는 그래도 국물 시원하며 진하고, 담백하게 술술 넘어가는 면발이 괜찮았구요.짜조 스프링롱은 겉바속촉하게 먹을만했는데... 기대했던 반미는 맛은 괜찮았지만...속재료가 너무 단출해서 아쉬웠어요ㅠ특히 대부분의 음식에 고수가 없어서 별도로 부탁하니까 주시더라구요. 아마 고수를 싫어하는 한국분들 때문에 빼신듯하지만... 고수가 없으니 전체적 음식맛이 죽어서 고수가 많이 필요한듯합니다. 차라리 주문 받을때 고수에 대해 언급했다면 더 좋을듯해요.저렴한 가격대로 베트남 음식 즐기기엔 좋으나 소통부분도 조금 답답함이 있고, 고수도 음식에서 중요한 부분이라 생각하는데 고수의 부족함도 아쉬움으로 남네요. 주문하실때 꼭!! 고수 많이 달라고 부탁하셔야겠어요.",괜찮다
3444,아라기,소르,"동네에 생긴지 얼마 되지 않은 베트남 음식점!귀엽게 농담섞은 한국말을 하시는 베트남인 사장님(?)과 직원들을 만날 수 있는 작은 가게,쌀국수가 있음에도 반미와 반세오를 먹었는데, 반세오는 바삭바삭하고!!!!! 고소한 풍미가 장난이 아님먹다가 남은 반미는 포장! (모든 메뉴 포장가능)진짜 맛있었음 ㅠㅠㅠㅠㅠ옆에 있던 테이블도 따라먹고서 칭찬하고 감! 반쎄오 먹을 줄 몰라도 사장님이맛있게 먹는 법! 하면서 싸주심 ㅎㅎ재방문해서 쌀국수도 먹어봐야할듯!!(도장도 메뉴당 하나씩 찍어주고, 다 찍으면 쌀국수 하나!)",맛있다
3445,아라기,Ollie,Very very tasty and the staff are amazing!,맛있다
3446,포보,kkonoo,저렴한 가격에 푸짐한 양! 매운 소고기 쌀국수만 먹는데 국물이 맛있어욤,맛있다
3447,포보,Ray,돈까스랑 쌀국수 세트 먹었는데 그냥그냥 평범해요ㅋㅋ,괜찮다
3448,포보,guilietta,"가성비 매우 굳~ 돈까스 맛있다! 쌀국수는 숙주가 더 많았으나 세트에 돈까스랑 쌀국수라니...7500원에 지금까지 이런 가성비는 없었다, 배부른 한 끼 식사할 수 있고 자리가 매우 넓고 브레이크 타임도 없음",맛있다
3449,포보,Chany♥,2006년부터디니기시작했지만늘한결같다..로스A는최애..,맛있다
3450,포보,JW,포보가 아직도 있다니 ㅎㅎ 망고플레이트에서 보고 다른곳인줄 알았다... 예전에도 상호명이 포보였나? 허수아비로 알고 있었는데 ~ 맛있다 이정도 양에 7500원이면 굿!,맛있다
3451,포보,AlexTheFood,"170324.맛 ★★★★ 분위기 ★★가성비 ★★★★☆ 재방문 의사 있음 주문한 메뉴 (1명 방문) 로스세트A (수제 로스까스 + 소고기 쌀국수) - 7500원 총 7500원오랜만에 하는 혼밥!난 원래 주위 시선을별로 신경쓰지 않는 편이라혼밥하러 자주 다니는데,사실 보통은외대나 경희대 학식을 즐겨먹는다.정말 아무도 신경쓰지 않으니그냥 가서 먹고 오면 된다.팁을 드리자면 외대 학식은 가성비,경희대 학식은 맛에 중점을 둘 때찾아가시길.어쨌든 각설하고,이번에 내가 다녀온 혼밥 집은경희대 정문 바로 앞의 '포보'이다.주문도 서빙도그냥 모든 것을 혼자하는 곳.분위기는 학식과음식점 그 사이의 분위기다.가격은 7000-8000원대이지만세트메뉴의 퀄리티와 가성비를 보면전혀 비싸지 않은 곳!나는 제일 대표메뉴이자기본메뉴라고 할 수 있는로스세트 A를 주문했다.무려 수제 로스까스와소고기 쌀국수가 함께 나오는로스세트 A!사진을 보면 내가 최근 구매한초록색 컨버스도 구경할 수 있다.각설하고,처음 나왔을 때는 보고양이 꽤 많다 생각했는데,생각보다 양이 더 많다.보통 세트메뉴로 시키면0.5인분씩 나오는 게정석이라고 알고 있었으나,여기 포보는로스까스 하나만 봐도딱 1인분 정량을 주신다.그렇다고 질이 별로냐고 묻는다면,전혀.고기 단면만 봐도 알 수 있듯고기질이 굉장히 좋다.국내산 1등급 등심을 쓴다고걸어 놓으셨던데,아무래도 진짜인 것 같다.안타까운 점이 있다면쌀국수를 먼저 먹고로스까스를 먹다보니튀김 아래가조금 눅눅해져 있었다는 점...물론 나의 과실이므로다음부터는 로스까스를먼저 먹는 걸로!쌀국수 또한 무난했다.정말 맛있지도 맛없지도 않지만'괜찮네'하며 먹을 수 있는 수준의쌀국수.쌀국수와 돈까스를 동시에맛 볼 수 있는 가성비 맛집.경희대 외대두 학교를 통틀어서7000-8000원으로괜찮은 두 가지의 메뉴를맛있게, 그리고 배부르게먹을 수 있는 곳이 몇이나 될까.서브메뉴+메인메뉴가 아니라메인메뉴만 두 가지를이 정도 퀄리티로 내주는 곳은아마 이 곳,포보밖에 없을 것이다.실제로 혼밥하는 사람들도 많고꽤 오래된 맛집이니,분위기보다 맛과 가성비를선택하시는 분들이라면지나갈 때 한 번 들려보시길.맛과 양,양 쪽 모두 만족하고일어날 수 있을 것이다.",맛있다
3452,포보,미콩,매운쌀국수 처음 먹어보는 듯한데 맛있다정겹게 맵기보단 맵다 맵다 으 매워ㅓ 자리도 넓어서 좋규 가격도 좋규다음엔 돈까스도 먹어봐야지매운소고기쌀국수 5500,맛있다
3453,포보,Lee,돈까스도 두툼하고 쌀국수도 괜찮은 곳. 맛집이라기엔 살짝 모자르지만 그렇다고 평범한 밥집이라기엔 그보다 더 맛있는 느낌.,맛있다
3454,포보,민트맛 찹쌀떡,가격도 괜찮았고 맛있었어요 ㅎ 돈까스가 바삭바삭해서 친구 입천장이 까지기도 했지만..ㅎ 양도 꽤 많았어요 다시 가고싶은 곳이에요,맛있다
3455,깐띤,kkonoo,배달로만 먹어봤는데 큼지막한 등뼈가 들어가있는 등뼈쌀국수 맛있다! 국물도 베트남 느낌.. 안 가봤지만..ㅋㅋ,맛있다
3456,깐띤,즌짱,"혼면 세트(우삼겹 쌀국수+미니 껌스언)에서 매운 우삼겹으로 바꿔서 시켜먹었어요. 매운 우삼겹,, 매워봤자 얼마나 맵겠어 싶었는데 꽤 매웠어요. 깐띤 시그니처(?)인 등뼈 쌀국수는 이틀 내내 품절이라 못 먹어서 아쉬움...쌀국수 보다는 껌스언이 맛있었어요. 배달 시켜서 그런가 쌀국수는 면이 따로 노는 느낌이 컸습니다 :(",괜찮다
3457,깐띤,Joe,"홀린듯 들어간 깐띤.오후의 햇살, 인테리어, 음식냄새때문에 '내가 낮잠을 자면서 꿈꾸고 있나?' 싶은 식당이었습니다.뒤이어 나온 가장 기본메뉴 등뼈쌀국수 비쥬얼 보고도 꿈을 꾸는게 아닌가 싶었어요.",맛있다
3458,깐띤,E.T Jun ,반쎄오. 쌀국수,괜찮다
3459,깐띤,망둥,맛있어서 재방문했어요!분짜 쌀국수 베트남식 피자 이렇게 먹었습니다!각각 6.5 6.5 2.5 로 가격도 저렴했어요ㅎㅎ베트남식 피자 처음 먹어봤는데 라이스페이퍼 위에다가 재료를 올려서 구운거더라구요맛있었어요ㅎㅎ 그리고 가격도 저렴하고 사이드로 크기도 적당하구요!쌀국수랑 분짜도 양 진짜많아서 배터지게 먹었습니다ㅋㅋㅋㅋㅋ외대 앞에 오신다면 추천해용!,맛있다
3460,깐띤,망둥,새로 생긴 집이라 기대하면서 갔어요ㅎㅎㅎ쌀국수랑 반쎄오랑 분짜 시켜먹었는데 쌀국수 6500원 분짜 6500원 반쎄오 4500원으로가격도 착하고 깔끔한 맛이었어요!반쎄오 궁금했는데 생각보다 맛있어서ㅋㅋㅋㅌ 좋았어요! 저는 앞으로 외대앞에서 베트남음식 먹고싶으면 여기에 올거같아요ㅎㅎㅎ,맛있다
3461,깐띤,맛있는게제일좋아,"2018년 외대 개강일에 맞춰 이번 주에 오픈했다는 따끈따끈한 베트남 음식집.  쌀국수에는 사골베이스 육수, 쌀면, 등뼈(로 추정됨. 뼈해장국에 들어가는 그것) 두 덩이, 양파채(양파절이x) , 숙주 조금이 들어가 있었다. 사골곰탕 맛과 유사했다. 양이 많아서 한 끼 든든하게 챙겨먹기 좋았다. 그런데 스푼이 코딱지만해서 사발째 국물 드링킹했다. 사장님께 말씀드리니 안그래도 4월에 베트남가서 숟가락 구해 온다고 ㅋㅋㅋ 매장도 넓은 편이고 인테리어도 신경쓰신듯. 알록달록 꽃무늬 방석이랑 커튼에 취향저격당했다.  한 번쯤 가 볼만한 집! 그래도...이근방 쌀국수는 르안타이가 최고....",괜찮다
3462,시카고커리,Naimy,뭐랄까 건강하게 맛있는 느낌?!막 생각나게 맛있는건 아닌데 먹는동안 만큼은 자극적이지 않게 배부르게 잘먹었어요같이 간 지인들은 좀 투덜댔지만 개인적으로아기랑 엄마가 오면 좋을 맛집,괜찮다
3463,시카고커리,멍뭉이,"부드러운 크림카레 느낌..매콤한 카레를 시키면 부드러운 느낌과 잘 어울린다.튀김 토핑과도 잘 어울리는 부드러움..아쉬운 건 카레를 조금 더 줬으면 좋았을텐데, 혼자고 밥이 애매하게 남아서 소스만 조금더 달라고 하긴 애매했다...다음 방문시에는 주문 시에 카레를 많이 달라고 주문해야 할듯...교통이 안 좋아서.. 재방문 의사는 기회되면?",맛있다
3464,시카고커리,맛집교과서 먹선생,"그대가 주는 부드럽고도 포근한 감촉은 불안정한 나의 마음을 한순간에 안정시켜주었다. 조용하고 친절하고 아늑해서 마음이 몹시 편해진다.-용두동에 위치한 시카고커리 엄마와 아들이 작게 운영하는 커리집이다. 마음편하게 한끼할 수 있는 그런 공간.-카레는 몹시 부드럽다. 색만 보면 크리미해서 속이 느끼할 것 같지만, 적당한 그런 맛이 밥알을 안고 혓바닥의 미뢰 구석구석에 안겨붙는다.-서울엔 카레강자들이 너무 많아 그곳에 비해서 엄청나게 뛰어나다고 할 수는 없지만, 이곳만의 독보적인 색과 감성 그리고 맛이 나의 기억에 새겨졌다.-접근성이 좋은 평은 아니다. 아마 접근성만 좋았으면 두어번 더 갔지 않았을까 싶다.-제 점수는요..10점 만점에 7.7점입니다.-#시카고커리 #카레맛집 #카레 #커리 #커리맛집 #용두동 #용두동맛집 #청량리맛집 #청량리",괜찮다
3465,시카고커리,임맛잘봄,맛있네요~~ 사장님도 너무 친절하시고.. 눈으로 목고 입으로 먹는 시카고커리~~ 플레이팅이 너무 예쁜데 맛도 좋아용 ㅋㅋ,맛있다
3466,시카고커리,쭈,워낙 커리를 좋아하는 사람으로써매콤한 한국 카레를 제일 좋아한다그러나 그런 느낌과는 다르게조금 부드러운 커리를 지향하는 듯한시카고 커리.가격에 비하자면 무난한 식사였다다녀온지 좀 되었지만커리가 조금은 밝은 색에맛이 엄청 진하기보단 부드러운 맛이었다.개인적인 입맛엔 별로였지만 그래도나쁘진 않은 식사였다 딱 괜찮았다 정도.,괜찮다
3467,시카고커리,개굴,살구색톤 식당. 모자가 운영한다조용하고 친절하고 아늑해서 힐링이지만 접근성이 떨어진다부족함 없는 맛이다크리미한 색과 다르게 담백하고 향신료향이 적다구운 채소들이 커리와 잘어울린다다만 더 맛있는 카레전문점을 많이 가봐서아무래도 그 집들보다 맛있다고 하기 힘들다오늘의 점심은 즐거운 추억으로 자리잡았지만특별한 맛은 아니여서 재방문은 힘들 것 같다카레투어는 계속된다,맛있다
3468,분99,rio2828,쌀국수 먹고싶을 때 자주가는 집이에요 너무 허겁지겁 먹어서 식전 사진은 없는데 맛있어요! 토마토해산물쌀국수는 매콤새콤한 맛입니다. 분짜도 맛있고 쌀국수 국물도 시원해서 진짜 맛있어요 매장 분위기도 좋고 사장님이나 알바분도 친절하셔서 부족할게 없는 매장입니다! 다만 최근 라스트 오더가 8시인것으로 알고있으니 알아보고 가세요!,맛있다
3469,분99,띵시,"가성비 ●●●○○맛 ●●●○○분위기 ●●●●○재방문의사 85맛있는 메뉴와 아닌 메뉴의 차이가 너무 극명한 분99ㅠㅡㅠ 레알라면이 외대앞에서 회기로 이전한 후 늬우-해장플레이스로 자리매김한 곳이다. 골목 깊은 곳에 위치해 있으나 통창으로 해가 따스하게 들어 기분 좋게 점심식사할 수 있음. 혼밥 하는 분들도 많고, 아기자기한 인테리어 때문에 약속 장소로도 적절함. 좋아하는 메뉴는 토마토해산물쌀국수와 껌쓰언! 토마토쌀국수라고 하면 생소해 보이겠지만, 시원 얼큰한 토마토 스튜 느낌이라고 생각하면 됨. 전혀 낯선 느낌 없이 속 싹~~~풀어주는 맛! 새우도 통통한 놈으로 꽤 들어 있고, 생면을 쓰는지 면이 찰랑찰랑 아주 부드럽다. 껌쓰언은 돼지갈비를 구워 불맛 나는 볶음밥 위에 올린 메뉴. 아니 이게 한식이 아니라 베트남 음식이라고?! 할 정도로 익숙한 맛(내가 고수를 빼서 그럴 수도...고수 시렁) 누구나 좋아할 맛이니, 면 메뉴만 시키지 말고 껌쓰언도 하나 정도 끼워 고르면 좋을 듯하다. 일반 양지쌀국수는 그냥 시원한 쌀국수 맛이고, 분짜가 넘 최악임ㅠㅠ 면에서 곤약 잘못 삶은 답답한 쉰내가 나고, 분짜소스가 미지근하며 재료들이 따로 논다. 내가 간 날만 그러했기를 바람... 외대인 기준 접근성 아주 좋고 가격대도 나쁘지 않음. 실은 외대 상권 물가가 너무 싸다 보니까 이것 가지고도 비싸다고 찡찡거리는 외대 인간들이 겁나 많은데... 타 베트남 음식점들에 비하면 정말 저렴한 편이라는 것 좀 알아야 함^^... 먹을 것 없는 외대 후문에서 깔끔한 식사가 땡긴다면 한 번쯤 들러보길 바람!",맛있다
3470,분99,원땡땡,"인생 쌀국수라는 얘길 봤는데, 저는 전혀...",별로
3471,분99,촘촘,"이가격에 쌀국수 먹을거면 차라리 더 나가서 다른 마싯는델 가겠어요 하지만 쌀국수가 땡기면 늘 여기를 가는 나,,,",괜찮다
3472,분99,minggu,"이문동에서 쌀국수를 사 먹을 수 있다는 것으로 아주 기쁘다! 하지만 그뿐인 편.주변에서는 이곳의 소고기 쌀국수가 인생국수라는 평도 있다. 하지만 나에겐 전혀 인상깊지 않은, 아쉬운 쌀국수였다.분짜는 먹어보지 못했다. 분짜를 먹으러 한번쯤 다시 가볼지도..",별로
3473,분99,E.T Jun ,외대 근처에 쌀국수 제대로 하는집을 가보지 못했는데 드디어 생긴것 같습니다.후문에 돈부리청년 근처에가시면 바로 찾을수 있는 위치입니다. 창으로 햇빛이 잘 드는 인테리어거 맘에들었습니다. 기본 소고기 양지 쌀국수 가격이 7500원인데 고기가 생각보다 실하게 들어있어서 좋았습니다. 고수는 더달라고 하시면 더 주시고 호이신소스나 스리라차소스는 당연히 구비되어있습니다. 스리라차 소스가 맵지않은 마일드한 맛이었는데 제경우에는 이점이 좋았던 것같습니다. 단점이라면 밑반찬이 별로 손이가지 않는다는점...좋아하는 분들도 있겠지만 절인 고추와 마늘이 저는 불호였습니다. 분짜도 메인메뉴에 있던데 다음에 시도해보러 또 갈것 같습니다.,맛있다
3474,포앤라이스,웡키,소고기 포 먹음. 국물은 깔끔하고 고기와 면 비율도 대체로 마음에 들음. 세트메뉴를 못 봐서 야채롤이랑 같이 못 시켜 먹음 ㅠ... 다음에는 야채롤도 ㅎㅎ,맛있다
3475,포앤라이스,chochokong,"지나가다 냄새에 홀려 들어가서 알게 된 곳(!)진한 쌀국수 국물과 불맛나는 볶음, 다른 흔한 체인과 달리신선한 야채가 듬뿍 올려진 상큼한 분짜가 정말 예술이다.에*이 등에서 분짜 먹고 너무 서운했다.특히 밥알이 하나하나 고슬고슬하게 살아있는 볶음밥류도 강추. 여기서 쌀국수를 먹고나면 다른곳의 국물이 그저밍밍하게 느껴질 정도.ㅠ일요일은 휴일이기 때문에 주의!!",맛있다
3476,포앤라이스,wonder_Alice,소고기 분짜 9000원오 기대 안했는데 괜찮다. 소스에 담궈먹는 분짜가 아니라 비벼먹는 분짜!대신 야채도 싱싱하고 양도 많고 거의 샐러드 먹는느낌으로 흡입!동네 쌀국스집에서 이런 메뉴를 발견하다니 놀라울 따름,맛있다
3477,베쌀집샤브샤브,또치,회사 점심메뉴로 회사랑 멀지만 종종 찾아간다. 국물도 시원하고 양도 많고.면추가에 숙주추가 등등 첫 1회리필은 무료라서 남자들은 대부분 추가해서 먹는 경우가 많다.,맛있다
3478,베쌀집샤브샤브,맛집교수,"베쌀집 - 답십리맛평점: B+총평: 면 1회 리필, 숙주 리필 가능. 친절하심. 무난한 쌀국수집.1. 갈비쌀국수: 갈비 5점이 올라가 있는 쌀국수. 갈비 5점에 5천원 값어치를 하는지는 글쎄.. 맛은 있음. 다만 쌀국수 면이 뚝뚝 끊김. 미리 삶아놓은듯한 느낌.2. 고이꾸온4P: 정성스럽게 싸준 월남쌈 느낌. 고기, 새우, 야채, 면 등 다양하게 들어가 있어 만족. 소스는 스윗칠리, 피쉬소스, 땅콩크림. 맛교수 추천메뉴3. 튀긴 스프링롤6P: 김치 메밀전병 맛이 나는 스프링롤. 맛교수는 김치만두는 불호한다. 식감은 좋음.스폰 없는 리뷰입니다.",괜찮다
3479,커리146,kkonoo,회기 커리 중에 제일 나은 듯. 시금치 커리가 제일 맛있어요,맛있다
3480,커리146,Ray,새우 꼬르마 단품(7000) 먹었는데 맛은 그냥저냥 먹을만한 정도였어요. 새우가 한두 마리만 더 들어있으면 밥 양이랑 딱 맞았을 거 같은데 아쉽더라고요. 그래도 가성비는 좋아요.,괜찮다
3481,커리146,장희,"맛은 쏘쏘.. 단맛이 강함. 하지만 가격대비로는 추천. 다른 곳 커리단품 가격에 난, 밥, 샐러드도 나오고 고기도 많이 들어있다. 바베큐는 추가주문한 것.맛만 따지면 그냥 그렇지만 싼값에 배부르게 커리먹긴 좋다.",맛있다
3482,미스사이공,Marr,이것저것 다 먹어봤는데 다 평타치 맛있움난 왜인지 빵먹으러 자주감 ㅋ.ㅋ,괜찮다
3483,미스사이공,로한,"#. 반미가 맛있었다. 담엔 배달어플 말고 픽업으로......요근래 고수향 물씬나는 음식이 먹고 싶었다.망고플레이트에서 발견한(?) 아라기를 갈까하다 운전하기도 사알짝 귀찮고 얼마전 배달어플 할인쿠폰이 들어와 미스사이공에서 주문했다.소고기 쌀국수와 반미 주문!!쌀국수 먹을때 초절임 양파를 곁들이는걸 좋아해 양파피클링 추가 / 소고기, 숙주, 양파를 해선장 소스랑 먹는걸 좋아해 소스도 추가 / 고수도 추가했다...반미도 고수추가에 매운 칠리소스 추가...고수가 엄청 땡겼나보다ㅜㅜ쌀국수가 오기전 배라 아이스크림을 먹고 있었던터라 아쉽게도 입안에 단맛이 베어 쌀국수의 국물맛을 제대로 느낄 수 없었다ㅜㅜ 국물따로 면,고기, 숙주, 양파따로 고수따로 보내주셨는데 생각보다 양이 많았다.국물에 면과 고기 숙주 양파를 넣다보니 국물이 넘쳐흐를 정도... 그래서 나눠넣었다.고수도 추가했더니 생각보다 양이 많아 나눠넣었다. 그렇게 한그릇 호로록~양파피클링은 초의 신맛은 생각보다 약했지만 아삭거리는 식감과 향신료의 이국적인 향이 좋았다. 생각보다 반미가 입에 맞았다. 식은 뒤에 먹은터라 짭조름한 고기 양념이 조금 쎄게 느껴졌는데 매운 칠리소스와 아삭거리는 양상추 향긋한 고수향이 이걸 잡아주는것 같았다. 배달어플을 거의 안쓰다보니 어플 주문가격과 매장가격이 다를 수 있다는걸 몰랐는데... 어플 주문가가 반미기준 천원정도 더 비쌌다. 가깝다면 홀 이용이나 픽업도 괜찮은 방법일듯~",괜찮다
3484,타이인플레이트,미동이,가성비 쩐다개맛있음 기대 안했는디나시고랭과 팟타이 모두 만족춘권 추가,맛있다
3485,타이인플레이트,kkonoo,가격 대비 양 많고 맛있어요!,맛있다
3486,타이인플레이트,Ray,"- 맛과 가성비 모두 좋지만, 식사 환경은 좀 아쉬워요팟타이(7000)에 계란후라이(500) 추가해서 먹었는데 기본적으로 계란이 들어가서 굳이 추가할 필요는 없을 것 같아요. 팟타이가 조금 질척거려 누룽지탕이 생각나긴 했지만 그래도 맛있었고요. 기본으로 같이 나오는 고춧가루는 맵찔이 기준엔 조금만 섞어도 꽤 매웠으니 주의하세요! 다른 메뉴들도 거의 다 7000원이라 가성비가 좋아요.하지만 가게 안이 어두침침하고, 환기가 잘 안 되는지 좀 답답해서 쾌적하다는 느낌은 못 받았어요. 게다가 살짝 끈적이는 컵도 사용하기 찝찝했고요. 심지어 점심시간인데도 배달 주문만 있고 홀에는 저밖에 없는 상황에서 노래는 한참 뒤에나 나오기 시작해 굉장한 정적 속에 있기도 했습니다ㅋㅋㅋㅋㅋ",맛있다
3487,싸왓디타이,델리에서온지미,"배가 고파서 곱배기 (+1,000원) 시켰는데 진짜 푸짐하게 주셔서 다 못먹을뻔 했어요근데 자극적이지 않으면서도 면에 양념이 잘 배어나는 맛이라 맛있어서 다 먹었네요. 먹고 나서 입 안에 남는 텁텁한 맛도 없고요.",맛있다
3488,밀플랜비,kkonoo,가성비 갑. 브리또도 맛있다!,맛있다
3489,밀플랜비,먹어본자,가성비 갑! 존맛에 양도 많음 치킨감자랑 소고기 라이스 사워크림추가 추천!!,맛있다
3490,포핸즈,HP7,기본쌀국수에 고기 양이 상당히 많다.맵찔이 기준 살짝 매콤재방문의사 있음,괜찮다
3491,코타,Ray,"치킨 부리또(8500) 먹었는데 다진 피클이 너무 많이 들어간 건지 제 입맛엔 너무 셔서 아쉬웠어요... 그래도 가성비는 좋은 게 양이 진짜 많아서 소식가는 반만 먹어도 될 것 같아요. 그리고 창문이 폴딩도어처럼 완전 다 열리는 구조더라고요. 비록 뷰는 하나도 안 예쁜 근처 상가들이지만, 요즘 날씨에 선선한 바람 들어오는 것만으로도 좋았습니다ㅎㅎ",괜찮다
3492,코타,삼평동민초단,아주 맛있습니다!,맛있다
3493,코타,루카스,"회기에도 드디어 멕시칸 음식점이 생겼네요. 저는 배달시켜 먹었습니다.갈비타코, 화이타 주문했어요. 타코 맛있었습니다! 갈비도 많이 들어있고 재료들이 조화도 좋았어요. 화이타도 새우, 소고기, 닭고기가 나오는데 새우가 진짜 통통했고 소고기 익힌 정도도 딱 좋아서 고기가 부드러웠습니다. 닭은 그냥저냥이었어요. 구운 양파 및 파프리카 양도 많고 치즈감자? 도 진짜 맛있었습니다. 또띠아도 밀가루 맛 안나고 부드럽고 맛있었어요. 모든 메뉴가 맛있는 곳! 추천드립니다",맛있다
3494,일이삼조브이앤,로우니,"괜찮은 베트남음식들을 합니다 가게명이 베트남 선배사? 라고 하더라구요ㅎㅎ 그에 맞게 술도, 안주류도 꽤 많아요 저는 주로 낮에 쌀국수해장에 맥주를 마시는 편이지만 저녁에 여럿이 모여서 안주를 잔쯕 시켜 먹는 것도 좋을 것 같더라구요 그리고 전체적으로 간이 꽤 센 편인데 그게 또 안주로 생각하면 꽤 괜찮은 간인 것 같아요",맛있다
3495,슬로우캘리,미콩,"이제 이만하면 슬로우캘리도 프랜차이즈가 아닐까싶긴하다. 연남동에서 포케를 처음으로 접하게 해준 곳이 바로 여기 슬로우캘리였는데, 그때의 그 느낌을 이제는 어디가더라도 느낄 수 있어서 좋은 거 같다ㅋㅋㅋ 프랜차이즈화가 된 거 같아도 재료자체는 본점에서 먹었던 것처럼 큰 차이 없이 신선했다. 두부포케는 두부랑 지단의 조화가 좋다. 담백하면서도 살짝 짭조롬하고 어딘가 단맛도 느껴진다. 소스 따로 뺄 수 있는 점도 좋고 무엇보다 여기 쇼핑백이 쨍한 파란색이라 예쁘다..ㅋㅋ 소장가치 있음.",맛있다
3496,슬로우캘리,김명찬,매장도 넓고 깨끗하고 사장님도 친절하세요!무엇보다 포케라는 음식을 처음 먹어봤는데 무조건 다시 먹으러 갈 거 같아요 완전 맛있습니다..,맛있다
3497,잇선,키다리아저씨,"동대문구 장안동 콘반에서 멀지않은 위치에 외관상으로는 카페인줄 알았던 공간이 타이 음식점이더군요^^매장앞 1~2대 주차는 가능해 보이는데...전용 주차자리는 아닌거 같아요.매장은 아담하지만 테이블 공간이 넓고 쾌적한 느낌이였습니다.<뿌팟퐁커리>상당히 부드럽고 고소한 옐로우커리는 적당한 간간함 덕분에 밥과 잘 어울렸고, 소프트쉘크랩도 비린맛 전혀 없이 바삭하게 잘 튀겨져서 통으로 먹기 불편함이 없었네요^^ <똠양꿍>새콤매콤 달큰한 매력적인 국물이 향신료의 향과 맛을 충분하게 느낄 수 있었고, 들어있는 재료도 풍성하니 만족스러운 편이예요. 새우는 기본이고 어묵도 몇개 들어 있더라구요.살짝 아쉽다면, 완전히 끓여 나와서 식었을때 데워 먹을 수는 없을거 같으니 뜨겁고 따뜻할때 드세요^^ <팟타이> 달큰 고소한 소스에 볶은 면발이 괜찮았고, 새우도 탱글하니 상태가 좋네요~남녀노소 누구나 즐길 수 있는 메뉴죠^^우선 전체적인 메뉴의 가격대가 착한편이고 음식맛도 좋았습니다. 아쉬운 부분이 있다면 메뉴가 한정적이라 선택의 폭은 좁아요.저는 타이음식 먹을때 쏨땀을 즐겨 먹는데...쏨땀도 없고, 흔히 알만한 대표 메뉴들 몇가지만 만드시는거 같네요.그래도 거주하는 곳에서 가까운 편이라 타이음식 생각나면 들릴거 같아요^^",맛있다
3498,뉴델리,kkonoo,런치세트(1.7만) 둘 주문해서 먹었는데 양이 너무 많아요..; 둘이서 하나만 시킬걸..ㅠㅜ맛은 약간 우리나라 입맛에 맞게 조정된 느낌이 들지만 요리는 인도아저씨가 하신답니다ㅋㅋ 손님도 그쪽 분들이 많아요! 근데 샐러드에 후추같은 건지 뭔가 되게 매운 게 들어있었어요..ㄷㄷ,괜찮다
3499,청량회관,진꿀이,이런곳에 술집이 있다구? 생각할 만큼 주택가에 인접해 있는 술집이다.유니크한 옛날의 간판과 사장님들의 센스있는 감성이 있는곳!사람들이 찾아올 수 밖에 없는 위치와 간판ㅋㅋㅋ예전의 이불집 간판이라 수정이불이라는 간판이 달려있어요네이버 예약으로 당일 예약후 방문.자리가 좁아 조금 불편할 수 있지만 그것마저 핫플같은 술집이다ㅋㅋ단새우와 참치는 신선하고 맛없을수 없즁! 단새우 머리를 모아두면 튀겨주시는데 버터 냄새 가득한 찐 새우깡ㅜㅜ...오징어 한마리가 통째로 올라간 파스타는 오징어의 내장맛이 녹진해서 좋았다.약간 씁쓸하고 바다냄새나는 내가 좋아하는맛이라ㅋㅋㅋ(게딱지 이런거 환장함) 싹쓸!튀김도 바삭바삭 맛없는게 없었는데...굴 새우 표고버섯에 다진 새우가 들어있는 튀김과 고로케까지!!,맛있다
3500,청량회관,배선영,총알오징어파스타와 목살구이를 먹었는데 토실토실하고 톡 터지면서 부드러운 오징어 통으로 하나 나오고 파스타는 진한 내장 소스로 비벼져 맛있다를 연신 외치면서 먹었어요  목살은 갈치속젓도 나오고 허브 향나는 나물과 같이 구워주셨는지 향이 새로웠어요 ㅎ 재방문의사 백프로고요 너무 맛있어서 술도 더 시켰었습니다  사장님두 너무 친절하세요 노래도 옛날 노래 틀어줘서 분위기 장난아니에요,맛있다
3501,마스터다이닝,미콩,"한줄평: 먹고 싶은 학식이 품절됐는데 수업시간이 임박했을 때 적당한 거리에서 식사하고싶을 때!경희대학교 노란건물 내 지하 푸드코트마스터 다이닝여러 가지 종류의 가게가 입점해있는데스시못또, 카츠3.3, Kbob, 가마솥튀김이 한 군데에 있고 다른 한 켠에는 플라잉볼, 카페홀릭, 러반로제가 있다내가 주로 먹는 것은 케이밥의 순두부찌개와 된장찌개 (예상외로 한식입맛)나의 계절학기 학식메이트는 언제나 돈까스 ㅋㅋ순두부찌개에 순두부 버섯 굴(!!) 야채 등이 아쉽지 않게 들어있고 밑반찬도 깔끔하다된장찌개는 딱 기본만큼 하는 느낌, 그래도 담백하니 msg맛이 나지 않아 깔끔한 한끼로 제격이다돈까스는 3300원이라는 저렴한 가격만큼의 양이지만 질이 엄청 떨어지지는 않는다계절학기에서조차도 쉽게 품절되어버리는 청운관의 학식을 먹지 못하는 상황이 되었다면이곳에서 깔끔한 한끼를 하는 것을 추천",괜찮다
3502,목꾸안,맛집사냥,"외관과 인테리어가 베트남 느낌 뿜뿜이에요. 베트남음식이 다양하게 있습니다. 이렇게 다양한 베트남 음식이 있는 집은 처음이에요. 양지쌀국수, 소고기볶음밥, 옥수수튀김을 시켰습니다. 솔직히 엄청 맛있는 정도는 아닌데 저는 가끔 올 것 같아요. 못 먹어본 메뉴들도 많고 저는 회기 주민이니까. 다른 곳에서 굳이 찾아올 정도까진 아니고, 다양한 베트남 음식을 맛보고 싶고 근처라면 추천합니다.사장님 부부가 한국-베트남 국제결혼이시고 음식점을 차리셨다고 합니다. 직원들도 거의 베트남 분들.건강한 베트남 가정식을 맛보는 느낌이에요. 쌀국수는 깔끔하고, 소고기볶음밥은 한국식으로 바꾼듯 씻은 김치가 들어간 것 같아요. 베트남 특유의 신맛이 납니다. 의외로 가장 맛있었던 것은 옥수수튀김. 익숙한 맛에 감칠맛을 더해서 일까요. 소고기볶음밥에 옥수수튀김 섞어서 먹으니 더 맛있어요. 모닝글로리볶음 맛보러 다시 올거에요.^^",괜찮다
3503,포베이,HP7,해산물 팟타이 먹음양념이 잘 베어있고 맛은 무난특이사항 없음두번째 방문 후 맛이 약간 시큼하고 해산물보다 면의 양이 지나치게 많다는 것을 새삼 깨달음재방문의사 없음,별로
3504,콘반,북극곰,점심에는 태국식 쌀국수를 판매하는 콘반. 예전에는 돈카츠를 팔다가 이후에 커리를 팔다가 이제는 태국요릿집으로 바뀌었다. 여기 사장님은 다양한 시도를 하는 것을 좋아하시나 보다. 맛은 매우 훌륭했다. 적당히 한국식으로 변형시키면서도 또 동남아 느낌도 나는게 아주 좋았음. 저녁에는 돈카츠도 판매하는 것 같으니 또 가봐야지. 비싸긴 한데 그래도 이만한 맛 찾기 힘들기도 해서 모.. 토핑이 풍부하기도 하고.,맛있다
3505,반포식스,HP7,일반적인 베트남음식 체인점이다.다른곳에 비해 팟타이가 더 꾸덕하다.특별한 것 없음.재방문의사 보통,괜찮다
3506,긴카오,시망,맛집.. 아니 식당 볼모지 시립대 후문에 위치한 타이푸드집양 많고 무난한가격에서 먼저 한방 치고간다다음으론 맛인데 개인적으로 현지에서 향신료빼고 시켰을때 맛이 그대로 나서 너무좋다팟타이 무쌉 튀긴돼지고기덮밥 스프링롤 푸팟퐁 추천쌀국수는 간장베이스니까 호불호주의혼자 꿀빨다가 망하면 안되니까 공유함,맛있다
3507,슈바인학센,지수,맛있는 슈바인학센 집!! 직접 다 손질해주시고 먹는 방법도 알려주신다. 껍데기가 정말 맛있다,맛있다
3508,삼시세끼한식뷔페 (휴업중),박범진,"6천원에 양껏 먹을 수 있어서 좋음!메인메뉴가 정해져있고 날마다 바뀜메뉴는 전날 저녁쯤 인스타그램에 올려주심닭강정, 카레, 돈까스, 제육, 닭갈비, 갈비찜 등등 매주 메뉴가 비슷하긴 한데 가성비 짱임이만한 혜자가 없음!!",맛있다
3509,삼시세끼한식뷔페 (휴업중),박민구,"맛집폐허 시립대 후문의 새로운 희망. 5500원만 내면 밥과 국, 매일 바뀌는 메인반찬과 밑반찬에 믹스커피까지 마음껏 먹을 수 있다.",맛있다
3510,애슐리퀸즈,소미,"애슐리는 정말 맛있어 보이는 임신천국회, 초밥, 롤, 샐럳, 스테이크, 우동, 짬뽕, 칼국수 진짜 종류가 많아요..ㅋㅋㅋ정말 다양하지만 부페가면 딱 먹는메뉴가 정해져있죠. 애슐리 퀸즈는 가격이 저렴해서 이것저것 간단하게 먹고오기 좋더라구요! 가성비 부페입니다.",괜찮다
3511,애슐리퀸즈,ljn1217,얼마전에 밥먹으로 갔는데 매장에서 갑자기 어떤 사람이 쓰러지면서 난리가 났었는데 직원분들이 신속하게 대처하시는 모습이 대단하셨던거 같아요. 쓰러진 사람을 구급차 올 때까지 심폐소생술 하면서 다른 손님들에게 양해 구하고 백화점 안이라 복잡한데 구급대원들 빨리 올 수 있도록 조치를 잘 취하시더라고요. 쓰러진 사람이 구급차에 실려간 뒤에도 말 그대로 어쩔 수 없는 사고인데 사고가 생겼다면서 죄송하다며 읍식값도 받지 않으시더라고요. 매장 직원분들이 모두 친절하고 긴급상황에 잘 대처하시는게 인상깊었습니다.,맛있다
3512,애슐리퀸즈,wonder_Alice,"처음때보다 메뉴의 가짓수도 현저히 줄고 구색만 맞춘 느낌? 손님을 대하는 '몇 몇' 종업원의 태도가 엉망임. 물론 친절하신 분들도 계심. 안쪽에 좁은 자리에 사람을 더 앉히기 위해 단체석 손님들에게 벽에 붙어달라고 당당히 요구하는, 최소한의 서비스마인드도 없는. 좀 값나가고 인기있는 음식들은 너무 늦게 채워준다. 원래 애슐리 자체가 그렇긴 하지만.동네 탓인지, 여지껏 다녔던 곳들 중 홀 직원 서비스 최악.",별로
3513,애슐리퀸즈,Jay,오랜만에 찾은 애슐리~ 이랜드 어플 사용하면 스테이크를 공짜로 준다길래 깔아서 시키고 바로 샐러드바를 이용했다. 이번 테마는 뉴욕이여서 바베큐가 나왔는데 무난했다. 항상 많이 먹지 못해서 아쉽지만 이것저것 먹고싶을때는 오기 괜찮은 곳이다.,괜찮다
3514,애슐리퀸즈,*,괜찮아요. 음식도 맛있고 오픈한지 얼마 안되서 깨끗하고 동선도 맘에 들구요ㅋㅋㅋ 옛날 애슐리는 한식스러웠는데 점점 서양화되는듯요 메뉴며 맛이며ㅋㅋㅋ 암튼 괜찮아서 오늘도 과식했네요^^......,괜찮다
3515,애슐리퀸즈,모모씨,애슐리는 당연히 맛있어요... 근데 여기는 이제 막 오픈한지 얼마안되서 그런가 대기시간이 엄청 길어요. 크리스마스에 갔는데 2시간 대기타고 들어갔습니다 ㅋㅋㅋ 그래도 맛있게 잘먹었습니다,괜찮다
3516,엉터리생고기,silvert,무한리필집 치고 고기 맛있습니다.,맛있다
3517,슈퍼내추럴,류청하,"다른 리뷰들의 극찬을 보고 내려가는 길에 들려나보자 생각하고 방문한 슈퍼내추럴. 하지만 기이한 현상에 휘말려 그만 카페의 단골이 되어버리고 마는데….과연 나는 사장님의 마수에서 벗어나 모든 메뉴 정복을 완료할 수 있을까? 두근두근 카페 어드벤쳐 슈퍼내추럴, 개봉박두!….라는 개드립이 나올정도로 훌륭한 가게다. 커피를 좋아하신다면 꼭 방문해보시길.탁트인 오픈형 카페 문을 들어서면 중앙의 각종 커피추출도구들과 양옆의 스피커가 눈에 들어온다. 매장에서 트는 노래들은 직접 리스트업하신다고.사장님께 좀 묵직하고 향이 진한걸 좋아한다고 말씀드리니 코스타리카 원두를 추천해주셨다. 엄선해서 골랐다는 잔세트는 입술에 닿을 때부터 감촉이 굉장히 부드러워서 가격대만 아니면 하나 마련하고 싶을 정도.그리고 드립커피는 내가 마셔본 것들 중 가장 테이스팅 노트가 잘 표현되었다고 생각한다. 첫 모금은 향이 애매한데? 싶었지만 계속 마실수록 적어놓은 카시스, 크렌베리, 블러드 오렌지의 향 세가지가 복합적으로, 그리고 점점 진해지면서도 과하지 않게 나타난다.커피가 맛있어서 브라우니도 하나 사가기로 결정. 주문과 동시에 오븐에 구워서 주신다. 다만 포장용기는 따로 없어서 커피 필터에 싸서 주셨다. 일반적으로 생각되는 꾸덕한 브라우니보다는 초코케잌 쪽에 좀더 가까운 느낌. 두번째 방문때는 펄 벨플라워라는 논 카페 메뉴를 주문. 배와 도라지뿌리, 원당을 사용한 청, 모과차, 복숭아차를 갈아 만든다고 하시는데 이름답게 진주같이 하얀색이었다. 배의 시원함과 도라지의 쌉쌀함, 꿀을 사용한게 아닐까싶을 정도로 진한 향과 단맛이 조화를 이뤄 살짝 더워지는 계절에 참 어울리는 음료였다.위치가 상당히 애매하고 커피 메뉴의 경우 일반적인 매장의 2배의 가격이라는 여러 디메리트가 있는 매장이지만 이런 점들이 오히려 자신감으로 보일정도로 좋은 가치를 지닌 곳이라 생각.p.s.1.사장님이 굉장한 인싸셔서 마시는 중에 말도 거시고 사진도 찍어서 보내주시고 하심….접객 능력이 좋다고 할 수 있겠지만 이런게 불편하신 분들은 사장님 전담 마크할 친구분 한명이라도 데려가시는게 좋을 것 같다.p.s.2.가게 이름은 자연산 재료만을 써서 만든다는 자부심과, 카페에서 서로 만나는 인연자체가 초자연적(슈퍼 내추럴)이라는 신념이 담긴 작명이라고. 그냥 미드 팬이신가라고 생각한 일차원적인 사고 반성 중…..",맛있다
3518,슈퍼내추럴,머큐리 ,"며칠만에 #다시먹어봄 <슈퍼내추럴>청량리역에서 도보 7분! 청량리에서 유명한 순대국밥 먹고 여기 와서 커피로 싹 내리면 딱이겠다.에스프레소/6000,마카다미아바나나/7500, 배도라지스무디/7500 먹었고 너무 만족했다! 지인과 해방촌에서 식사하고, 내 인생에서 제일 맛있는 커피가 있으니 함께 가자고 하여, 해방촌에서 밥 먹고 커피 마시러 전농동에 왔다. 이렇게 이동시간이 길어지고 기대가 크면 만족도가 떨어질 수 있는데독보적인 맛의 커피와 편안한 접객, 전문 카메라로 사진을 찍어주는 서비스 등에 박수치며 나왔다 에스프레소함께한 지인의 첫번째 에스프레소였는데다행히 입에 맞다고 해서, 추천한 나는 어깨가 으쓱으쓱마카다미아바나나마카다미아라는 견과류와 바나나라는 과일의 조합 자체가 나는 익숙치 않았는데, 좋은 블렌더로 부드럽게 갈아낸 음료에 마카다미아를 마이크로플레인(?)따위에 기구로 갈아내어 아주 흥미롭고 맛있고 행복했던 메뉴얐다. 바나나에 설탕 뿌려 토치로 지지 후에 마카다미아 갈아서 가족 간식 해줘야지 ㅎㅎ배도라지스무디에스프레소를 처음 마시는 지인이 입을 헹궜으면 하는 마음으로 고른 메뉴 . 역시는 역시다. 그냥 넘맛 중에 넘맛이라 다른 메뉴들 먹고싶어 현기증 날 뿐",맛있다
3519,슈퍼내추럴,Capriccio06,"굉장히 뜬금없는 위치인데 평도 좋고, 메뉴가 전반적으로 인상적이라 가보고 싶었다. 커피 일을 오래하신 사장님의 취향이 잘 나타나는 가게라 좋았다. 작은 선택들에도 이유가 있는 사람은 이야기 나누면 재밌는 것 같다.개인적으로 글리치 커피는 람베리 없어지고 오랜만이라 기대 많이 했는데, 생각했던 에티오피아 없어서 조금 아쉬었던.. 원두 재고에 따라 가능한 종류가 조금 다른 것 같다. 대신 마셨던 케냐는 생각보다는 좀 진했지만, 신맛이 적당하고 향도 좋았다. 필터 커피는 원두에 따라 느낌이 좀 달라질 것 같은데 가격대가 높다보니 기대치가 좀 높아지는데 개인적으로는 무난했다. 대신 평범할 것으로 생각했던 일반 메뉴들이 다 인상적이었다. 라떼는 우유 맛이 좀더 묵직해서 그런가 커피가 흐린 느낌이 들면서도 싱겁다기보다 묘하게 맛있었다. 마카다미아 바나나크림은 들어간 재료 맛이 각각 잘 느껴지면서도 식상하지 않은 느낌이 재미있었다. 특히 바나나 맛이 보통 달고 진해서 많이 튀는데 신맛이 많이 강조되서 전반적으로 상큼했다. 커피 아닌 메뉴들도 조합이 좋아서 한번씩 마셔보고 싶은데 아이스 메뉴가 많다. 민트시트론은 민트+유자랑 우려낸 티를 섞어 얼음이랑 갈아낸 프라푸치노? 같은 느낌인데 유자 맛이 강한 편이다. 인공적인 시럽 단맛이 안나고 상큼해서 더운날 먹으면 잘 어울릴 것 같다.전반적으로 가격대가 좀 있는데, 그만큼 맛있는 음료가 많아서 꽤 마음에 들었던 가게. 위치가 극복이 된다면(...) 공간도 괜찮고 사장님도 친절하시다.",맛있다
3520,슈퍼내추럴,머큐리 ,"좋은 걸로 자연스럽게, 전농동 <슈퍼 내추럴>최고 중에 최고다. 여기 보다 맛있는 곳을 찾을 수 있을까? 다섯 잔 마시고 사장님이 말려서 그만 마셨다. 저랑 여기 전 메뉴 정복하러 가실 분 계신가요?ㅋㅋ좋아하는 사람과 커피 즐기며 평온한 시간 즐기고 싶다! _추천해주신 ‘단율’님 감사드립니다. 필터커피/9000-15000필터커피는 원두에 따라 가격이 상이한데내가 선택한 원두는 다이나믹 체리의 향취인 파나마/15000 이었다.  필터커피에 갓 입문한 나로서는 순전한 향취, 명확한 노트가 중요한 부분이 되었는데모르겠고 너무 맛있다. 노트가 안 느껴지는 건 아니고, 능력치가 엄청난 바리스타님이셔서, 그 분이 만드는 커피는 난 뭐든 믿고 마실테다. 에스프레소/6000필터 커피를 마시러 갔는데에스프레소 가격이 인상적이었다. 저기 약수는 1500원, 합정 비싼 곳은 4000원, 근데 그것보다 조금 더 비싼 6000원이라? 궁금한 마음에 주문했는데 (가격에는) 이유가 있었다돈 벌어야겠다. 많이 벌어야지. 너무 맛있다!라이트한 느낌에 에스프레소였고 그래서 크레마가 부드럽게 풀려,쌉쌀하거나 텁텁한 느낌이 적거나 없고, 에스프레소 첫 도전에도 너무 좋을 듯 싶으며, 내가 먹은 에스프레소 중 가장 맛있었다. 에스프레소 맛집 멋집이다! 라테(상하목장 유기농 우유)/6500특별하고 비싼 우유를 보고 주문한 라테. 예쁜 잔에 담긴 라테는 우유의 바디감과 크림치즈와 같은 풍미, 깔끔히 마무리 되는 늬앙스가 인상적인데..개인적인 취향에는 조금 묵직했다 사실 입에 안 맞으면 다 남기는 편인데이상하게 땡겨 한 입 두 입 먹다- 다 먹고 말았다.확실히 우유의 풍미가 압도적인 라테라 다른 곳과 차별화되고, 취향도 극명히 갈릴 듯 싶다.PEAR BELLFLOWER(COLD) /7500배 도라지 스무디,진짜 도라버려! 벨플라워가 인상적이라 주문했는데 아니 진짜 역대급 중 역대급. 도라지음료는 북촌 한경헌에서, 배에이드는 바이러닉에서 경험해보거나 봤는데..좋은 배를 골라 도라지뿌리와 비정제 설탕으로 만든 청으로 스무디를 만들어낸 이 음료는 배의 상쾌하고 달큰한 맛과 도라지의 고급진 쌉쌀한 맛이 대박적이다. 넘맛!!!아메리카노/6000(서비스로 받은 메뉴)세가지 에티오피아를 블렌딩한 원두. 산미그 좋은 아메리카노. 어울릴 과자들을 생각하며 행복하게 마신 커피.  커피에 대한 엄청난 능력치과 내추럴한 접객이 굉장히 인상적. 아니 집에서 멀어서 다행이다. 가까웠으면 엄청 다녔을 듯 ㅋㅋ",맛있다
3521,슈퍼내추럴,김미상궁,테이스팅노트가 개소린줄 알았던 나를 반성한다,맛있다
3522,슈퍼내추럴,준영,뜬금 없는 동네에 위치한 너무 매력적인 카페! 일단 들어가자마자 에너제틱한 사장님께서 반겨주셔요. 소통을 좋아하시는 듯 하니 부담스러우신 분들은 패스ㅋㅋㅋ 핸드드립 종류도 다양한데 저는 상하목장 우유를 쓴다는 말에 오랜만에 라떼로! 친구는 배 도라지 크러쉬를 먹었어요. 제 라떼는 확실히 우유 맛 진해서 삿포로에서 먹던 라떼 느낌이 조금 났고ㅋㅋ 다만 커피 맛이 너무 연한가 싶었는데 그건 플랫화이트에 길들여진 제 입맛 때문인 것 같아요.. 친구의 배 도라지 크러쉬도 생각보다 도라지 센 맛 없이 잘 어우러져서 맛있었어요. 자주 찾을 것 같은 곳~,맛있다
3523,슈퍼내추럴,단율,"슈퍼내추럴_커피부문 상위권(5)최근방문_’21년 12월1. 올해 10월에 오픈한 아주 따끈따끈한 신상 카페다. 나는 친해진 바리스타분을 통해 정보를 듣게 되었고, 절대 등록이 안되어있을 것이라 생각했지만 신기하게도 “따따따따”님을 통해 이미 등록이 되어있어서 놀랐다 ㅋㅋㅋㅋ 홀릭분들의 정보력이란.. ㅋㅋㅋ 존경합니다.2. 일본의 글리치 커피엔 로스터스의 원두부터 분위기를 따온 카페라고 들었으나 ㅋㅋㅋ 나는 일본의 글리치 커피를 전혀 모르기에 패스~ 일단 커피가 맛있단 이야기 하나만으로 방문을 하게 되었다. 원두는 글리치커피에서 사용하는 싱글오리진 3종류와 직접 생두를 구입해 취급하는 원두 5종류 총 8종류를 접할수 있는데, 초반이라 그런지 쭉 이렇게 가실건진 모르겠으나, 다른 리뷰들을 봐도 원두의 종류가 종종 바뀌는것으로 보인다. 게다가 12월 22일이면, 더 많은 원두들이 들어올 예정이라고 한다.3. 일찍 도착하니 손님도 없고, 신나서 고민고민하다 커피를 두잔씩 머시고 왔다 ㅋㅋㅋ  1) 생두 구매 커피  - 파나마 아우로마르 게이샤 워시드 (Hot) : 한모금을 넣자마자 혀 양옆을 자극하는 산뜻한 산미와 후각을 강하게 자극하는 꽃,과일 향은 역시나 파나마 게이샤의 위력을 보여준다. 파나마의 원두들 중 게이샤종은 가장 화려하고 가장 뽐내기 좋아하는 원두다. 다른 원두와 함께 주문을 할 생각이라면, 무조건 뒤에 마시길 추천한다.  - 에티오피아 시다모 벤샤 두반초 G1 내추럴 (Ice) : 본인 선정 올해의 원두 ‘두반초’다. 사실 “톤티커피”에서 잔뜩 마셨었는데, 얼마전 두반초 원두가 소진되어 앞으로 마시지 못한단 생각에 아쉬움이 컷었다. 그 아쉬움을 조금 연기시킬수 있는 좋은 기회였다. ㅋㅋ 선명한 적포도향에 정말 포도주스에서 느낄수 있을 정도의 산미를 자랑하는 두반초는 새로움 그 자체다. 처음 두반초를 접했던 그 순간을 다시 생각나게 해줘서 정말 좋다.  파나마 게이샤에 전혀 눌리지 않는 진정 내 취향의 원두다 ㅋㅋ  2) 글리치커피(일본) 원두  - 니카라과 오르테즈 엘 보스케 무산소발효 (Ice) : 오랜만에 산미가 찌르듯 날아오는 커피를 마셨다. 귀 아래 턱의 끝부분이 찌르르 떨릴정도로 상큼한 산미를 자랑하고, 정말 신기한것이 딸기도 아닌 딸기잼의 향이 있다. 그리고 끝으로 묘한 발효의 뉘앙스가 나는데, 이게 불쾌함은 전혀 느껴지지 않고 새로움이 가득하다 ㅋㅋㅋ   3) 논커피  - 민트시트런 크러쉬(Cold) : 민트와 유자청을 얼음과 갈아서 준다. 민트의 풍미가 가볍게 몇장 빻아서 넣어둔 수준이 아니라 민트 특유의 화한 향이 메인을 이룰만큼 강하게 나타난다. 그리고 유자의 단향이 혀를 싹 도는데 결국 끝까지 남는것은 민트의 향이라 끝이 아주 깔끔하다. 향신료를 좋아한다면 정말 강하게 추천할 만큼.. 커피를 싫어하는 분들에게도 방문의 이유가 될수 있는 음료라 생각한다.  4) 디저트  - 브라우니 : 폭신폭신하고 부드럽다 ㅋ 디저트는 평가가 어려워 그만 패스하는데 만약 다음에 방문한다 하더라도 나는 시켜먹을것이다. 커피와 어울림이 괜찮다.4. 음… 커피를 좋아하시는 분이라면 방문을 추천드린다. 다만, 사장님이 핵인싸라 말을 자주 걸어온다. 사실 나는 커피이야기하는것이 좋아 이런 느낌이 정말 좋았지만, 그게 불편하신 분들은 테이크아웃 해서라도 먹어보는것을 추천한다. ※ 결론손꼽히는 맛있는 커피",맛있다
3524,골목길빵공작소,반말했다존댓말했다,내사랑 성천막국수 가는길에 오픈전에 잠깐 들릴곳 없나하여 가봤어요가게명대로 골목에 기분좋게 숨어있음빵종류는 많지 않아서 막국수 섭취전당장 먹을거 두세개만 골라 나와서골목길에서 바로 뜯엇는데 여기 맛있는데구나느꼇어요가격도 진짜 저렴하고 맛이 담백햇어용,맛있다
3525,골목길빵공작소,우이리,"쫀쫀한 우유식빵 3300, 모닝빵 3000 & 소금빵 1500우유식빵과 모닝빵은 역쉬. 이집 모닝빵은 표현 할수 없는 매력이 있어요. 폭신하고 고소한거 이외에 무언가 있는지, 가끔 생각이나요.요즘 대세 소금빵. 여기는 좀 다르네요. 바게트 같은 느낌이예요. 겉은 바삭을 넘어 딱딱하고 속은 아주 부드러워요. 안에 버터는 없는거 같아요.",맛있다
3526,골목길빵공작소,로한,"# 두유크리미, 브라우니좋은 습관인진 모르겠으나 퇴근 후 집에 오면 시간 상관없이 우유넣은 커피를 꼭 한 잔 마심보통은 커피만 마시는데 가끔 케이크나 빵 과일을 곁들이고 싶을 때가 있음ㅋㅋㅋ요즘 기분도 좋고 마음이 홀가분해서 그런지 커피랑 같이 달달한 브라우니가 먹고 싶었음점심 저녁 고칼로리로 후하게 먹었는데퇴근 후 빵사러 감. 양심이 사라졌음브라우니만 곁들임용으로 사고 싶었는데 두유크리미도 작은 사이즈로 하나 사옴버터향 가득한 두유크리미, 초코초코한 브라우니티비보며 커피와 함께 즐기니 여유롭고 기분 좋은데칼로리(살)도 덤으로 얻었음^^",맛있다
3527,골목길빵공작소,경쓰,빵 자체를 잘 만드는 곳. 식빵의 결이 살아있다. 재료도 좋은 것만 쓰고 아낌없이 넣는 편. 밤식빵이 정말 맛있다. 밤이 통으로 잔뜩 들어가 있고 식빵은 쫄깃함.,맛있다
3528,골목길빵공작소,모이모이짱,"앗! 이런 곳은 망고플레이트가 아니었다면 못 찾았겠지... 근처 왔다가, 키다리아저씨 리뷰를 읽고 얼른 들러 보았다. 아니 안왔으면 어쩔뻔 했는가! ㅎㅎㅎ 방금 들러 꽤 많이 사서 차에서 조금 먹어봤는데, 다시 가서 더 사올지 고민이 된다. ㅎㅎㅎㅎ 맛있고 달지 않은데 가격이 엄청 저렴하다. 우유식빵 2800원이 가능한 금액인가? 물가가 헷갈리려고 하네....? 팥빵도 정말 안 달고 부드럽고 찰진 느낌. 쌀바게트는 샌드위치하기 좋은 마른 독일빵 느낌이지만 풍미가 좋고 속은 좀 촉촉하다. 통째로 베어먹으니 부스러기 많이 떨어지는 그런 빵.더 살걸 그랬다. ㅜ 왜 2개씩밖에 안 산거야~가까우면 정말 자주 왔을 가게구나! 키다리아저씨님 감사해용~~~~",맛있다
3529,골목길빵공작소,로한,#. 두유크리미샤르르 촉촉하니 괜찮았음느끼한 크림파스타가 땡겨 푸실리를 사가지고 가던 중곁들일 빵도 필요하겠다 싶어 들림.치아바타를 사고 싶었는데오!! 감자올리브 치아바타가 딱 하나 남아있었다.(저녁 7시 반 넘어가니 빵이 많이 없었음ㅜ)치아바타랑 두유크리미를 사서 감.빵들이 둘 다 촉촉했는데 치아바타는 블랙 올리브 향과 맛이 좋았다. (블랙올리브도 사고 싶었는데... 정작 사놓으면 잘 안먹어서 패쓰~~ 빵으로 대체!) 두유크리미는 입에 넣는 순간 아...!! 이건 예전에 먹어본 경험이 있는 익숙한 맛이다란 생각이 들었는데... 빵은 촉촉했고 무엇보다 버터풍미가 진하게 느껴졌다. 빵위에 발라진 달달함은 넘 과하지 않아 좋았다.결국 파스타+치아바타 일부 흡입 후 커피와 함께 두유크리미+치아바타로 후식까지 마무리함.빵이 커피랑도 잘 어울려서 좋았음!!!,맛있다
3530,골목길빵공작소,AlexTheFood,"#AlexTheFood #3줄요약#골목길빵공작소 #답십리맛집 #답십리빵집 #알더푸답십리⠀1. 가게명이 그렇듯 정말 뜬금없는 골목에 위치한 작은 빵집.2. 여긴 '제과'보다 '제빵'- 호텔식빵의 쫀득한 부드러움 최고!3. 여기 빵과 #커피그라운즈 '달링'만 있으면 답십리는 끝!!!⠀___________________________________________________________* 호텔식빵 3,800* 감자 올리브 치아바타 3,000* 마늘 러스크 바사삭 2,800* 그 외 다양한 빵들 1,000~4,000___________________________________________________________⠀[MangoPlate 4.1/5.0 | GoogleMap - /5.0]맛★★★★ 분위기 - 가성비★★★☆⠀* 영업시간 | 매일 11:00-22:00* 쉬는시간 없음* 일요일, 월요일 휴무",맛있다
3531,골목길빵공작소,우이리,진짜 좁은 골목안에 있네요.위치대비 가격이 싸다는 느낌은 없어요.정말 무겁게 꽉찬 팥빵과 부드러운 크리미두부샤르르. 둘다 훅 가게 달지않아요. 무언가 자연스러운 달달함이랄까요?모닝빵은 씹으면 찰기있게 쫀득하고 맛있어요.,맛있다
3532,골목길빵공작소,로한,"집 근처 특색있는 빵집을 찾던 중 발견!! 골목사이에 있더라구요~ 선물용으로 산거라 맛보진 못했어요ㅜㅜ 유기농& 소화가 잘 되는 빵? 이란 문구가 기억에 남네요. 일반 빵집처럼 판매하는 빵 종류가 많은건 아니었지만, 자신있는 몇가지를 위주로 판매하는거 같았어요. 나중에 또 가보려구요~",맛있다
3533,골목길빵공작소,ethanghymn,"이 가겐 지난번에 키다리아저씨님의 리뷰에서 보고 궁금해서 가고싶다에 세이브해뒀었는데 평소에 딱히 빵을 좋아하거나 하진 않지만 지난번 강동구의 독일빵집인 로겐하임 같이 달달하지 않은 빵은 좋았는데 여기도 그런 느낌인 것 같아 들러봄.혹시나 헛걸음을 할까봐 미리 전활해서 영업시간을 여쭤보니 오픈시간은 11신데 그때부터 빵이 나오기 시작해서 취급하는 모든 종류의 빵이 다 준비되는 건 대략 오후 2-3시쯤 된다고 알려주심.대략 그때쯤 맞춰서 네이버지도가 알려주는 가게가 위치한 곳으로 다가가는데 정말 이런데 가게가 있을까 싶은 동네의 사람만 지나다닐 수 있는 골목 안쪽에 위치해 있었고 가게 출입문 바로 맞은편 집의 열린 창으론 집 안 사람들의 얘기하는 게 바로 옆에서 나한테 얘기하는 것처럼 선명하게 다 들림.가게문을 열고 들어가니 바로 빵이 전시된 아담한 공간이 있고 좁은 통로 뒤로는 빵을 굽는 공간이 보임.사장님이 금방 빵을 굽는 공간에서 나오셔서 인사를 하시고 버터 품은 쌀바게트, 우유식빵 그리고 통밀 깜빠뉴와 무화과 통밀 깜빠뉴 둘 중에 개인적으론 통밀 깜빠뉴를 하고 싶었지만 어린가족인원도 혹시 먹을까 무화과 통밀 깜빠뉴를 부탁드리니 각각 종이 봉투에 포장해서 비닐봉투에 담아 건네주심.다음날 아침에 조금씩 맛을 보니 버터 품은 쌀바게트는 흔히 아는 바케트와는 달라 내 타입의 빵인지는 모르겠지만 사이즈는 작으면서 가볍고 겉은 얇게 딱딱하지만 안의 빵은 촉촉하면서 쫀득하고 버터향이 좋으면서 은은히 고소해서 따로 버터를 안 발라 먹어도 버터의 고소함이 은은히 느껴지고, 제일 내 타입의 빵이었던 무화과 통밀 깜빠뉴는 겉은 적당히 딱딱하지만 안은 역시나 쫄깃하면서 무화과의 은은한 달달함이 좋고 씹을수록 뒤에선 빵 자체에서 단맛이 느껴져 말 그대로 식사로 먹기에 좋은 느낌임.우유식빵은 딸기잼을 바르기 전에 조금 맛을 보니 촉촉하면서 역시나 쫀득해서 흔한 식빵을 토스터기에 굽지 않고 최근에 이렇게 그대로 먹었던 기억이 없어 비교는 못하겠지만 아무튼 촉촉쫀득해서 이런 식감의 식빵을 좋아하는 사람은 좋아할 듯..전체적으로 딱히 빵을 좋아하진 않지만 궁금해서 들러봤는데 빵을 잘 사본적이 없어 잘 모르겠지만 좋은 재료로 가게에서 신선하게 구운 빵을 맛볼 수 있어 근처를 지나다 빵이 생각나면 다시 들러 직접 구우신 과자류외 다른 빵들도 맛보고 싶고 특히나 가격이 저렴한 편인 것 같아 맛있다로..",맛있다
3534,골목길빵공작소,키다리아저씨,"2년전에 처음 알게되면서 이런곳에 무슨 빵집이 있어?? 의심을 하던 나였으나~ 아주 가끔 이지역을 지나면 생각이 나는 빵집이 되었어요^^대부분 점심쯤 오픈을 하셔서 저녁 늦게까지 운영을 하시기도하고, 가끔 문이 닫혀있는 경우도 있어서 방문전에 전화로 문의하고 가기도 합니다.여전히 엉뚱한 위치의 골목에 있는 빵집이지만, 기본 스타일의 빵들은 추천할만해요^^제가 주로 구입해서 먹는건 우유식빵(2,800), 또는 호텔식빵(3,800), 그리고 쌀바게트를 주로 먹는 편입니다.그외의 빵들도 무난하구요^^ 무엇보다 가격이 너무 착해서....만족감이 높은편이네요.2년전 리뷰를 작성했을때와 변한게 거의 없는듯해요 ㅎㅎ 상당히 아담한 공간이여서 구입만 해야하지만, 이 주변에 사시는 분들이라면 만족스러운 빵집이라 생각되네요.빵들이 촉촉하고, 포근하며, 부드럽지요~쑥빵이 있어서 구입해봤는데...쑥향이 진하고 속의 팥앙금도 많이 달지않아서 좋더군요.이날 구입한 호텔식빵 역시 촉촉하고 부드러운데...윗부분이 살짝 연유인지 시럽인지...단맛이 느껴질듯 말듯 식빵과 자연스럽게 어울리네요.모든 종류가 다 만족스러운건 아니겠지만, 분명 몇가지 종류는 가격대비 훌륭한듯해서 여전히 맛있다 줍니다.가끔씩 서비스로 주시는 쿠키도 커피와 즐기기 좋더군요 ㅎㅎㅎㅎ착한가격의 개인 빵집들이 잘되서 오래 유지되면 좋겠어요:)",맛있다
3535,골목길빵공작소,E,"동네 한바퀴 돌다가 발견한 곳! 여기 뭐가 있을까 싶은 곳에 작은 가게가 있다..호텔이나 카페에 납품을 주로 하는 공장에 가깝지만, 작게 마련된 진열대에 빵들이 앙증맞다. 팬시하거나 기교를 잔뜩 부린 빵들은 아니지만, 좋은 재료로 기본에 충실하게 만들 실한 빵들이 착한 가격으로 기다리고 있다..재미있는 것이 빵 포장도 뭔가 본격적으로 팔기위한 상업용 포장보다는, 베이킹이 취미인 누군가로부터 선물받았을 때의 그 포장의 느낌인데..., 이조차 여기의 메인은 나 같은 손님 대상이 아님을 말해주는 것 같았다. 마치 본업은 빵공장인데 취미삼아 아기자기하게 조금 따로 만들어서 팔고 있어? 하는 느낌?그렇다고 절대 손님에 소홀한 것은 아니다. 눈 마주치며 말을 나눌때 약간의 수줍음과 빵에 대한 자신감이 함께 느껴질뿐.가장 기본인 식빵도 훌륭하지만, 디저트류 빵이 매우 훌륭하다. 달기만 한 것이 아니라, 재료가 가진 맛을 잘 살려내는 듯 하다. 스콘류와 쿠키~ 초코렛이 잔뜩 들어간 브라우니(심지어 가격도 매우 착하다) 모두 추천! 요즘 유행하는 빵들은 없지만, 그래도 오면 포실포실 기분 좋아지는 곳..사장님과 사장님 어머님으로 추정되시는 분이 주로 안쪽에서 일하다가 문이 열리면 안에서 나오며 손님맞이를 해주신다. 아주 가끔~  많이 사면 쿠키를 더 주시기도 한다 ㅎ",맛있다
3536,골목길빵공작소,몬몽,따뜻하고 깨끗한 마음이 드는 빵집빵도 깨끗하고 즐거운 맛다른 곳이었다면 2-3배는 비싸도 될 재료와 맛 그리고 서비스.늘 우리 가족 행복을 2배로 키워주시는 사장님 감사해요.가족들이 다 여기를 좋아해서 어느날은 각자 퇴근길에 다 여기 들려서 똑같은 빵(호텔 바게트빵) 사오는 바람에 빵터진적도 많았다. 고단한 귀가길을 정돈해주는 고마운 가게.,맛있다
3537,골목길빵공작소,키다리아저씨,"좁은 골목길 찾기도 어려운 위치에~ 맛있는 빵의 향이 풍기는 아담한 ""골목길 빵 공작소""이곳은 호텔/ 레스토랑~ 또는 답례품 등 납품위주로 운영하며~ 소량만 매장에서 판매하고 있다.자극적이거나 화려한 종류는 없지만...담백하고 깔끔한...남녀노소 즐기기 좋은 빵이나 쿠키~ 타르트~ 식빵~ 바게트 등이 있고....무엇보다 가격이 너무너무 착하다^^쿠키나 샤브레도 3개에 1천원;;; 남는게 있을까 싶은 수준의 맛과 가격!! 초코스콘이 있어서 사봤는데...카카오63% 다크초콜릿을 사용해서 진하면서도 속은 촉촉한 맛이 굿~!! 가격도 1900원개인적으로 좋아하는 ""버터품은 쌀바게트""는 버터의 고소함과 담백함이 은은하게 올라오며 겉은 바삭~ 속은 쫀득한 식감이 매력이다^^ 한개에 900원이라니!! 훌륭하다!!흑미찹쌀빵은 부드럽게 쫀득한 식감과 약간의 치즈맛이 거부감 없이 좋았고~ 두유크리미는 겉에 살짝 달콤한 느낌이 들지만 과하지않고~안은 식빵처럼 폭신하고 고소한맛이 괜찮았다.앉아서 먹을 수 있는 공간이 있는것도 아니고~ 대부분의 공간이 빵을 만들기 위한 공간이라 매장은 2명정도 들어가면 꽉찬다.내부가 청결해 보이고~ 공기청정기도 틀어두신걸 보면~ 위생도 믿을만한듯!!이곳의 또다른 점이 있다면...늦게 문을 열고~ 늦게 문을 닫는다?!!!!약간씩의 변동이 있을 수는 있지만~ 현재는 11시에 문열고~ 저녁10시에 문을 닫는다. 쉬는날은 일요일&월요일.집과 가까웠다면...출근도장 찍었을듯하다.맛도 괜찮은데 가격도 훌륭해서 좋다.",맛있다
3538,커피그라운즈,미니미니미,우리동네 커피맛집!,맛있다
3539,커피그라운즈,Capriccio06,"운영시간이 묘하여 매번 방문을 못하다가 드디어! 코로나로 내부에서 음료를 마실 수가 없어서 날도 추우니 따뜻한 라떼로 했다. 확실히 고소하면서도 진한, 향도 좋은 맛있는 커피였다. 양이 좀 적지만 3천원이면 아직도 가격이 저렴한 편인데 테이크아웃만 되니 동선이 좀 멀다면 일부러 방문하기는 조금 어렵긴 할 것 같다. 더치커피 평도 좋고 패키지 귀여워서 같이 구매했는데 취향에 맞으면 원두나 다른 커피 같이 사러 또 방문해보고싶다. 달링 궁금했었는데 너무 추워서 포기했다. 따뜻할 때 가야지...",맛있다
3540,커피그라운즈,김영수,r.3,괜찮다
3541,커피그라운즈,Ray,"커피 가격이 믿기지 않아 '가고 싶다'를 눌러놨지만 애매한 위치 때문에 갈 일이 없던 곳인데요. 최근에 방문했는데 가격이 살짝 인상됐다고는 하나 여전히 매우 저렴하더라고요ㅋㅋㅋ 에스프레소 커피는 2천원/3천원이고, 가장 비싼 핸드드립조차 5천원! 참고로 테이크아웃만 가능해요!아이스플랫화이트(3000)는 꼬소한 플랫화이트를 좋아하는 제 입맛엔 특별히 맛있다고 할 순 없었지만, 가격을 고려하면 가성비가 좋긴 하구나 싶었어요. 저렴한 가격과 적당한 맛이 아침 카페인 충전에 최적화일 것 같고요ㅋㅋ 굳이 찾아갈 곳은 아니지만, 생활권 내에 있다면 부담 없이 가기 좋은 곳이란 인상을 받았습니다!",괜찮다
3542,커피그라운즈,키다리아저씨,"2018년도부터 지금까지 꾸준히 다니고 있는 커피맛집!!! 벌써 3년째 이용하다보니 수십번 방문한거 같아요^^홀릭분들 중에서도 단골 몇분 계시죠?^^ㅋㅋ갈때마다 핸드드립 원두와 마실 커피를 사가곤 합니다.오래전엔 원두도 몇달에 한번씩 다양하게 바뀌기도 했는데....최근엔 공급 문제 때문인지는 모르겠지만, 에티오피아 원두 위주로 밀고 있는 느낌이예요~ 그만큼 적당한 산미와 과실이나 꽃향 같은 은은함이 입안을 감돌아요.매번 방문할때마다 에너지 넘치게 웃으며 반겨주시는 여사장님도 친절해서 좋고, 기본 커피 음료는 여전히 2천원대~ 믹스류는 약간 오른 가격이 되긴했지만, 전체적으로 착한 가격임에도 맛은 좋으니 만족감이 높지요.롱블랙, 플랫화이트, 라떼, 달링!!! 돌아가면서 사마시는거 같네요^^협소한 공간이라 잠깐 앉았다가 가는건 가능하지만, 여전히 테이크아웃 전문이고, 접근성이 좋은건 아니지만, 분명 매력있는 커피집이고, 커피 좋아하는 사람이 동네에 놀러왔을때 꼭 데려가는 커피집 중 하나입니다.",맛있다
3543,커피그라운즈,ethanghymn,기연각에서 나와 속이 니글거린다고 커피를 마시고 싶다는 가족인원의 요청에 오랜만에 다시 한 번 커피그라운즈를 들러봄.좀 더 유명해진 건지 가게 밖에 기다리는 손님들도 보임.순서를 기다려 이젠 충분히 나 혼자만 낯이 익은 바리스타분께 나를 위한 아이스 아메리카노와 가족인원은 산미를 싫어해선지 산미가 없는 원두를 문의를 하니 여자 바리스타분께선 저희 원두는 산미가 있다고 해서 우유가 들어간 플랫 화이트를 주문함.조금 기다려 나온 아이스 아메리카노를 한 입 빨아마시니 산미가 좋아 미소가 지어지고 스벅 그란데는 충분히 되는 사이즌데도 2천원이란 가격에 다시 한 번 미소가 지어짐.가족인원의 플랫 화이트는 라떼 아트도 좋음.산미를 좋아해선지 가끔씩 들러도 신선하고 산미가 좋은 원두로 내린 커피가 맘에 들어 이쪽 동네에 오면 괜히 한 번씩 들르게 되는 느낌이고 앞으로도 계속 들를 예정임.,맛있다
3544,커피그라운즈,AlexTheFood,"#AlexTheFood #3줄요약#커피그라운즈 #답십리카페 #답십리맛집 #알더푸답십리⠀1. Only Take-out인 게 아쉽지만, 누가 뭐래도 내 인생커피!2. 이미 10번 넘게 방문하며 원두/더치원액까지 사갔을 정도,,,3. 여기 '달링' 마시고 맛없으면 DM하세요 제가 보증섭니다‍♂️⠀___________________________________________________________* Darling 달링(더치크림) 4,000* Dutch Americano 더치 아메리카노 2,000* Signature Latte 시그니처 라떼 3,000* 갓 내린 더치원액 160ml 4,000* 갓 내린 더치원액 350ml 8,000* 갓 내린 더치원액 650ml 13,000___________________________________________________________⠀[MangoPlate 4.3/5.0 | GoogleMap 4.9/5.0]맛★★★★☆ 분위기 - 가성비★★★★☆⠀* 영업시간 | 평일 16:30-21:30 | 일 12:30-17:00* 쉬는시간 없음* 토요일 및 공휴일 휴무",맛있다
3545,커피그라운즈,KYS,서울 갔었는데 이태원클럽에서 터지는 바람에 들른 곳이 많이 없는데 그나마 친척집 근처에 있어서 들러본 곳!커피로 유명해서 너무 궁금했던 곳이었어요. 목적은 선물용 더치커피를 잔뜩 사러 간 거였는데 예약을 안해서 중간 사이즈는 하나밖에 안 남아 있더라구요ㅠㅠ 작은 사이즈 몇개들이랑 사고 같이 간 친구가 에스프레소 궁금하다고 해서 맛봤어요.커알못이라 에스프레소 맛은 잘 모르지만 오렌지향이 나는 에스프레소였어요.에스프레소 좋아하는 친구는 인생 에스프레소로 꼽을 정도로 맛있다고 했어요. 더치커피도 진짜 맛있었다고 해줘서 엄청 뿌듯했어요ㅎㅎ 에스프레소도 마시는 친구라 저는 상상이 안 가지만 더치도 그냥 조금씩 원액으로 마셨대요. 더치커피 선물한 집에서 다음 날 더치커피도 맛봤는데 ㅠㅠ냉장보관 때문에 제껀 못 사온게 아쉬울 정도로 맛있었어요.더치커피 꽤나 좋아하는데 뜨거운 물에 탔는데 더치 특유의 향보다 저는 원두 향이 더 난다고 해야하나? 잘 모르겠지만 지금까지 먹었던 더치커피보다 더 꼬수운 느낌이었어요.,맛있다
3546,커피그라운즈,로한,테이크 아웃만 가능한게 아쉽긴하지만 맛과 가격 모두 만족스러워요. 더치 원액 큰 사이즈는 저녁에 가면 다 팔리고 없는 경우가 있어 미리 예약하는게 좋구요. 커피 좋아하는 분께 부담없이 선물하기도 좋아요~ 여기 커피가 맛있는지 차 가지고 사러 오시는 분들도 계시더라구요.,맛있다
3547,커피그라운즈,ethanghymn,송화산시도삭면에서 점심식사를 하고 이쪽 동네에 오면 들르고 싶지만 은근히 영업시간이 까다로운 느낌이어서 잘 방문하지는 못하는 여기 커피그라운즈에 차를 갖고 나온 김에 들러보기로 함.가게 근처에 주차를 하고 가게로 다가가니 가게 안에서 커피를 들고 나오는 손님이 보이고 오랜만에 뵙는 여사장님?께 인사를 하고 아이스 아메리카노와 가족인원을 위해 이 가게의 아인슈페너 버전인 달링을 부탁드림.다시 봐도 가격이 너무 혜자여서 실화인가 함.조금 기다려 아이스 아메리카노와 달링이 나왔는데 아이스 아메리카노는 사이즈가 스벅 벤티 정도의 사이즈여서 황송한 느낌임.차로 돌아와 아이스 아메리카노를 맛을 보니 이미 여러번 맛봤지만 오랜만이어선지 아니면 오늘따라 더 원두가 잘 볶아졌는지 순간 우와하면서 너네가 신선하게 갓 볶은 좋은 원두로 내린 커피맛을 알아?하는 느낌임.갓 볶은 신선한 원두로 추출한 에스프레소 더블 샷이 들어가서 벤티 사이즈라도 1도 밍밍함이 없고 특히나 내가 좋아하는 상큼한 산미가 좋은 에티오피아 원두여선지 신선한 산미가 좋으면서 뒤에선 베리류의 은은한 달콤함도 느껴져 여러 로스터즈 가게들을 다니고 있지만 신선함이 확실하게 느껴지면서 개성 또한 확실한 맛이어서 감탄이 나옴.특히나 이런 아이스 아메리카노가 2천원이라니 절로 실화임?이라는 말이 나옴.아마 스벅에서 판매를 했으면 그냥 스벅말고 스벅 리저브 매장에서 스페셜 리미티드 에디션으로 1만원쯤은 쉽게 했을 느낌임.아이스여선지 집으로 가지고 와서도 향이나 맛이 어느정도 계속 유지되서 좋고 가족인원의 달링도 맛을 보니 깨끗한 더치커피와 은은히 달달한 휩트크림의 조화가 뛰어나 이런 가게가 왜 우리 동네엔 없을까 함. 전체적으로 이쪽 동네에 온 길에 생각나 오랜만에 들러서 다시 맛 본 아이스 아메리카노와 달링은 신선함이 뿜뿜 느껴지면서 산미가 좋고 개성이 확실히 느껴지는 맛이어서 계속 재방문할 수 밖에 없다고 느껴진 방문이었음.,맛있다
3548,커피그라운즈,쓰피겔,콜드브루가 너무 맛이 깊고 값도 싸요. 자리가 없다시피해서 500ml로 두번 사다먹었네요. 집만 가까우면 자주 가고 싶은 곳,맛있다
3549,커피그라운즈,rainy,"집근처에서 먹은 커피들중 최고의 맛여사장님 혼자 주문받고 커피 만드느라 15분정도 기다리긴했지만 정성들여 내린 커피가 너무 맛있어서 맨날 오고싶을정도였다가격도 착하고 커피도 맛있고 단골이 될꺼같다!월금은 12시 30분 오픈에 9시정도 닫으시는거같고 토요일 휴무, 일요일은 3시부터 연다고 함",맛있다
3550,커피그라운즈,ethanghymn,영화장에서 점심을 먹고 커피를 마시고 싶어하는 가족인원에게 커피그라운즈를 알려주고 싶어 들러봄.여기 커피그라운즈는 평일에는 오후 늦게 열고 토요일에는 쉬고 일요일에는 여는 좀 애매한 영업시간 때문에 자주 들르고 싶지만 쉽지가 않은데 일요일인 오늘 모처럼 동대문구에 온 길에 들르기로 함.가족인원은 롱블랙을 핫으로 주문하고 난 플랫화이트를 역시나 핫으로 그리고 어린가족인원을 위해서 코코아를 주문함.조금 기다리고 있는데 동네 주민인 것 같은 여자손님들 여러명이 쏟아져 들어옴.이때쯤 주문한 것들이 나왔는데 아이스 커피류와는 달리 핫 커피류는 스벅 톨 사이즈 정도였고 차에 가져와 마셔보니 롱블랙은 에티오피아 원두여선지 상큼한 산미가 느껴져 좋은데 가족인원은 산미를 싫어해서 내가 주문했던 플랫화이트의 우유의 비린내가 안 나면서 나름 고소한 맛을 좋아함.어린가족인원을 위해 주문한 코코아를 처음 맛을 보니 특별한가 했는데 코코아는 너무 진하진 않게 농도를 잘 맞춘 특별하진 않은 맛이었음.전체적으로 가성비가 아주 뛰어난 테이크아웃 온리 커피가게로 두 분의 비교적 젊으신 여사장님도 좋아서 이문동커피집만큼은 아니더라도 자주 들르고픈 가게임.,맛있다
3551,커피그라운즈,E,"최고의 커피! 전국 어디 맛있다는 로스터리카페에 가도 늘 하루코빈즈가 떠오른다. 2천원짜리 에스프레소 커피도 훌륭하지만, 4천원에 마실 수 있는 스페셜티 드립커피는 정말 ㅜ ㅠ 이 돈 내고 마시기 미안할 정도다. 주 1회 의식하듯 더치커피와 원두를 사고, 퇴근하고 집에가서 자야하는 마감 전 저녁시간에 끝내 아쉬워서 커피를 또 사들고 가게 만드는 곳. 언니들 커피로 세상을 이롭게 하시니 복받으실 거에요❤️",맛있다
3552,커피그라운즈,토요미식회장,커피그라운즈정말 아는사람만 찾아올듯한 카페. 메뉴에 힘을 안준것이 딱 필요한 메뉴들만 있는듯하다. 그리고 커피만으로 맛이 갈라질 그런 커피들이 대부분이다. 계산대 옆을 보면 다른 수식어 없이 그냥 골든커피어워즈 2관왕의 트로피가 딱 얹어져 있다. 핸드드립 따뜻하게 마신건데 이 가격대의 커피들과 비교하면 어마어마한 퀄리티 차이가 난다. 보통 5000원 대의 커피를 마시면서도 보통 커피임에만 만족하는 일이 많은데 이게 4000원이라니..깔끔하고 산미가 은근히 있는 맛의 커피다. 이곳이 회사 근처에 있었으면!얼핏만 봐도 근처에 있는 카페들 중 가장 가치가 있다.,맛있다
3553,커피그라운즈,* Y _,"4/5가까이 가면 꼭 가볼 것 같은 곳카페에 맛있다 주기는 오랜만인듯커알못 조차도 알 수 있는 맛있는 커피혜자로운 가격 (아인슈패너 2천원 실화?) 가격이랑 상관없이 정성들이시는 지 시간은 조금 걸린다.내부에 마실 곳이 없는 테이크 아웃 전용살짝 커피에 신맛이 나긴 하지만 과하지않고단걸 좋아하는 입맛에는 모자르다 싶을 정도로 그닥 달지는 않은데, 그렇다고 달달하단 말이 안 나올 정도로 안 단건 아닌.흔히 아인슈패너 맛있다는 곳은 크림과 조화가 참 잘 어울리는 식인데 여기는 그와는 살짝 궤가 다른 류의 맛있음이다.아메리카노를 한 입 얻어 마셔봤는데 마치 드립커피로 내린 것 같은 산미가 느껴져서 신기했다.답십리에 가면, 조금 더 걷더라도 가볼만 한 곳임에는 확신할 수 있겠다.지금 4.3인데 4.5 가까이로 유지할 것 같은 곳",맛있다
3554,커피그라운즈,ethanghymn,"커피가 마시고 싶어서 다시 한번 들러본 커피그라운즈.갑자기 소나기가 내리다가 그칠때쯤 가게 앞에 도착했는데 가게 앞엔 어느분이 사장님인지 아니면 두분 다 사장님인지는 모르겠지만 아무튼 두분이 다 나오셔서 비가 왔어선지 뭔가를 정리하고 계시다 들어가심.바로 따라 들어가 지난 두번의 방문에서 맛 본 이 집의 아인슈페너 버젼인 달링이나 더치 아메리카노, 더치 라떼 말고 이 집 단골이신 키다리아저씨님께서 드신다는 이름만 들어봤을뿐 한번도 마셔보지 못한 플랫화이트를 아이스로 주문해 봄. 사장님께서 시럽을 넣어드릴까요라고 물어보시는데 단건 그다지 좋아하지 않아서 시럽은 넣지 말아주세요라고 말씀드림.롱블랙이나 플랫화이트같은 커피 메뉴는 호주나 뉴질랜드 같은데서 흔한 메뉴인거 같던데 뭔지 검색을 해보니 라떼가 우유가 많이 들어가는데 비해 플랫화이트는 에스프레소에 마이크로폼 스팀밀크가 조금만 들어가서 좀 더 에스프레소의 느낌이 많이 나는 커피라고 함.그래선지 조금 후에 나온 아이스 플랫화이트는 지난번의 더치 아메리카노나 더치 라떼보단 아담한 컵에 담겨나왔는데 그때 마침 밖엔 비가 쏟아져서 가게에서 마시고 가려고 뚜껑을 열고 가게 한쪽에 놓인 작은 간의의자같은데 앉아 한모금 마시니 우유의 맛은 느껴지지만 역시나 라떼처럼 많이 들어가지 않다보니 커피의 맛이 조금 더 짙은 느낌으로 라떼보단 더 취향에 맞는 느낌이었지만 난 우유가 안 들어간 깨끗한 맛의 커피가 더 낫다고 생각됐음.이 집은 커피가격도 다 저렴하니 안 마셔 본 모든 메뉴를 다 맛보고 싶은데 여지껏 마셔본 것 중엔 아인슈페너의 이 집 버전인 달링이 제일 좋은..지난번에 사갔었던 더치커피원액을 거의 다 마셔서 새로 구입하려니 하루전에 예약해야만 구입할 수 있는 1030ml짜리말고 그 다음으로 큰 650ml를 사려니 다 나갔고 그 다음으로 작은 350ml가 있다고 하셔서 그럼 다음에 와서 구매하기로 하고 비가 좀 그쳐서 가게를 나옴.가게엔 특별히 앉아서 커피를 천천히 즐길만한 공간이 없어선지 직접 로스팅한 커피를 저렴하게 제공하는 여자여자하지 않으시고 커피 전문전문한 느낌의 사장님이 계셔서 방문할때마다 커피를 거의 무료로 시음하는 느낌을 받는 좋은 가게라 계속 방문하고 싶음.",맛있다
3555,커피그라운즈,장희,골든커피어워드 2관왕을 했다는 곳. 무슨상인지 모르겠지만 잘한다는거겠지..에스프레소베이스는 전부 2천원이다. 그외에도 2개빼곤 전부2천. 시그니처라떼를 주문했는데 커리스런향이라는 생각이 머리를 스쳤다.나만 그렇게 느낄거 같은데 묘한향도있고 산미도 적당하고 맛있다. 5천원이었어도 만족했을 맛. 테이크아웃만되는건 아니고 작은 의자였나 서서 마실정도의 공간은 있다. 근데 카운터바로앞이라 원샷하고가야하는 정도의 공간.앉아서 마실만한 자리도 있었으면 두세잔씩은 먹고갔을듯. 내앞사람이 세잔을 타길래 테이크아웃인가했는데 혼자 그자리에서 세잔을 마셨다.,맛있다
3556,커피그라운즈,ethanghymn,"리사르커피로스터스 다음으로 다시 한번 들러본 커피그라운즈.이 곳 역시 한번 왔었어서 쉽게 찾아감.가게에 들어가니 여사장님이 알아보심. 헐..날씨가 더운지라 아이스 커피류 중에 뭘 마셔볼까 하다 지난번 다른 손님이 테이크아웃해서 가는데 사이즈가 꽤 컷던 아이스 아메리카노를 주문해 봄.놓여있는 상패가 커피를 잘 볶는거에 대해 상을 받으신거냐고 여쭤보니 그렇다고 하심. 시럽을 넣어드릴까요 물어보시면서 요즘 흑당밀크티가 유행하는데 사장님네 가게에선 6년전부터 직접 황설탕으로 만든 시럽을 쓰고 있다고도 설명해주심. 개인적으로 시럽은 잘 안 넣어먹는지라 패스함.금방 내려서 주신 아메리카노는 한입 빨아 마시니 상큼하면서 산미도 있는 내가 좋아하는 맛이어서 좋아서 보니 지금 제공되는 원두가 에티오피아라고 씌어져 있음.난 집에선 네스프레소를 마시는데 역시나 제일 좋아하는 게 에티오피아여서 난 에티오피아가 맞나보다 함. 사장님께서 에티오피아를 지금 제공하고 있고 똑같은 에티오피아라도 맛이 바뀌면 같은 에티오피아 품종이라도 다른 곳에서 재배된거라고 하시면서 새롭게 수확된 다른 품종의 원두가 들어오면 또 바뀐다고 하심.밖으로 나와 걸어가며 아이스 아메리카노를 금방 마시고 나니 집에서 거리가 있는지라 아쉬워서 다른것도 마셔보고 싶어서 다시 가게로 가니 어린아이를 데리고 온 여자손님이랑 외국인 여자손님이 커피를 주문하고 있음.내 순서가 되서 다른것도 마셔보고 싶어서 다시 되돌아왔다고 말씀드리고 이번에도 역시나 아이스 커피를 주문하고 싶은데 아까와는 달리 더치커피 베이스의 더치라떼를 주문함. 시럽을 넣어드릴까요 물어보셔서 황설탕으로 직접 만드셨다는 시럽이 궁금해 그럼 조금만 넣어주시라고 부탁함.그리고, 내 앞의 외국인 여자손님도 구매한 더치커피 원액을 하루 전에 예약해야만 구입 가능한 1030ml짜리 말고 그 다음으로 큰 사이즈인 650ml짜리도 구매함.더치커피 원액은 처음 구매하는거라고 말씀드리니 계량컵과 설명서를 같이 넣어 주시면서 계량컵으로 더치원액 한컵당 물 다섯컵이나 우유 다섯컵을 넣어 희석해서 드시면 된다고 설명해주시고 냉장고에 보관하는건지 여쭤보니 그렇다고 하심.더치라떼는 아이스 아메리카노처럼 벤티 정도 사이즈의 커다란 컵은 아닌 톨 사이즈 정도의 컵에 담겨나왔는데 맛을 보니 첫번째 방문에서 맛봤던 달링처럼 진하지 않다보니 강렬하진 않고 더치커피 특유의 간장맛 비슷한 맛이 은은하게 느껴지고 역시나 은은한 황설탕 베이스의 시럽 맛이 남.이렇게 직접 볶은 신선한 원두로 내려주는 커피 두 종류를 맛보는데 4천원이라니 믿기 힘듦.앞으로 동대문구에 자주 올 것 같음.",맛있다
3557,커피그라운즈,ethanghymn,"진미각만두에서 찐만두를 맛있게 먹고 멀지않은 곳에 위치한 커피그라운즈로 향함.가게는 그냥 뜬금없는 일반 동네길을 걷다보니 나타남. 내가 좋아하는 뭥미하는 위치에 있는 가게였음.가게에 다가가니 뭔가 저집인거 같은 포스가 뿜어지고 있었는데 가게 외부엔 짙은 그린색의 잎사귀를 갖은 제법 큰 사이즈의 식물들이 들어있는 화분들이 놓여있음.가게 문을 열고 들어가니 카페같이 앉아서 마실 수 있는 장소는 없는 테이크아웃 온리의 대학로 보통의 같은 커피가게였는데 보통의는 그나마 바테이블에 앉아 마실 수 있는 바스툴이 세개라도 있지만 이 집은 그런것도 없이 주문하고 커피가 준비되는 동안 잠시 앉아있을수 있는 자그만 간이의자 두개만 벽쪽에 가까이 놓여있음.그나마 커피를 주문하는 공간도 사람이 세네명정도 서면 꽉 찰 정도로 좁은 공간이었음.위치도 위치인지라 내 앞의 여자손님이나 내 뒤의 나이가 있으신 여자손님이나 모두 단골인 느낌이었는데, 내 앞의 여자손님은 아이스 아메리카노를 주문한 후 받아서 나가면서 주인인 여자사장님과 인사를 함. 아이스 아메리카노는 사이즈가 스벅 벤티정도되어 보이는 커다란 사이즈였음. 대박, 야바이였음.가게 내부는 들어가면 가벽이 바로 있는데 아마도 가벽 건너편엔 커피원두나 커피와 관련된 기계등이 있을거 같았음. 우측에 주문을 받는 곳이 있는데 어두운 톤에 바깥에서 본 것 같은 짙은 그린색의 열대지방에서 볼만한 식물들의 잎 같은걸로 꾸며져 있어 정글 분위기도 나고 한쪽 벽에는 정글에서 볼만한 인형새도 보임.키다리아저씨님의 리뷰를 자세히 다 읽어보진 않았지만 이 가게가 커피와 관련된 무슨 상을 받았다는 것과 요즘 부쩍 관심이 많아진 아인슈페너의 이 가게 버전인 달링이란 커피에 대한 언급도 있으셨어서 주저없이 달링을 주문함.여사장님이 아이스 메뉴라며 괜찮으시냐고 물어보셔서 좋다고 말씀드림. 다시 한번 메뉴를 봐도 믿기 힘든 가격임. 대부분의 메뉴가 2-3천원임. 상패가 주문하는 곳 한쪽에 놓여져 있어서 보니 좋은 커피원두를 생산하는데 대한 상인것 같음.내 커피를 기다리는 동안 내 뒤의 나이가 있으신 단골이신것 같은 여자손님이 들어와서 커피원두를 구입하고 아이스 아메리카노를 한잔 주문하시면서 여사장님께 휴가는 언제 가시냐고 질문하니 다음주 월요일인 8월 12일부터 금요일인 8월 16일까지 간다고 대답하심.어느정도 시간이 걸려 내가 주문한 달링이 나왔는데 아메리카노처럼 커다란 사이즈가 아닌 스벅 톨사이즈 정도였음.가게 한쪽에 있는 아담한 간이의자에 앉아 맛을 보니 달달한 더치크림은 쫀쫀하거나 하지않고 비교적 쉽게 녹는 느낌인데 크림 뒤에 입 안으로 들어오는 더치커피맛에 눈이 번쩍 떠짐.그동안 맛 본 더치커피는 약간의 간장맛 비슷한 느낌이었는데 이건 그런 간장맛의 얼티밋 버전으로 거의 간장맛의 느낌인데 뒤에는 산미도 느껴짐. 충격적인 맛이었음. 깜짝 놀라 여사장님께 더치커피에서 왜 이렇게 간장맛이 진하게 나는건가요라고 여쭤보니 진하게 추출해서 그런거겠죠라고 쿨하게 답해주심.한두모금 더 마시니 달달하고 부드럽게 녹는 더치크림과 간장맛 정도로 진한 더치커피 맛의 대비가 은근 매력적이고 멋있음.커피를 그렇게 오랫동안 많이 마셔봤지만 이런 맛은 처음이었고 흥분해서 떨림.오늘 동대문구로 와서 우연히 이 집을 발견한 것도 기뻤고 웬만하면 맛있다라고 하지 않으시는 키다리아저씨님의 맛있다라는 리뷰도 있었어서 꼭 들리고 싶디는 마음이 든 것도 다행이었음.이 집은 테이크아웃만 가능하고 위치도 뜬금없는 곳이어서 손님이 많아지긴 쉽지 않을거 같아서 앞으로도 방문하는데 특별히 어려움은 없을거 같아서 다행이라고 생각함.전체적으로 가게에 편히 앉아서 분위기를 즐기는 카페가 아닌 테이크아웃 온리인 나같이 맛이 중요한 사람들이 좋아할 만한 가게로 오늘 동대문구로 오는 바람에 이 가게를 알게되서 그리고 키다리아저씨님이 리뷰를 남겨놓으셔서 들렀는데 너무 좋았던 경험이었고 가격도 너무 착해서 집에서 멀더라도 계속 이 집에 와서 달링뿐 아니라 다른 커피들도 맛보고 싶은 기대가 되는 써프라이즈하고 기분 좋은 방문이었음.",맛있다
3558,커피그라운즈,chochokong,"동네 골목길에 위치한, 저렴하고 기본적인 메뉴들로 채운 작은 테이크아웃 카페. 종종 문을 닫아서 커피는 복불복이다(...)가격에 비해 커피맛은 괜찮은 편이다.고소하고 묵직한 원두파라면 별로겠지만 산미가 있고 향긋한 원두파라면 좋을듯싶다.작은 카페 안 구석구석 직접 그린걸까? 싶은듯한 반려견으로 보이는 귀여운 일러스트와 글귀로 가득 채워져있다.작지만 명함과 냅킨까지 정성이 안 미친곳이 없다.굉장히 싹싹하고 친절한 사장님이 기분좋은곳! :)",맛있다
3559,커피그라운즈,wonder_Alice,숨겨진 보석 ㅋㅋㅋ 날씨 쪼끔만 더 풀리면 매일.출근도장찍을듯한 ㅋㅋㅋㅋ 에티오피아 아리차원두로 핸드드립이랑 더치크림 맛봤어요 진짜 초콜릿시럽 넣으셖냐고 할 정도로 끝에 남는 다크초콜릿 맛이 짱 또 갈게요 !!,맛있다
3560,커피그라운즈,키다리아저씨,"이런 위치에 맛난 커피집이?? 의문이 들던 답십리의 어느 골목에 간판이 있는지..없는지도 모를만한 작은카페로 ""커피그라운즈"" 또는 ""하루코빈스 커피로스터스""라고 부른다.손님이 2~3명이 들어가면 꽉 차는 공간이며~ 그외의 공간은 커피를 위한 작업실 분위기다.즉, 앉을 좌석이나 테이블은 없으며.. 테이크아웃만 가능하다^^;그런데도 내가 추천하는 이유는 커피의 맛!!직접 로스팅과 블렌딩을 하면서 커피 한잔한잔에도 정성을 기울이는 느낌이 든다^^오죽하면 2017년 골든커피어워드에서 하우스블렌드 부분 1위!! 그리고 밀크베이스 부분 1위!! 즉 2관왕을 한 실력자다. 일반적인 커피메뉴는 모두 ""2천원""!!!!더치크림이라는 ""달링"" (아인슈페너)이 ""3천원""!!!!스페셜티 싱글오리진 핸드드립이 ""4천원""!!!커피의 맛도 좋지만~ 가격도 너무 착한게 아닌가?!!!!!! 집근처라면 매일 출근도장 찍을만큼 만족도가 높았다^^원두는 자주 바뀌는건 아니지만 로스팅에 따라 변경된 원두로 사용하고 변경될 때마다 어떤원두를 쓰는지 안내판을 해두었다.내가 방문했을때는 ""에티오피아 아리차""원두를 사용하고 있었고~원두와 더치원액도 별도 판매하고 있어서 둘다 구입하였다^^;;(내가 마신 음료는 달링/플랫화이트/롱블랙)세가지 음료 모두 만족할만한 맛!!!특히 달링은 아이스음료로 더치커피 위에 밀크폼이 부드럽게 들어있어 살짝 커피기업의 스노우비엔나를 연상시켰다. 맛도 비슷~ㅎㅎ플랫화이트도 에스프레소와 밀크의 비율이 적당해서 진하면서도 고소한 밸런스가 굿!! 밀크가 섞였는데도 원두의 묘한 향이 은근히 올라와줘서 매력이다.롱블랙은 아메리카노보다 좀더 진하며 깊은맛을 느끼기에 좋았다.카페의 외부와 내부...그리고 메뉴판을 보면 뭔가 정감가는데 그이유는 직접 그리신 그림과 캘리그라피 작품 때문이 아닐까??커피뿐만 아니라 작품들도 훌륭해 보인다.이 근처에 살거나...커피를 좋아한다면 방문해 볼 가치는 충분한 곳이라 생각한다.원두의 특징을 살려 맛과 향을 느끼기에 좋았고~ 저렴한 가격에 훌륭한 커피를 마실 수 있어서 굿굿!!웃으면서 손님을 반겨주시는 아담한 여사장님이 활기차고 친절해서 좋은곳이다.",맛있다
3561,이문동커피집,추진단장,"이문동 근본 커피늘 사람많은 핫플ㅠㅠㅠㅠ유명세는 유명세를 부른다,,,,가게 스타일은 몬가 용산의 오트커피 따라하는 것 같기도 한데여기는 드립이 근본이다갠적으로 여기 아인슈페너가 더 맛있어졌음 한다",맛있다
3562,이문동커피집,예송이,"외대앞~회기의 최고존엄 커피집일단 가격이 너무 저렴하다.. 근데 심지어 맛있고 내부도 분위기가 좋다. 지금은 코로나로 내부 취식이 불가했다는점이 초큼 아쉽기는 하다아이스 그것, 바닐라라떼, 크림밀크티 이렇게 먹어봤는데 음료 사진이 없다 ,, 셋다 만족스러웠음! 특히 아이스 그것이랑 아바라가 정말 미쳤다크림 밀크티는 좀 연하고 크림 향이 강해서 지인한 밀크티를 기대하면 안되겠다",맛있다
3563,이문동커피집,써니♡,"착한 가격 맛난 커피!오랜만에 이문동을 방문했다. 학생 때 스벅은 커녕 2,700원짜리 이디야 라떼도 부담스러웠던 기억이 나는데 10년이 훌쩍 지난 아직까지도 아메리카노가 2천원이라니! (아이스 그것은 다음 날 부터 가격이 올라서 3,500원이다. 그래도 여전히 저렴!)아이스 그것은 바닐라 라떼보단 덜 달고 라떼보단 달달한 내가 가장 좋아하는 최상의 맛이었다ㅎㅎ 코로나로 인해서 내부에서는 먹을 수 없지만 사장님의 허락 하에 밖의 난간?! 의자 부분에 앉아서 먹었는데 쌀쌀한 날씨에도 아이스 그것은 한 순간에 아이스 없음이 되버렸다.가격도 맛도 착하고 친절한 사장님까지... 이 근방에서 카페를 계속 하시다가 이 곳에 정착하신지도 꽤 되셨다고 하는데 이곳에서 오랫동안 착한 가격으로 맛난 커피 파셨으면 좋겠다.",맛있다
3564,이문동커피집,보리,"이문동에 위치한 '이문동커피집' ***- 아이스그것 2,500원- 크림모카 3,500원가격에 너무 놀라고 맛에도 놀라는 곳이에요! 서울에 이 가격에 이런 맛의 카페라니.. 좋아할 수 밖에 없네요 ㅎㅎ 아이스그것은 약간의 단맛과 라떼보다 더 고소한 라떼라고 설명되어있어요! 정말 많이 달지않으면서 고소하더라구요. 크림모카는 부드러운 크림과 찐한 초코맛이 잘 어우러졌어요!진짜 가격...,, 사장님이 오래오래 건강하셔서 오래오래 영업해주셨으면 좋겠습니당..ㅎㅎ 회기역에서도 걸어갈만한 거리예요!",맛있다
3565,이문동커피집,따따따따,"지도를 보면서 찾아가지 않았다면 아마 그냥 지나쳤을 것 같네요. 간판도 딱히 없고, 밖에서 보면 카페인지 잘 모르겠어요.내부에 들어가니 밖에서 보는 것과 달리 공간이 매우 협소합니다. 몇명 앉지 못하겠어요. 코로나로 인하여 매장 내 착석이 안된다고 해서 그나마 있는 자리에도 앉지를 못했어요. 대신에 카페 외부에 걸터앉을 수 있는 자리가 있어 잠깐 앉아서 커피를 마셨습니다.'아이스그것'과 플랫화이트를 맛봤는데, 아이스그것은 달달하고, 플랫화이트는 씁슬하네요 ㅎㅎ 자전거 타고 가서 힘들고 목말라서 벌컥벌컥 마시다 보니 맛이 자세하게 기억이 나지 않습니다 ㅜㅜ그래고 친절하신 사장님과 따뜻한 느낌의 실내 인테리어는 기억에 남을 것 같습니다.#먹어서응원",괜찮다
3566,이문동커피집,kkonoo,크림이 진짜 맛있! 예전에 있던 말차라떼가 진짜 안 달고 엄청 맛있었는데 왜 없어졌나요ㅠㅠ,맛있다
3567,이문동커피집,뿌디,"— 계속 있어줘! 이문동 커피집 —외대 도서관 쪽으로 골목을 빠져나와 올라가다 보면 있는 커피집! 이곳도 낮은 지붕에 아담한 규모를 자랑하고 있다. 바리스타 분들이 굉장히 친절하시고, 학생들과 안면이 터서 소통도 많이 하는 편. 이 아담한 내부에 의자는 벽에 붙어서 앉아 먹을 수 있는 형태였으나, 현재는 테이크 아웃만 가능하다.매번 공수되어 원두가 바뀌는 커피도 명불허전이고, 드립이나 추출실력도 출중하시다. 커피를 좋아하지 않는다면, 녹차라떼 밀크티 혹은 시즈널 메뉴도 꽤 맛있는 편!커피맛이 본인의 취향에 맞지 않은 적이 없다. 사장님과 안면이 트면 다음에 판매할 원두에서 추출할 커피를 시음해보라고도 하시는데, 그것은 단골의 특권이다.",맛있다
3568,이문동커피집,조돼지,시그니처로 보이는 아이스그것을 샀다.벚꽃 흐드러진 외대에서 마시며 시간을 보냈다.올해 처음 느끼는 봄이다.,괜찮다
3569,이문동커피집,Ray,"세 번째 시도만에 성공한 이커집! 사실 크림밀크티가 먹고 싶었는데 매진이라 크림모카(3500)를 테이크아웃했어요. 사진은 못 찍었지만 잠깐 뚜껑을 열어보니 고운 크림층이 보이더라고요. 그제서야 아인슈페너처럼 크림이 올라간 거구나 깨달았습니다ㅋㅋ 근데 테이크아웃 컵의 작은 구멍으로는 크림이랑 커피를 같이 마시기가 어려워서... 제대로 크림모카처럼 마시지는 못했지만, 커피가 예상보다 평범한 맛이었어요. 물론 동네에서 이 맛과 가격이라면 당연히 이곳이지만, 다른 동네에서 일부러 찾아올 정도는 아닌 느낌. 게다가 거의 다 마셔갈 때엔 덜 녹은 가루인지 작게 뭉쳐있는 시럽인지 자잘한 것들이 텁텁하게 목에 걸려 너무 별로더라고요. 근데 신기한 건 다 마시고 난 뒤 입안에 남아있는 맛이 정말 고소해요ㅋㅋㅋㅋㅋㅋ마시고 있을 때보다 마시고 난 후가 더 맛있었던 건 처음이네요ㅋㅋㅋㅋ 그 덕에 재방문해서 다른 메뉴들도 맛보고 싶어졌습니다 XD영업 시간이 비교적 유동적이라 인스타 확인은 필수! 인기에 비해 작은 카페라 앉아서 마시고 가려면 타이밍이 정말 잘 맞아야 할 거 같아요. 지금은 코로나 때문에 테이크아웃만 가능한데 테이크아웃 천원 할인 받으면 가성비 대박입니다!",괜찮다
3570,이문동커피집,코랄,아인슈페너 크림이 행복한 맛이다. 매일 먹고 싶은 맛!인테리어가 자개장과 원목가구들을 이용해 따뜻하면서 힙하다.이 근처 살았으면 백퍼 단골이 됐을 것 같다. 자주 오고 싶은데 주말엔 오픈을 안하시는 게 아쉽다.단골손님이 많아 보였는데 카운터 옆에 붙어 있는 작은 좌석에 앉아서 사장님과 수다 떨러 많이 오는 것 같았다. 가게가 되게 작은데 타이밍에 따라 손님들이 바글바글 시끄러워지기도 한다. 아마 근처 외대 시간표에 따라 손님이 몰렸다 빠졌다 하는 것 같다.,맛있다
3571,이문동커피집,dotori,7/10이 동네 커피집하면 이문동커피집이지요!사람이 늘 북적거리는 곳이라 갈 때마다 자리가 있으려나 두근거리고요! 그러나 테이크아웃하면 천원 할인! 조금 기다려야하는 건 감수할 수 있는 착한 가격에 맛이다.,맛있다
3572,이문동커피집,ethanghymn,"파델라에서 점심식사를 한 뒤 커피를 한 잔 마시러 내가 좋아하는 커피가게인 여기 이문동커피집에 방문함.가끔 주말에 이 근처에 왔을때 들르려고 보면 휴일인 경우도 있었어서 은근히 방문하기가 까다로운 느낌임.오늘은 다행히 멀리서 가게 위 조명이 켜져있어서 영업하는구나 함.나와 거의 같이 도착한 남자손님을 따라 가게로 들어가니 은은한 커피향이 좋아 기분이 좋아지는 느낌임.사진을 찍는데 금방 주변에서 손님들이 우루루 들어와 금방 북작북작해져 이 가게에서 받았던 인상대로 이 동네의 사랑방같은 느낌인게 좋음.맨 첫 방문에서 내가 재밌게 봤던 디즈니 애니메이션인 모아나에 나오는 섬 이름 느낌의 9월 메뉴였던 에테일레같은게 있나 보니 이 달의 메뉴는 디카페인 차인 모어 댄 루이보스여서 차엔 특별히 관심이 없어 지난 두번째 방문에서 은은한 단 맛이 좋았던 아이스 그것을 주문하려다 제일 기본 메뉴인 아메리카노 핫을 테이크아웃으로 주문하니 테이크아웃의 경우 1천원 할인이 되서 2천원을 결제하고 마일리지 카드에 스탬프도 받고 기다림.여기 가게의 사장님과 직원분들은 인상도 다 좋아서 괜히 더 가게가 아늑하게 느껴져 계속 있고 싶게 됨.내가 주문한 아메리카노가 나왔는데 사이즈는 스벅 톨정도되는 사이즈로 뚜껑을 열어서 냄새를 맡으니 메뉴에는 고소하고 밸런스가 좋다고 쓰여있던데 은은한 산미의 향이 나서 메뉴 설명과는 달랐지만 산미를 좋아하는 나는 더 좋음.가지고 나와서 맛을 보니 맛 역시 은은한 산미가 느껴지는데 특별히 인상적이거나 한 건 아님. 하지만, 2천원에 신선한 커피를 맛볼 수 있는 건 좋은거 아닌가 함.전체적으로 아늑한 동네 사랑방 느낌의 분위기와 인상 좋고 사람도 좋은 사장님 및 알바생이 아닌 스탭분들이 있는 가게면서 커피가격도 저렴한 편이고 매달 바뀌는 스페셜 메뉴로 변화도 줘서 계속 방문하고픈 맘이 드는 가게로 이 근처에 오면 계속 방문할 듯..",맛있다
3573,이문동커피집,한음,"“명실상부 이문동 대표 커피집”학교 졸업하기 싫은 이유 중에서 단연 최고는 이문동커피집을 못가기 때문이어라,, 대충 사진을 골라봤는데 이만큼 많이 먹었네요 아무튼 가격 대비, 그리고 맛도 최고인 이문동커피집 (줄여서 이커) 를 떠나자니 너무 아쉽습니다.제 개인적으로는 드립커피를 너무 좋아해서 드립커피를 자주먹었는데 갈때마다 너무 맛있었습니다. 원두가 거의 주마다 바뀌는 것도 넘 좋아용❤️그리고 제 친구들의 최애메뉴인 ‘돌딸- 돌아온 딸기우유’ 도 강력 추천드립니다. 테이크아웃하면 3500원인데 진짜 이만한 딸기 섭취가 없음다만, 영업이 유동적이니 인스타를 확인하고 가시는 걸 추천드리며, 점심시간에는 줄이 길어요~~! 방학시즌에 가시면 대기 안하고 먹을 수 있습니다아무튼 이커집 당신은 페이커보다 더 짱입니다,,❤️",맛있다
3574,이문동커피집,즌짱,"오랜만에 이커집 ! ! ! 방학인데도 평일인데 사람이 바글바글 ,, 저처럼 커피 마시려고 집 앞 마실 나오신 것 같은 분들이 꽤 있으시더군요 ㅎ (위경련으로 아파서 골골대지만 커피는 마시고 싶어서 간신히 밖으로 나갔던 즌짱,,)테이크 아웃 할인 받으니 좋고,, 테이크 아웃 때 붙여주신 스티커가 너무 귀여워서 두 번 기분이 좋아짐 ㅎㅎㅎ 딸기우유와 바닐라 라떼를 마셨는데 둘 다 맛있어서 또 만족 :-) 시즈널 음료인 크림밀크티 평도 좋고 청귤에이드 평도 좋아서 진짜 고민 많이 했는데,, 빠른 시일 내에 재방문 하기로 다짐합니다,, 이커집 최고 S2",맛있다
3575,이문동커피집,NIWOOW,"경희대 부근에 있는 카페를 찾아보다가플랫 화이트가 맛있어 보여 방문했습니다.플랫 화이트를 마시려 했는데,추천을 받아서 주문은 콘크레마로 했어요.플랫 화이트에 크림을 올린 음료인데아인슈페너에 올라가는 크림과 비슷한 맛이 나지만, 꾸덕한 느낌은 덜했어요.크림을 다 먹자 플랫 화이트가 드러나는데,은은하게 에스프레소 맛이 나면서과하게 달지 않아서 맛있었어요.다소 무겁거나 라떼처럼 달달한 플랫 화이트는 제 입에 안 맞는 편인데, 이 곳 플랫 화이트는 입에 딱 맞아서 좋았네요.개인적으로 크림과 플랫 화이트 조합은저랑 맞는 느낌이 아니라서, 재방문한다면 플랫 화이트를 마실 예정입니다.",맛있다
3576,이문동커피집,ethanghymn,"지난 첫 방문에서의 이 가게 분위기와 커피 맛이 좋았어서 가끔씩 생각이 나서 재방문해보고 싶었는데 일부러 다시 들러 봄.한번이 아니라 헛걸음 했던 첫번째의 방문까지 치면 세번째 방문인지라 위치를 잘 알아서 금방 가게 앞에 도착했는데 지난 첫 방문에서 맛봤던 이름이 예뻤어서 내가 재밌게 봤던 디즈니 애니메이션인 모아나에 나오는 섬 이름 느낌이 났던 에테일레(섬의 여름)같은 시즈널 메뉴는 어떤게 있을까 기대를 했는데 이 달의 시즈널 메뉴는 아쉽게도 커피 메뉴가 아니고 차 종류였음.그래서 이번에는 뭔가 이 가게의 시그니처 메뉴인 것 같이 보이는 고소함을 강조한 라떼라는 아이스 그것을 테이크아웃으로 주문함. 테이크아웃으로 주문하면 천원 할인도 되서 2,500원이었고 지난번에 받은 스탬프 쿠폰에 스탬프도 받음.마침 방문했을때는 손님이 많지 않아선지 비교적 금방 준비해 주셨는데 스벅 그란데 사이즈 쯤 되는 테이크아웃 컵에 특이하게 보냉봉투등에서 보는 재질의 얇은 슬리브를 씌워서 건네주시면서 식물성크림이 약간 들어가서 살짝 단맛이 난다고 설명해 주심.아이스 그것을 들고 가게를 나와서 한 모금 빨아마시니 고소함을 강조한 라떼라더니 진짜 고소하면서 식물성크림이 들어가서 살짝 단맛이 난다고 하셨는데 난 달달한 커피는 그다지 좋아하지 않지만 이건 절묘한 정도로만 은은히 달달해서 좋았고 고소함이 강조되선지 우유의 비린내도 거의 느껴지지 않아 더 좋았음.전체적으로 이 가게는 내가 좋아하는 주인분이 혼 까지는 모르겠지만 주인이셔선지 당연하겠지만 주인의식을 갖고 정성으로 커피를 내리시고 커피의 맛도 좋고 나름 이 가게의 개성이 느껴지는 메뉴구성도 좋고 친절하시고 아늑한 가게 분위기도 좋아 계속 재방문하고 싶은 생각이 드는 가게로 느껴진 방문이었음.",맛있다
3577,이문동커피집,제와피,가성비 좋고 커피도 넘나 맛있는 곳:-)사장님도 친절하시고 많이 가면 알아봐주시는 정성까지..!맛도 가격도 친절함도 감동입니당ㅠㅠ,맛있다
3578,이문동커피집,즌짱,"아니 저는 여기를 왜 이제야 다녀왔을까요 ㅠ ㅠ 자그마한 카페라서 앉아서 먹기는 조금 힘든 것 같아요. 만석이었다가 저희 주문 때 자리가 나서 안에서 마실 수 있었어요.플랫화이트, 코스타리카, 솔티드 카라멜 마들렌을 먹었는데, 너무 만족스러웠어요!플랫화이트 꼬숩고 너무 맛있어서 ㅠ ㅠ 진짜 순식간에 마셔버렸습니다,,, 산미를 싫어하는 제게 코스타리카는 호기심과 놀라움을 느끼게 했는데,,, 맛있다고 좋아하더라구요 ㅎㅎㅎ 솔티드 카라멜 마들렌은 뒤가 봉긋한 게 예뻤고 예쁜 마들렌이 맛도 참 좋았습니다 ㅠ ㅠ 행복,,,, 공간만 좀 더 넓으면 좋을 거 같아요. 아, 그리고 손님이 무지무지 많아요. 인기 짱,,,재방문 의사 매우 있습니다! 어제 다녀왔는데 오늘도 여기 커피 마시고 싶어요 ㅠㅠ 다음에는 콘크레마, 고블린 마실거에오!!",맛있다
3579,이문동커피집,ethanghymn,지난번에 이 집의 커피를 맛보고 싶어 일부러 들렀었는데 가게 앞에 도착하니 급하게 휴무를 하게되서 인스타에도 미리 공지를 하지 못해서 죄송하다고 안내되어 있었음.인기있는 가게인거 같아서 이번엔 미리 전화를 해서 영업중인 걸 확인한 후 점심시간이 조금 지나서 방문했는데 유리 안으로 가게 안이 보이는데 한산할거라고 기대한 것과는 다르게 손님이 많았음.나무로 만든 출입문을 왼쪽으로 밀어 열고 들어가니 에어컨이 틀어져 있어 적당히 시원한데 아담한 가게는 우측엔 커피를 만드는 공간이 있고 좌측엔 벽을 따라 나무로 만든 앉을 수 있는 자리가 있고 커피등의 음료를 올려 놓을 수 있는 작은 나무 테이블이 군데 군데 놓여있는데 대부분이 대학생인 것 같은 손님들은 책이나 핸드폰을 보거나 친구들과 수다를 떨고 있음.에어컨 옆에 한 자리가 비어있어 핸드폰을 놓고 순서를 기다려 주문을 하려는데 어떤 커피 메뉴가 유명한지 특별히 알고 온 게 아니어서 주문을 받는 여자분께 이 집에서 유명한게 뭔가요?라고 물어보니 고개를 갸우뚱하면서 옆의 남자분께 물어보는데 그 분 역시 고개를 갸우뚱하면서 드립커핀가..하는데 여자분이 특별히 그런건 없고 골고루 다 인기가 있다고 함.흔한 아메리카노나 라떼가 아닌 걸 주문하고 싶은데 메뉴를 보니 그나마 익숙한 아인슈페너가 보여 주문하려던 차에 아인슈페너 비슷하게 생긴 커피를 앞에 앉아있던 여자손님한테 내어주는 걸 보고 저게 뭔가요?라고 물어보니 에테일레(섬의 여름)라고 이름 지은 시즈널 9월 스페셜 메뉴라고 해서 이름도 멋있으면서 뭔가 내가 재밌게 봤던 디즈니 애니메이션인 모아나에 나오는 섬 이름인 느낌도 들어서 같은 걸로 부탁함.테이크아웃하실건지 아니면 가게에서 마실건지 물어보시길래 마시고 갈거라고 하니 알았다고 하시고 쿠폰에 스탬프를 찍어드릴까요?라고 물어보셔서 네라고 답함. 메뉴에 보니 테이크아웃 주문시 1천원 할인된다고 쓰여있음.에어컨 옆 자리에 앉아 손님이 많은지라 내가 주문한 커피를 기다리면서 가게를 둘러보니 은은한 조명이 분위기 있고 내가 좋아하는 수수한 인테리어의 아담하면서 단골들이 모이는 사랑방 느낌의 가게면서 직원분들도 다 지인들이신 듯 알바생 느낌이 아니면서 다 들 인상이 좋아 맘에 듦.조금 지나 남자분이 준비된 에테일레를 작은 나무 스푼을 냅킨으로 싸서 같이 가져다 주심. 바닐라 아이스크림을 맛보기 전에 커피를 한 입 맛을 보니 고소하면서 진한 맛의 커피맛이 좋아서 커피맛 역시 맘에 듦.이번엔 나무스푼으로 아마도 코스트코에서 파는 커클랜드 시그니처 바닐라 아이스크림일 것 같은 아이스크림을 한입 떠 먹으니 꾸덕하고 찰진 질감의 바닐라 아이스크림의 향과 시원함이 따뜻한 커피와 대비되어 좋은데 이제 보니 아포가토와 비슷한데 아이스크림 위에 에스프레소 대신 플랫화이트를 끼얹진게 다르고 보통의 아포가토에 비해 아이스크림도 가득히 들어있고 커피의 양도 적지 않아서 역시나 좋음.이번에 에테일레를 맛보고 나니 전체적으로 이 가게는 커피의 맛도 훌륭하면서 가게의 분위기도 아늑하고 커피의 가격도 저렴한 편이면서 사장님 외 직원분들도 따뜻한 분들이라는게 느껴져서 좋고 테이크아웃의 경우는 1천원도 할인되니 이래저래 다 좋아서 이 동네에서 어느정도 떨어진 곳에 올 경우라도 굳이 들리고픈 경험이었어서 가끔씩 들를 듯..혹시나 이 가게를 별로라고 한 분들은 왜 별로라고 했을지 궁금해서 평을 보니 별로와 괜찮다의 평은 하나도 없고 다 맛있다여서 역시나라고 고개가 끄덕여 짐. 주변에 정마트라고 어렸을때 보던 허름한 느낌의 구멍가게를 너무 오랜만에 봐서 잠시 추억에 젖었던..,맛있다
3580,이문동커피집,E.T Jun ,고블린,맛있다
3581,이문동커피집,필터커피처돌이,"워낙 유명한 카페라...주마다 다른 싱글오리진 드립을 다루시는 여사장님 브루밸류와 합쳐진 곳.드립만 주로 마셔봐서 디저트나 다른 에스프레소 메뉴는 잘 모르지만, 드립 맛있다.사장님의 능숙하신 드립 실력, 매주 바뀌는 원두, 좋은 그라인더 그리고 친절하신 사장님매주 드립이 바뀌어서 오늘은 어떤 커피일까 기대하는 맛도 쏠쏠하지만, 취향에 맞지 않는 원두이면 약간 슬프다. 그래도 늘 기본 이상 그리고 엄청나게 저렴한 가격.최근 시즈널 블렌딩을 시작하셨는데 이 블렌딩 머신 커피 굉장히 맛있다.",맛있다
3582,이문동커피집,:),"아... 재대로된 사진이 없다니... 홀릭 실격이다. 요즘 종종 개화기 컨셉의 카페들이 자주 보이는데 여기도 그런 곳 중 하나. 용산의 두화당의 인테리어를 생각하면 쉽다. 개다리소반, 자개장등의 옛스러운 인테리어. 지만 작은 가게, 좁은 좌석간격에 붐비는 터라 이 분위기를 조용하게 즐기기는 힘들다. 따라서 테이크 아웃으로 바닐라라떼와 더치커피를 주문했는데 테이크 아웃 할인이 꽤 된다. 쿠폰도 주시는데 보시다시피 안경을 씌워주시는 굉장히 귀여운 쿠폰. 바닐라라떼는 꽤 많이 달다. 단 맛에 비해 바닐라 향은 잘 느껴지지 않으니... 라떼를 주문할걸 그랬다. 더치커피는 깔끔하게 맛있었다. 각종 드립커피들도 많았는데 다음엔 달지 않은 커피류들로 주문할 듯 하다. 원두 선택도 가능하고 메뉴도 다양한 편. 직원분들도 친절. 근처에 갈일이 있다면 재방문 의사 있음.",맛있다
3583,이문동커피집,ㅇㅅㅇ,"가격대가 저렴한데도 정성 가득하고 친절하고 맛있다! 양도 적지 않고 드립커피가 다양해서 좋음앉아서 먹기에는 사람이 너무 많아서 좀 복작대긴하는데, 테이크아웃에 천원 할인도 되고 하니 테이크아웃으로 자주 이용한다ㅎㅎ드립커피는 카톡 플친으로 미리 주문할 수도 있다",맛있다
3584,이문동커피집,장희,말차라떼는 무난 리뷰처럼 친근한 사장님들 덕에 동네 사랑방 같았다 사장님이랑 수다떨러오는 사람이 많은 느낌,맛있다
3585,이문동커피집,황희진,맛도 가격도 이문동에서는 원탑. 친절하고 사람 좋으신 사장님들은 덤,맛있다
3586,이문동커피집,JJ,맛               ★★★★★(사심)분위기        ★★★★★재방문의사 ★★★★★★★(매일방문)나름 단골로써 매일 출석체크 하듯 하는 카페. 유난히 다른카페에 비해 단골들이 무진장 많은 카페다.분위기는 아늑하며 편안하며 인간미 풀풀 풍기며 음료는 저렴하면서 퀼리티는 굉장히 높다.★★★★★기존의 플랫피플과 브루벨류가 합쳐지니 서로의 장점만이 모였다.나는 이 카페에 '여유로운 오후 창가 쪽 쇼파에 누워 밖의 아이들이 재잘재잘 하는 소리를 들으며 낮잠자는' 나른한 느낌을 만끽하러 간다.마음이 편안해지고 힐링이 되는 카페. 한두번 방문한 손님들은 자기도 모르게 단골이 되어있는 마법의 장소.특히 망플에서 18/9/22 기준 평가 '맛있다 100%' '괜찮다 이하 0%' 이것만 봐도 참 대단한 곳이다.,맛있다
3587,이문동커피집,HanDongheon,외리단길이라니골목 구석 이 곳에 이렇게 많은 학생들주인장이랑 이래저래 담소나누는 학생들 재미,맛있다
3588,이문동커피집,okgo,너무 친절하시고 좁지만 카페 분위기  좋다. 위치가 구석에 있지만 단골 손님 정말 많은곳,맛있다
3589,이문동커피집,000-,공간이 작다. 들어오는 학생들과 사장님이 친해보여서 보기 좋았다 따뜻한분위기! 아이스라떼 맛있!!,맛있다
3590,이문동커피집,AlexTheFood,"180319.[망고플레이트 평점 - /5.0] [구글맵 평점 4.0/5.0]맛 ★★★★☆(단 거 좋아한다니 추천해주신 크림모카는 인생커피)분위기 ★★★★(작지만 조용하고, 젊은 사장님도 굉장히 친절하시다)가성비 ★★★★(퀄리티가 정말 높은 것에 비해 가격은 저렴한 편)메뉴 / 가격 (1명 기준)크림모카 / 4000학교 갈 일이 있어 거의 1년만에 학교를 방문하고근처에서 잠깐 시간을 보내기 위해망고플레이트 홀릭분들에게 여쭤봤다.""경희대/외대 혼자 있을만한 곳 어디 있을까요?""거의 바로 날아오는 대답들 중 내가 선택한 건'띵시'님의 '돈부리청년'-'이문동커피집' 코스.그 중에서도 이번에 리뷰할 곳은외대 뒤 예전 '카빙당'이 자리하던 골목에 위치한정말로 숨은 카페, '이문동커피집'이다.낮에는 커피를 파는 카페로밤에는 술을 파는 펍으로동시에 운영되고 있는 공간이라,옆에 보이는 간판도'Flat People(카페) / On Tap(펍)'이렇게 매력적으로 되어있음!하지만 이런 매력적인 공간인이문동커피집은 미리 알고가지 않는다면이곳이 카페나 펍이라고 생각하기 힘들 것이다.겉에 천막으로 되어있고,무슨 작업공방 같은 느낌으로 되어있어서.난 처음에 무슨 미용실이나 목공소인 줄 알았으니까.하지만 문을 열고 들어가면특유의 아늑한 분위기와 함께사람 좋게 생기신 젊은 사장님께서 반겨주시더라.메뉴판을 보니커피 가격은 3천원에서 4천원 사이.과일이 들어가는 에이드류만 4500원.띵시님께서는 '콘 크레마'를 추천하셨다는데사장님께서 내가 단 거 좋아한다고 하니그냥 '크림모카'를 드시라고 하시길래 바로 주문!옆에 사장님과 떠들고 계시던 단골(?)분도""크림모카 달고 맛있죠...(끄덕끄덕)""하시길래믿고 주문해봤다 :)결과는 대성공...★진짜 로이스퀸의 아마레또를 처음 마셨을 때,그 이상의 충격을 내게 가져다 주었다.보기에도 너무 이쁜데위의 크림은 엄청 꾸덕해서마셔도마셔도 사라지지 않고,내 취향에 따라 고급지게 달게 해주신데다,무엇보다 이런 음료가 4000원밖에 안하다뇨...제 평생 제일 맛있는 음료 꼽으라면 크림모카입니다...모종의 거래가 있었던 것 같죠...?제 돈 내고 먹었습니다...사장님과 주문할 때랑 나올 때 인사 빼고말 한 마디 안 섞어봤어요...근데 여기는 진짜 엄청난 곳입니다 흑흑네이버지도에는 '플랫피플'이나'온탭'으로 검색해서 방문하세요.사장님께 본인이 어떤 취향인지 설명해주시면저와 똑같이 인생 커피를 만나실 수도 있으니잘 설명해보시길 바라며...외대 다니는 친구 말로는저녁에 운영되는 펍도 굉장히 매력적이라는데나중에 언젠가 저녁에도 방문하고 싶다.낮이든 저녁이든 언제 방문해도 좋을 것 같은 공간,본인만의 아지트를 찾고싶다면혼자 조용히 방문해보는 것도 추천한다.이걸로 이문동커피집,플랫피플 리뷰도 끝★",맛있다
3591,이문동커피집,Ansu,핸드드립 커피는 잘 모르지만 아주 맛있었어요 원두도 친절하게 설명해주시고 가성비가 진짜 좋은거같아요 웬만한 카페 아메리카노 가격이랑 같은데 훨씬 맛있어요,맛있다
3592,이문동커피집,띵시,"가성비 ⚫️⚫️⚫️⚫️⚫️맛 ⚫️⚫️⚫️⚫️⚪️분위기 ⚫️⚫️⚫️⚫️⚪️재방문의사 100외리단길의 시초 플랫피플이 핸드드립커피 전문 카페 브루밸류와 콜라보해 만든 '이문동커피집'. 낮과 밤의 분위기가 반전인 매력적인 공간! 기존 플랫피플에서 서른 발자국 걸어 올라가면 뿅 나온다.들어가자마자 나오는 말은 ""오 사장님ㅋ힙하네요ㅋ"" 였다. 목재 소품과 플랜테리어, 그리고 레이스 커튼과 클래식풍 탁자 등이 어우러져 빈티지한 느낌이다. 커튼 사이로 넘실넘실 들어오는 햇빛을 쬐며 커피를 마시기에도, 고요한 골목을 바라보며 맥주를 마시기에도 훌륭함!플피 플랫화이트는 굉장히 꼬수운 편이다. 따술 때도 맛나지만 아이스로 마시면 탑탑한 느낌 없이 원샷 할 수 있는 맛이다. 밀크티도 진하고 향긋하게 우려 달지 않은 휘핑을 올려 주시는데, 휘핑이 넘나 고소해서 비법이 뭐냐고 여쭈니 매일우유가 치트키라고...ㅎㅎ인테리어 소품은 주기적으로 바꿔 준다고 한다. 복학하면 365일 중 350일은 여기에 상주할 듯! 사실 사장님은 단골 장사만 하고 싶다며 유명해지는 것을 꺼려 하셨지만 좋은 곳은 함께 나눠야지요. 히히",맛있다
3593,이문동커피집,프리즘,"띵시님 리뷰 보고 바로 다음날 방문! 처음에 멀찍이서 보고 웬 안경가게가...? 했는데 커피집이었다ㅋㅋㅋㅋ날씨가 추워 앉아있다 가려고 했는데 식후땡 타임이라 그런지 사람이 너무 많아 테이크아웃해왔다. 무지무지 싼 가격에 1차 감동, 컵 뚜껑 모양에 2차 감동. 이런 모양 정말 좋다♡ 활동반경 안에 있었다면 하루에 2번은 갔을 법한 카페. 쿠폰 받아왔으니 또 갈 것이다",맛있다
3594,이문동커피집,띵시,"가성비 ⚫️⚫️⚫️⚫️⚫️맛 ⚫️⚫️⚫️⚫️⚪️분위기 ⚫️⚫️⚫️⚫️⚪️재방문의사 100플피 겨울애 한산해오. 방학에 와 주새오... 9할의 대학가 카페가 그러하듯 플랫피플도 겨울방학을 두려워한다. 나 한국 떠나 있는 동안 사라지지 않게 미리 손님들 영업해두는 리뷰.바나나푸딩은 매그놀리아 스타일로 만드시는데 적은 재료로 참 감칠맛 있게 만드신다. 요거트 위 블루베리잼, 바닐라 시럽, 밀크티 모두 직접 만드심.간판메뉴인 비플랫 따뜻하게 먹으면 엄청 보드랍달달 함. 가끔 사장님 맘대로 토스트를 만드시는데, 먹을 기회가 된다면 꼭 토스트에 매끈한 비플랫 휘핑을 찍어 먹어 보기를. 이번에 사장님이 월동 준비 하신다고 의자에 전기장판 깔아 놔서 도서관 가는 길 멈추고 세 시간 동안 사장님하고 수다 떨었다. 학점 안녕고향이 제주도셔서 귤 한 박스씩 가져다 놓고 학생들한테 서너 개씩 나눠줌(뿌림). 가격 대비 퀄리티 아주 뛰어난 커피와 외갓집 분위기를 느낄 수 있는 따순 곳.+이번에 비로소 원두로 바꿨는데 아주 조흔 선택이라고 생각합니다",맛있다
3595,이문동커피집,띵시,"가성비 ●●●●●맛 ●●●●○분위기 ●●●○○재방문의사 100너무 아끼는 곳이기에 되려 리뷰 남기기가 조심스러워지는 장소. 지난 6월에 한 번 소개했으나 지금은 또 다른 의미를 갖는 카페이기 때문에 지우고 다시 리뷰를 쓴다.아메리카노 투샷이 2000원이고 모든 음료가 3500원을 넘지 않는다. 연남동에서 8000원에 팔리는 레시피 그대로 옮긴 밀크티도 2500원. 손님인 내가 사장님한테 음료 값 좀 올리라고 남는 게 있냐고 면박 주면 테이크아웃 카페라 남는 거 있어요~ 이러고 만다. 말만 테이크아웃 카페지 앉을 자리도 꽤 넉넉하다.사장님 혼자서 바쁘게 하시기 때문에 가끔 음료가 많이 달게 될 때도 있고, 바나나푸딩이 오전에 품절되는 날도 많다. 때문에 내 리뷰를 보고 방문한 누군가가 '별로' 라고 평가하면 오히려 내 마음이 더 불편하고 아플 것 같다. 다 맛있지만 아이스비플랫(비엔나커피) 과 딸기요거트는 꼭 먹었으면 한다. 한가한 시간에 가서 사장님이랑 수다 나누고 오기를 :)",맛있다
3596,알로하올라,소금,정성과 실력이 느껴지는 케이크. 피스타치오케이크 시즌이 끝나기 전에 막차타고 맛보았는데 고소하고 부드러워서 잊을 수 없는 맛이에요. 에그타르트는 속이 탱글하고 부드러웠고 달지 않고 짭짤해서 새롭고 맛났어요,맛있다
3597,알로하올라,루카스,"카스 별점 ★★★★☆ [4/5]♨밥 없이는 살아도 빵 없이는 못 살아 28편♨<마카롱, 에그타르트 맛집>회기사거리쪽에 위치한 디저트집입니다. 다양한 맛의 마카롱과 에그타르트를 판매중입니다. 마카롱을 별로 안좋아해서 개인적으로는 에그타르트가 더 맛있었습니다. 서비스도 상당히 친절하시고 가게가 좀 작은 편인데도 화장실이 내부에 위치해있어 좋았습니다. 다만 가게가 작은 편인지라 좌석이 많은 편은 아닙니다. ♥에그타르트(2500원): 에그타르트 높이가 꽤 높습니다. 2500원이라는 가격을 생각하면 가격대비 양이 상당히 많습니다. 식어서 먹어도 계란 비린내가 나지 않습니다. 너무 달지도 않고 느끼하지 않고 맛있었네요.  ♥마카롱(개당 2500원): 꼬끄가 쫀득쫀득하고 포장지에 눈알 프린팅이 귀엽습니다. 필링도 다양해서 맛있었고, 전 개인적으로 단 걸 별로 안 좋아해서 뽀또치즈와 말차무화과가 가장 맛있었어요. 단 걸 좋아하는 일행은 꿀사과크램을 베스트로 꼽았습니다. 요즘은 다양한 케이크도 판매중이더라구요. 사장님 베이킹 솜씨가 꽤 좋으셨던 것으로 기억해서 케이크도 먹어보고 싶습니다.",맛있다
3598,알로하올라,Ray,"바스크치즈케이크(6000)랑 녹차마카다미아쿠키(3800) 테이크아웃했는데 서비스로 꼬끄플레이크도 주셨어요ㅎㅎ 근데 사진을 안 찍고 먹어버려서... 녹차마카다미아쿠키는 마카다미아가 오독오독 씹히는 건 좋았지만 맛은 평범했고, 맛있는 건 바스크 치즈케이크였거든요ㅠㅠ 뭔가 화한 듯 스모키한 향이 인상적이면서 안쪽은 살짝 크리미하면서 꾸덕한 바스크 치즈케이크였어요. 가격 대비 양은 평균 같습니다ㅎㅎ배달 어플에서 보면 디저트 종류가 다양한데 저녁 때 가면 영업 마감이거나 선택지가 적으니 특별히 먹고 싶은 메뉴가 있다면 일찍 가는 게 좋아요!",맛있다
3599,알로하올라,즌짱,"경희대 마카롱 = 비하인드 미 라고 생각했던 본인을 반성하게 한 곳. 무색소 마카롱!!을 팔고, 에그타르트와 마들렌 등도 함께 하는데, 에그 타르트가 정말 맛있다. 마들렌은 못 먹어봤지만,,, 오동통한 사이즈가 맘에 들어서 담에 먹어볼 생각. 꿀사과크램 마카롱은 막 미친듯이 달지 않고 적당히 달달해서 너무 단 마카롱이 질린 본인에게는 참 맛있었음.",맛있다
3600,알로하올라,쮸니뾰니,"항상 회기에서 마카롱 먹을때 가는집닥터마카롱과 함께 개인적 회기 마카롱 투탑이었다. 닥터마카롱은 최근에 이전했다.ㅠㅠ근데 한동안 알로하올라 못가다가 어제랑 오늘 갔는데 예전에 비해 맛이 변했다 ㅜㅜ 그 아주 적절한 쫀득한 굳기의 꼬끄와 부드럽고 잘 숙성된 필링이 좋았는데, 어제오늘 둘다 꼬끄는 씹을때 힘이 들정도로 딱딱했고 필링도 뭔가 ㅠㅠ 음 ㅜㅜ 꼬끄가 정말 맛있기 힘든데 (쫀득함, 부드러움, 그냥 그 식감의 모든 면에서 ) 정말 맛있어서 애정했는데 ㅠㅠㅠ 애정이 있어서 맛있다 주고 갑니다만 ...ㅠㅠ 한번정도만 더 먹어보구 결정하려규요 ㅠㅠ 제가 알로하올라 마카롱을 정말 많이 좋아하고 기대했어서 그런거일수도 있어욥 ㅋㅋㅋㅋ 그래도 맛있답니당",맛있다
3601,알로하올라,grace,"무색소 마카롱을 파는 카페, 알로하올라!이 곳은 같은 회기 다른 곳에 있다가새로 이전한 것으로 알고 있다.무색소라서 여러 다른 종류의 마카롱 꼬끄 색이다 같은 것이 특징적.마카롱 외에 다른 디저트나 음료는 못 먹어봤구제일 내 취향같은오레오치즈+오레오(2.5)와로투스몬드+초코아몬드볼(2.5)를 포장해서 먹어보았다!솔직히 마카롱을 그닥 좋아하는 편이 아니라서(버터크림을 별로 안 좋아하는 터라...ㅎㅎㅎ)크게 기대하거나 그러지는 않았는데,차게 먹어서 그런지 생각보다 크림도 덜 느끼하고많이 달지 않아서 딱 적당히 맛있게 먹은 듯 하다.로투스몬드보다 오레오치즈가 덜 느끼하고오레오가 생각 이상으로 바삭해서그게 좀 더 내 취향이었다.에그타르트나 다른 구움과자류도 있던데다음에 그것들로 다시 도전해 볼 생각이당!내부에는 앉을 탁자 2-3개 정도 있는 것으로 기억함.앉아서 먹고갈 수 있는 공간도 마련되어 있는 듯!갑자기 회기 부근에 마카롱집이 마구마구 생겨나고 있당!",맛있다
3602,씨위드커피,Ray,"- 친절한 바리스타가 내리는 맛있는 드립커피, 근데 3500원!핸드드립이 3500원, 핸드드립에 우유가 더해지는 카페오레는 4000원이라는 엄청난 가격의 카페입니다. 사실 저는 거의 라떼류만 마시는 커알못이라 드립커피는 접근하기 어려웠는데요. 여기는 카페오레 메뉴가 있어 저 같은 커알못도 부담 없이 드립커피를 마실 수 있다는 게 좋았어요.그렇게 제가 마신 아이스 카페오레는 단순히 연하거나 밍밍한 맛이 아니라 부담 없이 가벼워 경쾌한 느낌이 드는 첫입과 신기하게도 마실수록 올라오는 고소한 맛이 인상적이었어요! 이 가격에 이 맛이 나올 수 있나 싶은데, 심지어 친절하시기까지! 다음에는 용기를 내어 일반 드립으로 마셔봐야겠어요. 그나마 아쉬운 건 공간의 분위기인데, 특별히 예쁘진 않아도 깔끔하고 편안해서 감점 요인까지는 아니었어요. 여러모로 가성비와 가심비를 꽉 붙들어 잡은 곳입니다! 게다가 이 주변에서는 흔치 않게, 프랜차이즈가 아닌데도 아침 8시부터 열어서 좋았어요ㅎㅎ",맛있다
3603,씨위드커피,Lydia,"두번 가본 #씨위드커피지나가다가 그냥 카페인가보다...했는데핸드드립이 ₩3500 이란 메뉴를 보고 당장 들어감!청량초교 뒷길로언니네함바그 옆! 동안교회 가기 전에 있다!미역다방사장님께 여쭤보니 이름에 특별한 의미는 두지 않고미역을 좋아해서 지으셨단다 ​​원두향 맡아보고 고르면 됌!₩3500 아이스 핫 모두 동일커피 향 넘 조쿠여.....깔끔하고 편하게 쉬고 가기 좋음브금도 KBS 생생클래식아시져클래식의 ㅋ도 몰라도 마음이 진정되고 광고가 적어 듣기 좋은 라디오방송이라는 거...가게에 들어가자마자 사장님 전기포트에 물을 올리시고 주문을 받는다.그리고 정성껏..그램을 재고 물의 온도를 살피며 내려주신다.진~하지 않고 부드럽고 은은하게 내려주는데 진하게 주문해도 가능함!​블론디, 브라우니도 천원인데 존맛탱임​",맛있다
3604,씨위드커피,즌짱,"핸드 드립이 무려 3000원,,,, 게다가 사장님 너무 친절하시고 커피도 맛있어요 ! 여기는 커피 머신이 없고, 핸드 드립이랑 콜드 브루만 있는 것도 특징이에요. 핸드 드립으로 파푸아 뉴기니, 코스타리카 아이스를 마셨는데 둘 다 너무 맛있었고 특히 가격이 너무 너무 인상적이라 언제든 또 꼭 방문할 생각이에요!",맛있다
3605,씨위드커피,미콩,"사장님의 긍정적인 기운과 함께 맛있는 커피가 인상적인 카페핸드드립 삼천원.. 원두 종류도 다양하고, 잘 모르겠다면 취향에 따른 추천도 해주시는 곳케냐를 즐겨마신다고 말씀드렸더니 아프리카 원두는 없지만 산미있는 원두 중 코코아향이 나는 코스타 원두를 추천해주셨어요 원두 시향(?)도 해볼 수 있으니 더욱 좋아요!손님에 대한 배려와 긍정에너지가 가득 느껴졌던 곳아무래도 회원카드를 만들어야 할 것 같아요 :D",맛있다
3606,씨위드커피,Ansu,"핸드드립 커피 너무 맛있다 !! 다른데서 6,7천원씩 주고 비싼 핸드드립 커피 먹어봤지만 정말 여기가 제일 맛있다 안그래도 저렴한데 매니아 카드(선불카드)를 사면 3천원짜리 음료 10잔을 24000원에 먹을 수 있다. 테이블은 4개 정도로 좁은 편이지만 아늑하구 좋다! 모든 음료가 3천~4천원의 착한가격이다",맛있다
3607,그릭데이,Ray,"오랜만에 먹었는데 그래놀라가 바뀌었나 봐요! 예전엔 건포도 피하느라 어떤 그래놀라인지 꼼꼼히 확인했어야 했는데, 이번엔 어디에도 건포도가 없더라고요ㅋㅋㅋ 그래서 마음 놓고 그래놀라 A, B 모두 들어가는 런던블루(5300)로 주문했어요. 딸기, 블루베리, 바나나에 꿀(200) 추가해서 둘러 먹으니 상큼달달한 게 최고! 그래놀라도 전보다 더 맛있게 업그레이드된 느낌이었고요. 아, 건무화과도 들어 있는데, 그냥 제가 무화과를 안 좋아하는지 이것만 별로였어요..",맛있다
3608,그릭데이,Ray,"그릭요거트 사먹는 건 처음이라 메뉴를 유심히 고르고 골랐는데요. 건포도가 들어간 그래놀라B가 없으면서 먹고 싶은 재료 조합을 찾은 결과, 딸기, 바나나, 그래놀라A, 딸기잼, 오레오가 들어가는 스칼렛(4400) 선택!막연히 잘 섞어서 먹으면 되겠지 했는데 안 섞여서 당황했어요ㅋㅋㅋ 그릭요거트가 맛있긴 한데 엄청 꾸덕꾸덕해서요. 딸기잼 없는 부분은 목구멍이 다 막히는 느낌이라 '질식하면 범인은 요거트...'란 생각을 하며 차분히 먹으려 노력했습니다ㅋㅋㅋㅋㅋ견과류를 별로 안 좋아해서 그래놀라A가 과연 맛있을까 걱정했는데 고소하니 맛있었고요.익은 바나나를 좋아하는 저로서는 풀냄새 나는 샛노란 바나나를 쓰는 건 조금 아쉬웠어요.아, 무슨 요거트가 식사 대용이야 이랬는데 생각보다 포만감이 있는 것도 신기했어요ㅋㅋㅋ",괜찮다
3609,그릭데이,미동이,많이 꾸덕하지만 맛있다..!,맛있다
3610,그릭데이,준영,"어디서든 그릭데이를 쉽게 접할 수 있어서 행복ㅎㅎㅎㅎ 매장이 정말 좁고 야외 테라스만 조금 개방이 되어있는 그릭데이였어요. 물론 지금은 야외석도 이용 못하지만ㅜㅜ 겨울이라 생딸기 들어가는게 좋았고 귤은 썩 어울리는 느낌이 아니었어요. 다음에 가면 그냥 딸기, 블루베리, 그래놀라만 토핑해서 먹어야겠어요!",맛있다
3611,그릭데이,먹짱,회기에 생긴 이후로 셀 수 없이 많이 간 그릭데이!이렇게 요거트볼 사먹기도 하고 요거트만 따로 대용량으로 사서 집에서 아침으로 먹기도 합니당인터넷에서 이런 꾸덕한 그릭요거트 너무 비싸게 파는데 그릭데이가 젤 저렴해요! 맛있기도 하구용 간식으로 먹을땐 한스쿱 식사대용으로 먹을땐 두스쿱!요즘 안먹었는데 또먹고싶네요ㅜㅜ❤️,맛있다
3612,그릭데이,아구구,"그릭데이는 어디에서나 맛있다!원래 용기가 커피잔 처럼 긴통이였는데, 얕고 넓은걸로바껴서 너무 좋다! 안흘리고 잘 섞어서 먹을수있다.여기 요거트는 압도적으로 꾸덕하고, 그 토핑들이 신선하다. 그리고 소량으로 따로 구하긴 힘든것들이 많아서 자주 먹게된다! 꾸덕한 요거트 좋아하는 분들께 강추!!",맛있다
3613,그릭데이,루카스,트리플 레귤러사이즈(산딸기 키위 바나나)신 맛 싫어하시는 분들 좋아하실것같아요! 꾸우덕 약간 마켓컬리 요즘그릭요거트 느낌,맛있다
3614,그릭데이,므쉐리 코코,"고대하고 또 고대하던 그릭데이가 막학기가 되니, 학교 근처에 생겼습니다! 오픈 기념이라, 작은 딸기 3알 넣어주시다니 봄햇살처럼 마음이 따뜻해지더군요! 실패하지 않는 최애픽은 카야잼이 들어간 베이지입니다. 카야잼, 바나나, 코코넛, 그래놀라 조합은 항상 참입니다.사실 다른 메뉴 먹으러 갔지만, 메뉴판에 글자 없이 들어가는 재료 그림만 그려져있어서, 이게 건무화과인지 그래놀라인지 헷갈렸어요. 개인적인 생각이지만, 그림보다는 글자가 쓰여있다면, 메뉴 선정하기가 더 좋을 것 같습니다. 맛은 그저 갓그릭데이입니다! 이제까지 먹어본 그릭요거트 중에서 꾸덕하면서, 신 맛 전혀 안 나는, 안 느끼한 크림치즈 식감이 단연 으뜸입니다.배가 많이 고프지 않을 때는 large 사이즈로 식사 대용으로, 또는 식사하고 약간 아쉬울 때 regular 사이즈 드시면 그날은 “오늘 하루 잘 살았다.”는 소소한 행복 느끼실 수 있을 겁니다. 커피 대신, 케이크 대신 갓그릭 추천합니다!",맛있다
3615,컴플리트커피,고독한애식가,"커피는 산미 있었고, 티라미수는 시트의 커피향이 진득하니 좋더라 ( ˘༥˘ )*",괜찮다
3616,컴플리트커피,snoopy,"외대 - 경희대 사이에 있는 카페에 다녀 왔습니다. 자주 가는 곳이 아닌데, 제가 실수한 것이 찾아오는 손님분들은 티라미스나 빵을 드시는데, 제가 갔을때는 간식 종류가 떨어지고 없어서 음료만 먹고 나왔던 거였어요. 음료도 기본메뉴에 가까운 카페라떼였어요.  다음에는 더 화려한(?!) 메뉴로 먹어 봐야겠습니다!!",맛있다
3617,컴플리트커피,니니니니,"외대경희대 후문 커피 맛집 컴플리트원래 있던 자리에 갑자기 간판만 ability coffee로 바뀌었더라구요. 혹시나해서 메뉴 주문하고 물어봤더니, 주인이 바뀌었다고 하시더라구요.메뉴도 당연히 이전에 컴플리트 맛을 따라가지 못했고 메뉴이름만 살짝 바뀌었더라구요ㅠㅠ최근에 보니 바로 근처 지하1층에서 재오픈하신것 같았어요! 최애메뉴 피콜로비앙코 오랫동안 못마셔서 아쉬웠는데 돌아오셔서 너무 반가웠습니다♡ 새로운 매장 위치는 마을버스 2번 외대경희대후문 정류장쪽, 구 모닝글로리 자리에요. 바로옆에 GS25 편의점 있습니다ㅎㅎ한번가면 그 맛을 잊지 못했던 컴플리트커피 앞으로도 번창하세요!!",맛있다
3618,컴플리트커피,qwert,(구) 모닝글로리 자리로 재오픈한 컴플리트커피전보다 3배는 넓어진 공간이라 더 쾌적하다내 최애는 피콜로비앙코,맛있다
3619,컴플리트커피,sueK,스콘도 맛있어요!,맛있다
3620,컴플리트커피,녕녕녕,언제가도 맛있는 컴커~~ 사랑해욥,맛있다
3621,컴플리트커피,최윤정,크림이 엄청 달지 않고 크리미하며 우유 향이 풍부해요ㅎㅎ,맛있다
3622,컴플리트커피,단율,"컴플리트커피_커피부문 맛집최근방문_'21년 6월1. 일요일.. 근처 대부분의 카페가 문을 닫고.. 유일하게 문을 연 이름있는 카페였다. 산미 가득한 커피를 사랑하는 입장으로 사실 커피를 사랑하는 주인이 아닌 이상 어마어마한 만족감을 느끼지 못하기에 가본곳이 아닌 이상 큰 기대를 안하고 방문을 하기 마련이다... 그래서 기대 1도없이 방문을 했다 ㅋㅋ2. 예상외로 핸드드립이 있었다. 게다가 매우 생소한 원두들이었는데, 게이샤는 보통 파나마가 일반적이고, 간혹 에티오피아까지는 보았으나.. 콜롬비아 게이샤는 생소하다 못해 처음 접해보았고, 르완다는 예전 '커피한약방' 에서 정말 좋은기억이 있지만.. 그 이후 단 한번도 접해보지 못했다.(원두이름은 잘 모르겠다 ㅋㅋ) 3. 주문은 '핸드드립_르완다','컴플리트커피','초코쿠키'를 시켰다ㅋㅋ 사실 밥먹고오는길이라 쿠키는 안먹으려했는데... 가게안 오븐에서 말도못할만큼 기분좋은 빵굽는향이 나서.. 안 먹을수가 없었다ㅋㅋ 1) 르완다 : 하.. 좋다 정말.. 르완다는 승률 100%다. 산미가 강하고 산뜻하게 가볍다. 정말 내가 좋아하는 타입의 커피다. 원두를 사려고했지만, 르완다원두는.. 다 떨어져서 이제 에티오피아로 바꾼다규..ㅠㅠ 그래도 믿고 에티오피아로 샀다. 아직 안먹어봤지만.. 분명 맛있을거라 믿는다 ㅋㅋ 2) 컴플리트커피 : 음... 비슷한느낌은 도렐커피의 너티클라우드다. 단맛과 우유베이스, 마지막 에스프레소의 쌉싸름함이 층을이뤄 들어오는 특징은 비슷한데, 크림의 묵직함이 빠져 가벼우면서 상큼한 맛이난다. 먹고 놀라서 확인해보니 살구시럽이란다. 음... 정말 맛있다. 밸런스가 좋다. 3) 초코쿠키 : 안시켰으면 억울할뻔했다. 갓 만든건지 따끈하니 초코가 살짝 녹아 끈적한 상태다. 하.. 이런쿠키는 지나치면 바보다.. 무조건 먹어야지..4. 전체적으로 얇고 긴 구조의 가게인데 한쪽 긴면에 주방이 길게 뻗어있고 한쪽면이 좌석으로 되어있다. 카페가 맞나 싶을만큼 온갖 도구가 다있고 정말 외국 주택의 차고같은느낌이다. 인더스트리얼 인테리어가 아니라 ㅋㅋㅋ 진심 찐 차고느낌이다. 그런데 맛이 좋으니 그런 모든것이 노력과 정성으로 보여 참 보기좋았다. 방문자도 대학가임에도 다양한 나이대의 사람이 왔고 40,50대가 많이 방문한것도 조금 이상적이었다.5. 맛이 여긴 최고야.. 라고 하기에 각 분야별 더 맛난곳을 이미 알고있다. 다만, 적어도 실패하지는 않을 카페이며, 노력과 정성이 곳곳에서 느껴지는 좋은 곳이다. ※ 결론우리동네에 생겼으면 좋겠다.",맛있다
3623,컴플리트커피,백유성,"""제주도 유명카페가 왜 외대에?""카파게 상황평준화된 한국에서, 성공하기 위해선 다양한 요소가 필요하다.커피의 맛은 물론이고 인테리어, 심지어 스토리텔링까지 준비되어야 한다.그런면에서 제주도에서 핫한 카페라고 하면 묘하게 끌리는 것인데 컴플리트 커피는 맛까지 훌륭하다.가장 추천하는 메뉴는 시그니쳐 메뉴인 '컴플리트 커피(5.0)'가게의 이름이 붙은만큼 자신있는 메뉴일텐데, 무려 넛츠시럽과 살구시럽이 들어가있단다.찬 우유에 진한리스트레토 트리플샷을 넣었으니 기본은 플랫화이트인데, 여기에 향긋한 살구시럽의 향이 아주 제대로된 킥이다! 걷어차일 듯한 맛.",맛있다
3624,컴플리트커피,muk_so.o,발로나 초코/ 크으 컵부터 카페 이름 뙇! 있는 컵이야~발로나 초코라 고급진 초코 맛이다.근데 쌉쌀한 맛이 너무 강했다. 그래도 인공적인 초코향이 나지 않아 마실 만 했다. 우유가 조금 더 들어갔으면 좋겠다~앉는 자리가 조금 불편하다. 책상이 너무 낮음.,괜찮다
3625,컴플리트커피,kkonoo,크림 들어간 거 다 맛있어용~ 커피는 안 먹는데 커피도 맛있다고 합니다,맛있다
3626,컴플리트커피,뿌디,"— Complete coffee, coffee Complete —외대 후문쪽을 나와 경희대 평화의 전당으로 가는 골목 어귀에 자리잡은 컴플리트 커피! 내부는 굉장히 아담하다. 자리가 ㄱ형태로, 테이블은 원래 7개 정도인데 최근에 코로나 이슈로 4개정도로 줄인 듯 하다.이 집의 가장 시그니처라 할 수 있는 컴플리트 커피와 메뉴이름은 생각나지 않지만 달달한 복숭아(?)시럽이 들어간 커피는 언제나 먹어도 맛있다! 다만 차가운 것밖에 안되는 것이 나같은 따아족에게는 가끔 아쉬울 뿐.여기는 내부도 작고 공부하기 아주 적합한 장소는 아니지만, 가끔 비싸고 맛난 커피를 누군가와 마시고 싶을 때 추천하는 카페.양을 중시하는 사람에게는 가성비가 좋지 않다고 느낄 수 있으나 맛은 보장!!!",맛있다
3627,컴플리트커피,Mc. Jones,맛있었습니다.플랫화이트 강추!!!!,맛있다
3628,컴플리트커피,셔니,따뜻한 플랫화이트 마셨는데 한입 먹자마자 따스하게 행복해졌어요♡ 그리고 든 생각은 아 외대생들 부럽다..친구가 시킨 시그니처 메뉴 컴플리트 커피도 짱 맛있었어요살구와 너트의 조합이라길래 읭?했는데 마셔보면 살구!와 너트!맛이라기보단 기분좋게 향긋하고 달달한 맛이나요제 입에는 가벼운 마시멜로맛처럼 느껴졌어요! 그리고 라떼에 아이스가 녹는걸 싫어하는 저로썬 얼음이 안 들어서 아쥬 좋았습니당매장 분위기는 주방이 오픈을 넘어선 오픈인게 신기했어요여기 커피 메뉴 다 마셔보는게 제 목표입니당☺️,맛있다
3629,컴플리트커피,정세진,별점: ⭐️⭐️⭐️⭐️⭐️내가 외대생이었어야해 ㅠㅠㅠ 진짜 여기 커피 다 맛있다 ㅠㅠ 일부러 여기 커피 먹으러 노원구에서 동대문구 갈 정도... 좋아하는 친구랑 맛있는 커피 마시면서 대화하기에 딱!!!,맛있다
3630,컴플리트커피,ㅈㅎㅎ,라떼는 생각보다 평범해요..! 아메리카노도 그렇구 소문보다는 그럭저럭입니당 ㅎㅎ 그냥 이 동네에 젤 맛있는 편인거랄까요. 아 ㅠ 초코쿠키가 근데 미친 맛이에요./ 진짜 달고 맛있어서 커피정도는 용서...,맛있다
3631,컴플리트커피,찔레나무,컴커는 제 사랑입니다 ....,맛있다
3632,컴플리트커피,serendip,맛있다. 게다가 싸다. 사장님도 친절하다☆재방문 의사 100☆심지어 오래 앉아있어도 눈치 안 보인다가성비 내리는 동대문구 카페,맛있다
3633,컴플리트커피,Joe,분위기 맛 음악 친절한스탭 위치 미쳐따,맛있다
3634,컴플리트커피,한음,"“산미 낭낭한 아메리카노 & 맛난 티라미수 & 아들이!”산미 낭낭한 커피를 좋아하는 저에게는 넘나 맛난 컴플리트 커피! 기복이 조금 있긴 하지만 커피 대체적으로 넘 맛있어요. 다른 메뉴도 정말 좋아하는데, 컴플리트 커피 추천드립니다. 많이 달지도 않구 맛나용(*ﾟ∀ﾟ*)개인적으로 커피에 푹 젖어있는 티라미수 시트를 좋아하는데 컴커 티라미수가 완전 그 스타일이에용 디저트 스콘 바나나 푸딩 다 너무 맛납니다그리고 귀여운 강아지 아들이를 볼 수 있다는 최고의 장점이 있어요! 콘센트도 많으니 혼자 가거나 친구들이랑 가거나 모두모두 추천드립니다( ^ω^ )",맛있다
3635,컴플리트커피,빙구,제 취향은 아니었네욤,별로
3636,컴플리트커피,제와피,커피 음료랑 말차 맛있었어요!그렇지만 개인적으로 티라미수는 별로였습니당ㅜㅜ,괜찮다
3637,컴플리트커피,즌짱,"잠깐 시간이 떠서 커피 마시러 들어간 컴플리트 커피.플랫화이트 한 잔- 티라미수도 먹고 싶었지만 혼자 다 먹을 엄두가 나지 않아서 포기했어요 ㅠ ㅠ분위기도 좋고 커피도 좋고 ㅎㅁㅎ 산미 있는 커피 별로 안 좋아하는데, 산미가 느껴지는데도 고소한 게 맛있었습니다. 정성껏 준비해주신 커피 덕에 기분 좋게 여유를 즐길 수 있었어요 :)재방문할 의사 충분히 있습니다 희희 그 때는 기필코 티라미수~!~~~!!!",맛있다
3638,컴플리트커피,Ray,티라미수 먹으러 방문했는데 맛있었어요! 최근에 먹었던 티라미수와 비교하자면 이게 더 맛이 단단한 느낌ㅋㅋㅋ식감은 당연히 부드러운데 맛이 단단해요ㅋㅋㅋㅋㅋ하지만 같이 마신 말차비앙코는 티라미수와의 궁합이야 안 맞을 수 있어도 음료 자체가 좀 아쉬웠어요.지금은 맛있다와 괜찮다 사이인데 다음에 플랫화이트를 마셔봐야 더 정확한 평점이 나올 거 같아요!,괜찮다
3639,컴플리트커피,Lydia,"드디어 가 본 컴플리트!!!두번 방문함. 커피가 맛있어서 2인 3커피함ㅎㅎ첫 방문시컴플리트커피, 아메리카노, 에스프레소 주문컴플리트커피는 트리플샷으로 진할 것 같지만 넛츠,살구시럽이 들어가서 정말 부드럽고 독특한 맛이었다.끄레마가 계속 향과 맛이 남아있어서 인상적이었고 개인적으로 넘버원이었다.에스프레소도 고소하고 기분나쁘지 않은 신맛으로 맛있었다. 향과 끄레마는 당연히 좋았고!탄산수를 같이 내어주며 입 헹구라는 것도 좋았다.두번째 방문엔피콜로비앙코. 수제생크림이 달지않고 부드러웠다.위에 뿌려준 로우 슈가가 입에 남아서 색다른 풍미단면샷이 아름다웠던 커피.동행한 사람은 샤케라토 주문오히려 이게 피콜로비앙코보다 달달했는데 내가 마셔본 몇 안돼는 샤케라토 중에서 제일 괜찮았다.바나나푸딩은 한입 먹으면 머리 띵하게 단맛이다절로 아아가 땡기는 맛. 그래도 나쁘지 않았고 두번 먹을 의향 있다컴플리트커피 - 샤케라또 =에스프레소 - 아메리카노 순으로 좋았다.2010년에 오픈한 거 같은데 10년차로 이어가는 카페.사장님이 수납의 달인인 것 같다.공간활용능력과 부지런함에 박수.집 앞이었으면 진즉에 도장 10개 쾅 다 찍었을텐데",맛있다
3640,컴플리트커피,자라자라,매번 커피만 먹으러가는데 요즘은 또 스콘에 맛들려서 도장찍기중이에요스콘이 타 가게들과 달리 버터향이 강해서 텁텁하지 않고 맛있는것같아요ㅜㅜㅜㅜㅜ제일 좋은건 가끔씩 저렇게 멍멍이가 의자에 올라와있어서 행복해욧 ..집앞에 있었다면 하루에 3번은 갈텐데...,맛있다
3641,컴플리트커피,박소현,"동네에서 소문난 커피집이라길래 근처에 지나다 가게되었어요. 분위기, 맛, 서비스 부족함이 없어요. 집만 가까웠음 매일 갔을듯! ❤️❤️",맛있다
3642,컴플리트커피,정윤선,"첫번째는 딸기지유스togo4,500/5,500(?)99% (엄청달달한)딸기맛! 첨가물맛이 아니라 그냥 only 따알-기맛이라서 공복에 먹기에도 좋고 다먹고나도 입에 단맛이 안남아서 너무 좋다,, 하지만 계절메뉴라 이제는 딸기대신 수박!! (수박은 세번째사진) 사이즈도 옴총큰데 텤아웃 가격 넘착해서 조와용두번째는 컴플리트 커피☕️3,500/4,500넛츠시럽+살구시럽+차가운우유+리스트레토 3샷내취향 = 찌이이이인한 커피라 취저,,고소한 맛이 돌다가 마무리는 살구인지 모르겟지만 여튼 자연스러운 달달함이 마무리해준다 세번째는 브라운슈가&수박쥬스3,500/4,500 & 4,500/5,500브라운슈가는 이름값하는 커피였다요즘 유행하는 흑당시럽이 들어간줄 알앗는데바닥에 굵은입자의 흑설탕이 챠르르ㅡ 깔렷을줄이야,,, 아작아작 씹히는거 처음엔 어색햇는데 먹다보니까 옴총 매력적이에오수박쥬스는 연유1%+수박98%+special1%(?) 였던거 같은데 아직 새로운 메뉴판이 안나와서 제작년버전밖에 기억이안난다! 하지만 진짜 싱그러운(? 수박향에 너무맛잇엉,, 같이간 후배 컴플리트 입덕시키기 성공해버렷다,,",맛있다
3643,컴플리트커피,솔직하게쓴다,디저트 사진 보고 너무 맛있을거 같아서 홀려왔는데 진짜 전체적으로 나쁘진 않은데 그렇다고 딱히 맛있지도 않고 굳이 찾아올 곳은 아닌듯...,별로
3644,컴플리트커피,띵시,"가성비 ⚫️⚫️⚫️⚪️⚪️맛 ⚫️⚫️⚫️⚫️⚪️분위기 ⚫️⚫️⚫️⚫️⚪️재방문의사 100컴커 새 리뷰를 3년만에 쓰다니... 사진은 네 장이지만 3년간 300번 이상 간 곳이다. 실은 바로 앞 골목으로 이사오는 바람에 요번 학기에는 일 2회 방문하기도 하는 리터럴리 집앞카페. 일전 리뷰들에서 언급하였듯 커피도 논커피음료도 디쟈트도 모두 평타 이상인 곳이다. 산미 기피하는 새럼이라 처음에는 이곳 아메리카노가 거북했으나, 지금은 이 매혹적인 화학적 산미를 즐기는 지경에 와 버렸다. 가장 자주 주문하는 메뉴는 아이스 라떼와 바닐라빈 꼬독하게 씹히는 아바라. 피콜로비앙코는 어떤 분이 제조하느냐에 따라 퀄리티 차이가 좀 난다. 어쩔 땐 세상 녹진하고 고소한데 가아끔 계란 흰자스러운 비린맛이 느껴질 때가 있음. 현재(4월말 기준) 딸기 티라미수와 딸기지우스를 판매한다.집 앞에 계셔주셔서 항상 감사한 카페. 번창하되 미어터지지는 않길 기원합니다...",맛있다
3645,컴플리트커피,해봉2,이분위기에 이 맛에 이가격 이정도면 너무 괜찮은것같아요 커피2개(라떼+컴플리트커피)+바나나푸딩해서 13500원!!우선 가게는 크지는 않으나 테이블이 꽤 많아요 귀여운 강아지도 있답니다? 밖에도 앉을 수 있는데가 있어서 사진찍는 분들 계시더라구요ㅎㅎ저는 컴플리트커피 먹었는데 무슨 자두 시럽...??들어간다고 설명에 써져있어서 신기해서 시켜봤어요! 그런데 단맛+커피맛의 오묘한 맛이 고개를 갸우뚱하게 만들면서도 계속 먹고싶게 만들더라구요 넘 매력적인 커피였어요 또 먹고싶어요!바나나푸딩은 저는 단거 좋아하는 편인데 얘는 저한테도 꽤 달았어요 그래서 단커피말고 그냥 아메리카노나 라떼나 플랫화이트랑 먹으면 더 좋을 것 같았어요! 무튼 푸딩도 진하고 매우 맛있었어요ㅎㅎㅎ외대 쪽 간다면 강력추천!!!!!!!!!!,맛있다
3646,컴플리트커피,Seyeon.Y,"생크림을 맛있게 잘 쓰는 집❤️오랜만에 갔는데도 여전히 맛있는 티라미수와 말차비앙코. 이곳은 크림 맛집같다.내가 워낙 생크림을 좋아하는데 (식물성 크림말고 동물성 생크림!) 커피를 안마셔서, 커피 아닌 음료 중에 생크림 올라간 메뉴가 있으면 환장한다ㅋㅋㅋㅋ비엔나커피처럼 밀크티, 말차라떼, 초코라떼에 생크림 추가할 수 있다면 무조건 추가+_+ 근데 여기 말차라떼가 그렇다. 맛있는 생크림+진한 말차라떼면  무조건 아닌가!글구 티라미수는 예전보다 양이 작아진건가 하는 느낌이 약간 들긴했는데 여전히 맛있다. 둘 다 맛있지만 마담티라미수랑은 또 다른 느낌. 여기는 시트 비중이 조금 더 있고 크림은 더 부드럽다!",맛있다
3647,컴플리트커피,자라자라,치즈케잌 맛집이에요 :) 가게 특유의 분위기가 참 좋은 곳입니다. 플랫화이트는 산미가 있는 편인데도 향이 잘 어우러져서 고소하고 너무 맛있었어요 이문동에서 이런 커피를 먹을 수 있어서 좋습니당,맛있다
3648,컴플리트커피,기메지니,스콘도 맛있더라구용코코넛커피도 맛나고 아메리카노도 고소해요 직원분도 친절하심 :D,괜찮다
3649,컴플리트커피,정뱅이,외대 후문에 있는 카페.제 입에는 티라미슈가 생각보다 느끼함이 있어서 조금은 아쉬웠습니다. 외대학생들에게 인기 있는곳 ~커피는 좋았습니다.,괜찮다
3650,컴플리트커피,Kun,티라미슈를 좋아해서 방문했는데... 생각보다는 별로였다... 티라미슈에서 커피맛이 너무 많이나서전체적인 밸런스는 소소... 개인적으로는 S.O.E 티라미슈가 더 좋았음,별로
3651,컴플리트커피,조돼지,아이스 아메리카노와 플랫화이트 시킴. 평범한 맛. 이 카페 왜 이렇게 평점이 높죵?? 인기메뉴인 티라미수를 안먹어서 그런가...,괜찮다
3652,컴플리트커피,지원쓰,대학가 후문에 위치해서 아침에 급하게 한 잔 테이크아웃하기엔 과분한 곳!! 코코넛 들어간 메뉴를 먹었는데 정말 맛있었다 남은 음료는 쪼꼬미 테이크아웃 잔에 담아주시는 센수 외대 하면 생각나는 카페로 딱이다,맛있다
3653,컴플리트커피,준영,사실 대학가 한복판이라 기대 안했는데 맛있어서 통수!! 티라미수 너무 꾸덕하지도 부드럽지도 않은 딱 적당한 텍스쳐라 좋았어요ㅎㅎㅎ 커피도 맛있고.. 테이블 간격만 조금 넓었으면 싶지만 대학가니까!,맛있다
3654,컴플리트커피,JaehoLee,멀리서도 찾아올 만한 가치가 있는 카페. 실패한 메뉴가 없는 카페. 기본기와 품질의 일관성이 느껴진다는 점에서 마음에 듭니다. 늘 사람이 많습니다. 다만 치즈케익이랑 브라우니는 남아있는 걸 본 적이 없네요.,맛있다
3655,컴플리트커피,Seyeon.Y,녹차라떼가 정말 맛있었던 곳!! 아인슈페너처럼 생크림이 올라가서 부드럽고 너무 좋다❤️ 커피를 안먹는 나같은 사람을 위해 생크림 올라가는 차가 많이 생겼으면 좋겠다!티라미수는 아직 커피가 충분히 흡수가 안되서? 20분인가 기다려야 한다고 했었는데 20분해도 충분히 촉촉한 상태가 아니어서 아쉬웠다. 크림자체는 맛있는듯,맛있다
3656,컴플리트커피,sueK,개인적으로는 디저트 중 브라우니자주는 아니지만 가끔 등장하는 치즈케이크가 맛있다. 피콜로비앙코는 언제 먹어도 최고인데그래도 역시 플랫화이트를 잘하는 집,맛있다
3657,컴플리트커피,자라자라,커피도 정말 맛있는데 다른 음료들도 최고 .. 그중에서 토마토소다 진짜 조오오오온맛 입니다,맛있다
3658,컴플리트커피,22je2,커피는 그냥저냥 유일하게 남은 브라우니를 디저트로 시켰다. 브라우니 속에 견과류와 드라이 베리류가 있어 식감과 맛 모두 챙겼다. 곁들여 나오는 아이스크림도 싸구려가 아닌 꾸덕하고 살얼음없는 비싼맛 아이스크림ㅋㅋ,괜찮다
3659,컴플리트커피,미콩,"회기 일주일에 세 번 이상 오는데 위시리스트 깨는게 이다지도 힘들줄이야;내 오랜 오랜 위시리스트 중 하나였던 곳""카페 알바는 얼굴 본대..""의 강력한 증거라고 할 수 있는 곳 어쩜..이리...도..커피는 아아. 산미강한 느낌이었던 것 같은데 인상이 깊지는 않다 첫 입은 좋았으나 뭐가 문젠지 마실수록 마시기 힘들어짐 ㅡㅜ 뭣보다 이날 더 맛있는 커피를 마셔서 좀 그냥 그랬던듯다른 메뉴를 시도해보러 재방문 할 것 같다다른 메뉴.",괜찮다
3660,컴플리트커피,HJ♥,벼르고 벼르다가 다녀왔어요. 저녁먹고 방문해서 플랫화이트는 못먹었지만 티라미수는 먹었어요. 아이스 아메리카노와 조합이 좋아서 먹으면서 행복했어요. 브라우니먹어보고싶었는데 떨어졌다고해서ㅠㅠ 아직안가보신분들에게 추천합니다!,맛있다
3661,컴플리트커피,찹쌀떡,"경희대 간 김에...네번째!꼭 가보고싶었던 곳 중 유일하게 문 연 곳...^_ㅠ딸기티라미수와 플랫화이트를 시켰어요딸기티라미수는 맛있었는데 딸기를 더 넣어줬으면하는 아쉬움이..(전지적 딸기 덕후 시점)플랫화이트도 맛기텅요! 꼬수워서 잘 마셨던 기억이 어렴풋이(...) 나네요ㅋㅋ오래 기다려야할 줄 알았는데 생각보다 빨리 자리가 났어요.사장님들도 친절하시고,멍멍이가 돌아다니는데 귀여워요.근데 저희자리로는 안오더라구요..섭섭...ㅠ",맛있다
3662,컴플리트커피,뽀로롱,아늑한 분위기의 카페가격도 저렴한 편이고 위치때문인지 북적거리는 느낌이 없어서 좋다노래도 시끄럽다기 보단 잔잔한 편이라노트북을 가져와 작업하거나 책을 읽는 사람이 다수귀엽고 자그마한 강아지도 있다,맛있다
3663,컴플리트커피,꺄항,#최고의커피 #강추카페나 빵집이 평점이 높은편이긴하지만 여긴 정말 강추다ㅜㅜ망플보고 찾아갔는데도 하나도 아쉽지않은 커피맛!연유가 사알짝 깔린 수박주스와 티라미수도 괜찮았지만 이 집 이름을 따온 컴플리트 커피가 너무나무 맛있었다커피 먹고 충격받기는 또 오랜만? 거의처음? 인것같다 고소하고 달달하진않으면서도 단 풍미가 있고.. 몇가지 시럽? 소스? 가 들어간것 같은데 너무 어우러지고 맛나다 ㅜㅜ강추강추집에서 매우먼데 벌써 또가고싶다ㅜㅜ,맛있다
3664,컴플리트커피,이름름이,"알바인지 사장님인지 모르겠으나(아마 알바인듯..사장님이면 그런 행동은 안할테니까!)직원 때문에 너무 별로였다. 좋다는 얘기만 듣다가, 시간 내서 목요일 저녁에 가보았다. 직원은 자기 친구 2명을 데리고 와있었다. 손님이 하나 둘 줄기 시작하다 직원은 친구들과 본격적으로 놀기 시작했다. 카페에서 노래가 나오고있었음에도 그들은 얼굴을 맞대고 본인들 핸드폰 외장스피커로 크게 노래를 듣기 시작. 잔잔한 카페 노래와 시끄러운 락인지 힙합인지 가 겹쳐 극강의 소음을 만들어냈다. 중간 중간 눈치를 줘도 직원과 친구는 뻔뻔하게 음악에 미쳐있었다. 다시는 가고싶지 않고, 그런 사람들은 길가다가도 마주치고 싶지 않다. 음식에 비해 직원 교육, 인성이 부족했다.",별로
3665,컴플리트커피,무밍요,조용한 카페.코코넛밀크가들어간 라떼류와그냥 라떼를 주문했다.코코넛밀크인데 첫 맛에 살짝 신 맛이 나서 낯설다.  나의경우엔 유쾌한 낯설음은 아니었다.테이크아웃과 매장에서 먹는 가격은 메뉴당 천원정도 차이가있다.,맛있다
3666,컴플리트커피,JJ,맛               ★★★★분위기        ★★★재방문의사  ★★★★★8500원에 만날 수 있는 행복! 티라미수와 뜨아의 조합은 역시.. 맛이 없을 수 없는 조합! 맛있다.. 행복해...,맛있다
3667,컴플리트커피,이창민,근처 학교 대학원생입니다 여기 진짜 제 최애까페,맛있다
3668,컴플리트커피,촘촘,플랫화이트나 피콜로비앙코를 드셔보셔요,맛있다
3669,컴플리트커피,홍콩오리,세명이서 플랫화이트 세잔!먹어본 플랫화이트 중에 꽤 괜찮았던거로 기억한다좀 진~한 느낌의 플랫화이트!주관적 내기준으로는 내가 먹어본거 중에 찬스브로스 다음으로 괜찮은거 같다내부는 테이블이 몇개 없고 앉은 자리는 편치는 않았다외대에서 듣던 수업을 드랍하는 바람에 더이상 갈일은 없어졌다^.^,맛있다
3670,컴플리트커피,집가고싶다,아담하니 분위기도 괜찮은데바리스타분에 따라 맛도 확 변함.플랫화이트가 유명하대서 먹었는데 너무 뜨거워서 우유 비린맛이 살짝 나서 아쉬웠다. 개거품도 살짝있어서 사진도 안예쁘게 나오고ㅜㅜ 하지만 개는 귀여웠다,괜찮다
3671,컴플리트커피,LeeSun Min,"이문동 최애 카페 컴플리트 커피!!여기 티라미수는 언제 먹어도 항상 평균 이상의 맛이라서 굉장히 좋아한다♡♡아인슈패너는 처음 나왔을 땐 크림이 적은가 싶었는데 먹다보니 적당한 양이였음을 느꼈다. 더 많았으면 과했을 듯!!개인적으로 메뉴들이 대체로 퀄러티에 비해 가격이 저렴한 편이라고 생각한다ㅎㅎ카페의 전체적인 분위기와 인테리어도 넘나리 좋고 도란도란 이야기 나누기도, 책 한 권 가져가서 읽기에도 정말 좋은 공간이다.",맛있다
3672,컴플리트커피,S E R A,골목길에 있는 한 카페. 안에 넓진 않고 자리도 않은 편은 아니지만 뭔가 미니멀한 느낌이 들고 아늑해서 분위기는 좋아요. 가격도 저렴한 편이여서 학생들한텐 괜찮은거 같아요!- 아이스 플렛 화이트 - 고소하고 우유가 부드러워서 메뉴 선택중 가장 맛있게 먹었어요. 플렛화이트 씁쓸하다가 안좋아하시는 분들 있을텐데 여기는 그렇게 씁쓸하지 않아서 한번 도전해보는것도 나쁘지 않을거 같아요~- 아이스 아메리카노 - 음... 아메리카노를 매일 마시는 저한테 가장 희한한 경험이였어요. 어떤 원두를 사용하는지 모르지만 왠 한약맛이 났어요... 잘못 만드신건지 원래 그런건지 잘 모르겠지만 아메는 비추..- 티라미수 - 크림은 마스카포네 치즈가 들어간다고 써져있지만 마스카포네 맛보다 생크림 맛같았어요! 레이디핑거랑 에스프레소가 적당히 젖혀있지 않아서 카피맛도 별루 강하지 않았어요 ㅠㅠ 그냥 그랬어요. - 악마의 브라우니 - 브라우니 위에 바닐라 아이스크림 크게 올려져있어요! 브라우니는 딱딱하고 안에 씹히는게 있어서 촉촉한걸 좋아하시는 분들 보다는 꾸덕하고 딱딱한 브라우니 좋아하시는 분들이 좋아할거 같아요. 평범평범했어요.,괜찮다
3673,컴플리트커피,HanDongheon,제주도 컴플리트 커피 반가우서울서 보다니형제가 서울제쥬 하신다니 형제는 용감했다언젠가 제주서 제주 영앙트프러너들 함께 모여 마을만들자,맛있다
3674,컴플리트커피,핑키뚱,"외대 뒷쪽에 자그마한 카페 컴플리트커피!티라미슈, 아인슈페너, 라떼, 아메리카노 시켰어요아메리카노는 산미가 좀 있었지만 깔끔한 맛이라 잘 마셨던것 같아요 산미가 너무 강했으면 못마셨을 스도... 있었겠지만 굉장히 뒷맛이 깔끔했습니다 ㅋㅋ아인슈페너 위에 올라간 크림맛 정말 맛있었어요 ㅋㅋㅋ 부드러웠음티라미슈는 단 듯 안단 듯해요. 빵은 약간 쿠키를 부셔서 만든 느낌이었어요~.~ 아 또 먹고싶다",맛있다
3675,컴플리트커피,JW,명성에 비해선 티라미슈가 엄청 맛있는건 아니었다ㅎ 하지만 카페가 공간 배치가 잘되어있어서 좁다는 느낌안나고 시원함!,괜찮다
3676,컴플리트커피,E.T Jun ,"외대 후문에 있는 컴플리트 커피에 우연히 가게되었습니다. 알고보니까 플랫화이트랑 티라미수가 유명하다 했는데 일단 아메리카노만 테이크아웃해서 나왔습니다. 커피맛은 산미가 꽤 있어서 제가 좋아하는 맛이었습니다. 스모키한 맛도 덜해서 부담없이 마실수 있는 맛입니다. 테이크아웃이면 가격을 더 저렴하게 받는것도 좋았습니다. 내부는 깔끔하고 세련되었다고 할까 , 좁아보여도 은근 자리도 많았습니다. 다음번에는 여유롭게 앉아서 티라미수랑 플랫화이트를 먹어볼수 있기를..",괜찮다
3677,컴플리트커피,추예지,"컴플리트 커피 플랫화이트가 맛있다고 소문났죠!그래서 맛있는 커피 사주겠다고 친구를 데려갔어요플랫화이트2잔 주문을 했는데 전 우유를 두유로 바꿔서 마셨어요! 마셨는데 왜 그렇게 맛있다고 하는 지 알 것 같더라구요. 입안에 진한 커피향과 고소함이 남는데, 정말 좋았어요! 우유로는 안 마셔봤지만 두유로 바꿔서 주문해서 드셔보세요 고소해요. 샤케라토도 좋았구요 하지만 플랫화이트를 드세요티라미수도 맛있다고 하던데 아직 안 먹어봤구요 예전에는 딸기주스였나.. 딸기 들어간 음료를 학생들이 많이 주문하는 것 같던데 딸기철 되면 저도 사 마셔봐야겠네요! 머스켓블라썸인가하는 티라떼? 종류도 맛있다고 하더라구요!",맛있다
3678,컴플리트커피,이진쓰,친구가 좋아해서 더욱 맛있게 잘 먹은 컴플리트 커피.플랫화이트(아이스) 2잔과 티라미수를 시켰어요.저는 브라우니with아이수쿠림을 먹고 싶었는데 재료가 소진되었다고 하셔서 티라미수를 시켰지요. 플랫화이트는 커피와 우유의 발란스가 좋았어요. 산미가 거의 없으나 그래도 이 정도의 꼬수움이면 성공성공~! 티라미수도 맛있었어요. 마스카포네 치즈크림이 특유의 달달함을 가지고 있었는데 예전 이딸리아 여행때 먹었던 그 티라미수가 생각나는 맛이었어요. 이게 그냥 설탕 단 맛은 아닌데 뭐라 말로 표현을 못하겠네요. 시트는 적당히 커피로 적셔있었어요. 전 조금 더 커피가 흥건했으면 좋겠다는 생각을 했어요. 커피맛이 별로 안났거든요. 커피의 쌉싸름한 맛과 크림의 크리미함이 딱- 짱짱히 조화를 이루는 건 아니었지만 그래도 굳굳!,맛있다
3679,컴플리트커피,AlexTheFood,"170517.맛 ★★★☆분위기 ★★★☆가성비 ★★★★재방문 의사 있음 주문한 메뉴 (1명 방문) 코코지앵 - 5000원 (Take-Out 하면 4000원) 악마의 브라우니 with 아이스크림 - 3500원 총 8500원사실 나는 커알못이다.커알못...커피를 알지 못하는 사람...망고플레이트나 블로그의홀릭분들이나 파워 블로거분들 보면막 커피 좋아하고 막 있어보이는데,난 사실 그냥 쓰다는 것밖에 모르겠어서카페에서 공부를 할 때 외에는커피를 돈 주고 사 먹지 않는다.그랬던 내가 가보고 싶은 곳이 생겨서벼르고 벼르다 드디어 가게 된외대 후문의 컴플리트 커피!사실 연어 베이글 샌드위치랑코코지앵 먹으러 간 건데이제 샌드위치는 판매 안 하신다고 한다...그래서 어쩔 수 없이코코지앵과 악마의 브라우니 with 아이스크림2가지 메뉴를 주문!엄청 궁금했던 코코지앵은내 생각보다 더 신기한 맛이었다.코코넛밀크로 만든 동남아식 라떼라는 말에왠지 달달할 것만 같은 느낌으로주문한 커피인데,예상처럼 많이 달달하지는 않았다.하지만 코코넛 맛이 은은하게 달달한 와중에커피의 쌉쌀한 맛이 꽤 잘 어울려 신기했다.커피가 나오고 한 10분이 지나서야악마의 브라우니 with 아이스크림을서빙해주셨는데,이게 진짜 달고 달고 달아서커피와 너무 잘어울렸다.커알못인 나에게는커피의 쓴 맛을 없애주는아주 좋은 안주(?)!브라우니 사이사이에 끼어있는견과류의 식감도 너무 좋았고아이스크림 또한 꾸덕한 느낌이 좋았다!그리고 무엇보다 둘 다마냥 달기만 한 것이 아니라뭔가 고급지게(?) 단 느낌이라한 입 한 입씩 음미하면서 먹었는데,문제는 그러다보니 아이스크림이 금방 녹아버려뒤에 후다닥 먹어야한다는 점이 좀 아쉬웠다.커알못이지만 자신있게,추천할 수 있는 카페.사실 굳이 내가 추천하지 않아도이미 제주도의 본점도 많이 유명하고,서울의 컴플리트 커피 또한 유명한지라커피를 좋아하는 사람들 사이에서는이미 맛집으로 소문나있는 카페이다.사실 그렇기에 더 자신있게추천할 수 있는 카페.커피를 좋아한다면 꼭 가보시길,브라우니와 아이스크림은누구나 사랑할만한 맛이다.",괜찮다
3680,컴플리트커피,진리지안,정말.....너무너무너무너무 맛있어요....아이스 플랫화이트 시켰는데 딱 첫 입 마시고 너무 감동적이여서 5초동안 벽을 멍하니 쳐다봤어요ㅋㅋㅋㅋㅋㅋㅋ 진짜 진하고 고소하고ㅠㅠ한 모금 한 모금이 소중했어요 그리고 아무래도 대학가라 그런지 비싸지 않아서 더더더 좋은 것 같아요!! 장소는 조금 좁은데 그래도 깔끔한 인테리어+ 꽤 편한 좌석과 꽤 널널한 테이블 간격 때문에 답답한 느낌은 거의 없어요! 조만간 꼭 다시 찾아갈거예요ㅠㅡㅠ,맛있다
3681,컴플리트커피,도순,깔끔하고 차분한 분위기라 과제하기 좋을 것 같은 카페. 아이스라떼는 진하고 고소해서 무난하게 맛있었다. 누구나 괜찮다고 느낄 만한 커피라고 생각함! 티라미수는 내 취향은 아니어서 약간 아쉬움. 티라미수 본연의 커피맛&리치함을 느끼기에는...뭔가 상큼한 맛이 나고 크림은 깔끔한 맛이 부족했다. 빵도 충분히 적셔져 있ㅈㅣ 않아 퍽퍽한 느낌이 있음. 학교 앞에 있다면 쌍수 들고 환영할 만한 곳이지만 굳이 찾아갈 만하지는 않은 곳★★★☆,맛있다
3682,컴플리트커피,qwert,"카페 302에서 컴플리트 커피로 바뀌었다.커피랑 티라미슈, 진저레몬에이드는 존맛아이스 아메리카노에서 쓴 맛이 전혀 나지 않아 내스타일이었다.진저레몬에이드도 너무 달지도, 쓰지도 않은 적당한 맛!티라미슈는 맛이 강하지 않아 어느순간 없어졌다자극적인 맛이 없어 디저트로 딱이었던 곳이다이 주변 티라미슈 갑이다",맛있다
3683,컴플리트커피,맹고,20170324민트초코랑 딸기쥬스먹었어요! 민트초코는 안데스초콜릿맛..?ㅋㅋㅋㅋㅋ맛있어용 딸기주스는 사장님께서 적극 권유해주셔섴ㅋㅋㅋ시켰는데 딸기 짱많이 갈려서 나와요 진짜 딸기 씹어먹는 맛... 굿굿 여자 손님밖에 없어요! 역시 외대 앞... 다음엔 제주도에서 가보고싶네요ㅠ,맛있다
3684,컴플리트커피,예 림,"오랜만에 학교 근처를 가보니 새로운 곳이 생겨서 궁금함에 방문해보았던 곳! 제법 늦은 시간이었는데도 손님들이 꽤 있었어요. 아무래도 학교 근처이다보니 과제하시는 분들도 계셨고, 자리가 넓은 곳은 아니라 공간이 더 꽉차보이는 것도 있고요. 배가 불러서 브라우니와 플랫화이트만 먹었지만 다음엔 꼭 티라미수를 먹어보고 싶어요. 개인적으로는 쓴맛이 나는 라떼보다는 고소한 맛이 나는 라떼를 좋아해서, 여기 플랫화이트는 아주 큰 감동은 아니었지만 분위기나 가격, 접근성을 따졌을 때 학교를 다녔다면 매번 방문했을 것 같아요. 쫀득한 아이스크림과 겉은 살짝 퍼석한 브라우니도 아주 맛있었어요! 제가 갔을 때 바닐라 시럽을 만들고 계셔서 힐끔힐끔 쳐다봤네요 ㅎㅎㅎ 옆테이블이 조금 시끄럽고 사운드클라우드스러운 음악 스타일이 제 취향이 아니라 일찍 나왔지만 수제바닐라시럽이 들어간 바닐라 라떼 먹어보러 다시 방문하고 싶어요.",맛있다
3685,컴플리트커피,키다리아저씨,"홀릭 두분(띵시, Jㅐ)께서 맛나다는 후기를보고 가고싶었던 컴플리트커피를 좀전에 다녀왔다^^외대에 주차를 하고 후문쪽으로나가서 조금 걸어가다 보니 아담하고 깔끔한 카페가 보이고 문앞에서 산타 플레이모빌이 반겨준다ㅋㅋ내부는 꾸밈없이 깔끔한 느낌이고~시험기간이라 그런지... 상당히 조용한 분위기이고~ 다들 열심히 무언가를 하는 학생들이 많있다^^ 나도 모르게 엄숙해지은 분위기;커피맛을 보려고 기본 아메리카노와 궁금했던 티라미수를 주문!!아메리카노의 크레마가 꽤 올라와 있어서 기본적 커피맛은 괜찮겠구나 생각이 들었고~ 맛 또한 살짝의 산미는 느껴지지만 부담없는 수준에 뒷맛의 은은한 향이 꽤 풍부해서 좋았다.티라미수도 저번 벨*에스*레* 보다 확실히 더 맛났다.촉촉하고 부드러운 느낌에 씬도 아주 얇은편이 아닌데도 촉촉해서 커피와 먹기 좋은 수준이다.일하시는 여성분도 친절하고~ 테이크아웃시엔 음료가격도 할인이 된다고 하여~ 나오면서 돌체라떼를 주문하고 나왔다^^ 플랫화이트보단 연한 느낌에 연유 때문에 달콤함이 있어서 달달한 커피를 좋아하는 분들은 좋아할듯~ 내 취향은 아니지만 맛은 좋았다.",맛있다
3686,컴플리트커피,Jㅐ,"외대 앞에 위치한 ""컴플리트 커피"". 조용한 골목길에 있는 힙한 느낌의 카페. 생긴지 얼마 안 된 것 같은데 사람들이 많아요.'티라미수' 오 맛있다!! 메뉴판에 이태리 할머니에게 배운 레시피로 만들었다는 글이 귀여워서 시켜봤는데 그 이태리 할머니 한 번 찾아뵙고 싶네요. 눈이 번쩍 뜨일 정도로 맛있었음!! 마스카포네 층이 꾸덕하면서도 달콤한 게 취향저격 당했어요 윽. 에스프레소 시트층은 축축하지 않은데도 커피맛은 충분히 즐길 수 있어서 좋았어요. '플랫화이트'는 요 근래 먹은 플랫화이트 중 가장 맛있었어요!! 학교 앞 카페에서 이정도 맛의 커피를 마시게 될 줄이야. 산미가 세지는 않지만 진한 맛의 플랫화이트였어요. 리스트레토 트리플 샷으로 들어간다고 하니 맛이 없을래야 없을 수가 없지!!제주에서 유명한 카페가 서울에 올라온 거라고 해요. 우리 집 앞에 들어왔으면 맨날 갔을텐데 왜 회기에 들어왔나요!! 왜!! ; (",맛있다
3687,컴플리트커피,띵시,가성비 ⚫️⚫️⚫️⚫️⚪️맛 ⚫️⚫️⚫️⚫️⚪️분위기 ⚫️⚫️⚫️⚫️⚪️재방문의사 100오늘로써 확실해졌다 이 카페 진짜 괜찮다. 커피들도 대체로 깔끔 고소하며 디저트류와 샌드위치 역시 상당히 잘 한다.요즘 빠진 건 아이스크림 숭덩 얹은 브라우니. 양이 꽤 되는데도 2500원. 쫀득한 바닐라 아이스크림 쓴다. 아주 조은 아메리카노 안주( ͡° ͜ʖ ͡°)오늘은 돌체라떼와 연어베이글샌드위치를 먹었다. 돌체라떼 밑에는 연유가 짙게 깔려 아주 오래 저어야 한다. 잡미 전혀 없이 달달보드라운 맛.연어베이글 왕추천! 딱 연어 식감과 향을 해치지 않을 정도의 야채와 씨겨자 소스 그리고 얇은 크림치즈 층의 조화. 블루베리 베이글을 쓰는데 질기지 않고 맛있다. 깔끔하면서도 풍부한 맛.공간활용을 잘 해 두어 오래 있어도 편하다(실내 사진은 이전 리뷰 참조) 콘센트와 와이파이 빵빵. 샌드위치는 음료와 주문 시 천 원 할인. 사장님이 라떼아트 장인이라는 소문이 있으니 따뜻한 커피 드셔 보시길!!,맛있다
3688,컴플리트커피,띵시,"가성비 ●●●○○맛 ●●●●○분위기 ●●●●○재방문의사 95제주도에서 꽤 유명세를 탄 컴플리트커피의 서울지점. 리뉴얼 전에도 탄탄한 메뉴구성과 깔끔한 분위기로 인기 있던 곳인데, 캐릭터가 뚜렷해지고 인테리어도 정리되어 훨씬 매력적인 장소로 바뀜.코코넛밀크가 들어간 코코지앵은 이름에서 짐작 가능한 부드럽고 달달한 맛의 커피. 사실 코코넛밀크가 워낙 좋은 치트키라서 맛이 없을 수가 옵소요..! 플랫화이트는 잡미 없이 깔끔한 맛. 음료가 가격대비 양도 괜찮고 퀄리티도 좋다. 제가 커피에 관해서는 표현력이 즈질이니 다른 분들이 많이 가셔서 자세히 평가해 주세요T.T티라미수는 크림이 찰기 없고 보송한 편이며 설탕과립이 살짝 씹힘. 비주얼이나 맛이 혜화 205도씨 티라미수와 매우 흡사. 딱히 매력있는 맛은 아니라 실망했는데 은근 커피하고 케미가 좋아 계속 떠먹게 된다.작은 가게임에도 공간활용도가 좋고 조용해 공부하기에 딱임. 샌드위치 가성비가 좋은 듯. 계절별 메뉴도 그때그때 출시하신다. 재방문의사 매우 높음.",맛있다
3689,양자호떡,빨강코알라,같은 돈 주고 호떡 먹을바에 여기 옴.,맛있다
3690,양자호떡,마시뜨앜,역시나 언제나 존맛!,맛있다
3691,양자호떡,키다리아저씨,"여러 대학교 고등학교들이 밀집된 지역에서 평점이 높고 줄서서 먹는곳 중...호떡집이 있었으니...바로 ""양자호떡"" 이예요~길거리 지나다가 먹던 호떡의 업그레이드 버전같은 느낌으로 예전 꿀호떡만 있던 시절은 이제 점차 보기 어려워 지고 있는데...이곳에서는 다양한 종류의 호떡을 맛볼 수 있답니다.가장 잘나가는 호떡은 ""잡채 호떡"" 취향에 따라 매운잡채도 드시더라구요~저도 여기서는 잡채호떡 먹는편이예요~ 반죽 속으로 넉넉하게 채워진 당면과 적당한 야채덕분에 단짠고소한 맛이 좋은편이지요~뭔가 속이 꽉차고 큰 야끼만두를 먹는 기분이랄까요? 그렇다고 딱딱하진 않아요^^;비추메뉴는 의외로 꿀호떡!!!ㅠㅠ 너무 실망스러워요~ 옛날 생각하며 꿀호떡 주문하시다가는 유명한 호떡집이고 뭐고, 그냥 별로라고 할거 같아요~ 저도 처음에 모르고 꿀호떡 주문했다가...속이 거의 비어있고, 반죽맛이 대부분이였던 꿀호떡 덕분에 다시는 주문을 안하기로 결심했으니...다른분들도 후회없는 선택 하시길 빕니다^^기름을 부어가며 살짝 겉면을 튀기듯 호떡을 만들어 주시는데...이런 음식이 사실 좀 비위생 적일 수 있지만, 여기 양자호떡은 그래도 위생에 좀 신경쓰시는듯 장갑을 벚었다 갈아꼈다를 반복하시면서 손바쁘게 움직이시네요~주문후 온기가 남아 있을때 드시는걸 추천하고, 살짝 기름기가 겉에 많이 묻어있다보니 옷이나 주위에 기름 묻지 않게 손을 잘 닦으시며 드세요^^",괜찮다
3692,양자호떡,김나현,잡채호떡 꿀호떡,맛있다
3693,양자호떡,미동이,양자님이 구워주시던 때가 그립습니다..,맛있다
3694,양자호떡,즌짱,"아 이제 리뷰 그만 써야할 거 같은데... 새로운 도전을 했으니 남겨봅니다 :) 맵찐이 매콤잡채 호떡에 도전했습니다! 그리고 오레오 꿀 호떡도 먹어봤어요!비 오는 날 매콤잡채 호떡을 먹었는데 바삭바삭하고 속도 알찬 데다가 약간 느끼한데 싶을 때 쯤 고추에서 팍! 하고 올라오는 매콤함 덕에 정말 맛있게 먹을 수 있었어요. (의도치 않게 막걸리와 함께 먹었는데 엄청나게 꿀조합,, ㅎ)오레오 꿀 호떡은 기본 꿀 호떡에 오레오 가루를 묻혀서 주시는데 무척 달아요 정말 단!!!! 단!!!! ㅎㅎㅎ 꽤나 신기한 조합이었는데 오레오 가루가 입가에도 많이 묻고 또 많이 떨어져서 이 점이 좀 아쉬웠어요.꿀호떡, 잡채호떡은 말해 뭐해.. 아시죠? ㅎ ㅎ ㅎ",맛있다
3695,양자호떡,Ray,"잡채호떡(1500)을 처음 딱 한입 먹었을 땐 호떡보다는 투박한 옛날 빵을 튀겨놓은 듯해 인상적이었어요. 그리고 몇 입 더 먹으면서 웬 절인 과일이 있나 했던 소스가 예상과 달리 단맛보다는 짭쪼롬한 맛이고, 호떡 속 잡채는 생각보다 실하지만 크게 인상 깊지 않아 좀 과대평가된 호떡이 아닌가 했는데요. 정말 신기하게도 먹으면 먹을수록 점점 맛있어져요ㅋㅋㅋ양념이 더 잘 밴 느낌? 결국 다 먹고 나서 나중에 또 사먹어야겠다 다짐했습니다ㅋㅋ",맛있다
3696,양자호떡,즌짱,"네 1월에만 4+a번 실패하고 여기 저기에 양자 맛있다고 말 하고 다닌 과거의 본인을 개탄스럽게 여기던 즌짱- 드디어 성공했습니다. (+ 참고로 제가 너무 한스러워하자 주변 사람들이 근처만 가면 양자 열렸는지 확인하고 사다준 호떡은 제외합니다. ^_^..)2020 인기 맛집이 되어버린 양자 호떡,, 먹기는 힘들어졌지만 (아 근데 또 제가 아니라 다른 사람이 가면 꼭 열려있어요. ㅋ ㅋ ㅋ ㅠ) 그래도 여전히 존맛탱입니다. 꿀호떡, 잡채호떡 다 맛있어요. (맵찐이라 매콤잡채호떡은 패스)암요,, 그래도 회기에서 장사해주셔서 회기러는 그저 감사할 뿐입니다요. 사장님 들재날건 하세오,, S2",맛있다
3697,양자호떡,마시뜨앜,꿀호떡도 그렇고 잡채호떡도 그렇고 메뉴 전부 대존맛ㅜㅜ 이거쓰면서도 또 먹고싶어진다. 중독 계속 생각나는 맛ㅜ 회기가 본점이고 노량진에도 있다고 하는데 노량진 가서도 먹어봐야겠다. 나의 인생호떡,맛있다
3698,양자호떡,띵시,"가성비 ●●●●○맛 ●●●●○분위기 -(테이크아웃)재방문의사 100 사고초려해서 먹은 양자호떡^^,,, 처음 먹고 난 후로 미친듯이 꽂혀서 세 번 재방문했으나(공식 클로징 시간 한참 전에!!!), 마감했다고 하여 분노를 씹어삼켰는데 드디어 오랜만에 먹을 수 있었다. 날 밝을 때 가야 먹을 수 있음. 첫날 먹은 꿀호떡은 눈물 나게 맛있었음. 그냥 기대 없이 한 입 베어물었는데 느므느므 맛나서 바로 사진 찍어 주접 떨 정도! 역대급 바삭하고 폭신한 호떡피 사이로 뜨끈하고 적당히 단 시럽이 주르륵 흘러 나옴. 전분을 넣는 건가? 다른 호떡들이 눅눅 쫄깃에 가깝다면 양자호떡은 푹신푹신한 질감임. 하튼 이 질감을 내 앞니가 못 잊어 오늘은 잡채호떡을 맛봄. 친구 말로는 잡채가 더 맛나다는데 난 꿀호떡에 한 표ㅠㅡㅠ 호불호 갈림. 잡채가 살짝 달짝하게 양념이 되어 있고, 너무 속이 알찬 바람에 질리는 감이 있음. 아예 매운잡채로 먹으면 더 맛날 듯함. 여튼 이른 저녁에 가도 닫혀있어 매일 밤 눈물 흘리게 되지만, 오랜 실패를 거듭해 맛본 호떡은 정말 바삭바삭 맛났음. 인근 지나게 되면 잊지 않고 하나 테잌아웃 해 보길 바람!",맛있다
3699,양자호떡,코랄,쫄깃쫄깃한 호떡은 아니고 바삭하게 튀겨진 스타일의 호떡이다. 아무래도 기름맛이 많이 난다.나는 쫄깃한 스타일을 더 좋아해서 막 엄청 맛있게 먹은 건 아니지만 꿀호떡이니까 꿀맛은 꿀맛이었다.근데 안에 꿀이 고르게 분포돼있지는 않아서 처음 여러 입은 반죽만 먹었다.들고 먹기 좋게 종이컵을 잘라 손잡이를 만들어주셨다. 하지만 호떡은 필연적으로 꿀이 흘러 옷에 묻게 되니 조심 또 조심해서 먹어야 한다. RIP 패딩ㅠ,괜찮다
3700,양자호떡,미콩,"회기투어-3겨울이 왔습니다,, 다들 품속에 현금 낙낙히 챙겨 다니시는거죠? 화교들이 개화기 때부터 팔아온 ""호호불어먹는 호떡""은 바삭하게 튀긴 밀가루 반죽 안에 잡채나 그 어떤 것이 들어가도 잘 어울리지만, 항상 기본으로 돌아가 사태를 바라봐야한다는 어떤 말처럼, 흑설탕뭉치가 들어가있는 꿀호떡은 코끝에 스치는 겨울의 찬내음과 가장 잘 어울리기에 ""기본""으로 들고가줘야한다고 생각해요갓튀겨나와 속이 무척 뜨거우니 입술조심 혀조심!",맛있다
3701,양자호떡,나영이,쌀쌀한 날씨와 함께 돌아온 호떡!! 마침 회기퉈 간 김에 홀릭분들 리뷰 보고 방문했어요. 자연스럽게 줄을 서고 주문을 하고 셀프계산까지 자동같은 매뉴얼로 척척! 저는 잡채 호떡을 먹었는데 가격대비 고퀄이에요!! 반죽도 기름에 절어 눅진거리지 않고 속에 잡채도 많이 기름지지 않고 담백한 편이라 딱 좋았어요. 역시 추운 날씨에 호호 불어 먹기 딱 좋은 간식!정말 갈 일 없는 동네라 참 아쉬운 집이네요. 근처였으면 자주 들러 한 손에 호떡들고 집 갈 것 같아요! 아 그리고 현금 아님 계좌이체만 가능하니 참고하세요!!,맛있다
3702,양자호떡,ethanghymn,이문동커피집에 들른 길에 호떡이 궁금해서 가고싶다에 세이브해뒀었고 지난번 삼청동의 삼청동호떡과의 맛도 비교하고 싶어 멀지 않은 곳에 위치한 양자호떡에 들러봄.가게는 대로변에 위치해 있어서 금방 찾았는데 여기도 지난번 삼청동호떡과 마찬가지로 잡채호떡이 시그니처인것 같았는데 난 잡채를 별로 안 좋아하기도 하고 클래식한 메뉴를 좋아하는지라 꿀호떡을 주문함.인터넷에서 현금결제나 계좌이체만 가능하단건 알고 와서 현금으로 지불함.호떡을 굽는 후라이팬은 짙은 색이었지만 짙은 색이 아닌 쪽의 후라이팬에 비치는 기름 색깔은 삼청동호떡처럼 맑고 깨끗했음.내가 주문한 꿀호떡이 기름에 튀기듯 구워지길 기다리고 있는데 아마도 단골인 것 같은 여대생 손님이 나랑 같은 꿀호떡 한개를 주문하니 호띅을 구우시던 아마도 사장님이신가 싶은 분이 오늘은 지난번과 달리 꿀호떡이시네요?라고 얘기하니 여대생 손님은 오늘은 꿀호떡이 먹고싶어서요라고 답을 함.가게 안에 있던 분이 나오더니 주문한 호떡을 기다리는 여대생 손님분께 지금 이 가게와 관련된 TV프로그램을 촬영하고 있다면서 한손에는 방송용 카메라를 들고 단골이시냐고 물으니 여대생 손님분은 호떡을 굽고 있는 사장님께 제가 단골인가요?라고 되물으니 사장님은 단골이시죠라고 답함. 이어서 얼마나 자주 들르시냐고 물으니 일주일에 한번정도는 들르는 것 같다고 여대생 손님이 답할때쯤 내가 주문한 꿀호떡을 사장님이 건네주셔서 입이 델까 호호 불면서 한입 베어무니 역시나 시나몬향이 은은하게 나면서 호떡빵은 삼청동호떡의 것보다 덜 기름을 머금고 있고 더 가벼운 느낌이면서 좀 더 전통적인 쫀득함이 있고 소는 좀 더 흑설당과 견과류가 들어간 덜 투명한 색깔의 전통적인 느낌이었음.전체적으로 뭔가 아주 특별하다거나 한 호떡은 아니었지만 가벼운 느낌의 쫀득한 빵이 기름이 별로 배지않게 기름에 튀기듯 구워낸 호떡은 그래선지 담백한 느낌이면서도 좀 더 전통적인 맛의 소가 들어있어서 개인적으로는 삼청동호떡보다 좋았고 가격도 더 저렴해서 맘에 들었던 방문이었고 재방문 의사 있음.,맛있다
3703,양자호떡,Lydia,기본 호떡을 시킴끝까지 바삭하게 먹을 수 있었다주문이 들어오면 하나씩 만들어 주고 친절하다다음엔 잡채 호떡 먹어 봐야지,맛있다
3704,양자호떡,즌짱,술 먹고 포장해와서 또 먹음. 요즘 회기만 가면 매일 먹는 듯... 호떡 좋아하는 편은 아니었는데 여기 호떡은 진짜 매일 줘도 잘 먹을 수 있음. 존맛,맛있다
3705,양자호떡,즌짱,"반죽만 먹어도 맛있는 호떡이라는데- 진짜 반죽만 먹어도 맛있음..... 바삭하고 .. 이게 호떡이라니... 꿀호떡이 최고 존엄이라는 양자호떡 선배님의 말씀을 따라 꿀호떡 하나씩 뚝딱했는데, 돌아서자마자 또 먹고싶은 맛ㅜ 존맛탱",맛있다
3706,Mods Place,추진단장,맛있다양많다사장님 혼자 뚝딱뚝딱 참 일 잘하신다난 2019년부터 단골이었는데많이 떡상한 것 같아서 뭔가 속상하면서도기분좋은그런 카페 ㅋㅋㅋㅋㅋㅋㅋ많이 버세요 사장님 ㅜㅜ,맛있다
3707,Mods Place,잉길동,공강 때 항상 갔던 회기 ✨모즈플레이스✨를 소개합니다!모즈플레이스는 경희대 정문에서 도보 4분 거리에 위치한 디저트 맛집 카페입니다. 맛과 더불어 저렴한 가격대로 학생들의 마음을 달래준 곳입니다. 회기동 놀러가시는 분들께 강력하게 추천합니다‼️,맛있다
3708,Mods Place,kkonoo,음료가 양이 엄청 많은데 가격이 싸요! 테이크아웃하면 진짜 가성비 끝판왕. 근데 맛도 있음. 디저트가 진짜 맛있다는데 음료만으로 배불러서 항상 못 먹음..,맛있다
3709,Mods Place,Jinny,"안에 들어가면 달달한 향기가 쫙 퍼지는 곳이에요! 분위기는 다크그린 느낌의 인테리어로 공부하기도, 휴식 취하기도 좋은 곳이네요 ㅎㅎ저는 녹차라떼를, 친구랑은 브라우니를 먹었는데 아이스크림도 올랴주시고 오레오쿠키가루같은 것도 뿌려주셔서 당 충전하기 아주...아주 바람직했어요...녹차라떼도 달달하며 녹차향도 좋고 아주 만족스러웠습니다!특이한 건 커피음료를 저렇게 맥주잔에 준다는 점일까요 ㅋㅋㅋㅋ 재미있었습니다!",맛있다
3710,Mods Place,Ray,"- 4000원이라고 얕보면 큰일나는 가성비 아이스크림 와플4000원짜리니까 식사 대용으로 혼자 먹어도 되겠지 했다가 슈가 러쉬를 넘어 쇼크 올까봐 걱정했어요ㅋㅋㅋㅋㅋ 정확히는 다양한 맛 중 초콜릿을 골라 4300원이었고, 아이스크림 맛만 다른 게 아니라 뭔가 좀 더 다르다고는 하셨지만요. 여튼 생각보다 양이 엄청 많더라고요? 와플도 휘핑크림 가득에 아이스크림은 거의 4스쿱 같은 3스쿱이 나와서 깜놀. 양도 많고 너무 달디 달아 브런치보다는 디저트로 두세명이 나눠먹는 게 제일 좋을 거 같아요ㅋㅋㅋ단, 어마무시한 양에 저렴한 가격이니 다른 건 몰라도 초코 아이스크림은 정말 기본이에요. 고깃집 공짜 후식 아이스크림 같은 거라 그닥 맛있지는 않더라고요. 하지만 가격 생각하면 웬만한 프라푸치노보단 이게 나을지도? 하는 패기가 다시 올라오네요ㅋㅋㅋㅋㅋ카페 분위기는 기대도 안 했는데 감성감성해서 놀랐어요. 특히 화장실까지 꽃으로 가득 예쁘게 해놓으신 게 인상적이었습니다!",괜찮다
3711,Mods Place,즌짱,"3800원 와플 비주얼 보고 가세요~~사장님 돈 벌 마음 없으신가? 생각드는 가성비ㅎㅡㅎ와플도 맛있고, 음료도 괜찮아요! 여름이라고 수박 시즌 메뉴가 있어서 먹어봤는데 시원하고 달달하니 맛있었습니다 :)",맛있다
3712,Mods Place,즌짱,"3800원이라는 가격에 와플, 바나나, 아이스크림이 함께 나오는 갓성비... 전부터 가고 싶었는데 드디어 가봤어요!병원 다녀오는 길에 혼자 갔던 터라 배도 안 고프고 해서 와플은 못 먹었지만 ㅠㅠ 디저트 맛집이라고 하여 브라우니 하나와 딸기라떼를 시켰어요.사실 배가 안 고파서 브라우니 조금만 먹고 말려고 했는데... 한 입 먹으니 조금만 먹어야지 하는 생각은 사라졌습니다. ㅋㅋㅋㅋㅋㅋㅋㅋㅋㅋ 굉장히 달고 맛있어요. 올려주신 아이스크림과의 조화가 끝내줍니다. 딸기 라떼도 딸기가 듬뿍 들어가고 달달해서 스트레스 날리기 좋았어요.가격대는 저렴한 편인데 아끼지 않고 팍팍 주시는 느낌? ㅎㅎ 분위기도 좋은 편이라 데이트하러 오거나 수다 떨기 위해 많이들 찾는 것 같아요!저 역시도 재방문할 의사가 충분한 곳이었습니다 Ü",맛있다
3713,Coffee Methodz,맛집탐방러,여기 평일 마감 9시로 바뀜,맛있다
3714,Coffee Methodz,르미밍,사장님이 뭘 하다가 잘 안되시는지 욕하셔서 깜짝놀랐어요.. 아무리그래도 손님이 바로 앞에 있는데 그러시면 안되죠커피잔도 소리 너무 크게 내려놓으시고.. 제가 다 눈치가 보였습니다...다신 안갈듯요..,별로
3715,Coffee Methodz,오아시스,"다 괜찮은데 사장님 욕 좀...깜짝 놀랐네요 너무 쌍욕을 하셔서공간도 좋고 커피도 괜찮고친절한 서비스는 바라지도 않는데,다 들리게 욕을 하시니 듣기 민망했습니다",별로
3716,Coffee Methodz,뿌디,"— 꾸덕한 흑임자 라떼와 피넛슈페너가 당긴다면 —경희대에서 바로 나와 골목길 2층에 위치한 coffee methodz. 공부하기에도 공간이 탁 트여 좋다. 흑임자라떼를 주문하였다. 그 밖의 시그니처 메뉴가 많이 존재하니 참고하자.아무튼 시간이 없어 라떼를 테이크 아웃 하였는데, 에스프레소/우유 위에 흑임자가 꾸덕하니 많이 올라간다. 그래서 마셨을 때 호로록- 넘어간다기 보다 약간 스무디를 마시는 질감이랄까. 흑임자 크림이 맛있긴 했지만, 커피 맛이 조금 더 느껴졌으면 좋겠고 조금 더 호로록- 한 액상형이었으면 좋겠다는 생각을 했다. 꾸덕한 탓에 호불호가 갈릴 수 있고, 커피를 좋아하는 사람에게는 시그니처 메뉴가 시시하게 느껴질 수 있다고 생각",괜찮다
3717,Coffee Methodz,kkonoo,회기에서 제일 좋아하는 카페. 사장님이 무섭지만 음료는 맛있다..ㅋㅋ,맛있다
3718,Coffee Methodz,형석,"경희대 앞 예상치 못한 커피 강자벌써 들른지 1년이 넘긴 했지만.. 당시 지금만나러갑니다 2차로 간 곳인듯..ㅋㅋ (Feat. 애슐리,시드니....ㅠ)아니 진짜 전혀 예상 못했는데 너무 맛있는 커피를 먹어서 엄청 놀랐었음. 5명이 각자 다른 음료를 시켜서 일행의 배려로 조금씩 먹어봤는데 전체적으로 수준이 상당히 높았다.앞으로 회기 올일 있으면 카페는 무조건 여기임. 디저트류도 나름 괜찮았던 기억.",맛있다
3719,Coffee Methodz,토요미식회장,회기역 근처 괜찮은 카페발견!분위기는 예쁘지만 노말한 카페. 하지만 커피와 디저트는 굉장히 맛있다. 커피는 핸드드립커피를 골랐다. 원두는 에티오피아코페레네츄럴이라 한다. 원두의 맛에 대한 소개를 보면 완전히 내 커피취향을 그대로 써놓았다. 예쁜 커피잔에 담겨져 나오는데 커피 향이 좋고 묵직하지 않고 산뜻한 드립커피였다. 산뜻한 편이라 쓰지 않고 묵직하지 않고 목넘김이 깔끔한 맛. 레어치즈케이크는 언뜻 보기에는 모두부 같이 생겼다. 맛은 당연히 모두부와 다르다. 깔끔하고 상큼 상큼하면서 부드러운 치즈케이크였다. 아래에 깔려있는 쿠키 같은 식감과 치즈케이크와의 조화가 정말 좋다. 라떼는 마셔보지는 않았다. 아트가 섬세하고 예쁜 느낌이다.,맛있다
3720,Coffee Methodz,미동이,무난하게 괜찮다,괜찮다
3721,Coffee Methodz,이창준,"망플 평점이 높아서 기대하고 갔는데 커피맛, 서비스 모두 별로네요. 아인슈페너 시켰는데 반도 못먹고 반납했네요ㅜ",별로
3722,Coffee Methodz,임맛잘봄,핸드폰 고장으로ㅜㅜ 파일 복원 시켰지만 이때 거만 없어졌어요 ㅠㅠㅠ맛도 나쁘지 않고 좋았으나 어두운듯한 분위기가 살짝 불편했는데..  입구에 교회모임(?) 하지말라는 거였는지 그런 사람들 오지말라는 거였는지...여튼교회모임이 아니라서 앉아있다 가긴했지만 같이간 일행과 나 둘다 카페에 그런문구 보고 당황.. 처음임,괜찮다
3723,Coffee Methodz,만종스,"카페에서 아늑한 시간을 보내고 싶을 때 강추하는 카페! 영화 보고 싶었는데 소파자리가 딱 좋아 보여서 방문했다 예전에 카페 창희였을 때도 경희대친구가 추천해서 가봤었는데 그때도 이번에도 정말 오랜 시간 편히 있기 좋았음 주문은 꽤 유명한듯한 레어치즈케이크와 플랫바닐라, 흑임자라떼로!일단 플랫바닐라는 아이스크림이 들어가 있다! 아포가토를 라떼로 한 느낌..? 찐하고 부드러우면서도 달달하고 가끔 조그마하게 떨어진 아이스크림이 입에 들어오면 넘 맛있쪙 보통 아이스음료는 얼음이 녹으면서 맹맹해지는데 이건 녹을수록 달달하니 진해져서 끝까지 맛있었다흑임자라떼는 흑임자맛이 꽤 강하다! 이름만 흑임자고 정작 흑임자맛은 약하게 느껴지는 것들도 많은데 여긴 진짜 찐하고 옆에서 누가 마시기만 해도 향이 확 느껴질 정도. 꼬수워서 좋았다 일행은 플랫바닐라보다 흑임자라떼가 더 좋았다고 함!레어치즈케이크는 치즈가 굉장히 몽글몽글 부들부들하니 약간 순두부 먹는 느낌? 치즈맛이 강하고 그러면서도 밑에 깔린 과자 부분이 부드러우면서도 달콤고소해서 잘 어울린다 한번에 많이 먹으면 좀 부담스럽고 오랫동안 한입씩 천천히 먹는 게 더 좋음아니근데 여긴 진짜 음료도 케이크도 다 좋지만 자리가 넘 편하고 좋아서 맛이 그저 그랬어도 또 갈 것 같다 공부하기 좋아 보이는 자리들도 많고 그냥 데이트하기도 좋음 실제로 우리가 갔을 때도 거의 다 커플이었다ㅋㅋ 강추하는 회기 카페!!.플랫바닐라 (₩5,000)흑임자라떼 (₩5,500)수제 레어치즈케익 (₩6,000).맛 ★★★★가성비 ★★★총점 ★★★☆",맛있다
3724,Coffee Methodz,김서인,하...사장님 왤케 성격이 변했는지 친구 두 번 같이 갔는데 두 명 다 기분 나빠서 안온다고 하네요. 뭐 조금 안되면 혼잣말로 욕하시거나 퉁명스럽게 이건 안돼요. 하고 커피 가져와주실 때도 너무 쎄게 놓으셔서 깜짝 놀랐어요. 그럴거면 직접 가져가라고 하면 좋겠네요. 카페 인테리어나 뷰는 좋은데 정말 서비스가 아쉽습니다커피 맛도 달라졌어요,별로
3725,Coffee Methodz,맛집사냥,"피넛슈페너와 아이스크림 브라우니를 먹었어요.피넛슈페너 정말 맛있었고,아이스크림 브라우니는 아이스크림도 보통 브라우니도 흔한 맛이라 다시 먹을 것 같진 않아요.전에 아포가토를 먹어본 친구가 아포가토가 맛있다는데, 아이스크림이 보통이라 아이스크림을 바꾸면 더 맛있어지지 않을까 생각해요",괜찮다
3726,Coffee Methodz,뀨뀽이,커피도 맛있고 말리카 꿀케익도 맛있어요 음악두 분위기도 좋구요!,맛있다
3727,Coffee Methodz,Lydia,핸드드립-핸드드립 에티오피아-아인슈페너(블랙)워낙 유명한 커피메소드.2층인데도 코로나 땜에 사람이 바글바글.사장님 혼자 하는데 직접 로스팅도 하시는 듯.드립은 회기지역에서 최고.아인슈페너도 맛있다.종이쿠폰 아니고 핸드폰번호로 적립되서 편하고음악 좋고 좌석도 편하다.2층이어도 갈만한 이유가 있는 곳.담엔 소문의 레어치즈를 먹어봐야지!2020.06. 레어치즈케이크 존맛탱.치즈케이크 특유의 신맛 단맛 싫어하는 분들은 강추.말 그대로 레어치즈케이크. 치즈맛에 충실한 치케.,맛있다
3728,Coffee Methodz,꿀꿀도야징♡,"[회기동 Coffee Methodz] 경희대 앞 조용한 카페⠀1. 총평: Cozy, Comfy매장에서 직접 만드는 디저트류와다양한 원두 취급. 핸드드립도 하는듯.⠀대부분 컴공족들이 죽치고 앉아있는..⠀조용함⠀2. 메뉴:* 라떼 4.5* 수제 티라미수 6.0⠀3. 주차: 주변 공용주차장⠀#먹스타그램 #맛스타그램 #인스타푸드 #카페 #카페추천 #카페그램 #카페인테리어 #인테리어 #공간 #카페스타그램 #디저트카페 #foodie #cafe #팻슐랭맛집 #먹스타맞팔 #먹팔 #맞팔댓글 #seoul #korea #캐논g7xmark3 #좋아요반사 #회기동맛집 #경희대맛집 #경희대카페#coffee #cafe #cafestagram #디저트카페 #latte #tiramisu",맛있다
3729,Coffee Methodz,즌짱,"아인슈페너가 맛있는 곳! 이라고 생각했었는데 오, 디저트도 맛있습니다요.. 수제 티라미수, 수제 레어치즈케이크, 브라우니 아이스크림을 나눠먹었는데, 디저트류가 대체로 심플하고 맛있었다.특히 레어치즈케이크! 부들부들하고 크림치즈 향이 풍부해서 너무 좋았다. ㅠㅠ 또 먹고싶어,,, 킁,,공간도 널찍하고 다닥다닥 붙어 앉을 필요 없어서 좋고, 이야기하는데 불편하지 않아서 좋은 곳.",맛있다
3730,Coffee Methodz,Ray,"홀릭이벤트 저녁식사 후 2차로 방문한 곳인데요. 첫 방문 땐 먹지 못했던 디저트류를 이번에 전부 다 먹어서 좋았어요! XD첫 번째 사진 왼쪽부터 브라우니아이스크림, 수제 레어치즈케이크, 수제 티라미수고요.제일 맛있었던 건 역시 이 카페에서 유명한 레어치즈케이크였습니다. 레어치즈케이크는 너무 요거트스러운 것도 많아서 시도하는 게 조심스러웠는데 여기는 그렇지 않아서 좋았어요. 은은한 듯 깔끔한 맛에 질리지 않고 계속 먹을 수 있는 것 같아요. 다음에 온다면 이 케이크를 또 먹을 예정입니다ㅋㅋㅋ브라우니아이스크림은 맛있긴 했는데 꾸덕한 브라우니가 아니라 다시 먹을 것 같진 않고요. 티라미수도 예상보다 더 괜찮았지만, 요즘엔 맛있는 티라미수가 많아 굳이 여기서 먹을 정도로 특별한 맛은 아닌 거 같아요. 그래도 둘 다 평타 이상의 준수한 맛이라 만족스러웠어요!",맛있다
3731,Coffee Methodz,Ray,"시그니처 메뉴 중 하나인 플랫바닐라(5000)를 마셨는데요. 에스프레소에 크림, 바닐라아이스크림 조합이었나 그랬는데 진짜 맛있었어요ㅠㅠ 단 거 좋아하시는 분들에겐 원래도 맛있는 아포가토의 업그레이드 버전처럼 느껴지지 않을까 싶어요!게다가 카페 분위기도 좋고, 전자기기 충전하기에도 너무 편하게 콘센트가 많아요. 혼자 오기에도, 누군가랑 같이 와서 대화 나누기도 좋은 곳 같아요 :)",맛있다
3732,Coffee Methodz,즌짱,꼬수운 냄새가 가득했던 카페- 아인슈페너 크림이 달달하고 커피랑 부드럽게 잘 섞여서 좋았어요. 공간도 넓고 조용하고 편안한 분위기라 다음에 또 가고 싶은 곳 :),맛있다
3733,Coffee Methodz,띵시,"가성비 ⚫️⚫️⚫️⚪️⚪️맛 ⚫️⚫️⚫️⚪️⚪️분위기 ⚫️⚫️⚫️⚪️⚪️재방문의사 85자주 찾는 회기 카페 중 하나. 와글와글 어수선한 경희대앞 맛집 골목에서 샛길로 쏙 들어가면 마법처럼 조용한 메소드커피가 건물 2층에 위치해 있다.항상 플랫화이트를 시키지만 편차가 있는 듯? 한 번은 엄청나게 부드럽고 꼬소워 세모금컷 후루룩 넘기지만, 또 다른 날은 특별한 향미 없이 묽게 지나간다. 하지만 맛있는 날은 정말 맛있어 포기하지 않고 계속 주문하게 됨.레어치즈케이크 매력있음! 단맛 거-의 없이 진한 크림치즈 풍미가 가득하다. 신맛을 뺀 그릭요거트 맛도 느껴진다. 허나 다소 흐물흐물한 느낌이고 시간이 지나면 힘없이 무너져내려 농도를 좀 더 잡아주셨으면 하는 바람이... 질감 외에는 시트도 쉘도 만족.테이블 간격 널찍하고 편안한 곳이니 조용히 할 일 할 수 있는 공간 찾는 분들께 추천 :)",맛있다
3734,Coffee Methodz,이진쓰,"비엔나커피, 아이스아메리카노커피 맛있어요. 산미 적당하고 꼬숩고 진합니다. ㅋㅋㅋ비엔나커피 생크림도 부드럽고 달달하고 인위적인 향 안나서 좋았어여!!!!!!!!!!!!!!!!!!!!무엇보다 학생들 작업하기 좀 좋은 공간 같더라고요.우드슬랩을 많이 사용해서 테이블도 멋스럽고 공부나 작업이 그냥 잘 될 것 같은 느낌?",맛있다
3735,Coffee Methodz,미콩,커피가 맛있고 공간이 좋아서자주 가려고 쿠폰 챙겨왔습니다이 한 문장으로 요약 가능한 곳이에요,맛있다
3736,Coffee Methodz,희희희,"여기 라떼 진짜 존맛탱이레여어어어어어어ㅓㅓㅓ어ㅓ 배부른 상태에서 갔는데 맛있어서 다 마셔부림,,,분위기는 움 약간 오래된 느낌..? 다들 공부하고 계셔서 엄청 엄청암청엄청엄청 조용해요 진짜 거의 무슨 도서관급. 잘못 소리냈다간 눈치보이는 정도,,...근데 라떼가 너무 맛잇음 ㅠㅠㅠ",맛있다
3737,Coffee Methodz,AlexTheFood,"170619.맛 ★★★☆ 분위기 ★★★★☆ 가성비 ★★★☆ 재방문 의사 있음 주문한 메뉴 (1명 방문) 까망베르 치즈케이크 - 5000원 총 5000원몇 번째 가는 것인지는 모르겠으나내가 항상 아포가토를 먹으러 가는Caffè Chang hee (카페 창희).커알못인 나의 '나름 단골 카페'인데(물론 사장님은 나 모름...ㅎ)분위기라던가 자리라던가음악이라던가 여튼 그런 것들은전의 리뷰를 참고하도록 하고-이번엔 뭔가 평소와는 다른 것을먹어보고 싶다는 생각이 들어커피 종류를 보았는데,역시 커피는 땡기지 않았어서뭘 먹어봐야 하나 둘러보다내 시선을 사로잡은 쪽은 케이크 메뉴.뉴욕 치즈케이크가 땡겼으나누가봐도 알만한 맛으로 보여처음 본 까망베르 치즈케이크를 주문했다!그리고 한 입 먹어봤더니까망베르 치즈케이크의 맛은!음.....일단 위와 아래가오레오 쿠키들로 커버 되어있다.그리고 중간에 치즈가난 그 뉴욕 치즈케이크의꾸덕함을 상상했는데...그냥 굉장히 부드럽다.흡사 크림치즈의 그 느낌...?음.. 수제 요거트를 떠먹는 그런 느낌...?초코쿠키들이 오도독 씹히면서까망베르 치즈케이크의 그 부드러움이같이 입에서 녹는다고 생각하면 되는데,개인적으로는 뉴욕 치즈케이크의그 꾸덕한 찌인드윽함을 좋아해서먹는 내내 조금 아쉬웠다.쌉쌀한 커피와잘 어울릴만한 케이크.지금 와서 생각해보니그 때 케이크만 먹었을 때는너무 질려버려 조금 남겼었는데,그럴 때 커피를 먹었어야 했나-하는 생각이 문득 들었다.맛은 분명히 있다!이건 여담인데 카페 창희에서쿠폰을 찍는데 6번째가 케이크였어서쿠폰을 안 찍어주셨다...ㅜㅠ그런데 이제 보니 10번 찍으면아메리카노였구나...아메리카노 안 먹는데 조금 슬프다.이왕 이렇게 된 거 아포가토로나머지 5개 채우고 10번째에아메리카노와 케이크를 같이 먹어야겠다.벌써부터 즐겁네.왠지 카페창희의 아메리카노는맛있을 것만 같은 느낌이 든다★",괜찮다
3738,Coffee Methodz,AlexTheFood,"170529170602170607.맛 ★★★★ 분위기 ★★★★☆ 가성비 ★★★☆ 재방문 의사 있음 주문한 메뉴 (2명 방문) ICE AMERICANO (아이스 아메리카노)- 4000원AFFOGATO (아포가토)- 5000원 총 9000원본격!커알못(커피를 알지 못 하는 사람)이강력추천하는 경희대 카페!Caffè Chang hee (카페 창희)!삼청동에도 있는 카페가경희대 앞에도 생긴 거라고 한다.일단 들어가자마자 느낀 점은,와 분위기 진짜 좋다...!원탁부터, 2인용 푹신한 소파,창가 자리도 쭉 늘어져있는 곳도 있고,2인 테이블로 조금씩 떨어져 있기도 하고.전체적인 분위기와 아이템들도 좋았지만테이블과 의자 구성이 굉장히 다양해서들어가자마자 반해버린 카페.그런데 내가 정말 반한 것은 바로,AFFOGATO (아포가토) 때문이었다.커피를 별로 안 좋아하는데이 곳은 왠지 커피가 맛있을 것 같기도 하고,그런데 커피 시키기는 싫고 해서 주문한 아포가토.일단 비주얼부터가 내 취향이었지만,맛은 정말...!커피 마시던 친구도 한 입 먹더니진짜 맛있다며 감탄했다.이 날이 5월 29일이었는데,6월 2일에 결국 둘이 재방문했다...ㅋㅋㅋ(나는 6월 7일에 또...)진짜 웃긴 게 남자 둘이 와서아포가토 하나씩 시켜 먹고음미한 다음 바로 친구 전시회 갔다...ㅋㅋㅋ맛은 맨 밑에 우유를 깔고그 위에 바닐라 아이스크림을 둥글게 올린 후에스프레소와 커피가루를 뿌리신 것 같은데,와 일단 아이스크림도 아이스크림이지만에스프레소가 쌉쌀한 게 너무 잘 어울려서먹는 내내 감탄이 나온다.커피를 좋아하는 친구도이곳이 컴플리트보다 낫다고 했으며,나 또한 컴플리트에서 먹은브라우니&아이스크림보다이곳의 아포가토를 더 맛있게 먹었다.(물론 커피 맛은 내가 판단 불가능..ㅎ그래도 친구와 함께 바로 재방문할 정도니이미 말 다했다...ㅋㅋㅋㅋ)커알못이 나름자신있게 추천할 수 있는 카페.좋은 점을 몇 가지 더 추가해보자면일단 2층에 위치해 찾기가 힘들어서사람도 별로 없다는 것!게다가 음악이 너무 내 취향이었다...혼네, 콜드플레이, 로꼬, DPR LIVE, 어크루브....이어폰 안 끼고 카페에 있던 적은 처음이다ㅜㅠ개인적으로 이 곳은안 유명해지고 계속 이 분위기 그대로쭉 남아있었으면 좋겠지만...곧 유명해질 것 같기도 하다.아직까지는 아는 사람만 아는 카페.진심 카페 안 좋아하는데요새 이 장소에 빠져서 헤어나오지를 못 한다...오늘도 혼자 가서 주구장창 있을 계획 ㅎㅎ진짜 완전 추천한다.꼭 가보시길!",맛있다
3739,카페 대즐링,심아호,존엄한 크럼블(6500)을 맛 볼 수 있는 곳입니다!!! 가게가 조금 좁은가??싶지만 나무 의자라던지 특유의 따뜻한 인테리어가 돋보여서 참 예쁜 것 같아요. 애플크럼블은 시트>> 따뜻한 사과조림?같은거랑 시트>>크럼블>>아이스크림 으로 구성이 되어 있는데 크럼블이 바삭바삭한 게 아주 맛있습니다!! 그리고 사과도 단짠이 딱 적절하게 맞는 것 같아요.음료 가격은 그냥 보통인데 평소에는 맛있다는 생각 안 했는데 오늘 돌체라떼(5000)먹으니 맛있더군요!! 디저트 맛집으로 유명한 곳이지만 커피도 괜찮은 것 같습니다. 아메리카노는  3800원이에요:),맛있다
3740,카페 대즐링,문문문,안암에서 보기 드문 디저트 맛집이라 제발 여기 계속 계셔주셨으면 좋겠어요ㅠㅠ 헤이피도 맛있는데 대즐링 애플크럼블이 최곤 것 같아요! 아쉬운 점은 음료가 기대 이하에요.. 정말 애플 크럼블 하나 먹으러 가는 곳 ㅠㅠ,맛있다
3741,카페 대즐링,맛집탐방✨,대즐링은 케이크가 정말 맛있습니다 케이크 맛이 계속 생각나서 찾게되는 카페에요 분위기도 좋아서 안암에서 밥먹고 후식으로 오기 좋은 카페입니다!! 코로나 때문에 잠시 휴업했었는데 다시 여셔서 기쁜 마음으로 다시 찾았었습니다!,맛있다
3742,카페 대즐링,반포동꿀꿀이,안암역이랑 고려대역 사이에 있는 갬성카페!뷰맛집 분위기맛집이에요.바로 앞에 단풍이 예쁘게 들어서 분위기 대박이었어요.애플크럼블도 맛있어요! 바닐라 아이스크림이 젤라또처럼 쫀쫀하구 사과 졸인게 엄청 달달해요ㅎㅎ말차브라우니는 퍽퍽해서 별루.... 비추....위치가 애매해서 그런지 사람이 적어서 좋았어요.재방문의사 1000000,맛있다
3743,카페 대즐링,코랄,"애플 크럼블. 완전 맛있다!! 따뜻하게 뎁힌 애플파이에 시나몬에 바닐라 아이스크림인데. 그럼, 이건 맛이 없을 수 없지.말차 크림 브라우니도 궁금한데 애플 크럼블이 너무 맛있어서 맨날 이것만 시킨다.마셔본 음료들도 다 맛있었다.에소코코: 에스프레소가 들어간 코코넛 밀크쉐이크다. 말차에소: 말차 프라프치노에 에스프레소 크림이 올라간다. 시그니처 음료 두 가지 모두 맛이 진하고 맛있다따뜻한 말차 라떼도 마찬가지로 꽤 진하고 맛있었다. 적당히 쌉싸름하고, 싸구려 파우더 맛은 아니었다.로투스 프라프치노는 진짜 로투스 맛이고 살짝 헤비한 느낌이 있었던 것 같다.아기자기하게 꾸며 놓았지만 사실 분위기가 엄청 있는 곳인지는 모르겠다.테이블 사이 간격이 너무 좁아 다닥다닥 붙어 앉는 느낌이다. 비밀 얘기 불가!ㅋㅋㅋ그래도 너무 좋아하는 곳ㅎㅎ애플 크럼블 하나만으로도 그냥 얘기 끝-",맛있다
3744,카페 대즐링,주배,"3.9 / 5.0카페 불모지 안암에 내려온 한줄기 빛, 애플크럼블 맛집안암에 위치한 인스타 감성 카페 - 브레송입니다.가게 공간은 협소한 편이에요.작은 테이블로 구성되어 있습니다.이 곳의 시그니처메뉴는 애플 크럼블입니다.더 많은 말이 필요하지 않는..존..맛..탱...위에 올려진 차가운 생크림과 아이스크림이 뽀송뽀송한 케이크 시트 위 계피향이 함께 어우러진 사과시럽과서걱서걱 씹히는 쿠키를 싸아악 감싸는그런 맛입니다.당분 땡기는데 계피같이 쓴맛도 먹고 싶을때딱 이 곳의 애플 크럼블을 먹으러 와주세요..",맛있다
3745,카페 대즐링,카밍밍,아담한 규모의가게.인기가 엄청 많다구해서기대하고갔다애플크럼블?이랑 레몬 얼그레이 ? 랑 아이스아메리카노 시켰는데 애플그게 너무 달았당..아메리카노 안시켰으면 클날뻔 ㅎㅎ크럼블을 처음먹어봤는데 그래서 그런지 이게 얼마나 맛있는지 모르겠지만시나몬도 엄청 뿌려져있고 사과 알갱이도 엄청 많이 들어가있고 아이스크림도 혜자롭다재료를 팍팍쓴느낌좋아하는 사람들은 좋아할수도 있을거같은데나는 할미입맛이어서 그런지 너무달아서 그냥그랬다..같이 간 사람은 좋아했다!주위에 엄청 좋아하는 식당이있어서 갔지만카페탐방도많이 다니는 편인데 단순히 애플 크럼블과 커피를 먹기위해 찾아가진않을거같다Soso. 간김에 가기좋다근처에 볼일있으면 갈거같당근데 앉아서 공부는 못함 자리가 좁다보니수다떨러 잠깐앉으러가세용..특이한 디저트인데사라지진않았음좋겠당 사라지면 아쉬울거같당++라고 리뷰를 썼으나극강의 단맛과 계피맛이 근데 계속 생각나는 맛이다..이곳을 대체할 마땅한것이 생각나지않는다..다시가야겠다..,괜찮다
3746,카페 대즐링,로니,"사막의 오아시스.안암역만 하더라도 수많은 가게들과 고려대 학생들로 붐비지만, 같은 학교 앞이더라도 고려대역 앞은 다르다. 적만한 이 길거리에 자리잡은, 누가 봐도 인스타 감성의 하이얀 카페.사장님 취향인건지 고려대 앞에서 굳이 그 까페를 찾은 손님들을 위해서인지 모를 큰 전신거울과 밀짚모자. 아마 손님의 절반은 여자+여자 일 것이고, 절반은 커플일 것이니라 (물론 나는 당당하게 혼자 들어갔다)---190805 방문애플크럼블 (6500) : 촉촉한 시트에 시나몬에 절인 사과 가득 바삭한 소보로 위에 시나몬 파우더를 뿌린 바닐라 아이스크림까지. 사과+시나몬 조합 덕후를 위한 최고의 디저트. 그게 나임ㅋ다만 시나몬을 싫어하는 사람들에게는 별로이지 않을까 싶음. 그만큼 시나몬 맛과 향이 많이 느껴진다.부드러운 시트+아삭한 사과+바삭한 소보로로 식감이 아주 훌륭함. 부드러움과 씹는 맛을 모두 갖췄다. 시나몬 덕분인지 생각보다 엄청 달지는 않고, 무엇보다 바닐라 아이스크림이 딱 적당한 단 맛이어서 만족.우려했던 것보다 그렇게 먹기 불편하지는 않았는데, 둘이 먹으면 불편할수도..?그냥 혼자 드세여ㅎㅎ재료도 풍부하고 전반적으로 그럴 듯한데 뭔가 아쉽다. 근데 뭐가 아쉬운지 모르겠으니 그냥 넘기겠음.(잠시 사과+시나몬에 대해 언급하자면, 세상에 이런 조합이 또 따로 없다.약한 달콤함과 새콤한 사과를 향긋한 시나몬이 감싸는, 첫만은 달짝지근하고 끝이 향기롭다. 이 조합을 제대로 느껴보고 싶은 분들에게는 이대<그릭데이>의 '시에나'를 추천한다)---방학 평일 저녁 방문 기준으로 사람 적당(3~5테이블). 다만 고려대 앞에 이런 감성의 카페를 거의 유일해서 학기 중에는 좀 사람이 많을 수도...?특히 개강 전후, 시험 전후엔 사람 많을 듯 싶다.예쁘긴 한데 오래 머물면서 공부하기에 적합하진 않음. 콘센트도 넉넉하지는 않았다.",괜찮다
3747,카페 대즐링,sophie1218,"말차라떼와 얼그레이레몬에이드 시켰는데 맛있었어요!분위기 좋고 인테리어도 예쁘고 좋았는데 손님들이 많다보니 조금 소란스러운것이 흠이었는데, 주변에 추천할만큼 괜찮습니다 :)",맛있다
3748,카페 대즐링,쏨ㅁ,"애플크럼블, 얼그레이레몬에이드, 아아를 시켰다.애플크럼블은 처음 먹어봐서 다른 크럼블이랑 비교해볼 순 없지만 진짜 맛있었다. 따뜻하게 구워진 크럼블 위에 차가운 바닐라 아이스크림이 얹어졌는데, 진짜 맛있다. 크럼블은 설탕에 절여진 사과가 속으로 들어가있고 시나몬향이 솔솔 난다. 짱맛!얼그레이레몬에이드는 신기해서 시켜봤는데 탄산레몬에이드에 얼그레이 티백을 우려서 주시는데 진짜 딱 둘을 합친 맛! 의외로 잘 어울리고 상큼하면서 맛있다. 카페 분위기도 좋아서 기회가 된다면 다시 오고싶다.",맛있다
3749,카페 대즐링,띵시,"가성비 ⚫️⚫️⚫️⚪️⚪️맛 ⚫️⚫️⚫️⚪️⚪️분위기 ⚫️⚫️⚪️⚪️⚪️재방문의사 50동대문구 카페 중 높은 순위를 차지하고 있어 항상 궁금했던 대즐링! 생각보다 더 작고 오밀조밀한 카페였음. 고려대 정문 인접해 있어 대중교통을 이용해 방문하기에도 좋음.애플크럼블, 트리플베리 에이드, 아이스 아메리카노 주문함. 아메리카노는 직접 맛보지 않았으나 동행이 맛있다고 칭찬함. 애플크럼블에는 아이스크림이 올라가지만 금방 녹아버림. 사과가 꽤 알차게 들어 있음. 에이드도 여러 가지 베리류 꽉꽉 들어있음. 재료는 아끼지 않고 넣는 것 같은데, 왜 이렇게 맛들이 허전한지 모르겠음. 아쉬움ㅠㅠ공간 구성이 괜찮아, 밀리지 않는 시간이라면 공부하기에도 괜찮을 듯함. 하지만 왠지 정돈되지 않은 느낌이 들어 재방문의사는 없음.",괜찮다
3750,카페 대즐링,애휴,인테리어가 예쁜 곳!!전반적으로 꾸덕꾸덕한 맛이다애플크럼블은 사과향이랑 크럼블 씹히는 맛은 좋았지만 뒷맛이 너무 오래 남아서 그냥 그랬다 위에 올려진 아이스크림으로 조금 중화(?)시킬 수 있는데 아메리카노랑 먹지 않아서인지 기대만큼 맛있지는 않았다,괜찮다
3751,카페 대즐링,Cecilia,탈안암 분위기 너무 좋아요~,맛있다
3752,카페 대즐링,조은짱,학교 마치고 달달구리 땡길 때 이만한 데가 없죠 가게도 너무 예뿝니당,맛있다
3753,카페 대즐링,승현,라떼랑 디저트가 맛있다!! 인테리어도 포근포근해서 자주 가고싶다ㅠㅠ,맛있다
3754,카페 대즐링,장희,애플크럼블 맛있고 음료들도 다 좋았어요,맛있다
3755,카페 대즐링,희희희,안암에서 맛집보다 더 없는 건 무엇~? 예쁜 카페!!! 고대 쪽에 예쁜 카페는 고사하고 카페조차도 별로 없는데 고대 친구가 이렇게 이쁜 카페에 데려가 줬어요 꺄ㅑㅐㅣㅣㅏㅏ 분위기도 너무 좋구~ 애플크럼블이랑 돌체라떼 시켰는데 돌체라떼는 괜찮았구 애플크럼블은 맛있었어요! 딱딱할 줄 알았는데 엄청엄청 부드럽고 정말 사과 한 덩이 들어간 맛!! 위에 아이스크림이라 녹기 전에 드시는 걸 추천해욥!,맛있다
3756,카페 대즐링,미키,"소박한 분위기가 드는 점은 좋지만 좌석 수가 적었어요. 흔치 않은 음료 메뉴가 있는 점이 좋았구, 말차 브라우니와 애플 크럼블 모두 맛있었어요!",괜찮다
3757,카페 대즐링,Grandma_taste,고대 카페중에 젤 맛있음 무조건!애플크럼블 (6000) 녹차 부라우니(6000) 두종류 케이크있는데 둘다 맛있는 편이다시그니쳐라고 할수 있는건 무조건 애플 크럼블인데 시나몬 향기도 너무 향기롭고 빵도 부드럽고 사과도 맛있고 그냥 최애로다가 맛있다.한번도 안먹어봤다면 꼭 먹어보는거 추천! 내가 문과대였다면 맨날먹었을듯,맛있다
3758,카페 대즐링,이현지,"안암에 이런 곳이 있었다니라는 문화충격을 받은 곳입니다! 애플 크럼블과 밀크티라떼를 먹었고, 둘다 맛있었지만 특히 애플 크럼블이 짱이었어요!",맛있다
3759,카페 대즐링,Chloe,분위기가 아주 인스타 스트로 예뻐요! 규모도 아담해서 그런지 안에 있으면 기분 좋아지는 공간이기는 했어요 근데 에스프레소랑 말차 크림 브라우니 둘 다 실패해서 다시 갈 것 같진 않아요ㅠㅠ 애플 크럼블이 유명해보이던데 그건 맛있으려나..,괜찮다
3760,카페 대즐링,맛난거먹쟈,안암쪽 분위기 좋고 크럼블맛좋은 곳이 생겼네요- 소이라떼&애플크럼블- 애플크럼블- 상당히 괜찮았어요! 위에 바닐라 아이스크림 한스쿱으 올라가있고 밑에는 크럼블인데 적당히 달달히 졸인 사과와 크럼블이 맛있더라구요. 아쉬운건 위에 아이스크림이 녹아서 밑의 (아마도?) 바삭했을듯한 크럼블이 눅눅해진다는점?•_•...소이라떼- 들어간 두유가 제가 안 좋아하는 베지밀두유 넣으신것 같아 아쉬웠어요. 원래 두유를 좋아해서 소이라떼 잘먹긴하는데 여긴 한모금먹자마자 '아..베지밀!'-베지밀만의 강하지만 살짝 비린느낌이 별로에요ㅠ 차라리 수벅처럼 매일쓰면 훨 나을텐데! 암튼 이건 갠취인걸로-애플크럼블 맛있고 감성적인 분위기를 가진 곳이었어요.,맛있다
3761,카페 대즐링,준영,고대에 영원히 없을 것만 같던 감성 낭낭 카페가!! 생겼어요!!!ㅠㅠㅠ 애플크럼블이 정말 유명해서 다녀왔는데 생각보다 버터리버터리녹진녹진한 느낌이었어요. 크럼블의 느낌이 살지는 않는! 우앙 존맛~이런건 아니지만 아이스크림이랑 먹으면 어느정도 보장되는 맛이구요ㅎㅎ 커피는 아아메 했는데 무난하게 먹을만 했어요. 생각보다 가게가 엄청 협소해서 개강하고 나면은 웨이팅이 있지 않을까 싶네용,맛있다
3762,아임파이,빨강코알라,케익이 없어서 타르트 밖에 못먹었는데 맛있다! 동네에 이런 카페가 있다는건 분명 행운. 가서 먹을맛은 아니지만 근처가면 가능.,맛있다
3763,아임파이,만종스,"디저트 매니아 친구와 급 성사된 만남. 어디가볼까~ 하다가 오랜만에 타르트를 먹으러 갔다 외대역에서 금방인데 골목골목 지나가다보면 시원하게 열린 밝은 가게다 주문은 딸기타르트 초코랑 새로 나왔다는 아몬드파리브레스트로!딸기타르트 먹어보고 맛있으면 딸기킬러인 남자친구 사다주려고 했는데 음.. 내가 느끼기엔 딸기랑 초코가 별로 조화롭지않았다 딸기가 아주 새콤달콤했으면 좀 나을 수 있지만 그렇게 엄청 단 딸기가 아니어서 더 그랬던 것 같음 결국 위에 딸기 따로 먹고 밑에 초코타르트 따로 먹었다ㅋㅋㅋ 초코타르트 자체는 맛이 괜찮다 딸기랑 어울리지않을 뿐..! 그래서 친구랑 커스터드였으면 괜찮았을까..? 하면서 먹음ㅋㅋㅋ파리브레스트가 아주 괜찮았다! 크림이 엄청 달기는 한데 그래서 설탕을 씹는 느낌도 들긴한데 근데 맛있다 빵이 베이비슈같이 부드러우면서 크림덕에 촉촉함이 가득한 느낌이고 계란이 많이 들어간 맛. 크림도 약간 커피향이 나면서 커스터드엔 바닐라빈도 콕콕 박혀있고 달콤하니 아주 맛있었다 그래서 엄마주려고 집에 갈 때도 이걸 사감음료는 아메리카노를 마셨는데 그냥 무난하니 괜찮았고 (산미 별로 없는 커피였다) 친구는 모모우롱차?를 마셨는데 약간의 피치향이 가미된 우롱티였다 향긋하니 난 괜찮았는데 친구는 예상했던 맛이 아니었는지 ..?함ㅋㅋㅋㅋ집에 파리브레스트와 함께 당근케이크도 사갔는데 음 당근케이크는 그냥 쏘쏘 정도였다 일단 크림치즈가 약간 묽은? 연한? 느낌이고 빵엔 좀 촉촉함이 없었다 맛이 별로거나한 것은 없는데 특출나지도않음파리브레스트가 신상같았는데 이거말곤 다 그냥그래서 재방문할진 모르겠다 아 그리고 지하1층에 카페공간이 더 있는데 약간 울리는 느낌이 있다 그래서 좀만 크게 말해도 시끌시끌해짐 작게 말해도 옆에서 다 들을 수 있는 오히려 왠지모르게 더 귀기울일만한 곳이다ㅋㅋㅋ.스트로베리 타르트 다크 초콜릿 (₩6,800)아몬드 파리 브레스트 (₩5,800)당근 케이크 (₩5,800)아메리카노 (₩3,800)모모 우롱차 (₩5,500).맛 ★★★ (파리브레스트 +★)가성비 ★★★총점 ★★★",괜찮다
3764,아임파이,유새벽,달콤한 행복의 맛 타르트!,맛있다
3765,아임파이,프리리뷰어,"평점맛 ★★★★☆가성비 ★★☆☆☆종합 ★★★★☆가성비는 조금 떨어지는 느낌이지만 맛있어요! 먹자마자 맛있다는 생각이 바로 들고, 메뉴도 다양하고 매일 갈 때마다 메뉴가 달라져서 좋아요ㅎㅎ한줄평: 가성비는 조금 떨어지지만 한번 빠지면 자꾸 생각나는 카페입니다. 이문동 사시면 한번쯤 꼭 가봐야할 곳이라 생각해요!",맛있다
3766,아임파이,샨티,냉침차는 맛있었는데 파이랑 케이크는 그냥 먹을만한 정도,괜찮다
3767,아임파이,장희,포도타르트 과일도 맛있고 크림깔끔하고 좋았다. 치즈케이크는 치케맛이고.. 지하공간은 사람이 아무도없어서 좋았는데 사람이 많으면 울려서 시끄럽나보다.타르트 맛있길래 호박케이크 포장도 해갔는데 괜찮았다. 무화과 타르트는 별 느낌없었다.,맛있다
3768,아임파이,Ray,첫 방문 때 '맛있다!'를 줬지만 재방문 후 조정이 필요해 두 번째로 쓰는 리뷰!이번엔 복숭아타르트랑 무화과타르트를 먹었는데요. 첫 방문 때 먹었던 딸기타르트와 마찬가지로 과일들이 너무 맛없어요ㅠㅠ 사장님도 나처럼 맛있는 과일을 고를 줄 모르시나 아니면 거래처를 바꾸셔야 하나 이런 생각이 들 정도로ㅠㅠㅠㅠ첫 방문 땐 이 부분이 아쉬웠어도 초코필링이 너무 맛있었다면 이번 타르트들은 필링이 아쉬움을 보완해 줄 정도도 아니어서 '괜찮다'로 조정합니다. 제발 과일 없는 그냥 초코타르트도 내주시면 안 될까요?ㅠㅠ,괜찮다
3769,아임파이,Ray,스트로베리타르트 다크초콜릿(6800)이랑 치즈크럼블타르트(3300) 테이크아웃했어요. 인스타에 그날그날 메뉴 올라오고요. 저녁 6시쯤에 갔더니 몇몇 메뉴들은 매진이거나 1조각만 남아있더라고요. 저도 원래는 스트로베리타르트 커스터드랑 치즈케이크 먹고 싶었는데 없어서 살짝 다른 메뉴들로 사왔습니다ㅠㅠ카페는 화이트톤으로 주변 분위기랑 완전 달라서 더 눈에 띄는데요. 언뜻 보면 자리가 몇 없어 보이지만 지하로 내려가면 자리가 꽤 많아요. 참고로 지하는 1층과는 완전 다르게 어둡고 차분한 분위기입니다!집에 와서 열어보니 스트로베리타르트는 딸기들이 무너져 있어서 사진은 못 찍었어요ㅠㅠ 그리고 반 조각만 먹을까 했는데 막상 보니 조그매서 깜놀. 쇼케이스에서 봤을 땐 더 커보였던 거 같았는데ㅠㅠ 그래서 그냥 한조각 다 먹었는데 다크초콜릿 필링이 타르트랑 정말 잘 어울리고 맛있었어요. 근데 딸기가 안 어울려요ㅋㅋㅋ 결국 딸기만 따로 먹은 사람으로서 딸기 빼고 다크초콜릿 타르트로 가격 내려서 팔아주셨으면ㅠㅠ치즈크럼블 타르트는 은은한 치즈향이 올라와서 좋았는데 그래도 다크초콜릿타르트가 더 맛있었어요ㅋㅋㅋㅋㅋ,맛있다
3770,아임파이,즌짱,"딸기 타르트를 사서 집으로 오는 길의 찐 행복,, 세상 사람들 다 나와도,, 내가 딸기 라떼와 딸기 타르트가 있는데 나만큼 행복한 사람 있겠냐구,,,코로나19 덕분에 (동네에서 집단 감염이 발생한 덕분에) 강제 칩거 중에 진짜 미쳐버릴 것 같아서 맛있는 거 먹어야 나 안 죽는다고,, 찡찡거려서 얻어낸 소중한 타르트였습니다.진짜 ㅠ 왜 하나만 사서 왔을까요..? 하나만 사 온 것이 아쉽고 후회될 정도로 맛있었어요. 특히 딸기 라떼가 정말 맛있었어요. 딸기도 듬뿍 들어있고 달달하고. 미니 타르트는 레몬과 에그였는데 둘 다 실패 없었습니다.화이트톤 내부도 깔끔하고 예쁘고, 위생 관리도 철저히 하시는 게 느껴져서 더 좋았어요:)",맛있다
3771,아임파이,한음,"“탈이문감성, 탈이문파이”친구들이랑 수다떨때 가끔가는 아임파이. 차를 좋아하는 칭구는 차가 넘넘 맛나다고 하네용 저는 커피파라서 잘은 모르지만 분위기가 넘나 탈이문 스러운 곳입니당화이트톤의 벽과 지하의 신비로운 갬성. 공부할만한 곳은 아니지만 노트북도 간단히 가능한 곳이에요!제 최애는 딸기파이와 무화과파이구요! 파이지가 딱딱하여 호빵님말씀처럼 포크로 깨부시는? 사태가 일어나지만 그 파이지를 좋아하시는 분들도 계시더군요.그래도 넘나 맛있습니다. 이문동에 디저트를 제대로 하는 곳이 없어 제가 규정한 양대산맥 - 베이크어데이/아임파이 이 두곳이 있겠네요. 작은 파이도 있으니 한번 도전해 보시길:)",맛있다
3772,아임파이,띵시,"가성비 ●●●○○맛 ●●●○○분위기 ●●○○○재방문의사 80겉보기에는 평화롭지만, 지하 공간으로 내려가면 아수라장이라 아쉬운 아임파이. 하지만 항상 신선한 재료를 사용해 기대 이상의 디저트를 제공하기 때문에 간간이 찾는 곳.오늘은 얼그레이 쉬폰 케익과 사쿠란보 사이다 냉침 티를 주문. 얼그레이 쉬폰은 정말 정말 심혈을 기울여 집중해야 얼그레이 향이 느껴질 만큼 향이 약하지만, 촉촉하게 폭 들어가는 식감과 녹진녹진한 우유크림 맛이 좋다. 둘이 먹기 딱 좋은 양. 사쿠란보 냉침은 복숭아 한 알을 꽉 짜 넣은 듯 진한 향이 일품이다.1층에는 좌석이 거의 없을 뿐더러 테이블이 없어 불편해, 오래 앉아있으려면 지하를 이용해야 한다. 다만 조명이 어둡고 대화소리가 쩌렁쩌렁 울려 스트레스 받음. 타르트류를 포장하여 다른 곳에서 먹는 것을 추천한다.",맛있다
3773,아임파이,ㅇㅅㅇ,외대에서 젤 좋아하는 카페리뉴얼하고 자리도 예쁘고 분위기도 좋다맛은 언제나 최고당 특히 사이다냉침 티가 인상적,맛있다
3774,아임파이,예다,커피도 타르트도 맛있었습니다. 다만 너무나 불편했던 사실은 지하가 매우 시끄러웠다는 것입니다. 구조상의 문제인지 제가 있을 때 손님들의 문제였던건지 매우 시끄러워 귀가 울리는 느낌이 들었습니다. 겉보기 상으론 매우 분위기가 좋아보이나 그 속에 들어있긴 힘드네요 ㅠㅠ,별로
3775,아임파이,제이,"사진: 버터스카치 파이, 모모 우롱차외대 근처의 작은 카페. 외관이 워낙 깔끔해서 스쳐지나갈 뻔 했다. 파이가 다른 곳보다 맛있고 안에 다크초콜릿, 위에 아몬드가 있어 맛이 풍부해 매우 만족스러웠다. 음료도 다른 곳과 달리 모모 우롱차나 사쿠란보 홍차 등 일본식 홍차가 있어서 좋았다. 다음번에도 꼭 방문할 예정이다.",맛있다
3776,아임파이,qwert,아임파이는 딸기타르트랑 쇼콜라입니다. 적으세요제발 가주세요.. 여기 쿠폰 2줄이나 모은 단골로서 저만 알고있긴 아쉽다는 생각에 오만 동네 사람들에게 홍보중입니다. 가게 지분은 0.001도 없지만 사장님이 너무 친절하셔서 솔직히 인생맛집 소문 잘 안 내는데 여기는 진짜 대박입니다. 위에도 말했듯이 딸기타르트랑 쇼콜라가 대박입니다. 딸기 철 끝나기 전에 가세요,맛있다
3777,아임파이,E.T Jun ,원래는 옆건물에서 작게 있었던 정감있는 파이집이었는데 새로운 자리로 옮겨오면서 인테리어도 깔끔해지고 지하좌석도 생겼습니다. 아몬드피치타르트는 생각보다  달지 않았고 좋은 복숭아로 신경써서 만든게 느껴지는 맛이었습니다. 당근케이크는 생각보다 당근 맛이 별로 안느껴져서 아쉬웠지만 그래도 그 자체로도 맛있는 케이크였습니다. 지하자석으로 내려갈때 계단을 조심하셔야 될 것 같고 공간이 좀 소리가 울려서 사람이 많아지면 시끄러울 것 같기도 합니다. 그래도 외대앞에서 이정도 수준의 파이와 케이크같은  수제 디저트류를 먹을 수 있는 점은 정말 좋은 것 같습니다.,맛있다
3778,아임파이,띵시,"가성비 ⚫️⚫️⚫️⚪️⚪️맛 ⚫️⚫️⚫️⚪️⚪️분위기 ⚫️⚫️⚫️⚫️⚪️재방문의사 75제철과일로 다양한 파이와 미니타르트를 만드는 곳! 원래 정말 작은 가게였지만 얼마 전 확장이전하였다. 옛 카페플래닛 자리에 있음.이사 후 먹은 메뉴는 바나나타르트, 산딸기타르트, 쇼콜라퐁당. 취향에 따라 다르겠지만 나는 산딸기타르트가 젤 괜찮았다. 이 곳 메뉴의 타르트지는 굉장히 두껍고 딱딱해 자르기 불편하다. 단단한 타르트지를 좋아하는 사람들도 꽤 있음. 바나나타르트는 토치로 캐러맬라이즈한 바나나가 생크림과 다크초코 가나슈 위에 듬직하게 올라감. 좀 든든한 디저트를 원할 때 추천하는 메뉴.산딸기타르트는 산딸기가 제철이라 향이 진하고 맛있다! 다만 입에 묵직하게 얹히는 느낌이 아니라 후다닥 왔다 가는 가벼운 느낌. 커스타드 크림과 생크림이 깔려 있다.음료를 미처 못 찍었는데, 사이다에 냉침한 가향차가 놀랄 만큼 맛있다! 사쿠라 무엇무엇 하는 차였는데... 아메리카노는 차게 먹으면 산미가 꽤 있지만 따아메는 고소한 맛이 두드러진다. 취향 따라 고르기를.1층 매장 좌석보다는 지하 좌석이 훨씬 편안하다. 어둡고 은은한 갤러리 같은 분위기. 사장님의 선곡도 아주 좋고 좌석 간 거리도 널찍해 수다 떨기에 제격이다.외대 근처에서 편안하게 시간을 때우고 싶을 때, 건강한 디저트가 필요할 때 추천하는 곳.",맛있다
3779,아임파이,탁지윤,외대에서 젤 맛있는 커피와 타르트,맛있다
3780,카페파인,snoopy,"본격 스터디 카페. 카페에 칸막이 쳐져있고, 회의실 있고, 자리마다 콘센트 있고, 학생들은 아직 모두 등교하기 전이어서 그런지 사람이 많지는 않았던 곳. 커피맛은 아주 좋지는 않았어요",괜찮다
3781,카페파인,북극곰,"고대 정문 쪽에 거의 유일한 대형카페인데 되게 건물이 크고 스터디룸도 많아서, 스터디하기에도 좋고 커피맛도 좋아서 그냥 밥먹고 들르기도 좋은 카페다. 이미 고대생들은 자주 이용하고 있는듯",맛있다
3782,카페파인,준영,공부하기 너무 좋은 카페! 커피도 산미 넉넉하게 느껴져서 맛있고 전체적인 분위기도 다들 노트북 작업 하는 분위기라 너무 좋아요ㅎㅎ 디스커션할 수 있는 스터디룸 같은게 따로 있어서 다음에 친구랑 오면 여기 이용해보고 싶네요!,맛있다
3783,카페파인,SOJANG,"고대 정문 맞은편에서 살짝 뒷골목에 있는 깔끔하고 친절한 카페이다.1층은 아늑한 느낌,2층에는 방방으로 만들어 놓은 세미나 공간이 있고,스터디공간 + 그리고 중간에는 편안한 소파까지~~2층에 올라가보니 이 카페 공간이 얼마나 넓은지 가늠이 된다.군데군데 앙징맞은 스텐드 조명을 비치해 두었는데~특히 개인적으로 초록색 우체국 등이 맘에 든다 ㅎㅎ카페라떼와 카프치노 그리고 비스켓을 주문했는데 ~모두 다 맛났다.고대 지하철역 인근에 있는 신상카페이다.",맛있다
3784,카페파인,seul,고대 팀플 성지..? 팀플 맛집? 같은 카페.떠들면서 놀러 들어온 내가 이상한 사람이 된 거 같은 기분이 들 정도로 카페 안에 팀플러들로 가득하다.저녁 늦게 방문했더니 안 되는 메뉴가 많아서 녹차라떼를 주문했는데 무난했음.단순 카페 방문보다는 팀플이 목적인 분들께 더 좋은 공간일 듯싶다.,괜찮다
3785,카페파인,뿌디,"— 자주 논문쓰러 갈 곳으로 one pick —  일상의 단조로움 속에서 즐거움은 아주 큰 것에 있기보단 사소하고, 별볼 일 없는 것에서 기인하는 것 같다. 어렸을 적 환상에 젖어 스펙타클한 인생을 기대했지만, 실은 하루를 살아내는 단조로움 자체가 대단한 거였다. 그래서 엄청난 특별함을 기대하기 보다, 내게 흥미롭고 행복감을 주는 자극은 맛있는 커피, 달달한 스콘이다.재택근무의 연장선상으로 학기말 페이퍼도 써야해서, 마땅한 자릴 찾던 중 가게된 이곳. 공간이 주는 안도감과 기분좋음이 있다.커피는 dark한 잭으로 시켰는데, 아몬드처럼 고소하고 매우 맛있었다. 스콘의 비주얼에 홀려 크랜베리치즈스콘을 시켰는데, 맛이 괜찮긴 했으나 데워달라는 요청을 들어주시지 않아 이 부분은 좀 아쉬웠다. 담엔 글루텐 프리 브라우니를....세미나룸/회의실 형태가 방으로 이루어져 팀프로젝트나 협업을 할 공간도 매우 잘 마련되어 있고, 혼공하기에도 정말 적절한 곳이다. 제일 좋았던 건 가사없는 노래가 들리는 것. 대중가요가 크게 나오는 곳에서 공부가 안되는 본인에게 매우 적합했다.자주 올 것 같다. 힐링하러? 또는 페이퍼랑 공부하러? 또는 재택하러.....!!!!",맛있다
3786,카페파인,준영,공부하기 좋고.. 예쁘고.. 커피 맛있는데... 심지어 그게 고대에 있어요! 몰랐는데 고대생들의 팀플 맛집이라고 합니다ㅋㅋ 팀플 할 수 있도록 스터디룸 같은 공간이 많은 것도 메리트가 되겠네요. 재방문 의사 팍팍!,맛있다
3787,카페파인,무밍요,"깔끔하고 예쁜 내부가 매력적인 카페.널찍한 2층 건물에 테이블 간격도 넓다.테이블과 의자들도 참 예쁜 것들로 채워져있다.특히 2층은 아예 공부하기 좋은 분위기라 많은 학생들이 조용히 공부하러 찾는 것 같다.아이스크림과 쿠키 메뉴, 피콜로 라떼를 주문했다.프레첼이 몇 개 얹어진 아이스크림과 작고 진한 라떼가 나왔다.사실 쿠키라기에 기대한 게 있는데 프레첼이 몇 개 꽂혀있어서 다소 실망하긴 했다. 아이스크림은 우유향보다는 바닐라향이 더 낭낭한 아이스크림이다.  라떼는 커피자체의 향이 고소해서 고소하게 먹기 괜찮았다.사실 음료 맛만 보면 좀 아쉬운편이지만쾌적한 환경과 학생들을 위한 배려가 돋보이는 곳이었다.",괜찮다
3788,카페파인,코랄,"고대 정문의 신상카페.감성카페이면서 공부/작업하기 좋은 카페인 경우는 거의 못본 것 같은데 여긴 둘 다 해당된다!학교 앞이라서 그런지 아예 공부할 수 있는 분위기와 팀플 공간을 만들어 놓았다. 콘센트도 많다. 전체적으로 인테리어가 깔끔하고 크고 좋다.커피는 원두를 두 가지 중에 고를 수 있다.Jack- nutty, cacao, mild, dark chocolateQueen-  tropical, red apple, silky, clean차도 향을 직접 맡아보고 고를 수 있다.음료는 밀크티와 초코라떼를 시켰는데 그냥 평범했다. 하지만 위치와 공간이 괜찮아서 또 오게 될 것 같다.다음엔 스무디류를 먹어보고 싶다.",괜찮다
3789,카페파인,장희,고대정문 골목에 생긴지 얼마안된 카페. 공간이 아주 크고 깔끔하다. 나는 이런 깨끗한 분위기면 공부하거나 오래있기엔 좋지 않은 약간 불편한 공간이라고 생각했는데 여기는 오래있도록 고려한 곳 같아서 부담스럽진 않을 듯. 1층으로 끝나는줄 알았는데 2층은 더 크다. 단체석 룸도 따로있고. 음료는 인상적이지 않았지만 깨끗한 학교앞 카페라는 점이 포인트,맛있다
3790,베이크어데이,뎜(dyeom),2020.10.19맛있었던 기억으로 재방문했다.치즈케이크 시키고싶었는데 솔드아웃이어서 아쉽지만 다른디저트 주문...저번엔 맛있게 먹었는데 이날은 그냥 그랬다. 음료양도적고..디저트 맛은 괜찮은데 가격이 비싸다...두번째사진은 크림브륄뤠? 인데 먹다보니 느끼했다.다음엔 다른 곳을 알아볼까싶은...ㅎ,괜찮다
3791,베이크어데이,Ray,뭘 마실까 고민하다가 기라델리 초콜릿으로 만들었다는 아이스초코를 주문했는데 아주 만족스러웠어요!진하면서도 과하게 달지 않아 정도를 아는 단맛의 느낌이라 더 좋았고요. 단 걸 싫어하지만 않으면 어느 정도 맛나게 마실 수 있는 음료라고 생각해요. 이 아이스초코 덕에 재방문하고 싶을 정도로 신뢰감이 대폭 상승했습니다ㅋㅋㅋ카페는 내부에 있는 화장실이 정말 깔끔해서 인상적이었고요. 초여름이었나 저녁엔 덥지 않을 때 갔는데도 에어컨이 너무 빵빵해서 좀 추웠어요.,맛있다
3792,베이크어데이,즌짱,"먹기 전에 사진을 안 찍으면 안 찍었지 사진 찍는 걸 까먹는 일이 거의 없는데 이 날 휘낭시에 보자마자 주체 못하고 일단 먹고 봤습니다. 다이어터 폭주하게 하는 맛에 그저 황홀할 뿐,, ㅎ딸기 수플레 카스테라, 발로나 초콜릿 휘낭시에, 유자 파운드. 셋 다 맛있었는데, 딸기 수플레 카스테라가 가장 무난했어요. 유자 파운드가 생각보다 맛있었고, 하프 사이즈로 구매할 수 있어서 좋았습니다 :)",맛있다
3793,베이크어데이,뎜(dyeom),"2020.02.26친구랑 놀 때 밥 먹고 카페 가는데 배보다 배꼽이 더크다. ^^ 밥은 인당 8000원, 카페에선 인당 10000원을 쓴듯 ㅋㅋ사진을 못 찍었는데 디저트 종류가 꽤 많다. 인스타를 보면 메뉴가 조금씩 바뀌는 듯하다.우리가 시킨 건 스콘, 딸기소보로버클, 플레인치즈케이크!딸기소보로버클은 위에 바닐라 아이스크림을 올려주시는데 시원하고 조화롭다!스콘은 그닥 좋아하는 편은 아니었지만 맛있었고, 가장 맛있었던 건 플레인치즈케이크!!!!! 아 너무 맛있다. 시원하고 촉촉하고... 작지만 ㅠ 맛있는 ㅠ 치즈케이크..다들 드셔보시길..가격은 5000원대...학생 기준 조금 비싼감은 있지만 맛있으니까 그 돈 낼 가치가 있다는 생각이 들었다.조용하고 잔잔한 분위기에 맛있는 디저트가 먹고싶다면 추천",맛있다
3794,베이크어데이,한음,"“외대 근처에 몇 안되는 디저트 맛집”개인적으로 외대 디저트 양대산맥이라고 생각하는 이곳, 베이크어데이. 저는 까놀레와 마들렌같이 쪼그만 디저트를 굉장히 선호하는 편이라 이곳 정말 좋아해요. 주인 언니도 친절하시고 전반적으로 수다떨기 좋은 곳이에요! 커피도 맛있는 편이고(산미 있어요!) 무엇보다 음료 중에 시트러스 그레이와 라벤더 음료가 정말 맛있어요. 약간, 스파하는 느낌이라고 해야하나..? 특히 라벤더 음료는 진짜 라벤더 이벤트탕 먹는 느낌??? 근데 절대 맛없는 게 아니라 진짜 맛있어요(´༎ຶོρ༎ຶོ`)오랜만에 만난 친구랑 수다떨때나 다른 학교 친구 왔을 때 같이 가기 너무 좋은 곳이에요! 다만 이문동 물가 치고 다소 비싼 가격,, 이 제가 생각하는 유일한 단점입니다ㅠㅠ",맛있다
3795,베이크어데이,즌짱,"외대 정문 인근의 디저트 카페 :)출근하기 전에 잠깐 들러서 딸기 소보로 버클과 얼그레이 파운드를 포장했어요!딸기 소보로 버클은 부들부들하면서 중간 중간 딸기 잼(?)이 있어서 상큼 달달하고 소보로 덕에 식감이 다양해서 좋았어요! 얼그레이 파운드는 얼그레이 향이 좀 약해서 아쉬웠는데, 묵직한 정도는 맘에 들었어요. 향이 좀 더 진했다면 매일 가서 사 먹었을 지도,,, ㅎㅁㅎ디저트 류는 생각도 못하던 이문동에 단비같은 곳입니다 희희 당연 재방문 의사 있어요!",맛있다
3796,베이크어데이,띵시,"가성비 ●●●●○맛 ●●●○○분위기 ●●●○○재방문의사 80외대앞 골목길에 비교적 최근 생긴 디저트카페! 외대 정문 및 지하철역에서 가까워 접근성이 좋다. 가게는 하양하양 깔끔한 인테리어, 좌석 간격 널찍해 수다권 확보 제대로 됨.유자파운드케익과 테린느, 아이스 라떼 주문함. 라떼는 커피 향이 연해 아쉬웠으나 덕분에 디저트 맛을 해치지 않았다고 긍정적으로 생각함.. :) 테린느는 작지만 비스킷 안에 끼워줘서 손으로 잡고 먹기 좋았다. 파운드는 유자 제스트가 달콤상큼하게 씹히고 파운드 자체 식감도 좋았다. 글레이징 빡세게 한 구움과자 짱 싫어하는데 조금조금씩 장식 정도로만 되어 있어서 딱 좋았음.더 많은 디저트 맛보러 재방문할 예정임!",괜찮다
3797,베이크어데이,Consumericus,"디저트 류가 기대에 못미친다는 평이 다소 있었지만 회기라면 괜찮다. 디저트 불모지의 역사를 생각한다면 감지덕지한 수준.다른 메뉴는 모르겠지만 딸기소보루버클과 아이스크림, 티의 조화는 노트북을 내팽개치고 일단 디저트부터 순식간에 먹어치우게 하는 맛.티의 블렌딩이 다양하다는 점도 마음에 든다.주인언니 너무 친절하시고 오래오래 여기서 영업해주셨으면",맛있다
3798,베이크어데이,KimJulie,생긴지 얼마 안됐는데 깔끔한 인테리어에 음료랑 빵 모두 정말 맛있다. 음료는 얼그레이 시트러스인데 갈증이 날 때 마시면 시원하고 상큼하다! 그리고 빵은 종류가 많은데 마들렌 같은 경우에는 신기하게 쫀득거린다. 앞으로 자주 애용하게 될 것 같다.,맛있다
3799,베이크어데이,깡엔,"외대 앞은 언제까지나 디저트의 불모지라고 생각했는데 하나 둘 씩 생겨나다가 마음에 드는 디저트가게가 생겼다!이 가게가 매력적인 점1. 외대 정문에 위치하여 가깝다2. 주인 언니가 엄청엄청 친절하다3. 커피가 맛있다, 차 종류도 특이하고 맛있을 것 같다(먹어 볼 예정)4. 내부 인테리어가 탈이문동5. 디저트가 맛있다가오픈 기간에 가서 다 먹어보지는 못하였지만 주로 구움과자 위주로 파는 듯 했다(스콘, 마들렌, 파운드, 쿠키, 블론디)특히 블론디는 처음 먹어보고, 들어보는 디저트였는데 브라우니같은 제형에 견과류가 풍부하게 블루베리와 함께 나와 아메리랑 마시기 딱 좋았다사진은 개떡같이 찍었지만 정말 예쁘고 친절하고 맛있고... 혼자 다 한다. 바라는 점이 있다면 더 다양한 종류의 디저트가 있으면 좋겠다는점! 아직 가오픈 기간이라 더 다채로워지고 발전할 가게가 될 것 같다",맛있다
3800,와요,이리저리,가격이 엄청 싸진않았지만 그래도 맛있었어요. 오레오 요거트 아이스크림 + 크러쉬드 초콜렛 토핑 추가해서 먹었는데 살짝 토핑 조합을 잘못고른것같았지만 그래도 만족!개인적으로 좌석수가 너무 적어서 아쉬웠어요,맛있다
3801,와요,미동이,무난하게 괜찮다,괜찮다
3802,와요,지윤99,홀에서 쿠키범벅(2500)을 먹고 포장으로(4가지맛 쿼터9500)는 필라델피아 치즈케잌 요맘때 복숭아 쿠키범벅 헤이즐넛초코를 먹었다. 다른건 별로 그런느낌이 없는데 쿠키범벅은 아이스크림 식감이 약간 서걱서걱하다. 집에서 그냥 요거트얼려 먹을때 느껴지는 식감이랄까. 다 맛있었지만 치즈케잌과 헤이즐넛 초코가 가장 맛있었다. 초코는 풍미는 좋은데 많이달지 않았고 치즈케잌은 그 치즈케잌 피스가 크게들어가서 맛이풍부했다. 다만 포장스킬이 좀 별로라 잘 녹는다. 포장을 드라이아이스가 아닌 보냉팩을 넣어줘서 요즘같은날에는 금방녹는다. 그리고 대부분식감이 좀 서걱서걱한 경향이 있으니 참고하시길!,맛있다
3803,와요,채니,확실히 17-18년도에 비해 맛이 연해졌음.. 밍밍해 ㅜㅜ인테리어 공사하고 가격도 올랐고 베라랑 가격 비슷한데 그 가격이면 차라리 베라에서 사먹는게 나을듯,별로
3804,와요,코랄,원래 맛있는 아이스크림 가게인데 내가 맛 선택을 잘못한 것 같다.제대로 살펴보지 않고 그냥 제일 인기 있는 오레오 범벅을 시켰다. 나는 일반 쿠앤크를 생각하고 있었는데 특이하게 요거트 아이스크림에 오레오 크럼이 박혀 있는 맛이었다. 시큼한 맛을 별로 안좋아하기도 하고 요거트와 오레오가 잘 어울리는 조합처럼 느껴지지 않아서 개인적으로는 별로였다.가격은 한 스쿱에 2천원으로 대부분의 수제 아이스크림 가게들보다 저렴한 것 같다.다음에는 내 취향에 맞는 맛으로 먹어보고 싶지만 굳이 찾아가서 먹지는 않을 것 같다.,괜찮다
3805,와요,달팽,가격대비 맛은 괜찮았던것 같아요. 적당한 가격에 수제아이스크림을 먹을수 있어서 좋았습니다. 다만 민트초코가 너무 파란색이라 조금 당황스러웠어요.. 혀에 파랗게 묻어나는 정도였습니다,괜찮다
3806,와요,grace,가성비도 좋고맛있어서 자주 찾는 경희대 앞 아이스크림 가게에요!개인적으로는계속 먹어봐도이곳의 시그니처 메뉴인 오레오범벅이 젤 맛있더라구요!쿠키 앤 크림하면 떠올려지는 맛이랑 다르게이 아이스크림은퓨어한 요거트 아이스크림 베이스에오레오 조각이 통으로 군데군데 박혀있거든요 ❤️그래서 가끔 회기에서 밥먹고 나면자주 후식으로 생각나는 아이스크림이에요!그리고 옆에 시퍼런 것은 ㅋㅋㅋ 민트 초코인데우유 맛이 비교적 강한 민트맛에 초코칩이 있었어요!괜찮았지만 저는 오레오 범벅이 더 좋았어욥 ㅋㅋ,맛있다
3807,와요,YK,"꾸며낸 말을 쓰기 어렵네요제가 다녔던 학교 근처 수많은 맛집이 사라졌는데..... 오믈레스, 교차로 등등... ㅠㅜ그대로 있어줘서 고마워요.와요에 가요.",맛있다
3808,와요,Ray,원래 2천원인데 1500원으로 할인해주는 초콜릿 소프트아이스크림을 먹었는데요. 그냥저냥 적당한 초코 맛이라 조금 더 진해도 좋지 않았을까 조금 아쉬웠어요. 마냥 단 맛은 아니어서 단 거 별로인 분한테 더 맞는 맛일지도 모르겠네요.,괜찮다
3809,와요,무밍요,음... 일단 절대 여길 일부러 찾아갈 건 아닌것 같다!로얄밀크티와 벨지안초콜렛을 주문했는데이름을 떠올리면 자연스레 떠오르는 딱 그 맛이다.특히나 벨지안초콜렛은 이름에 비해 초콜렛의 짙은 맛이나 풍미가 아쉬웠다.둘 다 식감은 젤라또보다는 집에서 만드는 소프트아이스크림 정도의 식감이다.다만 할인까지해서 두 개 4000원에 맛본 아이스크림으로는 괜찮았다!일단 단 정도가 적당하고 맛도 이름에 충실하니까.나쁠건 없지만추천하고싶고 또 찾고싶은 곳이 되기엔 특색이 부족하다는 표현이 딱 맞을 것 같다.,괜찮다
3810,와요,즌짱,"경희대 명물 디저트 더 와요 아이스크림. 특히 오레오 요거트가 인기 메뉴인데, 정말 맛있다. 요 메뉴를 시작으로 와요가 유명해진 거로 아는데 사장님 진짜 배우신 분.... 요거트에 오레오라니.. 너무 완벽한 조합이다. 메뉴 종류가 진짜 진짜 많은데- 얼그레이도 맛있었고, 하나는 무슨 맛이었는지 기억이 안 나는데... 셋 다 맛있다며 먹음 ㅎㅅㅎ..추천 메뉴는 역시 오레오!!!!!",맛있다
3811,와요,이진쓰,"저는 피스타치오맛, 친구는 사과요거트(요맘떼맛)를 시켰는데 사과요거트맛 추천피스타치오맛은 고소하긴하나 약간 알게모르게 빈약하고 허약한 맛이 없지않아 많으니까 뭐랄까...좀 그렇습니다. ㅎㅎㅎ하지만 사과요거트맛은 정말 좋아요.그리고 여기 참 저렴하네요.",맛있다
3812,와요,혁명적스시,"1. 가격 (대학생기준)최고의 가성비와 양사실 한 사람 당 한 스쿱은 부족할 것 같아서 세 스쿱을 시켰는데 많이 남았다.2. 맛의 특징맛있는 천연 아이스크림 맛을 상상하면 될 것 같다. 맛 그 자체보다 포인트는 후레이크. 땅콩, 건망고 등 각각의 맛에 어울리는 후레이크가 재밌는 식감을 선사해준다. 3. 먹어본 맛 피스타치오, 치즈케이크, 페레로로쉐(고소) / (쫀득) / (진짜 페레로로쉐 맛)4. 재방문 의사멀리서 찾아갈 정도의 분위기 맛집은 아니지만, 대학가 디저트 집으로서 흠잡을데가 없다. 근처에 있다면 매번 갔을 곳!",맛있다
3813,와요,윤민섭,경희대 주변 갈때마다 들리는곳.가격이 일단 착하고 맛도 괜찮은 아이스크림집.요거트류 아이스크림이 주류라 새콤함이 가득함.,맛있다
3814,와요,kkonoo,개인적으로 배라는 뒷맛이 느끼한데 여긴 깔끔해서 더 좋아해요. 새로운 메뉴도 자주 나오는데 항상 실패가 없더라구요ㅎㅎ,맛있다
3815,와요,지융,맛있어요. 특히 이번에 새로 나온 피스타치오 아이스크림 인위적인 맛도 없고 맛있었어요. 이거 먹으러 또 가고싶어요,맛있다
3816,와요,JW,이 두 종류말고 청사과요맘떼?도 먹어봤는데 별로다 ㅜㅜ 저렴(?)해서 유명한듯,별로
3817,와요,눈누난나,"경희대학교 다니는 동생 추천으로 가보았는데 수제아이스크림집입니다. 일단 아이스크림하면 베라나 젤라또 정도만 생각하기 때문에 수제 아이스크림이라고 해서 신기하구요, 맛도 굉장히 다양하고 맛있는 것들이 많더라구요. 요거트 아이스크림이랑 녹차 아이스크림 먹었는데 두개 다 맛있었어요~ 가격도 대학가인 만큼 합리적이라서 추천해드리고 싶어요^0^",맛있다
3818,와요,만종스,"대표 메뉴인 오레오범벅 아이스크림!요거트맛 아이스크림에 오레오가 들어가있다상큼하고 달달하고 아주 굿~~~~~가격도 요즘 아이스크림 가격치고 굉장히 저렴한듯!!우리 학교 앞이었으면 자주 먹었을 것 같다~.오레오범벅 (₩1,800).매장 小맛 @@@@가성비 @@@@@총점 @@@@*",맛있다
3819,와요,마시쪙,짱 맛있다! 로열밀크티랑 요거트소프트아이스크림 먹었는데 짱!,맛있다
3820,와요,Lee,여기는 뭐니뭐니해도 기본 플레인 요거트 아이스크림이 제일 맛있다! 슬쩍슬쩍 바닐라향도 나는것같음. 맛있는 곳!,맛있다
3821,와요,Andreas (지우),"Rather cheap ice cream, but many of the flavours taste kinda similar",괜찮다
3822,커피디엔에이로스팅컴퍼니,Ray,추울 때 처음 갔는데 맛이 좀 애매해서 다른 것도 마셔보고 리뷰 써야지 하고 미룬 곳이에요. 그런데 어쩌다보니 한참 지나 더워지고 나서야 방문했건만 아무래도 똑같은 음료를 주문한 것 같단 말이죠...? 주문하고 나서야 뭘 먹으려고 했는지 기억이 났어요ㅠㅠ그래서 오늘 주문한 건 아이스누텔라커피(5000)인데요ㅋㅋ 모카도 있는데 모카보단 누텔라가 낫겠지 하고 500원인가 더 비싼 누텔라로 주문! 기본이 더블샷이라 그런지 누텔라가 들어갔는데도 그렇게 달지 않아요. 개인적으론 단 걸 선호하지만 이 정도 밸러스는 괜찮다 싶었는데요. 그렇다고 선뜻 맛있다고 하기엔 누텔라 맛이 살아있지 않은 데다가 커피 자체도 막 맛있지 않아 부족한 느낌. 역시 애매하다고 생각하면서 마시고 있는데 커피가 점점 써지더라고요ㅠㅠ 마시기 전에 열심히 휘저었는데도 얼음이 가득하다보니 잘 안 섞인 것 같은데 심지어 맛나게 쓴 게 아니라 그냥 마구 쓴맛에 애매하던 평가는 '괜찮다'로 확정! 다시 맛보기엔 너무 강렬했던 쓴맛이라 이후 재방문은 안 할 것 같아요...,괜찮다
3823,커피디엔에이로스팅컴퍼니,즌짱,"교생 실습 중 출근 길 커피를 담당하고 있는 디엔에이...경희대 후문을 통해 출근하는 저는 경희대 외대 후문 쪽에서 커피를 사서 가야하는데, 8시에 여는 디엔에이 말고는 ,,, 선택권이 없어요,,, 그렇지만 커피가 맛있어서 나름 만족 중!! 월남라떼 맛있어요 ( ･_･)♡ (아이스 아메리카노 아랫부분은 헤이즐넛 시럽입니다,, ㅎ)",맛있다
3824,커피디엔에이로스팅컴퍼니,필터커피처돌이,"커피콩인지 검정콩인지 스타벅스보다 심한 강배전아무런 향 없이, 입에 알싸하게 탄맛과 저릴듯 쌉싸름한 맛만 남고 피니쉬가 너무 텁텁 씁쓸하다. 기름 좔좔 흐르는 강배전 쓰고 절절한 커피 좋아하시는 분들은 좋아할듯 난 극 불호",별로
3825,커피디엔에이로스팅컴퍼니,미콩,이 가격에 이 맛이라니 아메리카노 7000원 이상인 카페들은 모두 고개를 숙여주세요오픈 시간에 갔어도 귀찮은 내색 없이 커피를 내려주시는 바리스타분과은은한 커피향과취향저격해버리는 골드블랙 커피컵모든게 만족스러운 아침이었습니다,맛있다
3826,커피디엔에이로스팅컴퍼니,22je2,시그니처인 월남라떼를 시켜먹었다. 500원 더 주고 바를로 첫 모금을 마시고 눈을 떴을때 난 10년전 여름 행정반이었다. 행정반 꿀 보직 녀석이 나왔다고 종이컵에 맥심 2봉지 뜯어 얼음 하나 톡 넣어준 아이스커피를 들고 있었다. 좀 과장되게 말해 그 때 기억이 난다. 달달한 연유가 혀를 코팅해주면 그 뒤로 에스프레소2샷이 쌉살하게 올라온다. 근데 바를이다보니 한모금 쭉쭉마시니 2샷의 여파가 오네 골이 띵하다.,괜찮다
3827,커피디엔에이로스팅컴퍼니,촘촘,월남라떼 큰사이즈 두유로만 쿠폰 5장 채운듯,맛있다
3828,커피디엔에이로스팅컴퍼니,우이리,그냥 좋습니다. 넘 좋아 순식간에 마시고 빈 컵 사진입니다. ㅜㅜ,맛있다
3829,커피디엔에이로스팅컴퍼니,AlexTheFood,"170612.맛 ★★★★분위기 - 가성비 ★★★☆ 재방문 의사 있음 주문한 메뉴 (Take Out) LATTE SAIGON (월남라떼) - 4000원 총 4000원외대와 경희대생들 사이에서 뿐만 아니라다른 지역의 사람들까지 찾아올 정도로 유명한커피 디앤에이 로스팅 컴퍼니.사실 예전에도 마신 적이 있는데이제서야 리뷰를 처음 해본다.내 리뷰들을 쭉 봐왔던 분들은 아시겠지만난 커알못(커피를 알지 못하는 사람)이므로원래 카페는 잘 안 가는데,오랜만에 커피 디앤에이의 그,월남라떼의 맛이 갑자기 생각나서한 번 방문해보았다.외대 후문에 위치해 있어서오전 8시 10분인데도많은 교수님들이 사가시는 것 같더라.내가 주문한 커피는 당연히LATTE SAIGON (월남라떼).이 곳 직원분들은 정말 다들하나같이 친절하셔서카드를 받고 주문 받으실 때마다,""카드 받았습니다. 3번이십니다.곧 라떼 사이공 준비해드리겠습니다.라떼 사이공 나왔습니다. 감사합니다.""이걸 전부 기계적으로 말씀하시는데,아침이라 그런지다들 너무 힘들어 보이셨다...ㅜㅠ그래도 눈 앞에서 바로 커피를 뽑아에스프레소를 내리고,휙휙휙 만드는 모습을 보면확실히 인기가 많은 이유가 있다.(이 시간에도 2-3명이 대기 중이었으니.)내 월남라떼가 나오는 동안안을 둘러보는데,커피 좋아하시는 분들에겐 희소식?1.1리터 콜드커피 글라스 보틀을 구매하면시원한 콜드커피를 채워서 주고,다 마시고 병 세척 후 가져오면만원에 또 리필을 해주신다고 한다.(나에게는 별 도움이 안 되는 정보...)어쨌든 그렇게 오랜만에 마신 월남라떼는,역시!근처 컴플리트의 코코지앵이약간 쌉싸름한 커피와 코코넛 밀크향이각자의 개성을 이루며 하이파이브를 한다면,커피 디앤에이의 월남라떼는연유와 에스프레소가 이미 하나되어부드럽게 쎄쎄쎄를 하고 있는 느낌이다.커알못이 추천하는,커알못도 맛있는 커피.카페 창희의 아포가토는 커피가 아니지만,창희의 아포가토, 컴플리트의 코코지앵과커피 디앤에이의 월남라떼는,정말 커알못도 반하게 만들만한음료-디저트라고 생각한다.혹 커피를 별로 안 좋아하시는 분들이라면이 곳들의 커피들을 꼭 마셔보시길.우리가 생각했던 '그 커피'가 아닐테니까.",맛있다
3830,커피디엔에이로스팅컴퍼니,*,괜찮음~ 다음에 제대로 먹어봐야지,괜찮다
3831,커피디엔에이로스팅컴퍼니,u.j.g,월남 라떼 최고. 달달한 커피 젛아하는 분들은 정말 좋아할 거에요.,맛있다
3832,커피디엔에이로스팅컴퍼니,키다리아저씨,늦은 저녁~ 외대 후문쪽 골목안의 아담한 카페.평점이 높아서 가고싶다 체크해 두었는데 이제서야 다녀왔다^^규모가 작은 카페이지만 커피에 대한 확신과 전문성을 보여주려 노력한 모습이 보인다.컵에 프린트 된 디자인부터~ 사용하는 머신... 그리고 커피내리는 모습 등... 대충 커피내리는 곳은 아니라는 느낌이 든다.유명하다는 월남라떼와 원두의 맛을 느끼기 위해 아메리카노 한잔씩을 주문하였다.우선 원두의 향과 맛...풍미는 누구나 좋아할만한 스타일이다. 고소함과 다크함의 조화...산미는 없어서 호불호도 없고 무난하게 즐기기 좋은 스타일이다.커피의 맛을 아는사람이건 모르는 사람이건 선호하는 취향적 리스크를 최소화한 맛이라 생각한다^^월남라떼도 달달함도 진하지만 커피의향도 약하지 않아서 좋다. 대학가의 골목에 위치해서 찾아가기 편한 위치는 아니지만~ 그만큼의 저렴한 가격대에 수준있는 커피는 맛있다고해도 괜찮을듯하다^^경희대쪽에서 테이크아웃할때는 배트콩~외대쪽에서 테이크아웃할때는 이곳을 이용해야겠다^^,맛있다
3833,커피디엔에이로스팅컴퍼니,예 림,제 학교생활의 질을 높여주었던 카페 ㅎㅎ 여기서 라떼 한잔 사서 공강시간을 보내면 정말 행복했어요! 고소한 맛이 나는 라떼를 좋아하는데 여기가 딱 그래요. 직접 그자리에서 짜서 주는 에이드도 좋고 아메리카노도.. 그냥 디엔에이는 정말 좋은 카페에요ㅠㅠ 쿠폰 모으는 재미도 아주 쏠쏠했는데 말이죠ㅠㅠ,맛있다
3834,커피디엔에이로스팅컴퍼니,Jㅐ,"외대 앞에 위치한 ""커피디엔에이로스팅컴퍼니"". 외대 앞에서 꽤 유명한 카페인듯 해요. 월남라떼가 대표 메뉴래요. 사진은 '오란다사이공'. 콜드브류(더치커피)에 연유가 들어간 커피. 단 커피를 별로 좋아하지 않음에도 괜찮았던 거 보면 달달한 커피 좋아하시는 분은 좋아하실듯!! 달콤한데도 끝맛이 깔끔하고 고소해서 좋았어요. 더치커피 베이스라 그런가!? 앉아서 먹고 갈 수 있는 자리가 없는 게 아쉬워요.",맛있다
3835,커피디엔에이로스팅컴퍼니,빅이벤트,가 본 커피집 중에 손꼽을만한 맛집!평점 4.3이 매우 이해되는 집이에요~,맛있다
3836,커피디엔에이로스팅컴퍼니,봄 سيبوم,외대에 다시 가고싶은 이유. 디엔에이커피  인터넷으로도 주문가능해서 먹고 갈때마다 두잔먹고 포션으로 사온당,맛있다
3837,커피디엔에이로스팅컴퍼니,띵시,"가성비 ●●●○○맛 ●●●●○분위기 ●●○○○재방문의사 95커피 맛으로는 외대 카페, 아니 동대문구 카페 중 원탑. 월남라떼(연유라떼)가 가장 유명하지만 더치 베이스의 오란다사이공이 훨씬 매력적이다. 더치 자체를 잘 뽑아내 그냥 더치아이스커피도 훌륭. 향이 부드럽기보다는 강하게 팍! 치고 가는 타입이라서 아침에 잠 깨는 용도로 최고. 워낙 커피가 유명해 숨겨진 메뉴인 자몽에이드 또한 충격적으로 맛있다. 아쉬운 것은 테이크아웃 전문, 아침에 가도 줄을 꽤 서야 한다는 점.",맛있다
3838,커피디엔에이로스팅컴퍼니,노가리구운김,오란다 그린 오란다 그린 오란다 그린 오란다 그린사랑해요,맛있다
3839,커피디엔에이로스팅컴퍼니,qwert,더치커피 사서 매일 한 잔씩 먹었는데 주위에서 어디서 삿냐고 물어볼 정도,맛있다
3840,커피디엔에이로스팅컴퍼니,ㅎㅂㅎ,월남라떼짱!,맛있다
3841,메모아르,추진단장,맛있다..... 장인정신이 느껴지는 케이크와 타르트그리고 합리적인 가격!♡♡♡♡♡하지만 재방문이 망설여진다면뭔가 어중한 가게 분위기(특히 조명) 때문일 것이다1층에서 장사하시면 진짜 진짜 잘될텐데..하지만 지금 이대로 나만 아는 것도 좋다라임타르트 강추....!!!!!!!!,맛있다
3842,메모아르,풀롱옹,회기에서 꽤 유명한 갸또케이크를 파는 곳! 회기 갈 일이 있어서 한번 칮이서 들러봤어요어느새 날씨가 많이 더워져서 집에 포장해서 갔더니 좀 녹았더라구요ㅠㅠ 그래도 꽤 맛있게 먹었어요! 딸기레어치즈케이크가 상큼하고 달달하니 맛있었어요! 얼그레이갸또는 얼그레이 향이 많이 나서 좋았어요생각보다 매장이 넓어서 놀랐고 약간 휑한 느낌이 들면서도 예뻐요코로나 때문인지 매장 이용할 때는 한시간 정도만 가능하다고 써 있었어요!!,맛있다
3843,메모아르,보리,"회기에 위치한 '메모아르'- 크림모카, 당근케이크예쁜듯하지만 뭔가 휑한 인테리어의 카페,, 케이크 비주얼은 정말정말 예뻐요! ㅎㅎ커피와 케이크 모두 딱 무난히 맛있었던 맛. 그렇게 특별하지도 그렇게 맛없지도 않은 맛이었어요! 주변에 볼일 있을때 들르기 괜찮을 것 같아요.",괜찮다
3844,메모아르,미동이,티라미수와 갸또류 케이크를 먹었습니다.홀케이크가 저렴한 편이라 생일선물로 괜찮아요,괜찮다
3845,메모아르,준영,약간 채광이 부족하지만 아기자기하게 잘 꾸며져있던 공간이에요. 말차 갸또도 맛있었고 잘 찾아보기 힘든 딸기 샤를로뜨도 좋았어요. 찾아올 정도는 아니지만 회기라면 한번쯤 가볼만한?! 진짜 다양한 초들을 판매하시니 축하할 자리가 있으시다면 메모아르에서 챙겨보시길ㅎㅎ,맛있다
3846,메모아르,Ray,"딸기라떼(5300)와 생딸기레어치즈케이크(5900), 얼그레이갸또(5900)를 포장했어요. 포장은 10% 할인돼서 좀 더 저렴하게 샀습니다ㅎㅎ 포장 원하시는 분들은 다회용기를 가져가면 쿠키도 무료로 받을 수 있으니 참고하세요!딸기라떼는 큰 딸기 조각 없이 곱게 갈려 있는 스타일이었고요. 제 입맛에는 마실수록 기분 나쁘게 느껴지는 단맛이라 아쉬웠어요.케이크는 꽤 긴 이동 시간을 잘 버텨줘서 예쁜 모양 그대로 먹을 수 있었어요. 맛은 무난무난한데 크기는 작은 편이에요. 둘 중에는 생딸기케이크가 좀 더 나았어요.파스텔 톤의 귀여운 장난감 같은 케이크처럼 카페 공간도 아기자기하게 잘 꾸며져 있는 게 좋았어요!",괜찮다
3847,카페브레송,빨강코알라,오레오 쿠키 처음 먹었을때 감동 못잊는다. 주방이 조금 오래돼 보인거 빼면 최고,맛있다
3848,카페브레송,코랄,고대 정문 앞 작은 카페.메뉴도 많고 가격도 저렴하다. 디저트류도 빙수 퐁당오쇼콜라 와플 크렘브륄레 등 다양하다.밀크티 밀크쉐이크는 처음에 잘 저어 나오지 않아 시럽이 아래쪽에 깔려 있어 인위적인 맛이 살짝 났다. 꾸덕한 느낌은 아니고 얼음을 많이 섞어 간 게 많이 느껴졌다.오렌지블랑이 의외로 조화롭고 맛있었다.테이크아웃은 500원이 할인된다.,괜찮다
3849,카페브레송,조은짱,정문의 절대강자 브레송 ^^7 퐁당쇼콜라 크림브륄레 아포가토 과일음료들까지 소녀감성 느끼기에 딱이에요 디저트류는 마니 달다고 느낄 수도?? 인테리어도 독특하고 좋아요,맛있다
3850,카페브레송,눈누난나,고대 앞 골목에 있는 작고 포근한 카페입니다. 웬만한 커피 다 맛있구요 허니브레드랑 브뤼셀인가도 맛있다고 하더라구요! 고대 가실 일 있으면 드세요~,맛있다
3851,카페브레송,Ansu,퐁당 쇼콜라가 찐하고 맛있다. 내부 인테리어도 예쁘다. 퐁당 쇼콜라는 아이스크림 추가해서 먹으면 더 좋을듯.. 아이스크림 양이 초코 양보다 적어서..! 허니브레느는 평범한 맛이었다,맛있다
3852,카페브레송,마시러가자,퐁당쇼콜라에 아이스크림 그리고 크림브륄레는 시그니쳐,맛있다
3853,카페브레송,밀푀유,"분위기도 아늑하고 따뜻한 정감가는 분위기이다.그렇다고 분위기로만 승부하는 그런 곳은 아니고 각 메뉴의 맛 모두 매우 훌륭하다. 안아머라 행복함ㅎㅎ스트로베리와플, 크림브륄레, 퐁당쇼콜라를 비롯해 각종 빙수들과 음료수 모두 맛이 매우 좋다!개인적으로 안암 최고의 디저트집이라 생각한다!!!고대 부근에 올 일이 있다면 꼭 들르면 실망하지는 않을듯하다",맛있다
3854,카페브레송,HJ,브레송 퐁당쇼콜라+아이스크림의 꾸덕꾸덕한 맛 너무 좋아요ㅎㅎ 아이스크림 없었으면 너무 달고 끈적해서 다 먹기 힘들었을 것 같긴 하지만...ㅋㅋㅋ 크렘브륄레도 맛있어요!! 아기자기한 분위기도 좋아요ㅎㅎ 다음엔 빙수 먹으러 가야지!!,맛있다
3855,카페브레송,숭:),간만에 학교 온 김에 자주다니던 카페에 왔어요:) 익숙한 잔에 익숙한 커피맛 이거슨 행복...여전히 맛있는 라떼! 편안한 분위기! 정문 앞에서 가장 좋아하는 공간이에요:),맛있다
3856,카페브레송,ㅊㅊㅊ,가성비는 좋다 개인적으로 포스트잇이 마구 붙어있는 공간을 굉장히 싫어하기 때문에 좀 아쉽다 시그니쳐 메뉴인 퐁당 쇼콜라는 참 맛있게 먹었다,괜찮다
3857,카페브레송,조오조,"치즈케익은 단단한거 아니면 안먹는데, 브레송 단단치즈+카라멜/딸기 는 거부할 수가 없다. 특히 카라멜치즈에 솔솔 뿌려져있는 너트(?)들이 너무 맛있음!",맛있다
3858,카페브레송,Joon Sung,퐁당 쇼콜라 진짜 맛있어요 카페 안에 테이블은 5개 정도로 크기는 작은데 앙리 카르티에 브레송 사진 벽에 붙어있고 분위기 좋음,맛있다
3859,카페브레송,진리지안,모두가 알지만 나만 알고싶은 카페. 퐁당쇼콜라도 너무너무 맛있고ㅠㅠㅠㅠㅠㅠㅠ 민트초코빙수도 정말 너무 맛있다..와플도 맛있고....인테리어도 아기자기하고 그래서 모든 여학생들이 좋아하는 카페 ^ㅁ^,맛있다
3860,카페브레송,소금,퐁당쇼콜라,괜찮다
3861,카페브레송,YSL,고대 정문앞 완소 카페커피맛이 특출난건 아니지만아기자기한 인테리어와 분위기가 좋다내가 가장 좋아하는 주메뉴는봄시즌 딸기아이스크림 와플그리고 겨울엔 퐁당쇼콜라가 진짜 짱이다~♥︎,맛있다
3862,망우로30,Ray,크림라떼퐁당(6500)으로 바닐라 아이스크림 선택해서 마셨어요! 아이스크림이 들어가니까 커피가 진한 게 맛있을 거 같은데 그냥 마시기에도 연하게 느껴질 정도라 아쉬웠고요. 아이스크림은 겉이 샤베트처럼 사각사각한 질감인데 보관 중에 얼은 건가 싶게 이질감이 들어서 제 취향은 아니었습니다...테라스석으로 테이블 4개 정도 있고요. 테라스석 한정으로 반려동물 동반이 가능해서 귀여운 강아지들을 볼 수 있었습니다ㅋㅋ,괜찮다
3863,망우로30,구우,"망우로 역시 굿~~! 주말엔 처음인데 은근 사람 많아서 타이밍 안 맞았으면 자리 없을 뻔!! 앞에 (유료) 주차장도 잘 돼있구 야외석 앉기 딱 조은 날씨라 추천해욥!! 아아 엄청 찐하구 쿠키, 스콘 등 디저트류가 맛있으니 꼭 드셔보세욥 아 아이스크림 퐁당 음료들도... 외관이 넘 예쁘니 사진도 필쑤",맛있다
3864,망우로30,달리자크롱,"망플보고 넘 예쁜 카페길래 체킹체킹해두고 갔다왔다.회기에 흔하지 않는 마당있는 카페인듯! 멀리서 보는것보다 점점 가까워질수록 예쁜 카페다. 멀리서는 주차공간때문에 돌만 보인다. 이 카페 명당자리는 날씨 좋은날 밖에 앉는 곳 같다.크로플은 시나몬이 뿌려져있고 따끈따끈했다. 넘 갓 구워서 그런지 아이스크림이 금방 다 녹아버려서 아쉬웠다. 다먹고 나니 접시에 아이스크림으로 가득찼었다. 그래도 크로플은 두껍고 크고 맛났다!바닐라라떼도 적당히 달고, 아메리카노도 쏘쏘였다. 은근 핫플이라 자리가 없을 수도 있다. 사장님도 친절하심!",괜찮다
3865,망우로30,구우,"벌써 두 번째 방문... 일단 여기는요.. 카페 외관, 내부 다 너무 예쁘고요.. 특히 카페 앞에서 사진 찍으면 나무너무너머너무 예뻐요 주택 개조 카페 갬성 아시죠? 회기라서 좀 멀긴 하지만 오히려 근교 나온 것 같기도하고 한적해서 힐링되는.. 갠적으루 아이스크림 퐁당 음료들이 참 맛있고 여기서 티타임하시고 사진 찍으시고 가까운 파전 골목 가셔서 막걸리 드시는 거 추천^^~",맛있다
3866,망우로30,쌀국수,"• 크로플(7천얼마...), 아메리카노(3.8)크로플에 아이스크림 올라가 있는데 넘맛있음... 여태껏 너무 비싼 거 아닌가 생각했었는데 이 맛이라면 혼자 와서도 충분히 시켜먹을 것 같다.아메리카노도 신맛 나는 원두로 시켰는데, 감동적인거까진 아니지만 깔끔한 맛이었다. 아쉬운게 있다면 모기가 많다는 것과 (카페 특성상 어쩔 수 없어 보이긴 함), 화장실이 조금 지저분하다는 것. 그 외에는 카페도 예쁘고 메뉴도 만족! 교외에 있을 법한 느낌의 카페를 서울에서 찾아볼 수 있고, 거기에 메뉴까지 수준급이라는 게 충분히 경쟁력 있는 셀링포인트인 것 같다.",맛있다
3867,망우로30,미동이,회기에 없는 느낌 좋다,괜찮다
3868,망우로30,임맛잘봄,커피 산미 있어서 좋고요. (원두는 선택가능) 분위기도 나쁘지 않고 집을 개조해서 만들었기에(?) 테이블이 룸마다 나뉘어 있어 크게 어수선 하지 않아요. 무엇보다 주차가 되기 때문에 너무 좋아용.. 근데 내비가 잘 못잡더라구요.. 오다가 길턱에서 쾅!!! ㅠㅠ 했습니다... 크로와상을 눌러찍은 와플이라 맛있었어요. 바닐라 아이스크림 얹어먹으니 굿이네요 ^^,맛있다
3869,망우로30,Yenny,"휘경동에 이런 카페가?!근교에 있을 법하게 생긴 카페였다. 주차공간은 덤.가볍고 산미가 강한 원두/묵직하고 산미가 없는 원두 두가지 중 선택할 수 있어서 좋았다. 강한 산미에 익숙하지 않은 나는 후자로 선택했고, 많이 묵직하기 보단 무난하게 마실 수 있는 아메리카노였다.이 날은 인생에서 두번째로 크로플을 먹어본 날이었다. 아**** 스타일의 아이스크림이 올라간 크로플은 처음이었는데 괜찮았다. 사실 맛없을 수 없는 조합･ᴗ･ 달달하고 버터리하니 꼭 아메리카노와 함께!이 동네 주변의 카페에 질려서 새로운 카페를 찾도 있었다면 추천!",괜찮다
3870,망우로30,즌짱,"전에 날 좋은 날에 엄마 모시고 바람 쐬러 갔었어요 :)야외 자리에 벌레가 많아 좀 불편하기도 하지만 나름대로 매력있었습니다. 딸기라떼 굉장히 달달하고 딸기가 많이 들어가서 맛있었고, 아인슈페너 크림이 보들보들 해서 맛있어요 :)인기가 많아서 오픈 직후나 오후나 손님이 많긴 한데- 시간 보내기에는 좋은 곳이에요!",맛있다
3871,망우로30,즌짱,"탈회기 감성,,, 외관이 정말 예쁘고, 주택을 개조해서 만들어 자리마다 컨셉이 다 다르게 꾸며져있어요 :) 포토존도 있었지만 이 날은 생략 ! 진짜 음료 사진 하나만 찍어놨네요 ㅋ ㅋ ㅋ ㅋ 밥5딸기 라떼를 마시고 싶었지만 안 된다고 하셔서 오베리 에이드- 블루베리가 씹히기도 하고 달달하고 청량해서 여름에 좋을 거 같아요. 커피도 맛있다고 해요! 스콘, 쿠키류도 있고 음료 메뉴도 다양해요.친구들이랑 수다 떨거나 데이트 장소로도 좋을 거 같고, 어느 정도 소음도 괜찮다는 분이면 책을 읽거나 공부도 가능할 것 같아요!",맛있다
3872,망우로30,키다리아저씨,"대로변에서 살짝 안으로 들어가야 보여서 이런곳에 카페가? 의문이 들던 찰나에 작은 주차장을 뒤로 단독카페가 보입니다.이곳을 방문했던 이유는...제가 나름 괜찮게 생각했던 ""안녕가비""의 원두를 사용하고, 판매하는 메뉴를 벤치마킹해서 운영하고 있다는 부분이라 안녕가비와 맛의 차이도 궁금했구요 이주변에선 이런느낌의 카페가 별로 없다보니...사진 찍으러 오시는분들도 꽤 많더군요.깔끔한 단독별장 느낌의 외관이고 내부는 기존 건물의 벽돌을 살려서 빈티지한 분위기를 살렸습니다.메뉴판을 보니...안녕가비의 판매되는 메뉴와 거의 같고, 원두선택하는 네임도 같은걸 사용하고 있었어요.제가 주로 마시는 약간의 산미와 꽃향이 느껴지는 ""안녕잠비""로 아메리카노를 주문하였구요. 바닐라라떼도 한잔 주문해서 맛을보았습니다. (안녕가비보다 메뉴당 +300원 차이)아메리카노의 경우는 같은 원두만 잘 내리면되는거라 맛의 차이는 거의 없었습니다. 은은한 산미와 향긋한 맛이 괜찮았는데.... 바닐라 라떼에서 사이점이 있었습니다.우선 바닐라의 맛이나...고소함에서 차이가 나고, 살짝 더 달았던거 같아요. 수제우유크림의 차이 때문에? 그런게 아닐지...음료의 맛도 기대치 까지는 아니지만 괜찮은 수준이고, 카페의 분위기도 놀러온듯한 느낌이 들게해줘서 좋았습니다.",괜찮다
3873,망우로30,Ray,우선 외관이 너무 이뻐요! 일반 건물들 사이에 갑자기 산장 같은 게 있어서 눈에도 확 띄고요ㅋㅋㅋㅋ게다가 실내도 인스타 감성 넘치게 이쁘더라고요. 분위기 좋아요!음료는 각종 베리가 들어간 티를 마셨는데 맛있었어요! 커피 맛은 어떨지 궁금해서 재방문해야 될 거 같아요ㅋㅋ,맛있다
3874,망우로30,•Sarah•,빌딩숲사이에서 갑자기 뿅! 하고 나타나던 카페였어요 :) 주택을 개조한듯했고 엔티크한 인테리어가 넘 이쁜곳이에요- 컵엔 귀여운 고양이가 그려져 있어서 아기자기해요 ㅎㅎ 커피도 기본은 하는 맛이었어요-,맛있다
3875,망우로30,뎜(dyeom),2019.02.09뭔가 카페가 없을 것 같은 곳에 있어서 신기했다. 여긴 컵이 너무 귀엽다. 다른 컵은 고양이 그려져있던데 ㅎ 그것도 귀여움요거트 스무디 시켰고 맛없을수가 없는 메뉴였당. 역시 맛있었다. 내부는 자리가 몇개 없었는데 운좋게 한자리 남아서 바로 앉아서 친구들과 이야기 할 수 있었다. 다음에 간다면 죠리퐁스무디를 먹어보고싶다.,괜찮다
3876,망우로30,BrahmSchumann,"귀여운 그루트까지 완벽했던 카페. 회귀역에서 약간은 외진곳에 위치하지만, 주차 공간도 있고, 많이 넓진 않지만 나만 알고 싶은 아지트 느낌의 카페. 뭔가 비밀 데이트를 즐기고 싶은 장소랄까?인터넷에서 우연히 죠리퐁 스무디의 존재를 알고 무장정 같는데, 성공적! 브라우니는 평범. 그 밖의 음료들은 일행들 모두 만족!",맛있다
3877,망우로30,Margareth,Beautiful cafe and tasty cream coffee!!,맛있다
3878,키라쿠,준영,"카쿠에서 오픈했다고 해서 기대가 컸는데 막상 먹어보니 너무 아숩ㅠㅠ 스콘 자체도 그리 맛있지 않고 샌드한 크림치즈두 쏘쏘,, 고려대 근처에 있다보니 공부하는 사람들이 정말 많더라구요. 멀어도 카쿠를 가야할 듯ㅜㅜ",괜찮다
3879,키라쿠,혀니이,"카페 키라쿠. 안암오거리 교차로 바로 앞입니다.카쿠에서 냈다고 해서 알게된 곳인데 현재는 관련이 있나 잘 모르겠네요..!스콘이 유명하다고 해서 포장. 버터 스콘, 호박 스콘, 말차 스콘 등이 있고 버터스콘에 재료를 샌딩해주시는 메뉴도 있어요.카야잼 스콘은 샌딩 스콘! 주문하니 바로 만들어주셨어요. 하얀 치즈와 고소한 버터, 달달한 카야잼의 조화란.. 살찌고 맛있는 맛이네요. 다만 샌딩스콘은 잼과 버터의 수분감이 더해져 포장은 좀 눅눅하더라고요. 바로 먹어야 더 맛있을 것 같아요.@hhhynie",맛있다
3880,키라쿠,Seyeon.Y,치즈스콘?선물로 받아서 먹었는데 기대이상으로 맛있었다! 요즘 스콘 전문점들이 많은데 치즈+버터+카야잼 조합은 처음봤다. 치즈가 짭짤하지 않고 버터랑 잘어울렸고 카야잼이 신의 한수. 스콘 자체는 평범한데 이 조합이 맛있었다.,맛있다
3881,키라쿠,ㅂㅂ,넘 맛있다 뭔가 꾸덕하면서 촉촉한.. 포슬포슬한 스콘 싫어하는 나에겐 입맛에 맞았다!,맛있다
3882,키라쿠,grace,"스콘 맛있다고 해서 찾아가 본 카페예요.바질 샌드, 카야 쨈, 잼 앤 크림으로 각각 주문해보았습니다! 베이스가 되는 스콘은 다 같은 겉바속촉 버터 스콘이고종류에 따라 샌딩이 달라지는 것 같았어요.카야 쨈과 잼 앤 크림은 익숙한 맛 그대로였고바질 샌드가 진짜 맛있었습니다. ㅎㅎ기분 좋게 진한 바질향과 맛이 스콘의 버터리함과 잘 어우러져서 넘 좋더라구요!달달한 카야 쨈, 잼 앤 크림과 함께 먹으니 단짠 조합이 되어서더 맛있게 먹었던 것 같네요. ㅎㅎ굳이 찾아갈 정도의 맛집까지는 아닌 것 같고안암, 동대문 쪽에서 카페 찾으실 때 한 번 가보시면 좋을 것 같아요! :)",괜찮다
3883,키라쿠,코랄,"스콘이 맛있기로 유명한 카페.바질, 앙버터, 얼그레이, 카야, 크렌베리, 단호박, 버터, 초코, 말차 등 스콘 종류가 다양하다.스콘은 주문하면 살짝 데워 주신다. 나는 말차 스콘을 선택했는데 안에 화이트 초코칩과 견과류가 박혀 있었다. 너무 달지도 너무 씁쓸하지도 않았다. 맛이 괜찮았는데 스콘을 많이 안 먹어봐서 비교대상이 많지는 않아 사람들이 말했던 것만큼 맛있는 스콘인지는 알 수 없다.라떼는 처음부터 너무 얼음 녹은 밍숭맹숭한 맛이어서 별로였다.카페가 깔끔하면서 분위기 있다. 아마 이 근방에서는 가장 인스타그래머블한 카페가 아닐까 싶다.참고로 최근에 성신여대 앞에도 작게 테이크아웃 지점이 생겼다. 조만간 들러서 다른 스콘도 먹어봐야겠다.",괜찮다
3884,키라쿠,카밍밍,별점 왜케 낮지.. 사람들 계속 몰랐음 좋겠다..스콘 너무 맛있는곳 ㅜ심지어 커피도 넘맛있다...근처 사는데 근처의 모오든 커피숍중에 가장 맛있음 커피도 고소한맛나는 원두!!퇴근할때 아메리카노 테이크아웃+스콘 포장 해가면 그날 저녁이 행복하다스콘은 개인적으론 얼그레이랑 앙버터가 젤맛있었다나는 얼그레이>=앙버터>플레인>버터 스쿼치?>말차>바질이렇게 맛있었다 ㅎ바질이 유명한데! 내가 바질을 안좋아해서 그런듯!분위기도 좋고 맛도 최고 가격도 안비싸다...최애 카페~~제일 사랑하는카페,맛있다
3885,키라쿠,주배,"3.7 / 5.0다양한 스콘이 즐비되어 있는 곳스콘이 유명한 카페라길래 방문하였습니다.들어가면 정말 다양한 스콘이 있어요.얼그레이, 오레오, 초코, 스모어 등 다양하게 구비되어 있습니다.제가 먹어본건 잼 앤 크림...? 이었던 것 같습니다.스콘 안에 딸기잼이 발려져 있어요.스콘과 딸기잼을 같이 먹는 , 딱 그 느낌이었어요!스콘의 맛이 월등하기 보다는 평균정도의 맛이에요.아메리카노는 원두 맛이 잘 느껴지는 커피라 만족하고 왔어요.카페의 공간이 넓은 편이고, 카페 분위기 자체도 친구와 오래 대화나누기 좋은 곳이라, 오래 담소 나누고 가면 좋은 곳인 것 같습니다.",괜찮다
3886,키라쿠,야미쓰챠미쓰,스콘 하나만 보고 고대로 먹으러 간 곳. 결과는 대만족 생각보다 카페는 엄청 넓었고 제가 간 기간 동안에는 크리스마스 스콘을 판매하고 있었어요!! 음료 맛은 딱히 특별하지는 않은 맛있는 커피랑 에이드맛 근데 사실 스콘도 너무 맛있어서 스콘때문에 또 올 정도는 아닌것같아요!! 고대에 일이 있어서 오면 한번 또 들릴 정도? 그리고 자리가 많아서 공부를 하는 학생들도 많았답니다!!,맛있다
3887,키라쿠,우이리,"스콘에 스모어라 하는데... 구운 느낌은 아니고, 초코랑 마시멜로. 머 꿀조합이니...토요일 오후 사람이 많더군요.비트와 레몬 쥬스는 상큼. ><",괜찮다
3888,키라쿠,Yenny,"어쩌다보니 커피는 못 마시고스콘만 사먹어 본 키라쿠.강동구에 있는 카쿠의 지점인데,거기선 커피만 마시고 샌드위치를 못 먹은 기억이...제주 말차 스콘, 얼그레이 스콘 (2,800)이렇게 먹어봤는데 둘다 재료를 팍팍 넣었는지맛이 진해서 좋다.말차 스콘은 견과류가 많이 씹혀서 좋고,얼그레이는 얼그레이 향이 진해서 좋았다.미친듯이 맛있다! 이정돈 아니지만..괜찮은 곳햇볕 들 때 가면 더 좋을 것 같다 :)꼭 커피도 마셔봐야지..",괜찮다
3889,언차일드,루카스,"카스 별점 ★★★★☆ [4/5]♨밥 없이는 살아도 빵 없이는 못 살아 27편♨<회기역 예쁘고 맛있는 카페>근방에서 가장 좋아하는 카페입니다. 우선 경희대쪽으로 가면 몰라도 회기역 근방에서는 찾아볼 수 없는 감성, 분위기를 갖추고 있고 메뉴도 웬만하면 대부분 맛있습니다. 내부의 인형이나 조화들이 배치되어있어서 더 예뻤네요. 대학가여서 전반적으로 가격대가 나쁘지 않은것도 한몫 합니다. 맛있어보이는 베이커리가 상당히 많습니다. ♥요거트 치즈케이크(6000원): 제가 방문했을 때는 있던 메뉴인데 요즘에는 없는 것 같더라구요? 진짜 맛있었는데 아쉬워요! 다른 요거트 디저트나 치즈케이크 류 메뉴가 생기면 드셔보시길 바랍니다. 맛있었어요. ♥마들렌(각 1000원): 마들렌 가격이 상당히 부담없습니다. 부담없는 가격이라 그런지 맛은 그냥 그랬습니다. 그냥 폭신한 빵 먹는 느낌이고 별다른 인상은 받지 못했네요. 다른 디저트류를 더 추천드리고 싶어요. 이외 음료들도 무난하게 괜찮았습니다. 커피를 즐기는 편은 아니라 상세한 감상은 못 드리겠네요. 2층 창가 자리 길가가 내다보여서 답답하지 않고 좋더라구요. 공부하시는 학생분들도 꽤 있었습니다. 회기역 근처에서 갈 카페로 추천드립니다.",맛있다
3890,언차일드,E.T Jun ,아이스 아메리카노.,괜찮다
3891,언차일드,진진쓰,"역근처에는 다 체인점인거같은데 가기싫어가지구 어쩔수없이 여기로 들어왔어요.. 여기도 입간판이 너무 구렸지만 정말 어쩔수없이...근데 기대를 너무 안해서인지 한입먹고 깜짝놀랄정도로 괜찮았어요ㅋㅋㅋㅋ 괜찮음 그 이상으로 완벽....?흑임자라떼는 고소함, 달달함, 씁쓸함이 막 싸우는거같이 모든 맛이 다 찌인해요. 크림 점도도 완벽하고 느끼하지않아서 정말 맛있었어요! 개인적으론 샷하나 빼서 먹으면 더 맛있을거같았어요:)플레인스콘이 혹시 맛없을거를 대비해서 조금이라도 보완해줄수있는 잼이 얹어져있는거로 주문해야겠다싶어서 잼스콘으로 주문했던건데 플레인할걸 싶었어요ㅜ버터풍미 장난아니구 소금 한꼬집 넣은듯 은은하게 나는 짭짤한 맛, 너무 촉촉하지도 바스러지지도않는 그런 스콘!!! 살면서 먹은 스콘중에 젤 맛있었어요ㅋㅋㅋ2층까지있는데 사람도 많지않아서 책읽기 너무 좋았어요지하철역뷰 감상하면서 멍때리기도 좋쿠요회기 갈일 많지않지만 카페는 무조건 여기로 갈거예요",맛있다
3892,언차일드,스누피,생과일주스가 맛있어요! 설탕 없이 건강하게 먹을 수도 있어서 좋아요 근데 마카롱은 맛없어요 먹지마세요 (꼬끄 딱딱하고 아무맛도안남..),맛있다
3893,언차일드,Ray,예전에 플랫화이트 마셨다 실망했었는데 이번에 마신 로투스라떼는 괜찮았어요. 그런데 마들렌은 너무 공산품 빵 같은 느낌...회기역 바로 근처에 이쁜 카페는 여기밖에 없는 거 같은데 맛이 아쉬워요ㅠㅠ,괜찮다
3894,언차일드,즌짱,"회기역 1번 출구 바로 옆에 있는 카페. 옛날 이디야 자리에 생긴 카페.메뉴 추천을 부탁했더니 망고라떼를 생 망고를 넣어서 만든다고 하시기에 망고라떼와 카페라떼. 그리고 토스트를 주문.음료와 토스트를 자리로 가져다주시는데, 상당히 친절하시다. 망고 라떼는 망고가 잔뜩 들어있었고 토스트는 달달했다.전반적으로 나쁘지 않았다. 그치만 그렇다고 막 좋은 곳도 아니었....ㅎ 확 인상적인 점은 없어서 아쉽다.",괜찮다
3895,언차일드,yeennn2,3.3회기역 1번 출구에서 내리자마자 있는 곳!녹차 라떼(?) (메뉴 이름이 기억 안 남)와 플랫 화이트를 마셨다.매장은 전반적으로 화이트 톤에 브라운 가구들로 되어 있어 분위기가 좋다. 또 직원분들도 친절하다!녹차 라떼는 맛있었고 플랫화이트는 무난무난.,괜찮다
3896,언차일드,beaucoupmangeur,"서비스 굳. 커피는 글쎄...? 1월 1일. 아침부터 친구들과 해뜨는 걸 본답시고 이 근처 산에 갔다가 들른 곳이다.  너무 일찍 일어난 탓에 딱히 연 곳이 없었는데, 10시 오픈이어서 9시 45분쯤 먼저 들어가 있어도 되냐구 사장님한테 여쭤보고 들어가있었다.  내 기억에 아마 여기는 이디야였는데, 언제 바뀐 것인지 모를...? 전체적으로 하얗고 인스타 감성의 카페이다. 지금 가오픈 시즌이라 500원 할인이라고 한다. 가게 분위기랑 비슷하게 힙한 느낌의 사장님이 주문을 받으셨는데, 무화과 스콘을 보고 우리가 맛있겠다~ 하니까 서비스로 주셨다. :)  카페라떼, 플랫화이트, 바닐라라떼를 시켰는데, 커피맛은 사실 그다지 인상깊진 않았다. 무엇보다 날씨가 추워서 뜨뜻한 걸 마시고 싶은데, 라떼아트는 예뻤으나 스티밍을 좀 덜하신 건지 미적지근-했다.  그래서 결국 마시다가 데우러 내려갔다. 스콘은, 내가 알던 스콘과 다르게 동글 울퉁불퉁한 모양이었다. 무화과가 씹히는 식감은 좋았으나 이것도 역시 좀 차가워서 그런가 마르고 딱딱했다.  2층까지 있어서 공간도 나름 넓고 깔끔한 분위기지만, 아무래도 가오픈 기간이라 그런지 커피 맛이 정리가 좀 안된 느낌이 있다. 그래도 가격도 엄청 비싸지도 않고, 나중에 다시 한번 가보고 싶긴 하다.",괜찮다
3897,카페양귀비,눈이베롱!!!,- 수플레 케이크가 맛있다길래 시켰는데 오! 맛있었음ㅋㅋㅋㅋ 생크림이랑 시럽을 주면 원래는 뿌려먹는거지만 너무 달고 느끼하길래 그냥 찍어먹었는데 이게 더 나은 듯! 나오는데 시간은 오래 걸리지만 그냥 떠들다보면 또 음식 나오니까 그렇게 문제 될 건 아닌듯!- 나왔을때 흔들면 또 짱구 엉덩이 푸딩처럼 흔들리는데 졸귀임! 하여튼 개뽀드랍고 맛있음!!- 주인분이랑 알바생분도 아주 친절했음! 내가 갔을 때는 카페에 엄청 시끄러운 기차화통뿌뿌 손님이 있어서 일찍 뛰쳐나왔지만ㅋㅋㅋㅋ 평소에는 그렇게 시끄럽지 않고 적당히 이야기하기 좋은 카페인듯- 아 원래 수플레 케이크 포장해서 가려고 했는데 포장은 안 된다고 했다ㅜ 그래서 걍 먹고 갔는데 먹고 가길 잘한듯!- 친구는 커피 나는 차(얼그레이였나?) 시켰음! 커피는 평범했다. 차는 어딜가나 그렇듯 티백으로 나와서 돈이 아까웠지만 그래도 컵에 티백만 띡 담궈서 주는 게 아니라 (컵에 티백만 주는거 진짜 너무 성의없다구…ㅜ) 나름 잘 갖춰나와서 주인분이 신경을 나름 써주신다고 느껴졌음! 물을 더 달라고는 하지 않았지만 친절한 집이라 물 더 받아서 계속 차를 우려먹을 수 있을듯ㅋㅋㅋㅋㅋ 수플레 케이크랑 같이 먹으면 마싯음ㅋㅋㅋㅋ그래도 차는 웬만하면 시키지 맙시다 티백은 돈이 너무 아까워ㅜㅜ,맛있다
3898,카페양귀비,이리저리,가격도 착하고 디저트까지 완벽한곳.수플레는 9900원이고 20분정도 기다려야 먹을 수 있는데 충분히 기다릴만한 가치가 있는 곳입니다,맛있다
3899,카페양귀비,서현,가성비가 훌륭한 수플레 맛집. 주문하면 보통 20분 뒤에 서빙해 주십니당:)몽실몽실하고 3단으로 올려져 있어서 양도 많음!!넉넉한 시럽과 크림 덕분에 마지막 조각까지 달달하게 먹었당엔틱한 공간 분위기도 한몫해서 주말만 아니면 여유있게 쉬다 갈 수 있는곳! 에그타르트도 있는데 타르트는 수량이 많이 않아 금방 떨어지는거 같다음료의 맛은 왔다갔다 하지만 가격 만큼은 괜찮다ㅎ,괜찮다
3900,카페양귀비,제이,"사진 : 수플레 팬케이크, 자두라떼, 녹차라떼근처 지나가다가 갑자기 수플레 팬케이크가 먹고 싶어서 들른 곳. 수플레가 폭신하고 맛있었다. 크림은 꾸덕꾸덕해서 부어먹기 힘들어서 그냥 대충 부어버리고 나중에는 그냥 찍먹했다. 차는 그냥저냥 괜찮은 편이다.",괜찮다
3901,카페양귀비,얌얌,"정말 맛있게 먹었습니당깔끔한 수플레였어요엄청 부드러운 수플레는 아니였지만달달한 시럽과 크림, 커피와 즐기기 딱 좋은 디저트였어요분위기도 정말 좋아요~~",맛있다
3902,카페양귀비,진진쓰,단지 수플레팬케이크가 먹고싶어서 갔는데 1인1음료같은 강제적?! 조건이 안붙어서 좋았어요(팬케이크가 너무 저렴해서 죄송스러워서 결국 음료를 두개시키긴했지만..)팬케이크 나오기까지 30분정도 걸리는거같고 따로 요청을 안드리면 음료랑 팬케이크가 같이 나와용밖에서 너무 추웠는데 딸기레몬티 마시니까 바로 몸 녹는 느낌이었어요 신맛이 너무 도드라지지않아서 더 좋았어요자두라떼는 자두시럽에 우유넣은맛이라 뭔가 안어울리는 느낌.... 그렇다고 맛이 없진않아요ㅋㅋ!팬케이크는 진짜 토실토실 꿀렁꿀렁 비주얼최고예요근데 시럽은 우리가 아는 그 시판 시럽이고 크림은 넘 느끼해.... ‘가성비좋은’ 수플레케이크 하면 여기가 가장먼저 떠오를거같아요!,괜찮다
3903,카페양귀비,미동이,수플레 팬케이크딸기라떼 사랑혀..,맛있다
3904,카페양귀비,슈지로그,"수플레 팬케이크 맛집, 카페 양귀비 ★슈슐랭 3.7/5#수플레팬케이크 #아메리카노(hot) #카페라떼(hot/ice)카페 인테리어가 예쁘고, ""수플레 팬케이크""가 맛있는 카페가 있다해서 다녀왔당 :D수플레 팬케이크, 아메리카노(hot), 카페라떼(hot/ice)이렇게 주문했당ㅎㅎㅎ수플레가 달달하니까, 일부러 달지 않은 음료로만ㅋㅋ -아메리카노(hot), 카페라떼(hot/ice)음료가 먼저 나왔당!사실 케이크 먹으러 온거라.. 커피는 크게 기대 안했는데 ㅋㅋㅋㅋ생각보다 괜찮았다 :) -수플레 팬케이크한~~참을 기다린 후 나온 케이크 ^^;오래 걸린다고는 하셨는데.. 이렇게 오래걸릴 줄은 몰라뜸사진을 이리저리 찍고 ㅋㅋㅋㅋㅋㅋ메이플시럽과 크림을 주르르르륵 부었다(동영상 찍다 망함..ㅋㅋ)나이프로 자르는데, 우와 퐁신퐁신!!한입 먹으니 케이크가 사르르 녹았당 ㅠ.ㅠ 부드럽고 촉촉해♥크림은 고소하고.. 시럽은 달달하고..이게 만원도 안한다고요..?ㅋㅋㅋㅋㅋㅋ 대박!!다만 먹다보니 달아서 ㅋㅋㅋ 커피를 꼭 한입씩 먹어줘야 한다아메랑 젤 잘 어울리는듯!! 카페 내부도 아기자기하니 이쁘고케이크가 완전 부드럽고 맛있었다!!2-3만원 하는 수플레 팬케이크 저리가라야 완전..ㄷ ㅐ ㅎ ㅖ ㅈ ㅏㅋ ㅏ ㅍ ㅔ ★담에 또 가야징!! 카페양귀비서울특별시 동대문구 이문로9길 8 1층 운영시간: 매일 11:00 - 22:00가격: 아메리카노 3,000원, 카페라떼 3,500원, 수플레케이크 9,900원",맛있다
3905,카페양귀비,즌짱,"수플레 팬케이크가 먹고싶다는 (舊)과외순이를 데리고 오랜만에 재방문. 평일 저녁 8시 좀 안 된 시간이었는데 우리 다음으로 수플레 반죽이 끝났다. 여전한 인기...부드럽고 퐁신퐁신한 게 정말 매력적인 수플레 팬케이크... 팬케이크만 조금 뜯어 먹어도 맛있는데 크림과 시럽도 충분히 주셔서 달달하게 즐길 수 있다. 수플레 팬케이크에 있어서는 정말 더 말할 것 없는 맛집이다.음료는 따뜻한 라떼와 시원한 자두 라떼를 마셨는데, 라떼는 엄청난 양 외에는 큰 임팩트가 없었다. 자두 라떼는 자두맛 풍선껌 맛과 흡사하며 상큼 달달하니 맛있었다.양귀비하면 인테리어도 빼놓을 수 없는데 카페놀이를 즐기는 분이라면 꼭 한 번쯤 방문하기를 추천한다. 인테리어 하나 하나가 다 잘 배치되어 있고 전체적으로 잘 어울린다. 나름 포토존도 있고, 사진 찍기에도 괜찮은 곳. (사실 우리 테이블도 나무 테이블 위에 레이스가 있었는데, 시럽을 엎어서 ^^; 빼주셨다 ^.ㅠ 죄송합니다.....)수플레 팬케이크는 주문과 함께 굽기 때문에 20분-30분  정도 기다려야하는데, 팬케이크와 같이 음료를 줘도 괜찮겠다 싶다. (혹은 물어봐주신다면 더 좋을 것 같다.)",맛있다
3906,카페양귀비,moooo,수플레를 안먹어서 그런지몰라도 음료맛만 평가한다면 별로에요. 초코라떼랑 자두에이드 둘다 별로였어요. 분위기는 나름 괜찮지만 자리가 너무 불편했어요.,별로
3907,카페양귀비,룰루,수플레 팬케이크 촉촉하고 뷰드럽고 맛있어요 근데 커피만 먼저 나오고 케이크는 30분 기다려서 받았어요 인기가 엄청 많은가봐요 분위기는 앤틱하니 예뻐용 꽤 넓었엉ㅅ,맛있다
3908,카페양귀비,소현,엄마가 내가 수플레 팬케이크를 좋아한다는 말을 기억하고 데려간 곳이다.. 감동.. 카페 분위기는 너무 좋다 카페 인테리어나 그릇이 인스타 감성이다 다들 사진을 열심히 찍고 계셨다 피하느라 힘들었다커피 맛도 좋고 석류레몬에이드도 상큼하고 맛있었다 수플레 팬케이크는 부드럽다.... 흠.... 좀 달았다...겉은 단단하고 속은 굉장이 부드러운 것은 맞는데... 엄청 맛있다는 느낌은 아니었다 개인적으로는 그냥 그랬다또 간다면 음료만 마시고 수플레 케이크를 시켜 먹을거 같진 않다..,괜찮다
3909,카페양귀비,미콩,"맛은..회기니까 나쁘지 않습니다많이 푸석푸석하고 시럽에 의존하는 경향이 큰 것 같아 기대보다는 별로였지만요분위기도 뭐 그렇게 나쁘진 않습니다 딱히 편하진 않습니다어쩔 수 없이 커텐있는 쪽에 앉았고 식탁보 레이스 때문에 불안했었는데 역시나••• 모기 6방 물렸습니다그렇게 모기에 잘 물리는 체질이 아닌데,,모기가 들어와서 관리하기 힘든 점은 이해합니다만위생이 의심가던 천들, 모기가 좋아하는 레이스라는 특성들완전히 가게 탓을 안할 수는 없네요",별로
3910,카페양귀비,혼모노,가격착한거같아처음이야 4/5맛아아는평범수플레부드러워살살녹근데 3.5/5느끼함아아없이못먹어 2/5분위기인스타사진용 4.5/5웨이팅사람은적은데 2/5주차장동서남북뒤져서교회주차장버ㅡ억 0/5메뉴판가독성떨어져눈아파 1/5노래가좋았다말았다아쉬워 3.5/5화장실있을까안보이네 1/5,괜찮다
3911,카페양귀비,고래고래,9900원에 삼단 수플레라니ㅜㅜㅜ대혜자입니다ㅜㅜ생크림도 직접 만드시는지 맛있어요!카페 분위기도 좋아요ㅎㅎ꼭 가세요~~~,맛있다
3912,카페양귀비,즌짱,"갈 때 마다 웨이팅이 있어서 실패하던 동네 카페- 평일 점심 시간에 가서 드디어 성공했습니다. ㅠㅠ..수플레 팬케이크 맛집으로 유명한 만큼 수플레 팬케이크와 생딸기라떼, 카페라떼를 시켰어요. 수플레 팬케이크는 30-40분 걸린다고 하셔서 얌전히 기다렸어요. 항상 손님이 바글바글하던 이 곳에 저와 일행 뿐이어서 좀 어색했어요^^... 여기는 수플레 팬케이크 맛집이므로,, 음료에 큰 비중은 없습니다. 그냥 라떼였고 그냥 딸기 라떼였어요.잔뜩 부풀어 올라 퐁신퐁신하고 부드러운 수플레 팬케이크 ㅠㅜ 시럽과 생크림을 얹어서 먹는데- 한 입 먹고 감탄과 동시에 눈물이 났어요. 정말 맛있습니다. 제 첫 수플레 팬케이크인지라 비교는 할 수 없지만, 여태 먹어본 팬케이크 가운데 단연 최고이며 입맛이 없었는데도 손이 절로 가는 달달함을 자랑합니다.솔직히 25년차 동네 주민으로 이 동네에 맛집이 생겨봐야 얼마나 맛있겠냐ㅎ 거품이지 뭐 ㅎ 이런 생각을 늘 품고 있었는데 생각 고쳐먹어야지 원 안되겠네요 ^.ㅠ ㅎ",맛있다
3913,카페양귀비,김관우,와...인생  수플레 팬케이크여기먹고 너무 맛있어서 다른 수플레갓다가 실망하고 울뻔함커피도맛잇고 분위기도나쁘디않음교통이 좀 불편하고 자리많지않음팬케익 나오기까지 엄청오래걸림,맛있다
3914,카페양귀비,Consumericus,어디서 찍어도 귀신같은 미모의 사진빨을 내보이는 인테리어.수플레 준비시간이 긴 만큼 폭신 촉촉한 맛을 자랑한다.최근 다시 디저트 메뉴개편을 시도하고 계신듯한데 리뉴얼이 끝난뒤 보다 다양해질 메뉴가 궁금.이정도 퀄리티를 유지한채 디저트 메뉴가 확충된다면 로컬 카페로는 더할 나위가 없을듯,맛있다
3915,카페양귀비,국밥부장관,수플레 케이크가 진짜 부들부들하고 맛있음. 본인 극렬한 국밥충인데도 진짜 맛있게먹었음,맛있다
3916,카페양귀비,하이,장. 여기대표사진보면 알겠지만 수블레의 수플레를 위한 수플레에 의한 수플레카페. 안에서 사진찍으면 개이뿌덩 거울도 레이스도 여성취향저격 여기저기 사진 삼매경이다 난 남자다보니 내스스로가 폰들고 사진찍는게 음...싶었지만단. 음료는 수플레 서브느낌 기대ㄴㄴ 수플레 넘 비쌈 주변이 번화가가 아니다보니 찾기어려울수도 그래도 지도보고오면 찾기쉬울것팁. 옆에 3처넌짜장면판다 그거먹고 후식으로 수플레먹으면 딱딱 완벽함 디저트가 메인보다 비싼건 안비밀,맛있다
3917,카페양귀비,띵시,"가성비 ⚫️⚫️⚫️⚫️⚫️맛 ⚫️⚫️⚫️⚫️⚫️분위기 ⚫️⚫️⚫️⚪️⚪️재방문의사 100망플 5년 사용하면서 처음으로 만점 주는 곳... 회기 저트의 역사는 양귀비 탄생 전과 후로 나뉜다. 여러 일반 팬케이크와 수플레 팬케이크를 맛봤지만 양귀비만큼 빵실빵실 몽실몽실한 곳이 없다. 만약 한국에 더 맛있는 곳이 있다면 북한이라도 가겠다.사장님이 카운터에서 들고 오실 때부터 푸딩마냥 통통통통거리며 좌우로 찰지게 흔들리며 나오는 수플레 팬케이크. 구름을 음식으로 표현하면 바로 이 식감일 것이다. 타 수플레 팬케이크집에 비해 달걀 노른자향이 절대적으로 적고, 뭉클 살랑한 식감이 혀에 닿았다가 사라락 녹아버린다.아니 그러면 맹맛이 아닌가라는 의문이 들 수도 있겠지만, 곁들여 나오는 크림의 풍미가 매우 고소하며 시럽과의 궁합이 너무 좋다. 물론 팬케이크의 꼬순맛 역시 좋지만 이 크림 시럽과의 콜라보가 너무나 완벽함... 특히 이 크림을 정말 양껏 주셔 삼단 팬케이크를 완벽하게 덮을 수 있다.커피나 과일청 에이드 역시 퀄리티 좋음. 단 음식 좋아하는 우리집 어르신이 내 몫까지 뺏어드시게 한 기적의 디저트. 분위기도 좋고 셀카 명소이니 빠른 시일 내에 방문해 보기를.+5월말 다시 방문해보니 갑자기 인테리어 촌스러워보여서 분위기 2점 뺍니댜...",맛있다
3918,카페양귀비,자몽시러,수플레 팬케이크!! 드디어 이 동네에서 맛볼수있다니!그리고 다른 리뷰보고 작을 줄알았는데 커용 ㅎㅎ크림도 듬뿍+_+인테리어 예쁘고 평일 오전에 잠시 들러서 추운바람 피해가며 커피마시기 좋네요.,괜찮다
3919,카페양귀비,맹고,20181210말차크림라떼 정말 부드러워요 안에는 뜨거운데 크림은 폭신하면서 차가워서 합쳐지는 순간 굿.. 그리고 팬케이크는 9900원으로 굉장히 비싸요 하지만 양이 많더라구요 크림도 마음대로 부어 먹을 수 있고 시럽도 따로 주세요 케이크가 달지않고 부드러워 맛있어요 하지만 크림 시럽 모두 많이 부으면 많이 달아요ㅋㅋㅋㅋㅋㅋ 비쌌지만 달달했던 디저트 한 끼였어요 그리고 인스타 감성 뿜뿜하는 카페로 인테리어나 소품이 예쁩니다! 사진 찍기 좋아요:),맛있다
3920,카페양귀비,ㅁㅈ.,여기 오픈한 지 얼마 안됐는데 갈 때마다 웨이팅 30분은 기본인 거 같아요! 이미 회기에선 수플레 케이크 성지입니다. 분위기도 진짜 좋고 ㅎㅎ 사진도 잘 나오는 카페입니다. 근처에 있는 니어커피도 괜찮은데 여기 아인슈페너도 맛있더라구요. 가격도 그렇게 안 비싸고 재방문 의사 200%!! 수플레 케이크를 좀 더 다양화하는 것도 좋을 거 같아요. 지금은 한 가지 판매하고 있는 걸로 알고 있는데 매번 수플레 케이크가 없다고 하셔서 좀 기다려서 먹었네요 ㅎㅎ 분위기 짱좋고 음료 퀄리티도 높은 집 ㅎㅎ 추천해요!!,맛있다
3921,카페양귀비,NP,"솔직히 아이스 녹차라떼 종이컵 분량도 안될듯가구, 찻잔, 맛 모든게 키치하고 어설픔수플레 맛있다고? 회기동 치고는 괜찮은 정도일뿐",별로
3922,카페양귀비,맛집사냥,오픈한지 몇 달 안되었는데 이 주변 여대생들에게는 이미 핫플레이스. 평일 7시 쯤 갔는데 만석이어서 기다려서 들어갔다. 수플레의 특성상 기다리는 시간이 30분정도 걸림. 크림말차라떼도 맛있고 수플레도 기다린 시간이 허무하지 않을 만큼 맛있다. 수플레 비쥬얼과 소녀감성 분위기도 훌륭해서 인스타에서도 이곳 사진을 심심치 않게 볼 수 있다. 디저트 메뉴가 더 개발중에 있다고 하니 기대하며 기다려 봐야지.,괜찮다
3923,카페양귀비,박수진,수플레 존맛bb 음료도 저렴한 편. 담주에 또 갈 생각이에요☺,맛있다
3924,카페양귀비,桃愛,수플레가 달고 퐁신한 곳그동안 수플레는 꼭 시럽이랑 먹었는데여기는 시럽이 필요없다. 달다.나같이 달달한 거에 면역이 없으면아메리카노랑 먹어야 궁합이 맞다!분위기도 좋고 따스하게 들어오는 햇살도 좋다.같이 간 친구말로는 코로나 전에는줄을 서서 먹었다던데지금은 아주 여유롭다:) 만족스러웠다:),맛있다
3925,비하인드미,준영,요즘들어 자주 찾았던 비하인드미! 결국 휘낭시에는 끝까지 못먹었지만 튼실한 마들렌이랑 마카롱 만으로도 충분히 좋았어요. 딸기케이크도 정말 클래식하게 맛있더라구요. 시트가 쇼토 만큼 촉촉한건 아니지만 이 근방에서는 정말 좋은 퀄리티라고 생각들어요!!,맛있다
3926,비하인드미,만종스,"시키카츠 갔다가 디줠트먹으러 바로 근처인 비하인드미 방문! 뭔가 밖에서 보기에 카페같은 느낌이 별로 안 나서 그냥 지나쳤다가 다시 빠꾸해서 들어갔다ㅋㅋㅋ 디저트매니아 친구랑 같이 가서 이것저것 주문해 노나먹으니 그냥 밥값이 나옴 근데 배불러서 별루 많이 시키지두 않았는데.. 쳇 암튼 마카롱 세가지와 레몬마들렌, 얼그레이까눌레에 나는 아메리카노, 친구는 셀레브레이션티 주문했다일단 마카롱은 솔티드캬라멜, 딸기요거트, 크림브륄레로 골랐는데 개인적으로 제일 좋았던 건 크림브륄레! 메이플코팅에 필링은 바닐라빈이 박힌 크림이 들어있었는데 적당히 달면서 부드럽고 맛있었다 굿굿 딸기요거트는 셋 중 가장 꼬끄가 부드러웠다 과장 좀 보태면 빵같을 정도로?! 안에는 딸기잼이 들어있었는데 요거트맛이 났는지 안났는지는 기억이 안난다 강하게 난 건 아니었나 봄 암튼 부들부들하니 얘두 괜찮았다 솔티드캬라멜은 그냥그랬는데 캬라멜맛도 소금이 약간 짭짤할 때 느껴지는 단맛도 뭔가 확 와닿는 게 없었다 아쉽얼그레이 까눌레는 얼그레이맛이 강하진 않았다 적당히 빠작하고 안은 말랑했지만 그냥 쏘쏘한 정도의 맛. 맛있으면 저번에 감자밭에서 까눌레 먹어보고 까눌레의 맛에 눈을 뜬 남자친구에게 사다줄까했는데 말았다 나쁘진않은데 그냥저냥~레몬마들렌은 속이 더 촉촉했으면 좋았을 것 같았다 그냥 파운드케익먹는 느낌이었음 레몬맛도 확실한 건 아니고 그냥 은은한 정도.아메리카노도 그냥 무난~했는데 같은 무난무난들 중에서는 약간 떨어지는? 계속 당기는 맛은 아니었다셀레브레이션이라는 티는 이름도 맛도 생소했는데 나쁘진않았다 은은한 단맛이 있는 티였음확실히 마카롱으로 유명한 곳이라 그런가? 마카롱은 그래도 꽤 괜찮았던 것 같은데 다른 것들은 다 그냥 그랬다 아쉬워~라 공간은 넓은 것 같은데 테이블 수는 적어서 간격이 넓은 편이다 그래서인지 약간 차가운 듯한 느낌도 들고? 이 날 비가 와서 그런가~ 재방문의사는 딱히 없는 곳이다.마카롱 (₩2,700)얼그레이 까눌레 (₩2,700)레몬 마들렌 (₩2,700)아메리카노 (₩3,000)셀레브레이션 (₩5,500).맛 ★★★가성비 ★★★총점 ★★★",괜찮다
3927,비하인드미,준영,드디어 그토록 궁금하던 비하인드미에 다녀왔어요! 최근에 커피 값도 내려서 아아가 혜자롭게 3천원대ㅜㅜ 산미 은은한게 맛도 괜찮았어요. 요즘은 쁘띠갸또가 안나와서 아쉬웠지만 마카롱과 마들렌이 정말 맛있어서 좋았어요! 마들렌이 정말 미침.. 너무 버터리하구 풍미 좋구ㅠㅠ 마카롱도 뚱카롱 아닌 웰메이드 너무 오랜만에 먹어봐요... 거리만 가까우면 자주 오고싶은 곳ㅎㅎㅎ,맛있다
3928,비하인드미,젬린,마카롱 맛있다 그래서 방문한 비하인드미딸기초코랑 귤 요거트 먹었는데 꼬끄는 파사삭 꼬끄고 너무 달았어요.. 괜찮다 준 이유는 달지만 않으면 요거트 어쩌구 필링중에 제일 요거트 맛이 많이나서,괜찮다
3929,비하인드미,* Y _,3/5딸기가 의외로 딸기딸기해서 맛이 나쁘진않았음내부가 예쁘고 햇살도 좋고 가장 안쪽에는 테이블이 딱 두개라서 조용하고 좋았다다시 갈 정도는 아닌 거 같지만 그래도.코코넛커피는테일러커피의 코코넛 들어간 코코프레도를 예상하며 주문했기에 별로였다 ㅎ,괜찮다
3930,비하인드미,즌짱,마카롱 존맛탱... ㅠㅠ 밀크티도 맛있어요 ㅠㅠ 너무 맛있습니다.. 이 근방에서 여기 마카롱이 최고라고 생각함,맛있다
3931,비하인드미,Lydia,딸기케이크 6천원 포장 불가아메리카노 4천원 상큼하고 신맛의 B선택마카롱은 각 2300원 정도커피는 평범. 케이크 마카롱 전반적으로 달달하다커피나 차와 함께 야금야금 먹어야 함딸기 케이크 딸기도 신선하고 크다개인적으로 마카롱은 솔티드카라멜하고 복숭아요거트가 제일 맛있었다알로하X라 보다 꼬끄가 얇고 색색깔이라 좋다필링이랑 잘 어우러져서.비비카롱을 못 먹어봤지만 아직까진 경희대 마카롱 중에는 여기가 제일 취저.,괜찮다
3932,비하인드미,맛집사냥,"비하인드미 첫 방문에서 실망하고(내게는 너무 달기만 해서) 한동안 안 갔는데, 두번째 방문에서 기대 이상의 맛에 놀람. 내 마음을 읽기라도 한 것 처럼 단 맛이 좀 빠지고 맛이 훨씬 좋아졌다. 체리스무디도 맛있음!",맛있다
3933,비하인드미,Pinguguguu,"회기에서 마카롱먹으러 백씨네콩다방, 알로하올라 ,비하인드미 세개를 가봤는데 여기가 가장 달고 향도 강하다. 피스타치오맛을 처음으로 먹었는데 너무 달아서 몸서리쳤음. 얼그레이는 향이 진해서 괜찮았다. 얼그레이마카롱은 여기가 제일 괜찮다고 느꼈다. 꼬끄는 쫀득하지않고 얇고 부드럽게 씹히는 타입이라 또 내취향은 아니었다. 전반적으로 내취향의 마카롱집은 아니지만 향이 진하고 무지 달며 카페가 또 이쁘니까 가서 커피랑 천천히 한두개정도 집어먹기엔 좋을것 같다.",괜찮다
3934,비하인드미,맛집사냥,분위기는 괜찮은데 마카롱 맛이 아쉬웠어요..ㅜㅜ6종류를 먹어봤는데 그냥 달고달고단 느낌. 식감은 나쁘지 않았는데 재료가 좀 더 조화로웠으면 해요. 마카롱 정말 좋아하는데 맘에 쏙 드는 마카롱을 회기에서 아직 발견 못했어요.,괜찮다
3935,비하인드미,먹구름,"이태원에 있을 것 같은 감각적인 인테리어가 돋보이는 카페. 옹느세자매랑 비슷한 느낌이 든다.카페인 있는걸 못 먹어서 딸기쉐이크, 애플 히비스커스에 스콘을 먹었는데 스콘에 초코칩이 박혀있는게 특이하다. 초코칩이 많이 들어있는거 같은데 많이 달지 않고 초코향이 은은하다. 딸기쉐이크는 또 와서 먹고 싶을만큼 정말 맛있었다. 가격대는 좀 있는 편인데 그만큼 음료 양이 많다. 마카롱을 다양하게 파는데 다음에 올때는 커피랑 먹어봐야지.",맛있다
3936,비하인드미,집가고싶다,여긴 무조건 지하로 가야함.너무 아늑하다 ㅎㅎ근데 바닥에 뭔 모래랑 낙엽같은 거 깔아놔서 좀 불편하다ㅜㅜ마카롱은 적당히 달달하고 괜찮은데 쫀득한 맛이 좀 부족하고 스팀을 잘 하는 곳이 아닌것 같다.플랫화이트를 시켰음에도 카푸치노같이 거품이 너무 많아서 당황스러웠다 하지만 커피맛 자체는 나쁘진 않다.밀크티도 평범한게 그냥 딱 학교 근처 분위기 좋은카페,괜찮다
3937,비하인드미,JW,마카롱은 피스타치오맛과 바나나누텔라?맛 빼고 다 먹어본것같다. 그린티빼고 다 맛있당.... ㅎㅎ 경희대 주변에선   젤 맛있는 마카롱집!!,맛있다
3938,비하인드미,홍차빙수,"외대 가는 길에 눈에 띄는 가게라 방문함색색의 마카롱이 눈길을 사로잡는 곳원두는 두종류로 프릳츠랑 펠트 커피 원두를 갖다 쓰는 듯 했다.(펠트는 확실한데 프릳츠는 맞나 모르겠다)분위기는 이 근방에서 가장 예쁘고 트렌디한 듯 하다일단 남아있는 종류별로 마카롱을 다 쓸어와서 먹어봤다(진열대 맨 아래쪽은 숙성 중이라 못먹어봄 ㅜㅜ 아쉽다 ㅜㅜ)피치, 누텔라피치, 누텔라 바나나, 얼그레이, 에스프레소생긴거에 비해 맛은 좀 애매…바나나 누텔라 같은 경우, 꼬끄에 입힌 바나나 착향이 너무 강해서 바나나킥 고급버젼을 먹는 느낌이라 크림쪽의 맛이 거의 느껴지지 않았다.근데 좋아할 사람들은 좋아할 듯그에 비해 누텔라 피치는 복숭아향이 거의 안나고 얼그레이 역시 찻잎이 붙은 부분 외에는 그냥 일반 머랭 맛이라서 풍미가 약한 ㅜㅜ그래도 개인취향으론 누텔라 피치가 가장 입에 맞았다. 에스프레소는 그냥 딱 예상가능한 맛맛은 좀 애매했지만 그렇다고 맛없다는 건 아니다. 식감도 괜찮고.그리고 생긴게 워낙 예뻐서 선물용으론 딱인 듯.",괜찮다
3939,비하인드미,키다리아저씨,"최근 경희대에서 핫하다는 카페 ""비하인드미""다양한 마카롱과 티라미수~ 그리고 스콘등을 판매하고 있으며, 커피의 경우 ""프릳츠""와 ""펠트"" 두가지 원두를 사용하여 취향에 따라 선택을 할 수 있었다.마카롱 (각 2,300원 )피스타치오 아몬드와 얼그레이를 주문하였고, 꼬끄의 경우는 쫀득함 보다는 촉촉하고 부드러운 느낌이며, 필링도 너무 두꺼운편은 아닌 적당한 수준이지만...각각의 맛과 향의 느낌은 충분히 전해져서 좋다고 생각한다. 하지만 개인적으로는 다른곳 보다 좀더 단듯...티라미수 ( 5,000원 )우선 시트가 레이디핑거가 아니여서 좋았고~ 에스프레소가 전체적으로 촉촉하게 적셔졌으며, 마스카포네 치즈도 너무 꾸덕한 수준은 아니지만 꽤 진하고 부드러워서 맛이 좋았다.코코넛 커피? ( 6,000원 )비주얼은 라떼 쉐이크 느낌이였으며~ 커피와 코코넛 밀크의 맛과 향은 괜찮았으나 꽤 달달하게 느껴져서 먹다보니 좀 물리는 느낌이 든다.아메리카노 ( 4,000원 )각각 유명 원두를 받아와서 그런지 기본 가격대가 저렴하진 않다.프릳츠의 경우는 산미가 거의 없고 질감이 무거우며 다크로스팅된 느낌이여서 누구나 무난하게 즐기기 좋았으며, 펠트의 경우는 향부터 맛까지 신맛이 감돌며 부드러운 산미가 느껴지니 각각 취향에 따라 주문하면 좋을듯!!*** 리필은 안됨.인테리어도 깔끔하고 1층과 지하의 컨셉도 달라서 여성들이 좋아할 느낌이고 분위기도 괜찮다.직원분들도 친절했으며 입구 앞 스피커에서 흘러나오는 음악도 대화에 방해되지 않은 수준이여서 좋았다.하지만 위치나 대학가를 고려했을때 가격대가 저렴하진 않은듯하다.",괜찮다
3940,비하인드미,Ansu,맛있고 친절하다. 쫀득하다기 보다는 부드러운 마카롱이다. 얼그레이 마카롱이 제일 맛있다. 그리고 꼬끄는 바삭하고 필링이 부드러워서 내 기준 개성있는(?)식감의 마카롱이었다. 재구매 의사 선물 의사 완전 있음 어제는 매장 갔는데 자리가 없다고 지하로 안내해주셨다. 귀찮으실텐데 지하까지 가져다 주시는 친절함에 감동이었다  분위기도 좋고 마카롱도 맛있어서 자주 찾고싶은 카페 ! 아메리카노 원두도 두 종류가 있어서 좋다. 시큼한 맛보다 씁쓸한 맛의 커피를 좋아하는데 선택할 수 있어서 좋았다.,맛있다
3941,고소운,루카스,"카스 별점 ★★★★☆ [4/5]<외대 핫플>♨밥 없이는 살아도 빵 없이는 못 살아 15편♨처음 생겼을 때 신선한 충격이었던 곳입니다. 맛집 및 인스타 감성 가게 불모지인 회기, 외대에 이런 흰색 커튼과 앤틱한 가구가 가득한 심지어 ""수플레 팬케이크""전문점이라니! 제가 알기로는 이 근처에 수플레 팬케이크 집은 회기에 하나, 그리고 여기 하나인 것 같아요. 개인적으로 회기에 위치한 곳보다 고소운 팬케이크가 더 맛있었습니다. 계란 비린내가 덜 납니다. 그리고 몽글몽글하고 폭신함이 더 잘 살아있었어요. 수플레 테이크아웃은 불가능하다고 하네요. ♥플레인 수플레 팬케이크(9900원): 우선 가격이 합리적인데다가 양도 꽤 많습니다. 수플레도 폭신폭신하고 맛있고, 자칫하면 계란 비린내가 날 수 있는데 그 부분을 확실히 잡아주어 좋았습니다. 수플레 팬케이크 특성상 조리 시간이 좀 걸리는 점은 감안하셔야 합니다.",맛있다
3942,고소운,제이,"사진 : 수플레 팬케이크, 밀크티수플레 팬케이크 맛집이라고 해서 한 번쯤 가보고 싶었는데 드디어 가봤다. 수플레는 부드럽고 폭신하니 참 맛있었다. 같이 시킨 밀크티는 생각보다 밍밍해서 그냥저냥 먹을만 했다. 내부 분위기는 지하에 있기도 하고 인테리어도 잘 해놓아서 그런지 나름 고전적인 분위기가 났다.",괜찮다
3943,고소운,단이,"< 외대에 이런 감성넘치는, 수플레 맛집이 있다고?!>아무래도 대학가이다 보니 프렌차이즈 카페나 대형 카페들만 많은 상권인데, 한줄기의 빛처럼 인스타 감성 낭낭한 카페 고소운! 며칠 전 성수동에서 먹었던 수플레보다 가격은 반값, 맛은 두배, 아니 다섯배 더 맛있었다. 수플레가 굉장히 포슬포슬하고 크림과 메이플시럽의 조화로 인해 달면서 맛있다 계란맛도 적게 느껴지고 계란냄새도 별로 안나서 수플레 맛집으로 충분!!아메리카노 가격도 적당하고, 딸기라떼는 좀 비싼 감이 있었지만 맛있었다.경희대/외대 후문에 거주하거나 이문동 주민들, 외대생들 중에 감성적인 카페에서 맛있는 수플레를 먹으며 인생샷을 찍고싶은 사람들은 당장 갑시다~~!~!",맛있다
3944,고소운,Ansohwee,2층에 있던때가 당연히 공간자체가 더 나았어요감성도 나쁘지않지만 현상소랑 엄청 비슷한 느낌...음료는 무난해서 괜찮았고 수플레는 2층시절 나쁘지않았었는데 최근엔 안먹어봐서 잘 모르겠네요,괜찮다
3945,고소운,서현,지하로 매장을 옮긴 고소운 카페확실히 2층에 있을때보다 내부가 많이 어둡고 방문한 날에 비가많이와서 냄새가 좋지는 않았다ㅠ그래도 주문한 음료들은 너무 맛있었다 아인슈페너 5000 (크림이 매우 고소!!하지만 금방 가라앉혀서 커피와 섞여버림ㅋㅋㅋ...)롱블랙 4000블루레몬에이드 5000 곳곳에  엔틱 가구들로 꾸며져서있고 분위기가 아늑한 편감성카페를 좋아하는 사람은 한번쯤 방문해도 괜찮을거같다다만 화장실이 매우...... 좀 별로,괜찮다
3946,고소운,쌀국수,18년 여름 방문이라 가격이 확실친 않지만.. 수플레 팬케익이 9천원인가 하여튼 꽤 쌌고 양도 많았으며 맛도 평타 이상이었다. 나머지 음료도 조금 달긴 했으나 가격대가 4천원대로 나름 착했던 기억.,맛있다
3947,고소운,위가 작은 밍,"귀여운 수플레! 분위기도 괜찮아요!근처에서 학교를 다니는 친구가 수플레 케이크를 먹어보고 싶다고 해서 방문했어요!일단 카페 첫인상은 굉장히 사진 찍기에 좋다!굉장히 잘 꾸며놓으셔서 분위기도 좋고 테이블간 간격이 넓어서 인스타 감성 뿜뿜해요 ㅎㅎ 저는 친구와 두명이서 수플레 플레인(₩9900), 시그니처 말차라떼(₩6000), 시그니처 더티초코(₩6000)를 먹었어요!수플레 케이크는 솔직히 엄~~~청 맛있지는 않아요! 그럭저럭 먹을만 하지만, 나중에도 떠오를 정도는 아니에요 ㅎㅎ 음료들도 그럭저럭...!분위기는 좋았어요! 그런데 케이크 나오는 시간도 오래걸려서 재방문은 생각 없네용",괜찮다
3948,고소운,갈색곰도리,외대에 이런 곳이 있었다니...! 카페는 2층인데 가파른 계단을 올라가보면 정말 예상하지 못했던 분위기 좋은 카페가 숨겨져있다. 수플레 팬케이크도 팔던데 배가 불러서 음료만 주문했다. 친구는 그린티라떼 나는 딸기라떼를 시켰는데 맛은..그냥 그랬다 너무 밍밍하고 달기만 했다 ㅠㅠ비주얼은 예뻤는데 아쉽..다만 분위기가 좋아서 다음 번엔 팬케이크 먹어보러 올듯!,괜찮다
3949,고소운,망코,외대 근처에서 밥을 먹고 수플레 팬케이크를 먹으러 카페 양귀비를 찾아갔다.친구와 찾았을 때는 고소운을 몰랐고 카페 양귀비만 알았다. 카페 양귀비를 갔더니 만석.일어난 기미도 보이지 않아 근처 카페를 찾았다.그런데 수플레 팬케이크를 파는 카페라고 해서 고소운이 나와 지체 없이 이동.다행히 자리는 있었고 생각보다 넓다.아이스 롱블랙과 아이스바닐라라떼그리고 수플레 팬케이크 플레인으로 주문.주문하니깐 50분 걸린다고.알겠다고 하고 기다림~주방에서 솔솔 냄새가 나더니 나왔다.몽글몽글 부드러운 팬케이크.오사카의 그램이라는 카페에서 파는 수플레 팬케이크를 먹어본 적이 있는데 난 고소운이 맛나다.여긴 꼭 다시 가기로!!!,맛있다
3950,고소운,루카스,양귀비보다 맛있다는 얘기를 많이 들었는데 그런거같아요! 안에가 덜 구워진거같은...근데 나쁜게 아니라 맛있게 안구워진느낌...?ㅎ... 몽글몽글~폭신폭신~플레인 먹었고 시럽은 오히려 안찍는게 맛있네용 본연의 맛을 더 잘느낄수있어용~,맛있다
3951,고소운,뎜(dyeom),"2019.09.18입구가 너무 ㅋㅋㅋ 들어가기 민망하게 생겼다. 이 문을 열어도될까 하는 기분이 드는 입구...ㅋㅋㅋㅋ음료는 요거트구름스무디 시켰고 달달하니 맛있었다. 내부는 인스타 감성 충만하고 분위기가 좋다.2020.02.18저번이랑 같은 자리 앉았다. 평일인데도 사람이 많았다. 이번에는 말차라떼, 초코라떼를 시켰다. 위에 장미모양마시멜로우가있다. 초코라떼인데 달지가 않았다. 실망",괜찮다
3952,고소운,맛되디,"수플레를 자주 먹는 편은 아니었는데 과하게 달지 않고 맛있는 편이었던 것 같아요ㅎ. 다만 끝까지 먹어갈 즈음이면 살짝 에그 스뭴이 올라오니 디저트 덕후시라두 여럿이 하나 나눠 먹는 게 좋을 듯 싶습니다. 음료도 평타는 되었구! 분위기와 동선, 공간 확보는 아주 훌륭했습니다. 다시 방문하긴 할 것 같아요 :)",괜찮다
3953,고소운,dotori,"1/10팬케이크 가게에서 딴 거 시키고 성내기 같지만, 일단 디저트 종류가 수플레팬케이크랑 푸딩이면 둘이 엇비슷 해야할텐데... 푸딩 정말 맛없다.도를 넘어선 질감(심지어 겉부분과 속부분 다르게 맛없음)에, 푸딩은 향이 찌르도록 가득한데, 카라멜은 그냥 설탕느낌만 내고, 생크림 가득 얹히니 정말 언짢았다.",별로
3954,고소운,ㅇㅅㅇ,평소 수플레 팬케이크를 별로 좋아하지 않지만 친구가 놀러와서 예쁜 카페를 찾다가 가게 되었다폭신하고 부드러운 빵이고 계란 비린내는 심하지 않음다른 카페에 비해 가격대비 양이 많은편음료는 커피가 너무 맛있었다롱블랙이 이렇게 부드러운 것은 처음이다!! 그치만 신비레몬인가 그건 비주얼에 비해..실망스러운 맛,맛있다
3955,고소운,E.T Jun ,의식하지 않으면 그낭 지나치기 쉬운 곳에 위치하고 있습니다. 우미정 윗층이라고 생각하면 금방 찾을 수 있습니다. 개인적으로는 송리단길에 있는 '가배도'랑 내부 분위기가 비슷하게 느껴졌습니다. 커피는 아메리카노 대신 롱블랙이 있었는데 무난한 맛이었습니다. 수플레케이크는 주문하시면 시간이 좀 걸리는데 맛은 괜찮았습니다. 한번쯤 먹어볼만한것 같습니다. 무엇보다도 여기는 테이블간의 간격도 넓고 분위기도 좋아서 맘에들었습니다. 분위기만 봐서라도 이문동의 핫플레이스라고 할만한 곳입니다.,괜찮다
3956,고소운,AlexTheFood,"#180904바나#고소운생긴지 서너달 밖에 되지않은 외대 앞 힙한 카페★⠀이 근처에서 여기보다 분위기 좋은 곳은 없을 듯...어지간한 홍대/망원 이쁜 카페에 꿀리지 않을 정도로인테리어랑 컨셉을 너무 잘 잡아놓으셨다!⠀커피는 전체적으로 무난하게 괜찮은 편.사실 맛있게 마셨는데 이게 분위기 때문인지아니면 정말 맛있었는지 헷갈릴 정도로 분위기가 좋다.⠀이 근방에서 수플레팬케이크를 제일 잘 한다는데,이미 식사를 하고 가서 안 먹어봄.나중에 가서 확인해보는 걸로!⠀진심으로 공간도 넓고 분위기도 너무 좋으니가서 이 분위기를 느껴보시길...음악도 잔잔한 힙합.. 너무 내 취향이었다☺-⠀#롱블랙 3500 ★★★#아인슈페너 5000 ★★★☆#연유라떼 5000 ★★★★#시그니처말차라떼 6000 ★★★☆-⠀#외대카페 #신상카페 #힙한카페 #카페추천",맛있다
3957,고소운,지융,외대에 이런 곳이! 분위기도 있고 맛도 있는 곳,맛있다
3958,고소운,띵시,"가성비 ⚫️⚫️⚫️⚪️⚪️맛 ⚫️⚫️⚫️⚪️⚪️분위기 ⚫️⚫️⚫️⚫️⚪️재방문의사 70외대앞 외이래...? 영원한 미개척지 이문동이 점점 힙해지는 중이다. 오픈하자마자 HUFS-Ster들의 물개박수를 받은 하양하양 빈티지한 카페 고소운.붉은색으로 잔뜩 칠해진 계단부터 던전으로 들어가는 입구인 마냥 범상치 않다. 2층에 위치해 있어 번잡스럽지 않고, 공간을 널찍하게 잘 구성해 놓아 수다권 확보에 매우 좋음.오리지널 수플레 팬케이크와 롱블랙, 아이스 라떼 주문. 팬케이크는 시간이 좀 걸려 음료부터 맛봄. 굉장히 묽고 자기 주장 없는 커피 맛이다. 산미고 고소함이고 웂음ㅠ 많이 아쉬웠다.팬케이크 세 장에 크림이 올라간 채 서빙되고, 따로 제공되는 메이플시럽을 부어 먹으면 된다. 푹신 녹아내리는 질감을 기대했지만, 가벼운 카스테라 정도의 식감이었다. 달걀맛이 진하게 난다. 크림과 시럽의 당도는 아주 좋았음. 하지만 두 장 먹으니 물리는 맛이었다.공간이 훌륭하고 저녁에 수다 떨며 감상에 잠기기에 최적화된 곳이지만, 한 가지 단점은 창 밖에 돈까스집과 닭한마리 칼국수집이 너무 훤하게 보인다는 것9ㅅ9 밤의 분위기가 넘넘 좋아 친구들과 다시 재방문할 예정!",괜찮다
3959,고소운,이름름이,"외대에 망원 뺨치는 카페가 생겼어요!ㅎㅎ우선 분위기는 80년대 홍콩~한국 느낌?망원도 카페들 만큼 예뻐요ㅎ음료는 플랫화이트, 디저트 누텔라 수플레팬케이크 시켰는데다 대만족입니다ㅎ수플레 팬케이크는 삿포로에 있는 마루야마팬케이크에 약 7.5배 정도 맛있었어요ㅎㅎ고소한 계란향이 가득플랜화이트는 거품에서 우유 형이 나 부드럽게 넘어가 좋았어요 너무 달지도 않고ㅎ다 만족합니다!",맛있다
3960,컴투레스트,미동이,맛은 저에게는 평타이고 아늑한 분위기가 조아요,괜찮다
3961,컴투레스트,,와. 친절 최악이에요.이런곳은 본적도 없네요.그돈 들여서 먹을곳 아닌듯...,별로
3962,컴투레스트,두둠타,직원 태도가 너무 별로라 커피맛이고 뭐고 다시는 가고싶지않은곳. 네이버 리뷰를 보면 그런 리뷰가 종종 있는데 그 답글에서도 태도에대해 죄송한기미는 전혀 안보임. 왠만하면 이런것들에 크게 신경쓰지않아서 난생 처음느껴보는 서비스난 영수증을 버려 네이버리뷰는 작성못했지만 정말 기분나빴던곳,별로
3963,컴투레스트,루카스,카스 별점 ★★★★☆ [4/5]<인스타 감성 카페>경희대 인근에서 분위기 있고 예쁜 카페입니다. 캠퍼스보다는 회기역쪽에 더 가깝게 위치하고 있습니다. 인테리어에 신경을 쓴 걸 고려하면 가격대도 합리적입니다. 쑥이 들어간 여려 음료가 메뉴에 준비되어있는게 특징입니다. 디저트류도 다 맛있어보였어요. ♥쑥라떼(4500원) : 단 맛보다는 쑥 특유의 씁쓸하고 텁텁한 맛이 강하게 느껴집니다. 저는 원래 쑥을 좋아하고 할머니입맛이라 맛있게 먹었는데 단 거 좋아하시는 분들은 호불호가 갈릴 수 있을 것 같네요. 입맛에 맞으시면 아인쑥페너도 맛있을 것 같아요.  ♥판나코타(4200원): 미키마우스 모양의 우유푸딩입니다. 시럽에 담궈져 나옵니다. 우선 생긴 게 귀엽고 푸딩도 바닐라 빈 향이 많이 나서 달달~하고 맛있었어요. 까눌레가 정말 맛있어보였는데 제가 방문했을 때는 다 소진되었더라구요. 재방문의사 있습니다.,맛있다
3964,컴투레스트,kkonoo,쑥 라떼가 맛있지만 넘모 적다..,괜찮다
3965,컴투레스트,형석,회기동에서 추천 받아 간 곳인데 음...커피나 공간이 썩 나쁘진 않았는데 그냥 그게 다였음..이제서야 리뷰를 좀 봤는데 아인쑥패너를 마셨어야 하는건가... 추천과 평점에 비해 커피가 딱히 맛있지 않아서 상대적으로 좀 실망.. 그래도 시간 보내러 간 곳 치곤 괜찮았었음,괜찮다
3966,컴투레스트,셔니,코로나 때문에 아인쑥페너 테이크아웃해왔어요예전부터 가봐야지 생각만하다가 드디어 왔답니당한모금 마시고 첫인상은 진짜 쑥이네...??였고 다 마셔갈때 드는 생각은 이래서 유명하군!!이었어요생각보다 더 달달했고 커피맛이 덜 났어요 덕분에 쑥향이 더 강하게 느껴집니다 제 취향으론 커피맛이 좀 더 났으면ㅎㅎ아인슈페너랑은 좀 다른게 물이 아니라 우유가 들어가서 크림이랑 섞으면 달달한 라떼 같은 맛이 납니당친구랑 같이 테이크아웃해서 헤어졌는데 친구가 맛있다고  카톡왔어요ㅋㅋㅋ 담엔 판나코타 먹으러 갈거에요~!~!,맛있다
3967,컴투레스트,맛집사냥꾼 송,"• 분위기가 좋았던카페   커피 맛은 괜찮다 ! 비엔나라떼랑 쑥라떼 흑임자케이크 주문 비엔나라떼는 딱 내가 아는 비엔나라떼 맛! 맛없어서 실패한맛은 아니지만 너무 맛있어서 또가고싶은 맛은 아니다.쑥라떼는 고소한크림맛..? 단맛은 살짝 적은듯하나 고소한맛 좋아하는 사람들은 만족할듯. 내입맛엔 쏘쏘,, 흑임자 케이크도 단맛보다 고소한맛이 강했다! 달달한 흑임자보단 고소한 흑임자맛을 생각하는게 좋을듯하다 기대했던 맛보다 분위기에 만족하고 나왔던곳 ! 또 갈지는 모르겠어서 괜찮다:)",괜찮다
3968,컴투레스트,잡식가고랭2,평일 낮인데도 사람이 많더라구여! 아인쑥페너 아아 말차테린느 시켰는데 셋다 맛있었습니당 아인쑥페너 크림이 특히 존맛ㅜㅜ 녹차덕후 입맛에 말차테린느 팥+호두+말차 조합 좋았구여 아아는 쓰지도않고 산미가 강하지도 않고 딱 적당했습니당!!,맛있다
3969,컴투레스트,햄푸드,"# 회기동 #컴투레스트# 햄평점 : 3.9/ 5.0 판나코타 (4,500원)아메리카노 hot (4,000원)-디저트 메뉴는 이날 판나코타 밖에 없어시켰는데 엄청 달달하다 (시럽이)이 아이는 개인적으로 인스타 감성샷위한 디저트인듯 ㅠㅠ아메리카노는 쏘쏘-사진에는 없지만개인적으로는 아인쑥페너가 더 맛있었음쑥에 호불호 없으신 분들은저 메뉴로 드시길! 이 집의 시그니처 메뉴입니당다른 리뷰보니 전체적으로 쑥 메뉴들이 실패가 없는듯함디저트는 말차 테린느가 유명하다고 함-[총평]가게 협소, 오래 앉아 있지 x아인쑥페너가 맛있음 (쑥 종류가 이 집 시그니처)인스타 감성st 카페회기역 도보 5분 거리/ 경희대 도보 7분 거리​",괜찮다
3970,컴투레스트,serendip,가격도 착하고 맛있다.치즈케이크 안 좋아하는데 블루베리랑 곁들여서 그런지 (치즈케익이 들어간) 테린 맛있게 잘 먹었다쑥라떼 너무 맛있다. 정확히 투썸 쑥라떼보다 더 맛있는데 가격도 더 착하다.☆재방문 의사 100☆가성비가 내리는 동대문구 카페,맛있다
3971,컴투레스트,grace,"흑임자 치즈케이크가 새 메뉴로 나왔다고 해서 가봤어요.인절미 크림 + 흑임자바스크치즈케이크에로투스 분태가 토핑으로 올라간 디저트였어요.(인절미, 흑임자, 바스크치즈케이크 조합이라가기 전부터 엄청 기대하게 되더라구요. ㅋㅋㅋㅋ.)⠀전체적으로 안 단 편에 흑임자 맛이 진했고꾸덕한 게 크리미한 바스크랑은 느낌이 완전 달랐어요.진짜 대박 꾸덕, 묵직한 식감이었습니다.개인적으로는 도봉관 바스크 치케처럼 완전 크리미하게 해석되어도 매력있을 거 같았어요!",맛있다
3972,컴투레스트,Yenny,"귀여운 판나코타가 있는 컴투레스트.이름과는 조금 다르게 공간이 워낙 작은데 인기가 많아서 웨이팅할 확률이 좀 높다. 저번엔 실패하고, 이번엔 운좋게 바로 들어갔다!친구가 시킨 아인쑥패너가 제일 기억에 남는다. 크림의 쑥맛이 진해서 섞어 마셔도 충분히 쑥맛이 날 정도였다. 달달하게 먹기 좋다.먹다가 갑자기 시킨 말차테린느 샌드는 꽤 차갑게 나왔다.꾸덕하고 맛있었지만 4500원은 조금 비싼 감이?아메리카노는 약간 연하게 느껴졌는데, 시고 강렬한 커피를 안 좋아하는 나에겐 오히려 괜찮았다. 시원하게 쭉쭉 들이킬 수 있는 맛.미키마우스 판나코타는 너무 귀여워서 주문할 수 밖에 없었다. 맛은 특별할 것 없는 달달한 판나코타ㅎㅎ단점은 사람이 그렇게 많진 않았는데, 주문이 밀려있어서 음료랑 디저트가 나오는데 15분정도 걸렸다는 점..제일 넓은 자리에 앉았는데, 자리는 편해서 좋았다.3.8-3.9사이의 평점이 딱 적당한 느낌의 카페였다ㅋㅋ여대생들한테 인기 많을듯.",괜찮다
3973,컴투레스트,즌짱,"미키마우스 판나코타 먹으러 갔어요 >_< 탱탱탱 튕기는 느낌이 진짜 좋아서 영상도 남겨놨는데 영상이 안 올라가는 게 아쉽네욤 ㅠ ㅠ시그니처인 아인쑥페너와 핸드 드립을 마셨는데, 아인쑥페너가 정말 신기했어요- 쑥크림이 생각보다 맛있어서 1차 놀람, 섞어서 마시니 쑥크림, 커피, 크림이 잘 섞여서 세 가지 맛이 다 오묘하게 살아있는 것에 2차 놀람 ㅎㅁㅎ 핸드드립 원두가 뭐였는지 기억은 안 나는데 베리류 산미가 느껴졌어요! 핸드 드립은 조금 별로였다고 하는데, 커알못인 저에게는 그저 산미 강한 커피 ^^... ㅎㅎㅎ판나코타는 맛있었어요! 시그니처인 아인쑥페너는 한 번 쯤 마셔볼만 해요 :)",맛있다
3974,컴투레스트,필터커피처돌이,"회기동 골목에 숨겨져 있는 조그마한 공간두가지 필터커피와 기본적인 에스프레소 메뉴, 그리고 수제 디저트를 다루신다.한잔한잔 정성담아 내려주시는 커피에 기분이 좋아진다. 사장님들께서 애정을 가지고 계심이 느껴짐.우롱차 마시는 듯한 부드러운 아메리카노 클린한 피니쉬가 좋다.",맛있다
3975,컴투레스트,•Sarah•,회기역부근에 사는 친구 추천으로 방문했던 컴투레스트흑당바닐라라떼와 쑥라떼 그리고 말차테린느 주문해서 먹었는데 쑥라떼는 정말 난생 처음보는 메뉴라 엄청 궁금했었어요! 정말 찐~한 쑥물에 우유탄 맛인데 생각보다 몹시 매력있더라구요! 말차테린느는 크래커 샌딩된 아이스크림이었는데 달지 않고 딱 적당한 양으로 나와서 디저트로 먹기에 좋았어요- 흑당바닐라라떼는 최근 마셔본 흑당 시리즈중에서 가장 달지 않았던거 같아요 :) 그래도 맛이 조화로워서 좋았어요-,맛있다
3976,컴투레스트,띵시,"가성비 ⚫️⚫️⚫️⚪️⚪️맛 ⚫️⚫️⚫️⚫️⚪️분위기 ⚫️⚫️⚫️⚫️⚫️재방문의사 90여러 번 재방문한 컴투레스트. 쓱-라떼를 맛보고는 푹 빠져서 이 메뉴만 열심히 덕질하는 중. 주 손님들이 인근 대학교 학생들이다 보니 오픈 시간 맞춰서 가거나 저녁 늦게 가면 꽤 널널쓰!쓱-라떼(쑥라떼)는 개떡에 우유 두 방울 섞은 맛. 쑥맛이 부담스럽지 않고 은은해 부담스럽지 않게 즐길 수 있는 레트로한 음료.말차테린느는 아이스크림을 얹어 내는 초코, 치즈테린느와 달리 비스킷에 샌딩해 줌. 작아 보이지만 식사하고 가면 둘이 먹기에도 적당한 양. 오픈시간 맞춰 가니 해동이 덜 되어 있어 많이 차갑긴 했지만 말차향도 적당하고 식감 쫀쫀해 맛났음.여전히 재방문의사 충만!",맛있다
3977,컴투레스트,띵시,가성비 ⚫️⚫️⚫️⚪️⚪️맛 ⚫️⚫️⚫️⚫️⚪️분위기 ⚫️⚫️⚫️⚫️⚪️재방문의사 100애타게 찾던 판나코타를 맛볼 수 있어 기뻤음! 회기역 근처에 위치해 있으며 가게 규모에 비해 손님이 북적거린다. 따뜻한 톤으로 인테리어가 되어 있어 포근한 느낌이 듦.캐러맬 소스가 곁들여진 판나코타는 딱 연두부 식감. 묵직한 느낌보다는 입에서 스르륵 바로 녹는 느낌임. 아이스 아메리카노는 산미가 꽤 있어 개운함. 판나코타가 약간 느끼한 맛이 있는 디저트라 산미가 감도는 아메와 잘 어울렸음.채광이 좋고 학교에서 별로 멀지 않아 자주 가게 될 것 같음ㅎㅎ 사람이 적을 때 다시 방문할 예정임.,맛있다
3978,컴투레스트,희희희,컵도 귀엽구 판나코타도 귀여운데 한 두시반?쯤 갔더니 판나코타 품절이라구 ㅠㅠㅠㅠㅠ 하시더라구요. 네시간 정도 기다려야된다고 하셔서 기다리고 먹었어요. 네시간 정도눈 아니고 한 두시간 반? 정도 기다리고 먹었던 것 같아요. 제가 그냥 빨리 달라고 요청드려서 푸딩이 좀 덜 굳긴 했는데 맛있었어요! 판나코타는 처음 먹어봤는데 푸딩보다는 약간 두부 같은 느낌이었어요. 주변에 뿌려진건 시럽이더라구요 달달하니 맛있움. 군데 커피는 별로였어요 ㅠ 아인슈페너 라떼 별로....,괜찮다
3979,8 Street,무너무너,"#오늘의업보 #협찬오늘은 ""4년다니면서 나만 몰랐던"" 옆 학교 핫플 @8streetcoffee  #8번가을 소개해 드립니다!트렌디 하면서 눈에 들어오는 모든 공간의 포인트컬러가 이뻐서 생생하다는 느낌을 크게 받은 카페에요. 외국인도 많은게 우리학교 학생들인것 같은디 나는 같은 동네면서 4년동안 이런곳이 있는줄은 몰랐네...허이....넘 기뻤던 것은 #몽블랑케이크 가 있어서 바로 골랐어요! 이번 가을은 다난해서 몽블랑을 못챙겼었는데, 곁면부터 안에 졸인 마롱과 무스까지 꽤 튼실한 몽블랑을 먹었어요! 1년 내내 팔았으면 좋겠다그리고 인상깊었던 #8번가고래커피 ! 콜드브루렁 고민했는데 라떼아트 위에 시그니처 고래 쿠키가 올라가서 비주얼적으로 만족, 맛도 두번 만족!고래쿠키와 따로시킨 #초코쿠키 를 커피에 찍어먹그이!역시 시그니처+오리지널 매뉴를 시켜야해몽블랑이 텁텁할것 겉아서 시킨 #망고패션후르츠에이드 는 스윗하면서 패션후르츠 씹는 맛이 있어 대만에서 먹은 패션후르츠버블티를 떠오르게 했그이학부생때 알았다면 얼마나 좋았을까 싶지만커다란 1자앞머리 멍뭉이를 보니 자주자주 다녀야 겠다는 생각이 들었습니다! 다음도 멍멍이 구경 후식겸 들릴께요#회기카페 #카페 #회기역카페 #경희대카페 #서울카페 #동대문카페 #동대문카페추천 #회기동카페추천 #갤러리카페 #8번가 #8번가카페 #커피스타그램 #맛스타그램 #카페투어 #서울카페추천",맛있다
3980,8 Street,미동이,강아지가 귀엽다!,괜찮다
3981,8 Street,잉길동,경희대학교 서울캠퍼스 주변에 위치한 ✨8번가✨카페를 소개합니다. 8번가는 갤러리와 커피가 있는 복합문화공간입니다. 콘센트가 많아서 학생들이 카공하러 많이 가는 곳이기도 합니다. 움료와 디저트 모두 맛있었습니다. 추천‼️,맛있다
3982,8 Street,미동이,카공카페!,괜찮다
3983,8 Street,kkonoo,솔직히 음료보단 자리 때문에 감!,괜찮다
3984,8 Street,jace.j,커피도 맛있도 분위기도 좋도 강아지도 귀여워요ㅠㅜ,맛있다
3985,8 Street,유누,"널찍하고 채광 좋은데다 갤러리처럼 그림들을 전시해 놓은 인테리어가 돋보이는 카페지만 함정은 케이크만 테이크아웃 해 왔다는 것...ㅋㅋ바나나타르트와 생크림후르츠케이크를 샀는데, 키위, 청포도, 딸기 등이 크림과 함께 층층이 샌드 된 후르츠케이크는 부드럽긴 했지만 기대보다는 그냥 그랬다. 별로 내 스타일이 아닐 것이라 예상했던 바나나타르트가 의외로 적당히 달면서 무스도 부드럽고 타르트지도 퍽퍽하거나 딱딱하지 않은 게 꽤 맛있었다. 은은한 바나나 향이 매력적이었음!굳이 찾아갈 케이크 맛집! 까진 아니고 근처에서 디저트 찾는다면 괜찮을 정도.",괜찮다
3986,8 Street,Yenny,"넓고 쾌적한 공간이 큰 장점인 갤러리 카페.음료와 디저트맛은 무난!일단 공간이 넓어서 테이블 간격이 큰게 가장 맘에 들었다. 지하에도 빛이 들어와서 전혀 답답하지 않았다!친구가 시킨 자몽펀치?는 아주 상콤하고 맛났으나내가 주문한 밀크티는 쌉싸름한 맛이 강했다. 티백을 너무 오래 우리셨나..? 처음 맛보는 강렬한 밀크티였고, 카페인에 취약한 나는 결국 밀크티 마셨다고 밤을 샜다ㅎ?커피는 안마셔봐서 모르겠지만, 에이드 종류 추천!치즈케이크 평소에 잘 먹지는 않지만, 자꾸 시키라고 말거는 것 같아서..맛있어 보여서 시켰다.부드럽게 생겼는데 생각보단 꾸덕했다. 근데 자꾸 흩날려서 테이블 더러워짐 주의,,이 카페에는 아주 커다랗고 귀여운 대형견 ‘라떼’가 상주하고 있으니 혹시나 동물을 무서워한다면 참고할 것!",괜찮다
3987,8 Street,즌짱,"드디어 재 오픈한 8번가- 오랜만에 보는 라떼(멍뭉)도 잘 있고요 전보다 더 넓고 쾌적한 공간이 되었어요. 지하 공간에서 있었는데 갤러리 카페의 그 느낌 너무 좋아요! 지하에는 공연할 수 있게 세션도 있어요! 라떼랑 밀크티, 사진에는 없지만 아메리카노도 마셨는데 다 맛있었어요! 햇살 맛집에 분위기도 좋고 지하는 조용한 분위기라 공부하기도 좋아요! 팀플 할 수 있는 스터디 룸도 있습니당!!",맛있다
3988,8 Street,홍초,홍초의 카페투어 41☕-회기 8번가 커피 [☕☕☕☕☕]-경희대 근처에 유우우명한 커피로는 물론 디앤에이나 컴플리트가 있지만!! 이날은 주말이라 일찍 닫는다는 함정이 있었다고 한다.... 그래서 차선책으로 8번가를 추천받아 가봤는데 오 이게 웬걸? 생각보다 맛있어서 깜놀.이날따라 커피가 너무 고파서 그런지 몰라도 아메리카노가 너무너무 입에 쫙쫙 달라붙었음.커피맛은 일단 나무냄새가 확 올라옴! 음... 기분 좋은 원목가구 냄새라고 할깤ㅋㅋㅋㅋㅋ 여튼 산미는 완전 1도 없고 탄내나 쓴맛도 적당한 뭔가 오! 비싼 커피다! 하는 맛임.매장은 제대로 못봐서 분위기는 잘 모르겠고 '라떼'라는 어마어마하게 크고 귀엽고 시크한 댕댕이가 돌아다녀서 씹덕사할뻔.테이크아웃시 1000원 할인해주는것도 개이득☆다만 다음번에 회기를 갈 일이 있을지는....ㅎㅎㅎ -#홍초의카페투어,맛있다
3989,8 Street,AlexTheFood,"170322.맛 ★★★ 분위기 ★★★ 가성비 ★★★☆ 재방문 의사 있음 주문한 메뉴 (2명 방문) ICE 카페 사이공(Cafe Saigon) - 5200원 ICE 그린티 라떼(Greentea Latte) - 4500원 총 9700원나는 원래 카페를 잘 안 가지만,가끔 가는 경우가 있다.보통은 공부할 때.경희대 앞에 있는'8번가'라는 카페는 꽤 커서경희대생의 스터디 모임 장소로자주 이용되고는 하는데,나 또한 혼자서 공부할 때나,친구한테 뭘 물어볼 때이 곳을 애용하고는 한다.www.8street.co.kr링크에 들어가보면 알 수 있듯,8번가는 카페지만 그림들이 전시된갤러리이기도 하고,목요일 저녁에는인디밴드 공연도 하는문화공간이다.그림 전시나 인디밴드 공연을관람하는 데에 돈이 드냐고 묻는다면,NOPE.인디밴드 공연은 심지어끝까지 관람하면800원 할인을 해준다고 한다.3층까지 있어서 규모도 크고,볼 거리도 많고 내 개인적으로는좋아하는 음악들이 많이 나와서경희대에서 카페 갈 일이 있을 때면무조건 여기를 간다.나는 이 곳에 가면카페 사이공을 시킨다.커피는 안 좋아하지만밑에 가라앉은 시럽이 달달하고전체적으로 부드러워서.사실 뭔가 생긴 게 이뻐서좋아하는 것 같기도 하다.친구가 시킨 그린티 라떼는평범하다.사실 나는 커피를 잘 몰라서8번가의 커피가 맛있는지는잘 모르겠으나,친구 말로는 꽤 맛있다고 한다.사실 8번가는커피가 목적이 아닌 카페라서,커피를 기대하고 가는 사람에게추천하는 카페는 아니다.단순히 '카페'라고 하기에는볼 것들이 많은 문화공간.자리도 넓고, 음악도 좋고,적당히 많은 사람들과적당히 떨어진 간격.공부나 스터디하기에정말 좋은 카페다.갤러리나 공연 등의 일정 또한위에 걸어둔 8번가 링크에잘 공지되어 있으니,문화생활을 좋아하시는 분이시라면근처에 지나갈 때 한 번쯤,들어가서 여유를 즐겨보는 것은 어떨까.",괜찮다
3990,8 Street,yn_h24,"회기에서 찾기 힘든 넓고, 아늑한 카페에요. 음료 사이즈도 스벅 그란데 정도인데 커피가 3.5 입니다. 가격도 나쁘지않고 내부도 좋고! 학생들이 공부하러, 팀플하러 모이는 카페에요. 오랜만에 가니 감회가 새로운! ㅎㅎ",맛있다
3991,8 Street,qwert,가격이 약간 저렴한 편2층까지잇어서 눈치도 안보이고3층에서는 가끔 촬영도 하더라넓고 깔끔한 인테리어,맛있다
3992,8 Street,뀨엥,"케이크가 짜지만 조별모임같은거 하기엔 좋은 양질의 디저트와 커피,음료들",맛있다
3993,8 Street,DU Lee,깔끔하고 디테일해요,괜찮다
3994,알로카시아인더테라스,미동이,가격은 비싸도 예쁜 분위기 맛은 평범!,괜찮다
3995,알로카시아인더테라스,키다리아저씨,"플라워 카페라고 보는게 좋을거 같아요~플랜테리어 느낌도 들지만, 깔끔한 카페는 아니였어요~분위기도 아주 좋다거나 다른 카페 대비 남다른 매력을 찾아보려해도 그냥 무난했어요. 너무 기대하지 말고 방문하시길~카페 내부도 적당히 넓고, 이것저것 생화들로 꾸며 놨는데~ 다시 방문하고 싶은 카페의 분위기는 아니네요^^;좋았던 점이라면…코로나 때문인지~ 방문한 날이 평일이긴 했지만, 저희 테이블 밖에 없어서 조용하게 얘기하기엔 좋았다는점!!ㅎㅎㅎ 반대로 불편했던건 날씨가 좋아서 문을 다 열어놓고 뒷편에는 밖에 야외 테이블도 있었는데~ 풀이나 꽃이 많아서 그런지… 모기가 많아서 몇방 물렸네요ㅋㅋ생화 디피 때문인지…음료 가격이 왜 비싼지 잘 모르겠네요.그렇다고 커피의 맛이 남다르게 좋은것도 아니고, 6-7천원 주고 마시기엔 좀 아까웠어요~ 어디 관광지나 한강변의 카페도 아니고….샷 추가비용도 1500원 더 내고 마셨는데… 맛이 별로예요.아메리카노는 샷에 뜨거운물을 알아서 부어 마시게 별도로 나오네요~아이스라떼도 우유맛이 좀더 강하고 슴슴한 라떼~ㅠㅠ그냥 이런 분위기의 카페를 즐기실거면 괜찮을 수도 있겠네요.",괜찮다
3996,알로카시아인더테라스,루카스,꽃이 많아서 카페 향기가 좋음눈꽃밀크빙수 18000원 짱맛있음!! 양도 많닥,맛있다
3997,알로카시아인더테라스,Ray,분위기 진짜 좋아요! 테이블마다 생화 있고 카페 곳곳에 꽃이랑 이쁜 것들이 가득한데 그러면서도 차분해서 더 좋은 거 같아요ㅠㅠㅠ다만 음료가 비싸고 가격 대비 맛은 그닥...,괜찮다
3998,알로카시아인더테라스,참조기,"분위기가 정말 예쁜곳이다! 들어가자마자 가득한 백합냄새에 반해버렸다ㅠ 자리 안내 해주시면서 촛불도 하나 켜주시고, 어두컴컴해서 좋닿ㅎㅎㅎㅎ 밤이라 커피는 안마셨는데 음료 가격대는 꽤 높은편! 블렌딩티가 7천 5백원이었다. 그래도 분위기가 좋아서 또 갈듯ㅎㅎ 다만 음료 맛은.......노농",괜찮다
3999,알로카시아인더테라스,김수현,예쁘고예쁘고맛있다멋과맛 둘 다 잡았다다만 가격이 비싸다. 음료가격이 7~8000원정도 한다..가격이 비싼 것 빼곤 분위기도 좋고 음료도 맛있었다. 어떤 남자분은 이곳에서 프로포즈 리허설을 하시고계셨다,맛있다
4000,알로카시아인더테라스,구슬,"아메리카노, 카페라테, 당근케이크 주문. 아메리카노는 특이하게도 머그잔에 에스프레소 샷, 뜨거운 물을 담은 작은 주전자로 서빙된다. 카페라테에 올려진 밀크폼이 아주 두터웠다. 당근케이크는 적당한 달콤함에 시나몬향이 물씬 풍겨 맛이 좋았음. 가격도 무난했다. 테이블 위의 생화 화병도 예뻤다.",맛있다
4001,카페몰로,준영,스터디카페랑 붙어있던 회기역 근처의 카페예요. 음료도 판매하고 브런치도 판매하고! 공간도 되게 넓어서 사람들이 공부하러 잘 찾아오나보더라구요. 늦은 시간에도 카공하러 오시는 분들이 계셨어요ㅎㅎ 커피는 그렇게 특색 있지않아 생각은 안나겠지만 근처서 공부해야한다면 또 올지도?!,괜찮다
4002,카페몰로,미동이,음료는 흠...ㅜ,별로
4003,카페몰로,블링블링,콜드브류 한 잔만으로 이곳이 어떻다 섣부른 판단은 할 수 없겠지만 커피는 맛있었다 카페 자체는 깔끔하고 곳곳에 대리석 분위기로 모던한 느낌이었다베이커리류나 다른 파스타 메뉴들도 많이 보였다,맛있다
4004,카페몰로,Grandma_taste,"사실 배달로 주로 시켜먹는곳인데여기 샌드위치랑 파스타가 진짜 너무 맛있어서 매장에도 가봤어요매장 전체적으로 넓고 깔끔해서 간단히 브런치 하기 좋은 곳인 것 같네요배달로 거의 전메뉴 먹어봐서 대충 평을 적자면1.아보카도/새우 샌드위치 - 치아바타의 쫄깃함을 중시하는 1인으로써 진짜 최고에요... 너무 쫀득쫀득..아보카도 샌드위치 안에 있는소스와의 조합도 너무 맛있어요새우 샌드위치는 좀 매콤한 맛이있어요(사실 새우 못먹어서 자주 안먹어봤네용..)2. 파스타류여기 파스타들 다 진짜 평균 이상 맛있는것 같아요오일,로제 파스타도 맛있고이마트리치아나도 매콤하고 맛있어요저는 못먹지만 새우가 푸짐하게들어있어서 지인이 항상 만족하며 먹는답니다ㅎㅎ",맛있다
4005,카페몰로,Ray,"음료 배달해서 먹었는데 4잔 주문했더니 조그만 쿠키가 하나 같이 왔어요. 참고로 서비스 쿠키는 평범했어요ㅎㅎ 제가 마신 오레오프라페(5000)는 평균의 오레오프라페 그 자체라 예상했던 맛 그대로 맛있게 먹었고요. 인상적이었던 건 단 하나, 컵홀더가 귀엽다!ㅋㅋㅋㅋㅋ",괜찮다
4006,카페몰로,소현,카페 몰로 왜안가요... 분위기도 좋도 의자도 짱짱 편하고 무엇보다 음식 맛이 다 좋아요 !! 가격도 나쁘지 않아요 !!  새우아보카도 샌드위치는 치아바타 빵으로 만들었는데 빵도 고소한 맛이 나고 칠리소스랑 어우러져서 맛있어요 브런치 소시지도 겉은 뽀독하고 속은 촉촉하네요 스프는 모두가 아는 고소하고 진한 맛 ! 세조각 나오는 치아바타 빵 스프에 찍어먹으면 아주 좋습니다~~ 다 맛있어요!!! 그리고 사장님이 매우 친절하십니다 (단),맛있다
4007,카페몰로,legina,"이쁘고 깔끔한 인테리어, 편안한 의자, 넘 친절하신 사장님근데 리코타아보카도샐러드(12000원)가 가격대비 별로였어요. 리코타샐러드로 유명한 마마스랑 비교해봐도 그런것같아요. 치아바타는 맛있었는데 아보카도는 후숙이 덜 되어있었고, 리코타샐러드는 단 편이었어요. 야채와 과일들이 조화가 잘 안되는 느낌. 더 맛있는 리코타샐러드를 기대해서 실망했어요ㅠ 다른 메뉴들은 평이 좋던데 리코타샐러드도 개선되었으면 좋겠어요.",별로
4008,크로네,로한,"# 산딸기 케이크크리스마스 홈파티를 꿈꾸며 주문했던 산딸기 케이크식사 후 디저트로 과일, 커피나 음료와 함께 내놓으려고 주문했는데 홈파티를 할 수 없게 되어 그냥 평범한 식후 디저트가 되었음쇼케이스에 몇가지 종류의 케이크들이 사이즈별로 쭉 진열되어 있었는데 볼만 했음(개인적으로 오렌지 치즈크림이 궁금했음)케이크는 케이크 위에 발라진 시럽을 제외하곤 달지 않아 좋았음시럽은 조금 달았음빵 사이사이 산딸기가 들어있었는데 맛은 괜찮았으나 생딸기라면 씹었을때 상큼한 과즙이 터져나왔을텐데산딸기다보니 그런 신선상큼한 과즙미는 덜했음옆에 아몬드는 꼬꼬마때 먹던 크리스마스 케이크를 떠올리게 만들어 살짝 올드한 느낌도 들었으나 고소고소한 건 인정견과류의 고소함을 좋아함아몬드가 산딸기 맛을 덮어버리는 것 같아 아쉽다가도 없으면 밋밋할까 싶어 서운할 것 같기도 하고크게 달지 않은 시트와 크림, 사이사이 들어가 있는 산딸기의 신선한 맛과 케이크위에 발라진 달달한 시럽의 맛그리고 고소한 아몬드의 맛을 느끼며 식후 디저트 타임도 마무리함어른들 드시기에도 크게 달지 않아 좋았음",괜찮다
4009,크로네,미동이,스콘만 사랑혀,맛있다
4010,크로네,미콩,"와 세상에, 학교 오가면서 많이 봤지만많이 봤으면서도 기대가 없어 들르지도 않았지만빵을 고르면서도 큰 기대가 들지 않았지만갓빵이라 그런지 여래 맛있는 바게트는 또 처음이구만요여기는 고소한 밀의 향이 킥. 폭신폭신한 속과 바시락바시락 겉도 빼놓으면 섭하고요 따끈따끈한 바게트라 더더욱 좋았고요 진짜 고소한 바게트라 맛있게 먹었어요프레첼은 무난호밀빵이 유명하니 다음엔 호밀빵 구매해보기로!",맛있다
4011,크로네,백반남자 ,경희대에서 저녁먹고 디저트로 그냥 빵이나 사먹을까해서 몇개 눈에 띄는거 집었는데단팥들어간 빵이 겁나 맛있었음 뭔진 모르겠지만 단팥이랑 버터의 조합이 나쁘지 않았고 겉은 바삭하니 맛있었어요. 저녁먹어서 배부르지만 ㅋㅋㅋ,맛있다
4012,크로네,빈빈,첨갔을때 뭔가 되게 맛있게 먹었는데 그게 뭐였는지 기억이 안난다 아직두..,괜찮다
4013,크로네,yn_h24,빵을 엄청 좋아하는데왜 여기빵은 막 맛있어보이지 않는지...먹고싶은 빵이 없어서 평소에 제일 좋아하던 치아바타로 골랐어요. 무난하게 먹을수있고 다른곳과 맛 비교가 될수있겠다 생각해서요.치아바타가 좀 퍽퍽하고 건조했습니다. 정말 밀가루뭉쳐진 맛? 디어브레* 나 쟝블랑제* 치아바타는 촉촉하면서 부드러웠는데 좀 크로네는 좀 실망했어요.시그니처메뉴가 치아바타가 아니라서 그런가.. 100%호밀빵을 파는 곳이라고 해요!,별로
4014,크로네,Jㅐ,"망고 경희대 맛집으로 선정된 ""크로네"". 가보고 싶었던 곳이었는데 마침 지인이 선물해줘서 먹어보게 되었어요. 선물 받은 거여서 가격도, 분위기도 모르지만 '애플 타르트'의 맛만 딱 객관적으로 봤을 때 맛나다!! 바삭한 쿠키 느낌의 타르트 쉘 좋았고, 스펀지케이크도 폭신한 느낌. 벌집 모양의 빵 부분도 뚝뚝 끊어지는 느낌이 뭔가 내 취향ㅋㅋ 많이 달지도 않아서 막 먹다보면 어느새 다 먹고 새로운 조각을 자르고 있는 자신을 발견ㅠㅠ 가족들도 다들 맛있다며 먹었네요!! 선물해준 지인에 따르면 케이크류도 맛있다고 해요. : )",맛있다
4015,크로네,소금,건강한 식사빵을 사기 좋아요.,괜찮다
4016,본노엘,키다리아저씨,"식빵으로 생활의달인에 나왔던 분의 베이커리 ""본노엘""성수점도 있지만, 제가 사는 집에서는 답십리 점이 차로 10분거리라 근처 지나갈때 가끔 방문했던거 같아요.상당히 아담한 매장이고, 종류가 다양하진 않지만 동네 빵집으로는 괜찮은 곳이라 생각합니다.식빵 달인이라 폭신해서 기본은 하는듯한데...큰기대를 한다면 실망감이 클거 같아요^^;쌀로 만든 식빵이 있어서 밀가루가 거북한 분들에게 좋더라구요~바게트도 무난하고 프레첼도 맛이 좋은편이라 앙버터로 함께 즐기면 조금 더 만족스럽더라구요~ 앙금도 적당히 단맛과 버터의 고소함으로 조화가 좋습니다.개인적으로 자주 먹는 메뉴는 소금빵^^ 버터향 고소하고 쫀득한 식감이 좋습니다.마늘바게트도 단짠단짠해서 좋아하는 분도 계시지만, 저는 평범하게 느껴졌어요~멀리서 오시면 실망감이 클듯하고, 동네에 계신다면 자신의 취향에 맞는거 몇개 찾으셔서 즐기시면 좋을거 같아요.",괜찮다
4017,본노엘,멍뭉이,"거의 모든 빵을 다 먹어본 듯..전반적으로 괜찮음..베셀인 앙버터, 버터프렛젤, 밤빵은 두말하면 입아픔.최근 런칭한 소금빵은 최고임.. 소금빵을 주력으로 미는 다른 가게들이 커피 우린 물이라면 이곳의 소금빵은 루왁커피임..깜빠뉴나 모닝빵도 가족들이 매우 좋아함..종종 직접 방문하면 배달 오토바이가 줄서있음.. 그만큼 장사가 잘된다는 의미..단점은 케익, 커피가 없음. 그리고 팬시한 빵 보단 식사류 빵이 대다수라 뭔가 쨍하는 메뉴는 없음.. 가로수길 같은 번화가보다는 아파트 촌 사이에 위치한 로컬 최강자의 입지 빵집..다만 이런 종류의 빵을 좋아한다면 꼭 찾아와서 먹어봐야할 빵집임.",맛있다
4018,본노엘,로한,"# 앙버터, 식빵스콘, 브라우니전답뉴에 있는 빵집전답뉴쪽에 궁금한 빵집들이 몇개 있었는데 그 중 하나가 본노엘이었음아침에 운동끝나고 단골주유소에 갔다 본노엘이 이 근처란게 생각나 가게되었음맞은 편에 주차공간이 있어 이용가게 앞에 빵사러 온 차들이 보였음가게는 생각보다 작았지만 오전부터 빵사러 온 차들이 보여 살짝 기대했음가게내부는 생각보다 협소했음어린 학생들이 아르바이트를 하는 것 같았는데손님 응대보단 웃고 떠드는데 열중이었음ㅜㅜ공간이 작다보니 시끌시끌 정신이 없었음조명이 어둡고 칙칙해서 그런가깔끔함보단 정신없고 어수선한 느낌?빵 이름표도 무언가 통일성이 없고 그냥그랬음거기에 시끄러움이 더해지니 천천히 빵을 고르기보단 후딱 살꺼사고 집에 가고 싶어졌음남성분께 드릴 답례의 선물이 필요해 예쁜 쿠키나 호불호없이 먹을 수 있는 간단하고 깔끔하고 예쁜 것들을 좀 사고 싶었는데 마땅한 것들도 없고 딱히 땡기는 것도 없어 그냥 앙버터 브라우니 스콘만 집어옴빵맛은 괜찮았지만 어수선하단 느낌을 강하게 받았음",괜찮다
4019,본노엘,Capriccio06,"성수쪽이 본점인가 그런데 이쪽에 아파트 단지들이 많이 생기면서 지점을 낸듯. 일반 동네 빵집보다는 식사용 빵들 종류가 많고 버터프레첼이나 앙버터도 유명하다. 동선이 겹쳐서 자주 갔었고 거의 전메뉴 먹어본것 같은데 개인적으로는 방송나왔던 식빵류는 취향이 아니었고 치아바타나 바게트류는 마음에 들었다. 앙버터가 가게마다 빵 형태가 많이 다른데 여기는 살짝 바삭한 바게트에 많이 달지않은 팥, 버터를 많이 넣어주는 편이라 나는 그 조합이 괜찮았다. 버터프레첼도 버터 비율이 높아서 좋아할수도 있고 (나는 호), 사람에 따라 느끼할수도 있을듯. 전반적으로 빵 맛이 다 무난하게 괜찮긴한데, 내기준에 갈때마다 몇몇빵이 개체차이가 나서 (외형마저도) 좀 실망했던 적이 있다. 가격대가 낮지않은데 이정도는 매장에서 걸러야하는게 아닌가 싶은 아쉬움이 좀 있다. 그래도 동네에서 꾸준히 인기있는 가게인듯.",괜찮다
4020,본노엘,임맛잘봄,광진구에 본노엘을 사랑했었는데 없어져서 거의 울던 기억이... 그런다가 찾은 같은 이름의 유기농빵집... 저는 제가 좋아하는 메뉴와 새로운 것들을 섞어가면서 사는편인데~ 앙버터는 그냥그냥고요~ 밤식빵이 대박이에요. 저는 밤을 안좋아해서 잘 안먹는편인데 밤식빵의 바디가 그냥 앉은자리에서 쓱싹 해치울 정도로... 퇴근길에 일부러 돌아서 이곳을 들러보지만 없을때가 많아요. 다른빵류들도 기본이상은 해서 어떤 걸 선택해도 나쁘지않으실듯하나... 모든 메뉴를 다 먹어본게 아니므로 조심스러움 ㅋ,맛있다
4021,뽀르뚜아,즌짱,"이 동네 터줏대감 동네 빵집 뽀르뚜아빵 종류도 다양하고 내용도 실하다는 건 알지만 이상하게 발걸음이 자주 향하지는 않는 곳인데, 술 마시고 걸어서 집 오다가 레몬 타르트가 급 땡겨서 방문. 타르트 크기에 비해 가격도 괜찮고, 상큼한 레몬 크림을 향한 욕구를 충족시키기에는 충분했다. 더불어 먹은 에그 타르트도 실하고 부드럽고 맛있었다.다만, 계산하는 곳에 끈적 끈적한 무언가가 묻어있었는데 닦지 않으시고... 물티슈를 받아서 손을 닦긴 했지만 약간 찜찜한 기분은 지울 수 없었다.",괜찮다
4022,뽀르뚜아,수갱,좋아하는 외대빵집 이예요신이문본점 있을때부터 다녔는데 이곳빵부터초코렛케잌 까지 안맛있는게없어요ㅠㅠ우울할때들리면 엄청사게됩니다 조심하세요ㅋㅋㅋ시식도 큼직해서 먹어보고 맛나니까 더사게되요,맛있다
4023,뽀르뚜아,seul,여기 사장님이 영업을 정말 잘 하신다.뭘 고를지 고민하고 있자 바로 나온 앙버터를 시식으로 잘라주셔서 단번에 앙버터를 구매하게 만드셨음.강하진 않지만 부드럽게 바삭한 빵에 버터와 앙금 비율도 적당했다.함께 구매한 이름이 기억나지 않는 빵은 안에 찰떡과 크림치즈가 들어있었는데 둘 중 하나만 들어갔으면 더 좋았을듯.사장님이 정말 친절하셔서 근처에 갈 일이 있으면 재방문할 듯싶다.,괜찮다
4024,뽀르뚜아,미콩,"생각보다 너무 맛있게 먹은 먹물바게트(내맘대로 네이밍), 무난했던 기본 바게트외관이 진짜 무너지기 일보직전이라 그동안 안 들렸던 것이라 과거의 나를 또 한 번 혼쭐내 봅니다…단빵을 진짜 별로 안 좋아하는데 요즘 뇌가 수면부족으로 인해 제 맘대로 안 움직여줘서 먹물바게트 하나, 본능적으로 기본 바게트 하나 구매했어요그런데 충동적으로 고른 먹물바게트가 넘 맛있;;; 정신없이 먹느라 사진도 없네요. 바로 이거죠. 사진 찍을 정신도 쏙 빼놓는 맛. 모르겠어요 너무 배고팠나ㅠ 바삭한 빵에 달달 폭신한 리코타 치즈가 너무 환상의 짝꿍처럼 어울려서 냠냠 호로록 해치워버렸어요바게트는 양이 진짜 어마어마하게 많은데 바삭하면서 살짝 질겼어요 하지만 바겟흐는 모다? 식감보단 풍미다,,,살짝 질겨도 풍미가 좋으면 다 용서되는데 사실 모 그정도 풍미까지 바라기는 좀. 그래서 무난했어요~ 이날이 화이트데이 근처였는데 초콜렛도 직접 만들어서 파시더라고요 나중에 저를 위한 선물 한 번 해보려고요.",괜찮다
4025,뽀르뚜아,부읍,이정도면!,괜찮다
4026,뽀르뚜아,김양배 112,24시간하는 빵집이라서 몇번갔었는데 내 인생에 처음으로  식빵하고 밤식빵을 먹다가 버렸다  다시는 가기 싫은 곳이다 아. .쿠키는 먹을만 했다,별로
4027,뽀르뚜아,맛있는게제일좋아,치즈랑 햄 들어간 길쭉한 빵은 진짜 맛있어요! 조각 케익중에 튀니지가 단연 갑! 꾸덕꾸덕한 튀니지 한 입 먹으면 당 충전 빵빵하게 된답니다 :) 빵들이 대체로 단 편이라 단 것 좋아하시는 분들은 한 번쯤 찾아갈만한 집이에요. 그렇지만 수제 초콜릿은 안돼요. 맛이 없어요. 먹지 마세요. 얘만 아니면 맛있다고 평가할텐데....샌드위치도 신선하니 괜찮아요(수습),괜찮다
4028,뽀르뚜아,맛있으면우는고양이,시식할거도 많고 가격도 싸고 맛도 있고 양도 많고 외대 대학생들에게는 짱짱맨,맛있다
4029,뽀르뚜아,AlexTheFood,다른 분들은 케잌이나 초콜릿 같은 비싼 걸 드시는 것 같은데 전 가난한 자취생이라 혼자 먹을 때는 싼 거 먹으므로...피자빵(1800원)이랑 야채고로케(1500원) 먹었습니당! 와- 맛있다 라기 보다는 일단 나름 싸고 다양하게 먹을 수 있으니 좋았구 일반 빵집이랑 크게 다른 건.. 잘 못 느꼈어요 그래도 지나갈 때마다 싼 빵 하나씩 사서 꼭 집에 와서 하나씩 먹습니다! 옆에 롯데리아나 맥도날드보다는 훨씬 싼데도 건강한 느낌 좋아요!,괜찮다
4030,OTR,모진수,외대 후문에 있는 카페. 값이 저렴하고 크로플 종류가 엄청 많았다!학생들이 시간보내기에 딱 좋을 것 같은 카페였다. 학교 근처답게 공부할 만한 카페 수요가 많을 듯한데공부하기 살짝 애매한 듯 하면서도 조용할 것 같아서 괜찮을 것 같기도 하고! 일단 값이 착하다는 점에서 합격이당. 크로플 세트가 메뉴가 있었다. 좋은 구성인 듯!,맛있다
4031,OTR,Ray,생딸기라떼 시켰는데 딱 예상 가는 맛으로 맛있었어요. 딸기 조각이 큼직하게 많이 들어가 있어서 좋았고요. 근데 확실히 많이 달긴 해서 마시다 보면 좀 과한 느낌은 있었어요. 배달로 시켰는데 서비스 과자도 여러 개 챙겨 주셨습니다!,맛있다
4032,OTR,띵시,"가성비 ⚫️⚫️⚫️⚫️⚪️맛 ⚫️⚫️⚫️⚪️⚪️분위기 ⚫️⚫️⚫️⚪️⚪️재방문의사 30외대 후문-경희대 예술의전당 사이에 위치한 오티알커피. 인테리어는 하양하양 인스타그래머블하면서도 안쪽에 나름 공부할 좌석이 갖춰져 있어 대학가 카페로서의 기능도 잘 하고 있음. 또한 좌석 곳곳에 무선 핸드폰 충전기가 비치되어 있다는 점이 맘에 듦.내가 방문했을 당시에는 크로플과 아메리카노 세트가 할인 중이라 해당 구성으로 주문. 원래 세트 구성에는 크로플 M사이즈를 제공하시나, 오픈 기간 이벤트로 크로플 한 덩어리를 더 주심. 존맛 크로플!까지는 아니지만, 바닐라 아이스크림+베리류+시럽 조합이 너무나 맛없없 크루니까ㅎㅎ 아메리카노는 산미 고소함 쓴맛 적은 숭늉숭늉 스타일이라 스렁스렁 수다 떨며 마시기 좋음.사장님이 매우 친절하시며, 안쪽 공간에 콘센트도 충분히 마련되어 있어 대학생 분들 시험공부 하거나 인근에서 식사 후 디저트 먹으러 들르기 좋은 곳임.",괜찮다
4033,루데카,미동이,괜히 계속 가고 싶은 곳,맛있다
4034,프리카페,잇츠미,우리동네에서 제일 좋아하는 카페. 여기는 신선하고 좋은원두를 저렴하게 판매하는 곳이다. 사장님들이 정말 친절하셔서 방문할때마다 항상 기분이 좋아지는 카페,맛있다
4035,프리카페,Bonbon,매주 직접 로스팅한 신선한 스페셜티 원두를 사용하는 카페.  커피가 신선하고 맛있다. 원두 종류도 다양하고 답십리 더치맛집,맛있다
4036,프리카페,토요미식회장,답십리 골목에 위치한 얼핏 평범해 보이는 작은 카페. 왠지 동네 단골 손님들로 유지되는 카페로 보였는데 막상 들어가보면 상당히 괜찮다. 카페 외관과 내부 분위기가 판이하게 다른 약간의 반전 매력을 가지고 있었다.커피 종류도 은근히 괜찮다. 그리고 차 종류도 로네펠트 제품 3종류 쯤으로 되어 있었다. 나는 엘살바도르 게이샤를 골랐다. 핸드드립은 산지 상관없이 모두 6000원. 두번째로 로네펠트크림오렌지를 골랐다.엘살바도르 게이샤는 라이트하게 내려졌다. 그래서 장점은 깔끔하다는점 단점은 커피 자체의 향과 맛까지 살짝 적게 느껴졌다는점 그래도 원두 종류가 다양해서 좋고 또한 윈두 종류를 가리지 않고 가격대가 6000원으로 동일하다. 로네펠트크림오렌지는 크리미한 오렌지향의 향긋한 홍차이다. 이런 종류의 홍차는 처음 마셔본 느낌. 오렌지 향이라 해서 얼그레이 느낌도 아니다. 맛 자체도 살짝 오렌지 느낌이 났었다. 카페에서는 내가 혼자 이것저것 주문하다보니 서비스로 밀크티에 냉 홍차로도 마셔볼 수 있도록 제공받았다. 원래도 이렇게 나오는 건 아닌 듯.냉홍차도 은근한 매력이 있고 밀크티는 내가 찾는 맛과는 살짝의 거리가 있었다. 이미 차 맛 자체에서 크리미한 맛이 나서 나름의 완성도 있는 맛을 가지고 있었는데 거기에 우유가 더해지니 밸런스가 살짝 무너진 느낌.카페 분위기가 상당히 예쁘다. 새하얀 분위기 덕에 햇살이 살짝 새어 들어오면 따사로운 느낌이 들어 가만히 앉아만 있어도 절로 차분해지는 곳이었다.,맛있다
4037,커피디셈버,한다미,"1. 아메리카노 (2900원)=고소,씁쓸,산뜻한맛♡ 산미가 거의없어서 좋아요♡2. 카페라떼 (3500원)=커피향이 산미가 없고 고소해서 우유랑 잘어울려요♡3. 바닐라라떼 (3900원)=바닐라시럽이 고급진맛?! 달달한것 좋아하는분들이 진짜 좋아하실맛이에요! 커피맛도 고소해서 잘어울려요♡4. 치즈 아메리카노 (3900원)=아인슈페너랑 똑같아용! 달달한 크림얹은맛이라 달지맛 쓴맛 좋아하는분들이 진짜 좋아할맛♡5. 치즈케이크 (4500원)=가성비갑! 한조각인데 양도 많고 달달해서 맛있었어용♡6. 쿠키 (1800원)=진짜×1000 맛있어요ㅠㅠㅠㅠㅠ부들부들하게 부스러지는 맛ㅠㅠㅠㅠㅠㅜㅡㅡㅡㅡㅡㅡㅡㅡㅡㅡㅡㅡㅡㅡㅡㅡㅡㅡ#제기동역 #제기동 #제기동카페 #제기동역카페 #저렴한카페 #블루마운틴 #저렴한커피 #테라스 #테라스카페 #용두동카페 #용두카페 #커피가맛있는 #커피가맛있는카페 #조용한카페 #물고기카페 #한적한카페 #혼자가기좋은카페 친절한카페",맛있다
4038,아워웨이브,준영,회사 있는 동안 자주 찾았던 카페! 사장님도 친절하신데다가 디저트랑 커피도 공간까지 마음에 들었던 곳이에요. 아늑한 지하로 내려가려면 바깥 계단 이용해야라는게 조금 불편하지만 충분히 괜찮아요. 크로플도 쫀쫀하니 맛있고 브라우니도 엄청 달지 않아 굳!!,맛있다
4039,아워웨이브,임맛잘봄,커피 맛잇고 분위기 좋아요 깔끔,맛있다
4040,아워웨이브,김나영,가격대비 크로플 맛있는집! 크기도 적당하고 위에 올라간 바닐라아이스크림도 크고 쫜득쫜득 맛있었습니당 ㅎ,맛있다
4041,아워웨이브,또바기,젊은 사장님들이 으쌰으쌰 하는 멋진 공간번창해서 동네의 분위기를 더 재미있게 바꿔줄 수 있기를!,맛있다
4042,커피나인,오뇸뇸,회사 근처라 호다닥 다녀왔습니다:)2가지 원두를 고를 수 있었어요저는 젠틀맨으로 골랐는데 깊고 진한 맛이 좋았어요!라떼도 원두를 고를 수 있더라구요. 다음번에늠 산미가 있는 나인??으로 먹어보려구요. 점심시간에 갑자기 몰리니 참고하시면 좋을 것 같아요!,맛있다
4043,커피나인,평냉쟁이,커피맛 인정 인생커피 여기서 만나네 점심시간에 웨이팅길다 주문이 많이 밀리지만 적당히 단맛의 라떼 깔끔 구수한 맛의 아메리카노 바디감 좋고 가성비 좋은 커피 조용해서 만남의 장소로 적합,맛있다
4044,커피나인,임맛잘봄,라떼와 커피는 맛있어요~ 밀크티는 아쉽네요. 주차가 불편하지만 괜찮은 곳입니다,괜찮다
4045,커피나인,임맛잘봄,커피 맛있어요. 저는 보통 아메를 먹는데 여기가면 라떼를 마셔요~ ㅋ 샷추가 안해도 적당히 좋아요. 주차가 좀 불편해서~~ 동네서 간단하게 사마실 정도~ 직원은 그닥 친절하지 않음. 사장님도 무뚝뚝,맛있다
4046,커피나인,우이리,3처넌짜리 커피라 엄청 맛있었습니다.얼죽아도 아닌데 쭉쭉 빨고 아쉬웠습니다. ㅜㅜ,맛있다
4047,커피나인,에스더킴,전농동라떼랑 핸드드립 마셨는데 핸드드립이 진짜 맛있어요 ㅎㅎ,맛있다
4048,커피나인,rainy,정말 동네에 이런커피집이 있어서 행복한 맛집♡왠만한 프랜차이즈 커피보다 훨씬 맛있어요 가격도 적당한거같고요가족들도 한번 맛보고 전부 단골된 커피집입니다가장 자주먹는건 시그니처인 아인슈페너인데 커피와 위의 생크림 조화가 정말 최고ㅠ,맛있다
4049,커피나인,키다리아저씨,국가대표 커피 바리스타 출신의 운영 카페라고 하지만~ 아마 제자들이 커피를 내리는게 아닐지?~커피의 향과 맛으로만 본다면 좋은편이지만~~ 그 외에는 특별함이 없는 동네카페느낌.이 근처의 카페로는 훌륭한 수준일 수는 있지만 요즘 맛난곳이나 분위기 좋은곳이 많기 때문에 아쉽다.생각이 날만한 특징이나 기존의 카페들과 차별되는 부분이 없으니 일부러 찾아갈 생각은 안들듯...근처에 혹시 지나치게 되면 커피 한잔 마시기엔 무난한곳!!두가지 중 개인취향에 따라 원하는 원두 블렌딩을 선택하면된다.,괜찮다
4050,커피나인,또바기,:,맛있다
4051,커피나인,봉봉봉,커피하면 카페나인입니다. 제 입엔 서울시내에서 제일 맛있는 것 같아요~ 동네에 이런 커피집이 있다는게 축복입니다^^,맛있다
4052,커피나인,나❤,"이곳 커피는 맛있는 편입니다. 저는 디카페인 더치커피를 주문했는데 향이 뭔가 매력적이고, 다른 커피보다 신맛이 강합니다. 에티오피아 원두라고 하더군요. 새콤한 향이 특징인 원두였던 거 같네요. // 여긴 커피 말고 다른 음료가 많다는 것 또한 장점입니다. // 바리스타님이 굉장히 자부심이 넘치시네요. 설명도 해주시고~ // 커피와 함께 주문한건 프랑스 무슨 케이크라는데, (이름까먹었네요ㅠ) 푸딩같이 부드러운 디저트입니다. 하나도 안달고 심지어 밍밍한 느낌! 식감이 매우 새로운 케이크였습니다.",맛있다
4053,빈칸,로우니,음료가 특별한가 생각하면 그렇게 특별한 편은 아니에요 하지만 공간이 넓고 안락해서 동네 사랑방 느낌이에요ㅎㅎ 다양한 나잇대의 모임들이 곳곳에 있어요 커플이나 어머님들 모임이나ㅎㅎ 자리들끼리 널찍하게 거리를 두어서 쾌적하고 시끄럽지 않아요!,괜찮다
4054,빈칸,Ray,초코라떼(4800)랑 크로와상(2200) 먹었어요. 초코라떼는 무려 초코크림이 올라가 있어서 너무 좋았는데 음료 자체 맛은 아쉬웠어요ㅠㅠ크로와상은 구워드리냐 뎁혀드리냐 묻길래 뎁히는 도구가 오븐인지 전자레인지인지 고르는 건가 싶어서 구워달라고 했거든요. 근데 굽는 건 이미 구워놓은 빵을 뎁히는 게 아니라 바로 구워주는 거였나봐요ㅋㅋ시간이 꽤 걸리긴 했는데 확실히 맛있더라고요. 살구잼 발라서 잘 먹었어요!공간은 뭔가 이쁜 것과 안 이쁜 것의 미묘한 조화였는데 넓직한 느낌이 편하고 좋았어요. 화장실도 넓고 깔끔하고 심지어 제가 앉아있던 자리쪽보다 더 이뻐서 인상적이었어요ㅋㅋㅋ,괜찮다
4055,빈칸,후란,아이스 비엔나. 맛있당.티라미수. 최고. 다시 가고 싶다!마카롱. 크림브륄레맛ㅡ맛있다! 쑥맛ㅡ아련한 쑥떡의 느낌,맛있다
4056,베러댄,준영,왜 커피 사진이 없지..? 공간이 너무 취향저격인 곳이에요. 커피도 이정도면 괜찮았고 채광이 잘들어서 참 좋더라구요ㅎㅎ,맛있다
4057,베러댄,조돼지,"버스타고 지나가다가 베러댄 카페 창가 자리에 앉은 분을 봤는데 넘나 신선처럼 좋아 보여서, 가봐야지 벼르다가 왔습니다.통유리 창 옆에 앉아서 쾌적하게 노트북 하기 괜찮은 곳입니다. 룸이 있고 칸막이로 나뉜 자리도 있어서 조금 특이합니다. 커피 맛은 무난합니다.",괜찮다
4058,베러댄,어디야,우선 층고가 높아서 여유롭고 인테리어도 너무 예뻐요하지만 맛은 정말 슬픕니다커피 향도 그냥 씻은 컵향이 나고맛도 그닥ㅜ ㅜ동네에 이런 카페가 없으니까 가긴 또 갈겁니다맛만 좀 더 가격에 상응하도록 맛있어진다면 좋겠습니다,별로
4059,베러댄,소현,엄마가 코로나 때문에 따닥따닥 붙는 카페 말구 넓은데 듬성 듬성 앉을 수 있는 곳이라며 찾은 .. 통유리로 된 천장 높은 카페..!! 분위기도 완전 좋구 탁 트이고 넓어서 속이 다 시원해지는 기분이었다.. 집에만 있다 나가서 그런건지는 모르겠지만.. 커피는 산미랑 산미 아닌걸로 고를 수 있어서 좋았다..티는 로네펠트 루이보스 바닐라... 부드러운 루이보스... 다들 아시는 그 맛이다. 스콘은 평범했다 빵도 평범... 빵이 맛있었다면 맛있다로 평가했을텐데.. 기분 전환하러 가기 좋은 곳인거 같다,괜찮다
4060,베러댄,Ray,오픈 때부터 정기적으로 방문하고 있는데 분위기는 취저지만 음료가 딱히 괜찮은 게 없어요ㅠㅠ마음에 드는 음료가 없어 올 때마다 이것저것 마셔보고 있는데 그나마 제일 최근에 마신 바닐라라떼가 제일 괜찮았어요. 최악은 핫초코...여기는 음료보다는 베이커리류가 더 나은 거 같아요ㅋㅋ,괜찮다
4061,베러댄,키다리아저씨,"회기역 인근에 공간이 넓고 높은 쾌적한 카페가 최근에 오픈했습니다.자갈이 깔려있는 야외공간도 있고, 회의나 여럿모여 얘기할 수 있는 룸형식의 공간도 마련되어 있어서 테이블이나 공간 활용면에서 괜찮은듯합니다.공간이나 인테리어에 신경을 꽤 많이 쓴 느낌이 들고 음료외에 약간의 구움과자 종류와 소량의 빵도 판매하네요.제주 말차 슈페너?!한잔과 따뜻한 아메리카노, 그리고 흑임자인절미 마카롱 하나 먹어봤네요.제주말차의 경우 맛은 잘 느껴지는듯하지만, 위에 올려진 크림이 살짝 겉도는 느낌이 들더군요;; 맛있는 크림의 느낌도 아니고 말차가 섞인 커피와의 밸런스도 그냥 그런듯해서 약간 아쉬움이 남았습니다.아메리카노는 두가진 원두 중에 선택이 가능한 점은 좋은데...두가지 모두 블렌딩 된 느낌이 고소함이나 다크한맛 위주로 구성이 되어 있어서, 평소 저와 같이 향이나 산미를 즐기는 분들에겐 약간의 아쉬움은 남을듯합니다.마카롱은 스벅 마카롱 사이즈 크기로 쫀득한 식감도 있고 무난하게 즐기기 괜찮았어요.공간대비 음료의 맛은 살짝 아쉬움이 남았습니다.카페의 분위기 만큼이나 전문전으로 음료를 만들어주면 더 좋을듯하네요.",괜찮다
4062,카페림,Hynorii,용두역 카페림 ●●●●○커피가 맛이 없지만 ^^;;;; 디저트들이 맛있어요 마카롱도 꼬끄 너무 쫄깃하고 와플도 맛있네요. 카페 곳곳 숨은 공간들이 많아서 아기자기하구요,괜찮다
4063,카페림,도리맛집,특별할 건 없는데 나쁘진 않음 크렘브륄레 바닐라 키리크림치즈 마카롱 먹었는데크렘브륄레 특이해서 3개 더 샀다 당 충전용으로,괜찮다
4064,카페림,땀개,한적하고 이쁜카페이다.뚱카롱도 판매한다 (2700원)음료는 아이스아메리카노(4000원)이랑 꼬크후레이크(3000원)를시켜먹었는데 꼬크는 엄청나게 바사삭했다..정말 빠솩했다..내스타일은아닌걸로 히히..아메리카노는 엄청쓰다..샷하나만해서 먹을껄 약간후회한다.사장님은 친절하셨다.재방문율 3%,별로
4065,카페림,뽀로롱,여기 좋아요 ㅎㅎ 분위기도 아늑하고 양갱도 굉장히 맛있어요!!,맛있다
4066,비바라비다,ethanghymn,"얌얌카츠에서 두번째 돈카츠를 먹고 나오니 배가 부른데 뭔가 커피가 당겨 이 쪽 동네에 올때면 생각나는 커피가게인 커피그라운즈가 생각나는데 영업시간이 오후 늦게 오픈하고 주말엔 또 오픈시간이 달랐던 게 기억이 나 살펴보니 토요일은 휴무여서 주변에 다른 좋은 커피가게가 있는지 망플에서 살펴보니 상명님의 사진이 눈길을 끈 여기 비바라비다가 눈에 들어옴.네이버지도를 따라 가다보니 커피그라운즈처럼 제법 동네 안 쪽에 있어서 쉽게 오긴 힘든 느낌이었는데 테이블에 앉아 계시던 사장님은 다가오는 나를 보시곤 자리에서 일어나심.가게로 들어가 인사를 하고 메뉴를 보는데 동네 안 쪽에 있어선지 내가 좋아하는 심플한 커피 몇 가지로만 이루어지지 않고 뭔가 다양했는데 상명님의 사진을 보여드리곤 이게 무슨 커핀가요?라고 여쭤보니 라떼라고 하셔서 원랜 우유가 들어간 라떼류는 덜 좋아하지만 비쥬얼이 당겨서 라지 사이즈로 부탁드림.메뉴 위에 보니 테이크아웃시는 500원 할인이란 안내도 보임.사잣님께 이런 로스터즈 커피 가게에서 흔히 보는 맛을 맛을 선택할 수 있는지 여쭤보니 산미를 좋아하시냐고 물으셔서 그렇다고 하니 알았다시며 진하게 원하시냐고 하셔서 다시 한 번 그렇다고 말씀드리니 요즘 대회 참가 준비중인데 그때 쓸 원두로 준피해 주신다고 하셔서 기대감이 상승함.비교적 금방 준비됐는데 역시나 스벅 벤티 정도의 넉넉한 사이즈여서 좋고 가격도 테이크아웃이어서 3,800원이어서 더욱 좋게 느껴짐.잘 섞어서 드시라고 하셔서 가겔 나와 잘 섞어 스트로를 꽂아 맛을 보니 우유의 비린맛이 살짝 느껴지고 기대했던 산미는 잘 안 느껴져서 고갤 갸우뚱하는데 뒤에서 산미가 느껴짐.아마도 우유의 고소함이 느껴지는 라떼엔 산미가 있는 커피가 덜 어울리는 느낌이어서 괜히 산미가 있는 커피로 부탁한건가 함.하지만, 점점 산미가 더 느껴졌는데 그렇다고 산미가 우유의 고소함에 가려져 살짝 아쉬워 괜히 비쥬얼에 혹해서 라떼를 주문했나보다 함.그냥 아메리카노로 주문할 걸 함.전체적으로 커피가 좋아보여 들러봤는데 오늘은 미스 매치였던 느낌이어서 기대보단 덜 좋게 느껴졌지만 넉넉한 사이즈와 저렴한 가격에 신선하게 볶은 좋은 커피를 저렴한 가격에 내놓는 가게인 건 확실한데다 이런 가게를 응원하는 의미로 맛있다로..다음번에 들른다면 아메리카노 같은 우유가 들어가지 않은 커피류를 맛 볼 생각임.",맛있다
4067,비바라비다,상영,장한평역 2번출구 도보 5분GCA(Golden Coffee Award) 수상 카페다.하우스 블렌드 커피 동상가격도 무척이나 저렴하고(아아기준 3000) 매일 로스팅을 하는 로스터리.여러종류의 원두를 선택 가능 너무 좋으신 직원분이 사진도 한 장 ㅎㅎ 재방문 의사 100 %  출근 시간대에는 무척 바쁘다고 한다,맛있다
4068,비바라비다,키다리아저씨,"장한평역 인근 골목안의 아담한 로스팅카페로,,, 제가 최근에 즐겨 찾는 카페 “커피그라운즈”에서 수상한 골든커피어워드를 여기서도 2017년 수상한듯~ 상패가 놓여져있다.다양한 원두를 직접 로스팅하고 괜찮은 가격에 양도 넉넉하고 맛도 좋은 카페인듯하다.기본 아메리카노도 원하는 취향에 맞게 선택이 가능해서 좋고~ L사이즈(4,000원)가 스타*스의 벤티사이즈 정도라 많은 양을 드시는분들에겐 좋은 장점인듯하다. 그리고 테이크 아웃하면 500원할인해서 3,500원!!확실히 신선한 원두라 향미와 맛이 깔끔하고 좋은편이다~ 아직 모든 메뉴를 먹어본건 아니지만...기본적 아메리카노도 그냥 단순히 다크하거나 향이 약하지않고~ 좋은듯하다. 소진이 다되면 원하는 취향의 원두 선택을 못할 수도 있으니 주의!!진한 커피를 원하면 무료로 샷 추가도 가능해서 매력적이다.라떼도 진한 커피맛과 고소한우유의 맛이 꽤 조화로워서 만족스럽다.그외의 과일청이나 다른메뉴들도 판매하고 있지만...나에게는 커피만을 위한 카페로^^;; 사장님도 친절한 편이고 분위기도 괜찮은데...대로변에 있는곳이 아니여서 찾아오기 불편할 수도 있고~ 임펙트한 다른곳과의 차이점을 찾기엔 살짝 아쉬움은 있다.그래도 무난하게 커피맛 괜찮은 카페는 인정!!원두와 더치커피도 판매하고 있으니 이용해보는것도 괜찮을듯하다.",괜찮다
4069,더크림,로한,"# 뚱우유크림 와플, 라떼 벚꽃비가 내리는 장안벚꽃길 산책 후 방문한 더크림오후에 커피약속이 있어 카페는 패스할까하다 갔는데 주말 낮에 여유있는 티타임을 즐기기 좋았음 와플은 더크림디저트 쇼룸에선 판매하지 않고 더크림에서만 판매하고 있는데 뚱우유크림이 궁금했던터라 요걸로 주문했음 바삭한 와플에 사과쨈과 시나몬 그리고 우유크림이 들어갔는데기본와플에 +우유크림 추가를 많이 한 맛, 예상가능한 맛이었으나 크림을 좋아하는 사람이라 아낌없이 크림을 먹을 수 있어서 좋았음",맛있다
4070,더크림,당당당당,좁은 줄 알았는데 자세히 보니 넓고 편한 자리가 많아요!친절하시고 잘못 나온 커피도 금방 다시 해주셨어요 ⌯'▾'⌯무엇보다도.... 디저트가 미친놈접시까지 씹어먹을 뻔 했다가 정신 차려보니 디저트 다 먹었네?,맛있다
4071,더크림,로한,"# 딸기초코케이크장안동에서 케이크로 유명한 더크림한 번 가봐야지 생각하고 있었음오늘 휴가이기도 하고 중랑천으로 아침운동 갔다오는 길에 잠깐 들림운동 끝내고 오전 9시 반쯤 도착아침 일찍부터 영업하고 있었음+오전 9시부터 영업 (주말은 10시부터)건물이 조금 허름하고 입구가 작아 살짝 실망, 포장만 가능한가 생각했는데들어가보니 생각보다 내부가 넓었고 인테리어도 괜찮았음쇼케이스의 케이크도 괜찮았음입구쪽에 진열해 놓은 스콘, 브라우니 등을 보니 간단한 답례용 간식(?)은 여기서 사도 괜찮을듯케이크는 조각당 7천-8천원 선딸기초코 한 조각 포장해왔음열어보니 시트 사이에 크림이 풍성하게 들어간 케이크였음사이사이 생딸기가 들어있어생딸기의 신선달달한 과즙과 풍성한 크림 달달한 초코를 함께 느낄 수 있었음만보 넘게 걸었는데... 케이크 한 조각에 퉁쳐지는 그런 맛이었음근데 아쉽진 않았음+ 예전에 급히 홀케이크가 필요해 전화를 했었는데당시 케이크를 만들고 있어(?) 배민으로 주문넣으면2-3시간 뒤 받을 수 있다고 했었음그땐 2-3시간 기다릴 시간여유가 없어 패스했는데나중에 홀케이크가 필요할 때 참고하면 좋을듯오늘 아침에도 매장에 홀케이크 구입을 원하는 손님이 있었는데 홀케이크는 예약필수라 함",맛있다
4072,더크림,Lydia,매장 방문 후 배민으로도 시켜먹기!매장도 아주 예쁘고... 장안동에 이런 공간이 있어서 행벅.<추억의와플>완전히 식혀서 보내주는데겉바속쫄깃 머선129.....크림도 학창시절 싸구려 크림이 아닌우유크림에 사과쨈 시나몬가루 크흐요거요거... 그 비싼 어떤 케이크보다 크로플보다도 제대로 내 입맛 저격했다.요청사항에 시나몬 많이 라고 적으면 듬뿍 뿌려서 보내주는데 그것도 또 존맛탱...리뷰이벤트로 파푸아뉴기니 블루마운틴으로 내린 아메리카노를 준다.케이크도 케이크지만 커피도 아주 훌륭해서 한동안 자주 사먹었다!바스크치즈케이크는 정말 맛있다.치즈의 진~한 맛과 달지않아서 무한대로 들어간다.케이크마다 과일을 얹어주는 센스도 좋다.사진엔 없지만딸기쇼트케이크는 딸기랑 크림에 비해 시트가 따로노는 듯해서 살짝 아쉬웠다.그래도 딸기 인심은 아주 후했다.매그놀리아도 가격대비 양은 많았는데 좀 더 달았으면 좋았을 듯.다양한 디저트가 있어서 메뉴 하나씩 뽀개고 싶게 만드는 더크림.다음엔 빨미까레랑 블루베리케이크다 후훗,맛있다
4073,꽃갈피,NOSTEL,대학교 재학시절 매일같이 다니던 인생 카페. 다른 지역에서 지내게되어 어연 4년이 지나 방문했는데도 그때 분위기 그대로 항상 그 자리에 있어 너무 행복합니다. 조용하고 따듯한 감성이 있는 곳이고 사장님도 매우 친절하세요. 시립대를 가면 반드시 들러야 하는 카페입니다,맛있다
4074,꽃갈피,미동이,시나몬 뭐시기 에이드 사랑혀,맛있다
4075,꽃갈피,천경민,제 입맛엔 여기가 얼그레이 스콘 제일 잘 만드는 것 같아요 최고,맛있다
4076,꽃갈피,민지,최애 카페분위기도 너무 차분하고 조용해서 공부하거나 책읽기 좋아요!책들도 많은 편이고 재밌는 책들이 많아요 유리빨대인 것도 좋고 인문학 종류의 책이 많아서 사장님이 이런저런것 많이 신경쓰시는구나 생각해서 좋았구요ㅎㅎ음료도 다른 카페에 비해 저렴한 편이고 식사메뉴도 있어서 오래있기도 좋아요!저는 개인적으로 우유 들어간 메뉴 추천해요 우유폼을 잘내시는 것 같아요!그리고 아아에 얼그레이스콘도 왕 추천이요ㅠㅠ,맛있다
4077,꽃갈피,guilietta,"고양이맘마(4,000원) 구욷! 비쥬얼보다 더 맛있음 가볍게 점심 먹고 싶을 때 완전 추천. 티 밖에 안 마셔봤으나 다음엔 커피 마시러 가봐야겠음. 야외석이 있길래 와 좋다~했는데 흡연석이었음...",맛있다
4078,꽃갈피,조소,커피 마시면 안 되지만 가끔 먹으면 맛있다 ㅎㅎ 할머니 미숫가루도 존맛 ㅎㅎ 파운드도 먹을만하다. 시나몬향 솔솔. 무엇보다 사장님이 직접하셨다는 인테리어가 예뻐서 눈이 즐겁다. 노래는 날씨에 따라 다른데 비오는 날가면 너무 우울...,맛있다
4079,꽃갈피,조소,커피가 맛있는 곳. 인디노래가 자주 나온다. 조금 어두워서 공부하거나 뭔가를 읽기엔 개인적으로 힘든 편이었지만... 커피 리필도 천원에 저렴하게 해주시니 커피 마시기 좋은 곳. 인테리어도 참 예쁘다.,맛있다
4080,꽃갈피,이현,가성비 좋고 책도 많고 조용하고 좋아요 화장실까지 완벽한 카페...!,맛있다
4081,꽃갈피,Capriccio06,"시립대 후문쪽 조용한 카페. 음료는 3~4천원대로 저렴한편이고 간단한 식사도 판매한다. 음료는 밀크티 주문했는데 그냥 보통이었지만 분위기가 차분하니 좋고 오랜만에 정말 맘에 드는 카페라서 맛있다로 쓴다. 대부분 학생들이 공부하거나 책보거나 해서 굉장히 조용해서 가만히 생각하기 좋다. 친구랑 대화하러 갈만한 카페는 아닌듯. 평일 오후에 갔는데 빈자리가 거의 없었다.  북&카페던데 진열된 책들도 일반소설부터 사회과학도서, 인문학 도서가 꽤 많아서 책보러 가기도 좋을 것 같다.",맛있다
4082,튠업,Ray,"플레인스콘(3300)이랑 브라우니(4000) 포장했어요!스콘은 일부러 찾아갈 스콘 맛집까진 아니어도 근처에 있는 사람이라면 또 먹으러 갈 만할 정도! 딸기잼이 먹고 싶어서 스콘을 사러 간 데다가 1회용 딸기잼을 챙겨주시기까지 했지만, 그냥 스콘만 먹는 게 제일 맛있을 정도로 스콘 자체의 맛이 좋았어요ㅎㅎ그에 비해 브라우니는 브라우니 믹스로도 충분히 낼 수 있는 맛 같아서 다시 먹을 의향은 없습니다... 사실 브라우니는 살 생각도 아니었는데 저녁 6시쯤 갔더니 플레인스콘이랑 브라우니만 남아있더라고요ㅠㅠ카페 분위기는 다들 공부하는 듯한 동네 카페 느낌입니다. 테라스 자리도 있긴 한데 사방이 막혀 있어서 좀 아쉬워요.",괜찮다
4083,튠업,띵시,"가성비 ⚫️⚫️⚫️⚫️⚪️맛 ⚫️⚫️⚫️⚫️⚪️분위기 ⚫️⚫️⚫️⚫️⚪️재방문의사 90원래 아는 사람만 아는 곳이었는데, 에브리타임에 올렸더니 어마어마하게 핫해져 왜 만인의 카페로 만들었냐며 지탄받은 튠업. 시험기간에는 자리 잡기 어려울 정도로 인기가 많음. 심지어 꽤 안락해 기본 3시간 머물다 가는 사람이 대부분이니... 대학교 셤기간 아닐 때 방문하는 것을 추천.첫방문 때 맛본 스콘이 너무 꼬소하고 맛있어 이번에는 슈가파우더 없이 주문. 따뜻하게 데운 후 서브해 주셔, 포스르르르 부드럽게 떨어지며 버터향이 사르르 풍긴다. 양도 엄청나게 많아서 간단한 한 끼 대용으로 먹어도 충분. 아아메는 평가 불가능... 저 컵이 미스. 피맛 비슷한 녹맛이 심하게 나 커피 향을 모두 해침. 다음에는 차라리 테이크아웃 컵으로 맛보는 걸로... 여튼 여러 번 방문하며 음료와 디저트 모두 다양히 맛본 결과 내 최애는 아이스라떼와 플레인 스콘! 굳이굳이 찾아가서 먹을 정도는 아니지만 이런 카페가 집 앞에 있다면 주 3회는 들렀을 듯함.",맛있다
4084,튠업,띵시,"가성비 ●●●●○맛 ●●●●○분위기 ●●●●○재방문의사 100회기지역 대학생들에게 적극 추천(하면서도 나만 오고픈...)하는 카페, 튠업! 생긴 지 꽤 되었음에도 요번에 처음 와 봤는데, 차분한 분위기와 크지 않은 노랫소리, 널널한 좌석과 메뉴들까지 흠 잡을 곳 없이 좋음 :) 딱 이상적인 대학가 카페!아이스 라떼와 플레인 스콘 주문. 라떼 양이 상당하고, 원두도 둘 중 고를 수 있다. 난 무줙권 산미 적은 걸로 달라고 하지만... 원두에 대한 설명도 자세히 적혀 있으니 주문 전 참고하면 좋을 듯하다. 얼음을 덜고 우유로 채워 달라고 했음에도 묽은 느낌 없이 잔잔하게 고소한 느낌이 좋다. 청량하기보다는 입에 살짝 미끈하게 남는 정도의 농도.기대 안 했던 스콘 너무 맛있음! 원하는 스콘을 집어 카운터로 가져가면 따끈하게 데워 주심. 포스르르하게 떨어지는 질감 넘 좋구, 버터리한 느낌 뿜뿜이라 아메리카노랑 먹으면 천국일 듯함. 슈가파우더를 살짝 뿌려 주시는데, 스콘 그대로의 구수한 맛이 더 좋아 다음 번에는 빼 달라고 할 예정임.분위기 넘 맘에 들고 직원 분들도 친절하셔 자주 갈 예정!",맛있다
4085,튠업,미콩,"이문동에 위치한 아늑한 카페 튠업!학교 끝나고 집가면 곧바로 뻗어버려서 마음먹고 과제해보려 들렸어요아메리카노 베리원두로 주문했어요확실히 향긋한 느낌이 있었어요! 그런데 커피는 마시면 마실수록 어렵고 잘 모르겠어요 (✽´ཫ`✽)여기 간단한 베이커리류가 있는데 스콘이나 브라우니 따위예요! 직접 만드신다하니 맛은 궁금했으나 갈길이 멀어 미처 도전해보진 못했슴둥.. 많이들 드시더라구요테이블간 간격이 엄청 시원하진 않지만 적당히 떨어져있어서 아늑하면서도 공부하기는 좋아요그런데 커플들 애정행각이 아예 안 보일 정도는 아니니 제발 자중해줬으면 좋겠어요 전 여러분의 뽀뽀를 보려고 카페를 가는게 아니랍니다,,매장음악도 적당히 졸리지 않고 과하게 신나지도 않아 공부나 이야기하기에 딱 딱이에용 :)",맛있다
4086,원더월커피로스터스,ethanghymn,무학에서 저녁을 맛있게 먹고 나오니 커피 한 잔이 생각나 며찰 전 키다리아저씨님의 리뷰에서 봤던 여기 원더월커피로스터스가 궁금해 들러보기로 함.미리 전활해서 저녁 7시까지 영업한단 걸 확인했고 저녁을 먹고 나온 시간이 6시를 조금 넘긴 시간이어서 멀지 않아 가게로 향함.난 카페에 앉아 커피를 즐기는 것도 좋지만 그것보단 그런 공간이 없더라도 좋은 가격에 고퀄의 커피를 즐기는 걸 더 좋아해서 커피그라운즈를 좋아하는데 비슷한 느낌인 것 같아 기대가 됨.가게 앞에 도착하니 가게의 외관은 뭔가 좀 삭막한 느낌이어서 커피그라운즈의 바이브와는 거리가 있는 느낌이었는데 커피맛만 좋으면 크게 상관은 없어서 가게 안에 들어서니 아마도 바리스타이신 것 같은 젊은 사장님이 반갑게 맞이해 주심.커피 메뉴는 커피그라운즈와는 달리 휠씬 더 심플해서 아메리카노와 핸드부루잉 그리고 카페라떼만 가능하고 가족인원은 카페라떼를 엄마는 아메리카노를 그리고 나는 혹시 산미가 좋은 커피가 있는지 문의를 하니 원래 이 달의 커피로 준비한 원두가 마침 다 떨어져서 아쉽다고 하시면서 아메리카노와 카페라떼는 쌀밥 블렌딩이란 원두로 가능하고 내가 원하는 산미가 좋은 걸로는 좀 묵직한 산미의 에티오피아 예가체프 이디도 G1 허니란 원두로 핸드브루잉으로 제공해주시겠다고 하셔서 부탁드림.가게를 둘러보니 외관에서 느껴진 것처럼 커피그라운즈의 나름 느낌있는 바이브나 서글서글한 여자사장님이 계시지 않는데다 뭔가 좀 더 커피원두 납품을 위한 작업 공간의 느낌에 가까워 가게의 느낌만으로는 커피그라운즈보단 덜 좋게 느껴지고 사장님이 걸그룹 에이핑크의 멤버인 정은지의 팬이신지 여기저기에 정은지의 사진이 붙어있어서 에이핑크는 아니지만 나 역시 걸그룹인 여자친구를 좋아해선지 괜히 미소가 지어짐.조금 기다려 먼저 아메리카노와 카페라떼가 먼저 준비되고 더 기다려 핸드브루잉으로 아이스 아메리카노가 준비됨.결제를 하면서 사장님께서 커피를 좋아하시나 봅니다 하시면서 다음 달엔 산미가 좋은 커피 원두가 준비되니 다시 들러달라고 하심.차에 와서 아이스 아메리카노를 마시니 지난번 연남동 커피리브레에서 맛봤었던 코스타리카 라스 라하스가 떠오르는 묵직한 산미가 느껴지는데 내가 선호하는 상큼한 산미와는 달랐지만 산미는 좋아 흔한 커피와는 차별화되는 개성이 좋음.전체적으로 키다리아저씨님의 리뷰에서 보고 궁금해 들러봤는데 오늘 맛 본 아이스 아메리카노를 기준으로 나한텐 커피그라운즈의 것이 더 내 타입의 맛이면서 가게 분위기 역시도 그런 느낌이어서 커피그라운즈가 굳이 일부러 들르는 느낌이라면 여긴 혹시나 근처를 지나갈 기회가 있으면 들를 것 같은 느낌이었는데 그래도 커피는 개성이 있어서 좋아 맛있다로..,맛있다
4087,원더월커피로스터스,키다리아저씨,"맛과 질      : 37/40  가격/가성비: 18/20 위생/서비스: 18/20위치/분위기: 5/10개성          : 8/10총점       86/100 재방문 YES주문메뉴 : 아메리카노, 카페라떼스마트스토어/납품 위주로 운영하지만, 좋은 품질의 원두 구입과 맛있는 커피를 착한가격에 마실 수 있는곳!! 원두의 가격도 참 착해서 좋습니다^^1~2개월마다 변경되는 찰나의순간!! 즉, 원두가 바뀌는 시기입니다. 어느국가 어떤지역 농장의 어떤 품종과 가공방식까지 벽면에 적혀있고, 운영하시는 너튜브에서도 설명을 잘해주시네요.이번 품종은 코스타리카의 카투라 품종이여서 특유의 향과 독특한 산미를 느낄 수 있었습니다.블렌딩 부터 싱글까지 다양하게 준비가 되어있으며, 판매되는 음료가 ""3가지"" 뿐이라는 점은 살짝 아쉬움으로 남습니다.아메리카노와 핸드드립 그리고 카페라떼!!신선한 원두를 어떻게 로스팅하고, 내리는지에 따라 커피의 맛과 향이 다른데...이곳의 커피는 향과 맛 모두를 잘 잡은 만족스러운 커피였습니다. 핸드드립이 아닌 머신 추출임에도~ 커피의 풍미가 대박이네요.오죽하면 카페라떼에서도 특유의 진한 원두향이 느껴질 정도라서 단순히 고소한라떼만 생각하셨던 분들에겐 놀라운 라떼를 경험하실 수 있을겁니다. 향에 민감하거나 호불호는 있을 수 있겠지만, 분명 맛있는 커피라고 생각해요.미리 대량으로 로스팅하는게 아니라서 원두 구입을 해야한다면 미리 연락을하고 주문해두는게 좋을듯하고, 대로변에 위치해 있으나 접근성은 불편하며, 매장내부는 작업실/로스팅 공간이기 때문에 무조건 ""테이크아웃""만 가능합니다^^공간적 재미나 휴식을 취할 장소는 없지만, 커피를 좋아하시는 분이라면 커피의 맛! 하나만으로도 가볼만한 곳이라 생각해요:)",맛있다
4088,포컵스,필터커피처돌이,사장인지 뭔지 남자 직원 정말 불쾌한 응대. 덧붙여서 커피 진짜 맛없음. 마밤머신에 피크그라인더까지 쓰시던데 뭔 그런 말도 안되는 재떨이 맛 커피가 나오는지 모르겠네요. 외대에서 유명함. 맛없는 카페로,별로
4089,포컵스,미콩,"떠들기에도 공부하기에도 모두 분위기 좋아요지하, 1층, 2층 있고 3층도 있는데 약간 단체석같은 느낌더치커피 주문했는데 무난했어요 근데 컵이 마음에 안듦2층좌석 창가자리에 앉으면 맞은편 카페가 반짝거리고 예뻐서 기분이 좋아져요근데 매장음악이 자꾸 7080 라이브카페에서 흐를법한 노래만 나와서 좀,,; 조하문..산울림...둘다섯....듣다가 이문세에서 진짜 화났음아 그리고 일부러 본건 아니고 여자화장실에서 나오다 남자화장실이 활짝 열려있어서 봤는데....리뷰에 써있던 것처럼 무슨 변기가ㅋㅋㅋㅋㅋㅋㅋ황금 변기ㅋㅋㅋㅋㅋㅋㅋㅋㅋ'럭셔리' 그 자체였습니다 남성분들 꼭 와보시길카페에서 육포 안주파는것도 신기하네요",맛있다
4090,포컵스,Hiunique,나맘 알고 싶은곳 10점만점 10점 충족 탈외대앞 분위기 사장님이 하나부터 열까지 신경쓴 티가 나는 집,맛있다
4091,포컵스,원웅,외대앞 4cups.분위기 정말 좋네요. 커피 너무 맛있습니다.남자 화장실 너무 럭셔리 함. ^^,맛있다
4092,카페반창고,김미현,당근케이크 맛있어요! 향긋한 홍차 한 잔과 함께하는 건강한 디저트♡,맛있다
4093,카페반창고,kkonoo,밀크티 맛있어요! 반지하라 뭔가 아늑한 느낌ㅎㅎ 당근케이크는 확실히 뭔가 퍽퍽,맛있다
4094,카페반창고,즌짱,"비건 카페 반 창고. 고등학교 3학년 때 거의 매일같이 출근 도장을 찍던 곳인데, 졸업하고 간간히 가다가 오랜만에 다녀왔어요:) 오랜만에 갔더니 고3 때 같이 단골이었던 친구도 그 날 카페에 와있더라구요 ㅋㅋㅋㅋ 뭔가 마음의 고향(?)같은 곳이에요.포근한 분위기에 강하지 않은 맛의 카페 라떼와 시나몬 향이 풍기는 사과 케이크의 조합이 굉장히 좋았습니다. 혼자 공부도 할 겸 생각도 정리할 겸 겸사겸사 갔던 곳인데 정말 잔뜩 힐링했어요! 카페가 넓은 건 아니지만 소소하고 정감있는 곳입니당 :)",맛있다
4095,카페반창고,이성민,사진을 안찍어서 사진은 없는데 당근케이크와 레몬케이크(??)를 시켰다 당큰케이크는 당근 진심완전짱싫어하는데 잘근잘근 씹히고 고소하면서도 괜찮아서 맛있었다 레몬케이크는 진짜 한입 먹으면 맛있다는 말밖에 안나온다... 진심 아쉬운 점이라면 진짜 반지하여서 못보고 지나칠 뻔했다는 거ㅋㅋㅋㅋㅋㅋ,맛있다
4096,카페반창고,뿌디,녹차라떼 반창고스페셜 라떼수줍수줍하게 커피를 내려 주신 주인분에 더불어 커피 맛이 일품이었다.,맛있다
4097,카페반창고,you,만석보리라떼와 채식스콘 테이크아웃스콘 맛있어요~~kfc 비스켓 맛인데 채식 스콘이라니 더 건강한 기분이에요,맛있다
4098,카페반창고,소금,"예전에 방문했던 곳인데, 분위기가 정말 알콩달콩하고 좋았어요! 구석탱이 다락방같은 분위기의 자리에 앉았습니다. 비건당근케익이 맛있다그래서  그거랑 커피 시켰었는데, 그냥 건강한 맛? 맛있었어요",괜찮다
4099,카페반창고,you,카페 콘파냐 . 바닐라라떼. 당근케이크 카페콘파냐 너무 맛있어요.비건 케이크. 당근케이크는 쏘쏘 건강한 케이크라 좋아요카페 분위기 아늑하고 너무 좋습니다. 또 생각나네요,맛있다
4100,카페반창고,최윤정,"반창고스페셜을 마셨는데 정말 맛있었다! 투샷커피에 세덩이 크림이 올라가는데 비엔나에 가까웠고, 크림이 서서히 녹으면서 층을 자연스럽게 만드는데 정말 달콤하고 부드럽다. 커피 원두도 고소해서 너무 만족 카페 분위기도 아기자기해서 또 가고 싶은 완소카페",맛있다
4101,카페반창고,qwert,카페가 아기자기하고 예쁘게 꾸며져잇다개인적으로 커피는 쏘쏘,괜찮다
4102,카페반창고,뀨엥,야채 극혐하는 친구가 여기 당근케익 단골됨.,맛있다
4103,카페반창고,LeeNarae,반지하 카페 테이블이 그리 많지는 않다 ㅠ,괜찮다
4104,카페반창고,Gabriel Moreira,"Tried the hot chocolate, carrot and apple cakes. All of them are 100% VEGAN and super delicious! Definitely going to be a regular customer as it’s super good and only a few steps away from home.",맛있다
4105,카페 비반트,kkonoo,음료 비싼 편인데 맛은 있음. 가게에서 마시면 고급진 컵에 줌ㅎㅎ,맛있다
4106,카페 비반트,미동이,혼자 공부하기 괜찮다,괜찮다
4107,카페 비반트,즌짱,"외관이 정말 예뻤던 카페!플랫화이트. 꼬수운 커피 맛이 좋았어요. 아메리카노가 A,B 두 종류로 나뉘어 있어서 선택할 수 있어요. 1층 자리는 뭔가 어수선하다는 느낌이 없잖아 있었는데 지하에는 스터디룸이 있어서 좋았어요. 재방문하고 싶은 곳!",괜찮다
4108,카페 비반트,guilietta,"다른 까페 가려다가 온 경희대 뒷골목에 눈에 띄는 인테리어가 있어서 들어와 본 비반트. 인테리어가 깔끔한데 반해 쿠션이나 소파는 너무 낡았음 ㅋㅋ 원두를 고를 수 있고 티 종류도 다양하고 좋은데 커피 맛은 그냥 평범하다. 여유 부리기에 좋아서 추천하지만 커피는 평범, 근처에서 여유 부리며 쉬고 싶다면 강력 추천한다",괜찮다
4109,카페 비반트,미콩,공간 배치가 어수선하고 커피는 음... ㅜㅜ 잘 모르겠어요시험기간에 공부하러 오긴 딱인 것 같아요,괜찮다
4110,카페 비반트,Lydia,@장점1. 주문하면 가져다 준다.2. 커피 양이 넉넉하며 라떼 아트도 해준다3. 분위기가 좋다4. 커피 잔이나 찻잔이 예쁘다5. 스탬프 다 모으면 가격 상관없이(생과일빼고) 모든 음료를 마실 수 있다6. 다양한 홍차 종류가 있다@아쉬운 점1. 학교앞 치고는 가격이 조금 비싸다2. 의외로 앉는 자리마다 주변 소리가 다 들린다라떼류 마시면 다 라떼아트 해주고 맛도 좋음달콩 다음으로 여기가 커피 맛있는 듯,맛있다
4111,카페 비반트,먹토리,회기역쪽에 간 김에 까페를 가려는데 건물이 눈에 띄게 예뻐서 들어가게 되었어요.까페 비엔나와 녹차 프라페를 시켰어요.커피류는 조금 시큼한 맛의 커피와 달고 고소한 맛의 커피 중 선택하라고 하고 진하기도 하라고 했어요.까페 비엔나를 시킨 커피를 잘 모르는 저는(;;) 그냥 달고 고소한 맛(B타입 커피)과 진한 커피를 선택했어요. 사실 까페 비엔나는 단맛을 생각하고 주문했는데 달지 않았어요. 저는 진하게 해달라고 주문했더니 투샷을 넣는다고 했는데 탄맛이 나거나 쓰지 않고 고소하고 부드러워서 맛있었어요.녹차프라페는 달고 맛있었습니다!까페가 구석구석 복도식으로 되어 있고 테이블도 꽤 있어서 좋았어요.회기에서 까페를 가신다면 여기 추천합니당,맛있다
4112,카페 비반트,백반남자 ,커피잔이 이쁘고 맛나네요,맛있다
4113,카페 비반트,Andreas (지우),"Pretty and okay taste, but nothing special",괜찮다
4114,40년전통그시절그맛,평냉쟁이,40년 전통 그시절그맛 가격이 무척 싸고 맛은 생활의달인의 맛임을 확임 할 수 있다 반죽 소 식감 모두 굿 찹쌀도넛 꽈배기 찐빵 모두모두 굿,맛있다
4115,40년전통그시절그맛,평냉쟁이,우와 싸다  한개 500원 생활의달인 맞네 식감 팥소 목넘김이 좋은빵 엄청 맛있어요,맛있다
4116,40년전통그시절그맛,ethanghymn,춘천메밀막국수 앞에 섰을 때 바로 옆의 여기 40년전통그시절그맛이란 가게에도 생활의 달인에 나왔던 가게라고 되어 있어서 생활의 달인에 나온 집들 중에 성공했던 기억이 거의 없긴하지만 궁금해서 망플에서 보니 전에 권오찬님의 리뷰를 보고 역시나 가고싶다에 세이브해뒀던 가게였음.비빔막국수를 나름 맛있게 먹고 나와 마침 가고싶다에 세이브해뒀던 가게였기도 하고 전시 쇼케이스에 지금은 즐겨먹진 않지만 어렸을 때 엄마가 좋아했어서 나도 좋아했었던 찹쌀도넛이 보여 궁금해 맛을 보기로 함.얼마인지 여쭤보니 4개에 2천원이라고 하셔서 2개만 살 수 있는지 다시 여쭈니 가능하다고 해서 1천원에 2개를 건네받음.비주얼은 흔한 찹쌀도넛이었는데 달인의 찹쌀도넛은 어떻게 다를까 궁금해하며 한 입 베어무니 적당히 기름지며 쫄깃좋은의미로질겅한 찹쌀 느낌 뿜뿜인 도넛 빵의 식감이 좋았는데 기대치 않았던 시나몬의 향이 느껴지면서 살짝 매콤함까지 느껴져 마셨을 때 살짝 매운맛이 나는 수정과에서 느껴지는 것과 비슷해 찹쌀도넛에서 츄러스 같은 달달한 시나몬향이라면 나름 좋을 수도 있지만 은은한 매콤함이 느껴지는 게 좋은지까진 모르겠는 느낌인데 안의 팥소는 과하게 달지 않으면서 견과류가 제법 들어있어 흔한 찹쌀도넛과는 살짝 달라 나름 새롭게 느껴짐.전체적으로 난 군것질류를 그리 즐기진 않아선지 이런 찹쌀도넛을 사본 기억이 없어선지 1천원에 2개가 비싼건지 싼건지는 잘 모르겠는데 아무튼 근처에 왔을 때 생활의 달인에 나왔던 찹쌀도넛이나 꽈배기를 맛보고 싶으면 들러볼 만한..,맛있다
4117,40년전통그시절그맛,권오찬,"* 한줄평 : 경동시장의 40년 전통 도너츠 가게백화점과 마트의 개발로 발길이 끊겼던 <재래시장>의 가치가 다시 떠오르고 있다. 재래시장 음식은 왠지 싸고 양이 많다는 장점 외에는 찾을만한 킬링 포인트가 없을거라는 편견이 있었는데 삼대천왕이나 수요미식회 등에서 발견한 재래시장 맛집의 레서피는 번듯한 백화점 푸드코트 이상의 정성이 담겨있다.상호명은 <40년 전통 그시절 그맛>이나 대기하는 손님들로 차마 업력과 히스토리 등은 확인하지 못 했다. 정말 40년째 운영하는 도너츠 가게인지, 그시절의 맛을 타겟으로 도너츠를 만들겠다는 것인진 모르겠으나 확실한 것은 시장도너츠로 치부하기엔 퀄리티가 좋았다는 것이다.찐빵과 만두, 고로케, 꽈배기, 찹쌀도너츠, 야채빵과 강정 등 몇 평 되지도 않는 작은 면적에서 도너츠가게에서 팔 수 있는 대부분의 아이템을 생산하고 있다는 사실만으로도 이 집의 내공을 짐작케한다!시장맛집답게 가격도 저렴하다. 찹쌀도너츠와 꽈배기, 고로케 등 검은봉다리 하나 가득 담아왔지만 가격은 불과 6천원이다.도너츠류는 2천원에 4개! 강정은 봉지당 3천원!서울 물가 아니다! ㅋ",괜찮다
4118,베브릿지,seul,망고주스를 마셨는데 토핑으로 올라간 망고가 달고 맛있었다.주스 당도를 0으로 주문했더니 인공적인 단 맛이 아니라 망고 자체의 달달함만 담겨서 마음에 들었음.메뉴가 다양하고 전부 다 맛있어 보이는 것들이라 하나하나 뿌시는 재미가 있을 듯.,맛있다
4119,베브릿지,Hiunique,맛은 있지만 은근 가격이 쎄요 ㅠㅠ 맛도 다른 여타에 비해 특별함은 모르겠음 대신 다양함이 좋고 항상 분위기가 너무 시끌 ㅠㅠ 대신 주변식당 영수증으로 10프로 할인과 개강 행사 같은건 해서 좋아요 ㅎ,괜찮다
4120,베브릿지,띵시,"가성비 ●●●●○맛 ●●●●○분위기 ●●●●○재방문의사 90외대 창업동아리에서 파생된 세계음료 전문점. 듣도 보도 못한 음료가 많아 복불복일 수 있기 때문에 한두 가지 음료를 깊이 파는 매니아층이 많다. 각 음료 매니아들의 설명에 따라 후기를 적어 보겠음!망고컵빙수 : 외대의 명물. 미친듯이 큰 컵이 넘치도록 면빙수가 올라가고 밑에 스무디와 펄, 망고 과육이 깔려 있음. 4500원. 한 끼 식사로 때워도 될 만큼 어마어마함. 얘 때문에 외대앞 빙수집들이 불황.쩐쭈나이차 : 베브릿지에는 밀크티만 해도 네다섯 종류는 되는데 그 중 가장 진한 것. 펄에서 달달한 대추맛이 난다. 음료 자체는 3:15pm 밀크티 맛? 무난한 편.누룽지프라페 : (한 모금 먹은 친구가 머뭇거림) ""음...괜찮아...맛있어! 좀 미숫가루 느낌도 나고 어... 식사 대용으로도 괜찮을 것 같아 ●●아 너도 맛있지? 아니 맛없는 게 아니라 독특한 거라고...""맛차프라페 : (녹차덕후인 친구가 먹고) ""야 나는 이것만 먹을래 겁나 진하고 부드러워 야 스벅 프라푸치노 필요없어 야 대박이야 진짜"" 모히또 : 주문한 동생은 맛있게 먹음. 뺏어먹어 본 친구는 헛구역질함. 라임 향이 강하진 않지만 굉장히 새큼하고 약간 떫음. 침샘 마른 분들에게 추천결론 = 혼또니 취향데쓰네 존중 구다사이...",맛있다
4121,베브릿지,E.T Jun ,말차라떼 진하고 맛있었습니다. 다만 가게 정리에 신경쓰셔야 할듯. 다먹은 컵들이 쌓여 있어서 보기 안좋았음.,괜찮다
4122,파운틴,공지니,특유의 톡 쏘는 산미가 제 스타일은 아니였습니다오히려 라떼 맛은 괜찮았음.. 가격도 좀 비싼편 ㅠㅠ,별로
4123,파운틴,미식한고독가,"콘반 앞에 있는 카페. 예쁜 컵을 많이 판다(하지만 안삼) 짝꿍이 시킨건 무슨.. 이탈리아노였나.. 철저하게 지가 먹은 것만 기억하는 이기적인 인간이라 정확한 풀네임은 기억이 안나지만 메뉴에서 두세번째 위치에 있었다,, 룽고처럼 길게 내린 샷이란 것만 기억난다. 온리 핫만 가능. 나는 플랫화이트를 시켰는데 전체적으로 온도도 좋고 농도도 좋았으나 원두 자체가 산미가 있는 편이라 다크로스트 좋아하는 내 입맛에는 별로였음. 원두 맛을 제외하고는 전체적으로 아주 깔끔하고 괜찮았다. 위치가 너무 좋아서 콘반 기다리는 사람들이 호로록 하기 좋은듯. #아무리뷰",괜찮다
4124,파운틴,키다리아저씨,콘반에서 식사하려고 갔다가 웨이팅이 있어서 겸사겸사 커피한잔 마셔봤어요.결론부터 말씀드리면... 저는 안사먹을듯;프릳츠원두의 가격대가 있으니 거기원두를 쓴다고해서 커피값도 프릳츠 수준인듯한데...맛은 과연 그 수준에 맞는지 모르겠더군요.공간 자체가 캐주얼하고 자유로운 분위기라 카페로서의 활용성은 사람마다 호불호가 갈릴듯하구요.커피의 원두 브랜드도 중요할 수도 있겠지만... 브랜드가 아니여도 가격대 괜찮고 맛난커피집을 생각해본다면... 이곳의 매력은 많이 떨어진다고 생각해요.,괜찮다
4125,파운틴,미콩,"커피 맛있음.. 진짜 맛있음 이라고 메모장에 적어놨네요ㅋㅋㅋㅋㅋㅋㅋㅋ오죽 맛있었으면..콘반 웨이팅하면서 커피 호로록 했어요 저는 필터커피를 마셨는데 아마..코스타리카를 주문했지 않았을까… 사실 기억이 잘 안 나요 ㅜㅜ 이날 너무 피곤했던지라 ㅋㅋㅋㅋㅋㅋ몽롱한 상태에서도 엇!할 정도로 굉장히 향긋하고 섬세함이 느껴지는 커피였어요 그냥 마시는 내내 아.. 좋다.. 맛있다.. 향기롭다… 이러면서 마셨던 것 같아요 ㅋㅋㅋ저는 친구의 아메리카노도 깔끔하고 좋았어요 하지만 나의 필터커피가 더 향기롭고 좋았다는 것 후후콘반 바깥에서 마치 웨이팅하는 느낌으로 장소가 마련되어 있어서 카페만 보고 온다면 좀 어리둥절할 배치기는 해요 요즘은 힙이 너무 저세상의 인테리어라 눈으로 보고도 머릿속에 제대로 인지되지 않는 경우가 많답니다 …저희에게 찾아온 어떤 파운틴 이웃주민~디자이너~분께서 이것 저것 설명해주셨는데 기억나는 것만 적어보자면 1. 카페 이름 파운틴은 이곳이 목욕탕이었고 그것을 개조해서 만들었기 때문에, fountain. 2. 타르틴을 한국에 가져온 설립자(?)가 이곳의 커피 추출 방식(?)도 관리하고 있다는 것. 3. 그 설립자(?)는 프릳츠 원두를 가장 맛있다고 여겨 이곳 역시 프릳츠 원두를 쓴다는 것. 4. 커잘알들은 메뉴를 보면 어-매 이곳 메뉴가 미-쳐부럿다 하고 벌러덩 넘어갈 것이라는 것.5. 이곳의 바리스타들은 그 설립자(?)로부터 직접 교육을 받은 프로라는 것!아무튼 피곤함을 달래주는 향기로운 커피여서 저는 너무 좋았어요",맛있다
4126,파운틴,준영,"콘반 오픈 타임에 못들어가서 마신 듀펠센터 1층 파운틴 커피에요. 새로 오픈한 공간이다보니 새집 냄새는 어쩔 수 없는거 같아요. 이탈리아노 같은 신기한 메뉴도 있었는데 아쉽게도 직원분께서 교육받은지 얼마 안돼 잘 모른다고 하시더라구요ㅠㅠ 저는 그냥 아메리카노 먹었는데 제 취향은 아니지만 꽤 깔끔하게 맛있는 커피였고, 친구의 드립커피가 제 취향에도 맞게 좋았어요! 쉬고있는데 갑자기 3층 편집샵 사장님이 오시더니 듀펠센터의 유래 같은 것들을 주우욱 설명해주셨어요.. 뭐 크게 중요한 내용은 없었고 아무튼 여기는 프릳츠 원두를 쓴다는 것! 그리고 타르틴은 한국에 데려온 사람이 직접 관리를 한다는 것! 파운틴 직원분은 아니지만 웨이팅하는 동안 이것저것 설명해주셔서 재밌었어요:)",맛있다
4127,헤이피,Ray,"카페 분위기나 케이크나 아메리칸 빈티지, 홈메이드 이런 느낌이에요. 저는 케이크 포장하러 갔는데 유명하다는 당근케이크는 하필 없어서 티라미수랑 얼그레이케이크로 골랐어요. 둘 중에서는 비주얼도 맛도 티라미수가 훨씬 좋았습니다! 근데 크기가 너무 작아요ㅠㅠ 얼그레이는 우려낸 차의 맛보다는 찻잎 그 자체를 씹어먹는 듯한 맛이 좀 더 강해서 아쉬웠어요.",괜찮다
4128,헤이피,lee,얼그레이 맛있어요 얼그레이 강추합니다!당근케익도 맛있었다고 하네요ㅎㅎ,맛있다
4129,헤이피,주배,"3.8 / 5.0인스타 감성 넘치는, 케이크 맛집고려대 정문 앞 인스타 감성 넘치는 가게인 대즐링 사장님이 차리신 가게로 알고 있어요.이 곳도 인스타 감성 낭낭하답니다. 들어가는 순간부터 동화에 나올 것 같은 카페같다는 느낌을 받았어요.대즐링보단 가게가 넓습니다. 그래서 소일거리 하기에도 좋은 카페인 것 같아요 :)인테리어는 인스타 감성 낭낭하고, 편안한 분위기를 주는 공간입니다.음료보다는 케이크가 맛있어요!저는 베리베리를 먹었는데 위에 올라간 베리들이 다 맛있더라구요. 신선하고 다 시고 달달했습니다.그리고 케이크 시트와 생크림 사이에 찐득한 초콜릿이 발려있어서 더 달았어요.맛은 평균~평균이상인 것 같고, 눈이 더 즐거운 맛이라 생각하면 될 것 같아요 :)전반적으로 케이크가 좀 달아서, 단걸 좋아하시는 분들에게 강추하는 카페에요.",맛있다
4130,헤이피,조은짱,"이즈뭔들...대즐링 사장님이 새로 여신 디저트 카페인데요! 나라에 괴질이 도는 방학임에도 불구, 사람들로 가득했습니다 ㅎㅎ 블랙밀크티 케이크(테이크아웃)랑 딸기케이크를 먹어봤는데 포실한 시트가 넘 나 마음에 들었어요 ㅠㅠ 아아도 산미가 없고 꼬소해서 케이크랑 밸런스가 참 잘 맞아요 외부인이 놀러오면 항상 대즐링을 데려갔었는데 이제 헤이피도 데리구 가야겠어요ㅎㅎ",맛있다
4131,헤이피,grace,"안암에 새로 생긴분위기도 좋고 케익 맛도 좋은 카페에요.(현재 가오픈 중임돠!)당근크림, 블랙밀크티, 민트초코, 베리베리, 딸기생크림, 카라멜크림 등그 메뉴 이름을 듣기만 해도 기대되는 수제 케이크들을 팔고 계셨어욤.저는 그 중에서도 베리베리 케이크를 먹어보았는데요,(당근 크림 먹으려고 갔다가 비주얼에 홀려서 그만...)딱 맛있는 클래식한 초코 시트에깔끔했던 바닐라 크림,그리고 왕듬뿍 얹어주시는 블루베리&라즈베리 퓨레까지.요 세 가지의 맛 조합이 참 괜춘했어요.무엇보다도 베리 퓨레가 아주 매우 강렬하게 새콤 달콤했던 것에 비해초코 시트나 바닐라 크림이 상대적으로 덜 달아서더 좋았던 것 같아요.여튼 또 다른 안암의 맛도리 카페를 발견한 것 같아기분이 넘 좋았어요! *_*또 가서 당근크림 or 민트초코도 함 먹어 볼 거에여!!",맛있다
4132,미바드래프트,정세진,"집과 조금 더 가까웠다면 매일 가고 싶을 정도로 정말 맘에 드는 장소에요! 수요일에는 음악의 날? 이라고 해서 스피커로 음악을 크게 듣고 그날은 몇 시간 동안 음악을 오롯이 즐기기 위해 주문도 안 받는다고 해요. 손님들이 부담을 가질까 봐요. 그때에는 그래서 외부 음식도 허락한다고 합니다! 크래프트 집만이 아니라 좋은 추억을 쌓을 수 잏는 커뮤니티를 만들어가고 싶은듯한 사장님의 마음이 느껴지는 장소였어요! 맥주도 편의점에서 맛볼 수 있는 맥주보다 훨씬 새롭고 맛있는 맛이었습니다! 책 한 권 들고 혹은 노트북 하나 들고 친구랑 연인이랑 재밌게 놀다 올 수 있을 것 같아요. 소파도 푹신푹신하고요,, 외대생분들이 부럽습니다~~",맛있다
4133,미바드래프트,soliloquy,외대 앞에 있는 북카페. 콤부차를 마시면서 여유롭게 책을 읽을 수 있다.,맛있다
4134,미바드래프트,헬시또또,"여기가 어딜까요?한국외대 캠퍼스가 내려다 보이는 이문동 북카페입니다! 카페인데 커피가 없는 곳, 대신 콤부차와 맥주가 있는 곳이에요.12시 오픈 맞춰 갔는데 그 이후로도 사람이 북적이진 않았어요. 요기할 수 있는 메뉴도 꽤 있는데 아점을 먹고 가서콤부차 먼저 시켜봤습니다. 콤부차는 물..아메리카노보다 칼로리가 있어서…ㅋㅋㅋ괜히 먹게 되진 않던 건강 음료인데 이 북카페에 콤부차가있다니! 너무 신기해서 오랜만에 마셔봤어요.소파, 1인용테이블, 노트북테이블, 바 다 있어서 골라서 앉으면 돼요. 노트북테이블 쪽은 에어컨이 직빵이라 좀많이 춥지만..사장님 너무 친절하시고 화장실도 참 깔끔해서 좋아요!",맛있다
4135,카페온,식당학살자,청량리의 한줄기빛 카페온쑥 갸또가 맛있다,맛있다
4136,카페온,먹짱,아늑하고 귀여운 카페! 메뉴도 정말 다양하고 맛있고 사장님도 넘 친절해용최애는 딸기파르페입니다...❤️ 딸기랑 그래놀라 치즈케익 아이스크림 콘푸로스트 딸기청 등등 맛있는거 드 때려박은 맛없없 조합!!스콘도 넘넘 맛있어용 ㅜㅜ 무화과스콘이랑 얼그레이스콘 먹었는데 무화과 톡톡 씹히구 얼그레이 맛도 진해서 넘 좋았던!,맛있다
4137,카페온,뎜(dyeom),"2020.03.10청량리역은 갈만한 카페가 몇개 없는 것 같다. 힘들게 찾아서 방문했다. 우선 음료수는 종류가 꽤 다양하고 맛있다. 난 마시멜로스무디(?)같은 이름의 음료를 먹고 친구는 딸기라떼..?를 마셨다. 디저트는 스콘과 티라미수!좋았던 점은 2층까지 있고, 좌식공간이 있다. 또 화장실 갈때 보니 부루마블같은 게임들도 준비가되어있는 것 같다. 음료가 예쁘고 맛있다.별로였던 점은 스콘에 크림치즈랑 쨈이 같이 나오는게 아니라 500원으로 추가해야한다는 점? 이런곳은 처음봐서 사실 좀 당황했다... 또 디저트의 가격이 비싼 편이라는 것? 다른곳에서 먹는 디저트보다 작은데 가격이 더 비싼 걸 보고 깜짝 놀랐다^^...",괜찮다
4138,카페온,영영,맛보다는 분위기가 좋은 곳입니당사장님도 친절하시고 따스한 감성이 느껴져용음료도 귀여운 느낌이 강해요곰돌이카노와 아인슈페너를 먹었습니다곰돌이카노는 맛자체가 연하나 귀여워서 좋아요 ㅋㅋ아인슈페너는 첫크림이 부드러운듯했으나 두입부터 느끼함이 느껴져서 아쉬웠어용음료보단 분위기나 귀여움에 또 갈 것 같아용,괜찮다
4139,카페드넬,키다리아저씨,"맛과 질      : 30/40  가격/가성비: 16/20 위생/서비스: 17/20위치/분위기: 6/10개성          : 6/10총점       75/100 재방문 : NO주문메뉴 : 코코넛커피 스무디, 아메리카노경희대 근처에서 걷다가 테이블 수도 많고, 공간도 넓어 보이는 커피로스터스 카페가 보여서 자연스레 들어가게 되었어요~코로나로 내부에서 마실 수 없던 시기라서 테이크아웃을 했고, 커피맛을 보기위해 아메리카노와 일하시는 직원에게 시그니처메뉴를 물어보고 설명을 듣다보니 조금은 생소한 코코넛커피 스무디로 주문하게 되었네요.로스터스카페여서 아메리카노도 조금 기대를 했는데....개인적으로는 그냥 개성이나 좋은 포인트를 찾기엔 무난한 느낌이였어요~산뜻하거나 가볍진 않았고, 적당한 바디감이 느껴지는 살짝 다크한맛이라 평범했던거 같구요~ 코코넛커피 스무디는 커피맛 진한 라떼에 코코넛밀크를 섞은듯한 맛!!! 시원하고 달달한 믹스커피 느낌도 나면서 마실만 했으나~ 다음에 또 마시고 싶다는 생각은 안들었어요ㅋ카페의 공간은 여유로운 편이고 밝아서 학생들에게 좋은 휴식처는 될거 같네요.",괜찮다
4140,카페드넬,Ray,"외관으로는 이렇게까지 분위기가 좋을 거라고 예상 못했던지라 들어오면서 감탄했어요. 이런 분위기의 카페였다니. 진작에 올걸 싶었습니다ㅋㅋㅋ제가 주문한 화이트모카치노는 그냥그랬는데, 아인슈페너로 통일한 일행들은 다들 만족했어요. 매일 2가지 정도 할인이 적용되는 오늘의 음료가 있고, 주변 식당과 연계된 할인도 있어 좋은 것 같아요!",괜찮다
4141,카페드넬,미콩,"여좋 근처 새로 생긴 카페널찍하고 코지한 분위기음료 가격대는 좀 있는 편화장실 양호커피 맛은 잘 모르겠움,,11시까지인가? 테이크어웨이 아메리카노 2000!",괜찮다
4142,매트팩토리,문용석,"""오... 오... 간만에 찾은 진짜 커피집""망고플레이트에 리뷰가 단 하나도 없는 곳이다.  쓰는 커피 원두 종류를 보고서 맛있을 거 같아서 찾아갔다.  게이샤 원두를 쓰는 곳은 많지 않으니까..근데 여기 진짜 괜찮다.  이 커피집의 타이틀은 '산미'가 있는 커피다.  산미 있는 커피를 좋아하시는 분들은 여기를 너무 좋아하실 것이고, 산미 있는 커피를 안좋아하시더라도 앞으로 좋아하시게 될 것이다.예전에 커피인쇄소에 갔을 때, 한 분이 ""스타벅스라는 딱 정해진 틀에 모두가 일반화되어가는거 같아 안타깝다""라고 하시며 커피에는 수없이 많은 세계가 존재한다고 하셨던 것이 기억에 남아있다.  여기는 바로 그런 세계중 하나다.  산미 있는 원두를 주로 사용하시는데, 첫입을 딱 마시면 '어? 이거 커피인가?'하실 것이다. 우리가 흔히 아는 커피라기에는 '차'의 느낌이 강하게 들기 때문이다.느낌있는 인테리어와, 아주 좋은 bgm은 덤이다.  주변에 들릴일 있으시다면 꼭 가보시길...",맛있다
4143,배트콩,YNZ,"배트맨 컨셉의 재밌는 카페. 커피가 맛있다. 하지만 작명센스는 솔직히 내 감성으론 이해하기가 힘들다..ㅎㅎ.. 원두도 조커블렌드, 캣우먼 블렌드 등등 컨셉에 충실. 이 날은 아메리카노가 당겨서 산미가 적은 조커 블렌드를 추천받아 마셨다. 그런데 생각보다 풍미도 진하고 묵직한게 밸런스가 좋았다. 대학교 앞에 그저그런 컨셉 카페인줄 알았는데 와우.. 스스로를 반성하게 됨. 역시 그냥 간판만 보면 모르는 것이다.",맛있다
4144,배트콩,Ray,여기저기 박쥐와 조커가 박혀있는 게 딱 봐도 이름에 아주 충실한 카페였어요. 커피 메뉴는 많은데 확 끌리는 게 없어 고민하다가 아예 새로운 걸 시도하기 위해 바나나킥 가루가 들어가는 듯한 정글라떼를 주문했는데요. 호불호가 많이 갈리는 음료인데 괜찮냐는 질문을 받아 살짝 걱정이 되긴 하더라고요ㅋㅋㅋ그리고 맛을 보면 왜 그렇게 물어보는지 바로 이해됩니다ㅋㅋㅋㅋㅋ 우선 커피가 정말 진해서 커피도 휘핑크림 잔뜩 올라간 걸 주로 마시는 저한테는 좀 썼어요. 특히 정글라떼는 바나나맛이 나면서 굉장히 달지 않을까 싶었던 저의 예상 이미지와는 전혀 다르게 그닥 안 달더라고요. 게다가 은근한 바나나향이 이 진한 커피랑 어울리는 것 같기도 아닌 것 같기도 자꾸 왔다갔다 갈피를 잡을 수 없어서 참 오묘했어요. 확실한 건 돈 버렸다까지는 아니지만 굳이 또 사먹진 않겠다는 것ㅋㅋㅋ 그래도 재방문해서 일반적인 커피를 마셔볼 의향은 있습니다!무엇보다도 아주 진한 커피라 카페인이 간절한 아침에 마시기 딱 좋을 거 같은데 개인적으로는 아침에 들르기 애매한 위치라 아쉽네요ㅠㅠ,괜찮다
4145,배트콩,즌짱,작년에는 앉을 자리가 적었는데 확장하고 나서 앉을 자리가 많아졌어요. 각 메뉴별로 뭐가 들어가는지 그림으로 설명되어 있어 메뉴 고르기 편해요. 음료는 괜찮은 편이에요. 카페 전체가 배트맨과 조커 테마로 꾸며져 있고 쿠폰도 Why so serious? 가 적혀 있어서 컨셉 충실도 200퍼센트입니다 ㅎㅁㅎ 여기 걸려있던 그림이랑 쿠폰 그림이랑 같은데 상당히 인상적이에요 ㅎㅎ,괜찮다
4146,배트콩,미콩,"가게 이름보고 미친거 아냐!? 했는데 아 그 베트콩이 아니라,, Batkong,,, 하굣길에서 매일 보던 곳인데 친구들이 와줘서 졸업 전에 겨우 다녀왔어요 분위기 나쁘지 않아요!! 확장공사해서 앉아서 먹고가거나 심지어 공부할 공간이 더 생겼어요 깔끔해지고. 바자리도 있고 널찍한 소파자리도 있숩니다 가게가 개방적이라 모기있던건 어쩔 수 없지만,, 커피맛은 좋았어요",맛있다
4147,배트콩,E.T Jun ,청량초등학교 바로앞에 있는 카페입니다. 배트맨과 조커를 컨셉으로 한 재밌는 곳입니다. 기본적으로 공간이 크진 않아서 테이크아웃을 주로 해가지만 가게 안에 어느정도 좌석이 있어어 앉아있을 수도 있습니다. 아메리카노는 블렌딩을 선택할 수 있는데 조커블렌딩은 흔히 말하는 다크로스팅 느낌이고 캣우먼 블렌딩은 산미가 느껴지는 커피맛입니다.  가격대도 괜찮고 위트있는 컨셉이 재미있는 곳입니다.,맛있다
4148,배트콩,키다리아저씨,경희대와 외대의 중간지점쯤~? 아담한 카페 배트콩!베트맨 마크가 인상적인 장소로 기본커피는 두가지 블랜딩으로 판매를 하고있다~ 조커와 캣우먼 ㅋ그외에 다양한 종류의 라떼들이 인기라고 한다~ 커피맛도 괜찮고~ 독특한 종류의 라떼도 먹을만 하다~ 한잔당 찍어주는 쿠폰도 카페명과 어울리게 인상적!!!,맛있다
4149,모서리,Ray,"- 모나카가 맛있는 감성 카페원래는 말차라떼에 말차아이스크림이 올라간 썸머말차 사진에 꽂혀서 갔는데 시그니처 메뉴가 따로 몇 가지 있어서 흔들리고 말았어요. 결국 카페 이름과 동일한 모서리라떼(5000)에 모나카아이스크림 말차맛(3500)으로 주문. 참고로 음료는 테이크아웃이 500원 더 싸고, 디저트류는 음료와 함께 주문하면 500원 할인됩니다!모서리라떼는 '달달한 크림라떼+초코파우더'라고 설명이 적혀있는데 아인슈페너처럼 크림이 위에 올라가 있는 형태는 아니고 커피에 섞여서 나와요. 꽤 괜찮지만 맛있다고 하기엔 조금 부족한 느낌이었어요.그런데 모나카가 예상보다 더 맛있더라고요. 아이스크림이야 하겐다즈인지 뭔지 패키지는 정확히 못 봤지만 그냥 괜찮은 아이스크림 썼구나 하고 당연하게 받아들였다면, 모나카는 그 자체에 대해 아무런 생각이 없었던 지라 이렇게 맛있다는 게 너무 놀라웠어요ㅋㅋㅋ 아이스크림이 아니라 모나카가 메인이었어? 싶더라고요ㅋㅋㅋㅋ 특히 얇은 막이 바사삭 부서지는 그 식감이 너무 좋아서 다른 종류도 먹어 보러 가고 싶어요! 단, 음료는 굳이 안 시키거나 아니면 원래 마시고 싶었던 썸머말차를 시도해 볼 정도일 것 같네요.사실 이 카페는 처음 생겼을 때부터 외관이 이쁘다고 생각했는데 들어가보니 내부도 감성감성 따뜻한 분위기여서 좋았어요. 여기가 진짜 탈회기 감성입니다ㅋㅋㅋㅋㅋ 하지만 제가 방문했던 8월 21일에 이미 테이크아웃으로만 운영 중이었기 때문에 자리에 앉아서 감성적인 분위기를 즐기고 싶으신 분들은 카페 인스타 확인하고 가시는 게 좋을 것 같아요!",괜찮다
4150,모서리,띵시,"가성비 ●●●○○맛 ●●●○○분위기 ●●○○○재방문의사 60비교적 최근에 생긴 자그마한 카페 모서리. 회기역, 경희대, 외대 기준 모두 위치가 애매하기에 붐비지 않는 듯하다. 차분하면서도 레트로한 느낌을 주려고 노력한 듯함. 아이스 아메리카노와 인절미 모나카. 사실 방문한 지 꽤 되어 아메리카노 맛은 기억이 잘 안 나지만, 인절미 모나카는 꽤 취향에 맞았음. (비교적)흔하지 않은 디저트이기도 하고, 앙금의 당도가 지나치지 않으며 샌드된 찹쌀떡이 모짜렐라처럼 부드러워 맛있게 먹음. 다만 디저트 2500원이라는 가격에 걸맞지 않은 양이 아쉽다. 이 가격이라면 비슷한 양의 마카롱을 먹을 듯함. 아메리카노와는 다소 따로 노는 맛이라 혹 재방문하게 된다면 티 종류를 주문할 듯함.인테리어는 차분하나, 지나치게 노란 톤의 조명과 어딘가 어수선한 분위기 때문에 좀처럼 편안히 있기 어려움. 의자는 등받이가 없고 책상까지 낮아 시간을 오래 보내기에 걸맞는 곳은 아님. 하지만 이는 오픈 초기 방문 후기이기에 지금은 어떻게 개선되었을지 궁금해 재방문의사 있음.",괜찮다
4151,모서리,뎜(dyeom),2019.10.23예쁘게 꾸며놓긴했는데 카페가 넘 작아서 편하게 얘기하기 민망했다..음료를 시키면 모나카가 할인! 맛있었다카페 탁자랑 의자가 ㄹㅇ 네모난 정사각형모양의 나무라서 방석이 있지만 약간 불편쓰^^... 음료는 평범한 맛!,괜찮다
4152,모서리,Consumericus,"바로 옆의 니어커피는 유명하던데 지척이며 메뉴가 유사한데도 상대적으로 덜 알려진 모서리 카페.둘다 앙버터류를 팔지만 모서리는 모나카, 그 중에서도 아이스크림 모나카를 판다는 점이 특징.그린티 아이스크림 모나카는 생각보다 자그마하지만 대신 생각이상으로 바삭하고 식감이 좋다. 다만 눅눅해지기 전에 먹겠다며 허겁지겁 먹다보니 맛을 제대로 느낄겨를이 없었...하겐다즈 류의 단 우유맛보다는 진하고 다소 쌉쌀한 녹차맛에 더 가까운 아이스크림이었음.요즘 많은 아기자기 무난한 분위기에 친절하심. 개인적으로는 지나치게 흔한 디저트 메뉴가 아닌 아이스크림 모나카를 판다는 점이 호감",맛있다
4153,파랑,Capriccio06,"꽤 맛있은 휘낭시에와 정갈했던 커피가 괜찮았던 집. 커피 평이 좋아서 기대했었는데 에티오피아 원두여서 그런가 플랫화이트로 마셨을 때는 조금 가벼운 느낌이긴 했다. 좀 더 고소한 느낌을 좋아해서 그런지 우유와 조합보다는 차라리 상큼한 느낌을 살려 아메리카노로 마셨으면 나았을 것 같다. 커피 자체가 어떨지 몰라서 필터 커피는 도전하지 않았는데, 한번쯤 마셔봐도 괜찮을 듯.디저트를 바꿔가면서 준비하는 것 같은데, 길쭉한 휘낭시에는 먹기도 편하고, 맛이나 식감이나 이 근처에서는 가장 괜찮았다. 공간이 넓지는 않아도 갑갑한 편은 아니지만, 어느 좌석도 편하지 않고, 입지에 비해 가격이 낮은 편은 아니라서 약간 애매한 것 같다. 오래 앉아서 이야기를 나누거나 하고 싶은 느낌은 아니고, 커피를 좋아하는 사람이면 이 근처에서는 괜찮은 선택지가 될 것 같다.",괜찮다
4154,파랑,또치,생각보다 장소가 많이 협소했던 카페.디저트가 맛있어 보여서 방문했다.간판도 없어서 제대로 찾아갔는지 몰라 앞에서 미적거렸다..곳곳에 주의사항?같은게 적혀져 있는데 원래로 카페가면 딱히 뭘 하는 것도 아닌데 뭔가 더 하면 안될 것 같고...사진도 막 찍으면 안될 것 같고... 좀 답답한 느낌이 있었다(내기준)원래는 다른 디저트도 만드는 것 같은데 내가 방문했을 땐 바스크치즈케이크와 초코쿠키밖에 없어서 치즈케이크와 아인슈페너 선택.치즈케이크가 꾸덕하면서 부드럽고 치즈맛은 강했는데 그렇다고 느끼하지도 않아서 좋았다. 하나 더 먹을까도 고민. ㅎㅎ아인슈페너는 위에 올라온 크림이 묵직하면서 부드럽고 달달해서 맛있었다. 커피는 개인적으로 그닥?,괜찮다
4155,파랑,정은,아메리카노,괜찮다
4156,스윗오브유,키다리아저씨,"동네 인근에 생긴 아담하고 귀여운 느낌의 카페 ""스윗오브유"" 상호명 단어의 앞부분을 이용해 sou를 귀엽게 로고를 만들어 스티커로 만들어 뒀더라구요^^쇼케이스엔 바닷가 모래위를 연상한 디스플레이로 조개모양의 마들렌을 꾸미기엔 귀엽기도하고 적절한 전시효과였어요~알록달록 다양한 맛의 마들렌이 만들어져있더군요~ 6~7가지 정도의 맛이 준비되어 있어서 골라먹는 재미도 있을듯합니다.제가 방문할 당시에 비가 내리던 날인데...일하시던 여성분께서 비오는 날이라 음료 주문시 마들렌 하나씩 공짜로 주신다고 하더라구요^^매번 비올때마다 이렇게 행사를 하시는지는 모르겠지만;; 제가 방문했을 당시엔 비온다고 음료만 주문했는데 원하는 마들렌 하나씩 주셨어요~내부 공간이 아담해서 테이블은 3~4개 정도?여서 답답할거라 생각했으나 벽면의 우드로 마감을 하여 따뜻하면서 편한 느낌을 주고 천정쪽은 곡선으로 굴려서 딱딱한 느낌을 덜주는듯했어요.커피의 맛은 아주 다크하지도 않고~ 적당히 부드러운느낌에 고소함과 약간의 산듯한 느낌도 있어서 깔끔한편이고, 무엇보다 기대하지 않았던 마들렌의 맛이 꽤 진하고 촉촉한데...단맛도 부담스럽지 않고 적당해서 좋았어요.요즘 코로나 때문에 너무 좁은 공간은 피하게되지만, 동네 카페인지라 한적하고 사람없을때 가끔 차한잔 하기엔 괜찮습니다.",괜찮다
4157,더크림디저트쇼룸,로한,"# 밀크티초코 케이크, 브라우니 케이크가 유명한 동네 디저트가게 장안동에 1호점 '더크림'이 있고 조금 떨어진 곳에 2호점 '더크림 디저트 쇼룸'이 있는데 이번엔 2호점을 가봤음전에 중랑천으로 아침운동 갔다가 돌아오는 길에 1호점 '더크림'에 들려 초코에 빠진 딸기케이크를 사왔었는데 풍성한 생크림과 달지않은 크림 맛이 괜찮았었음 케이크가 먹고 싶었는데마침 케이크 사먹으라고 분배금(작고 소듕한 내 까까값)이 들어와 순대국과 함께 픽업해왔음케이크와 같이 뚱우유크림 와플이 먹고 싶었는데 와플은 1호점에서만 판매한다고 해 밀크티초코와 브라우니만 사왔음 집에서 상자를 오픈하는데, 달콤한 냄새가 기분좋게 확 풍겼음 커피가 필요해 스벅캡슐커피를 조금 연하게 내린 후향긋한 시나몬을 조금 더했음밀크티초코부터 먹었는데 밀크티의 향과 맛이 은은하게 올라오는건 괜찮았지만, 크림이 생각보다 묽었음크림을 입안에 푹 떠넣고 장난치듯 입안에서 맛을 좀 느끼고 싶었는데 가볍게 장난치기엔 크림이 묽고 적었음사르륵 녹아 내리는 크림의 느낌과 입안에 남는 은은한 단맛, 신선한 크림맛이 좋은데 풍성한 크림맛을 느끼기엔 역시 초코에 빠진 딸기가 더 좋은듯초코시트는 부드럽거나 촉촉한 맛은 없었고 그냥 무난했음 브라우니는 진하고 꾸덕했는데 속에 초코크림이 들어있었음그런데 빵이 진하고 꾸덕해서 그런가 아쉽게도 크림맛이 잘 느껴지진 않았음그래도 달달하니 맛은 있었음개인적으로 1호점 보단 2호점이 좀 더 깔끔하고 군더더기가 없어보였음동네 디저트 카페치곤 케이크 종류도 다양하고 시즌별로 조금씩 달라지는 것 같아 하나씩 사먹는 재미가 있을 것 같음 달달케이크가 생각날 때 이용하기 좋아 재방문 예정임",맛있다
4158,카페김랩,촘촘,개업 초창기였나... 어머님께 왜 여기를 마음대로 청소했냐며 짜증내던 남사장이 짜증나서 안간다,별로
4159,카페김랩,모모씨,컴플리트커피보다 조금 더 위로 가면 있는곳.원래는 컴플리트 갈려고 했는데 학생들이시험공부하느라고 꽉 차있어서 한가한 이곳으로 옴!쇼콜라타르트랑 아메리카노를 먹었는데사실 원래 신맛나는 아메리카노를 별로 안좋아한다.첫 커피맛은 시다. 그러나 기분좋은 신맛이다.다른 곳은 신맛만 나서 먹으면서 인상찌푸리며먹었는데 여기는 신맛이 나지만 끝맛은 고소하다.커피맛 괜찮다!하면서 쇼콜라타르트를 먹었는데꾸덕하고 엄청 달다아메리카노하고 궁합이 잘 맞다.비오는날에 혼자 와서 사색의시간을 보냈는데너무 좋았다!!종종 자주 오게 될 것 같다.,맛있다
4160,카페김랩,E.T Jun ,외대후문에서 경희대 후문으로 올라가다보면 있는 생긴지 얼마안되는카페입니다. 벽에 네온사인으로 되어있는 문구 때문에 외대생들에게 사진명소인듯? 커피도 저렴하고 맛이좋습니다. 남자 사장님도 친절하시고 연세지긋하신 여사장님도 웃으며 주문을 받아주십니다. 가게가 그리 큰편은 아니지만 커피한잔하며 담소나누기 좋습니다.,맛있다
4161,카페김랩,키다리아저씨,"외대의 컴플리트 커피에서 조금 올라가면 최근에 오픈한 ""Cafe Kim Lab""시선을 끄는건 커피머신 중 고가로 취급하는 라마르조또 스트라다 커피머신과 그라인더(분쇄기)를 사용한다는것이다.이미 커피를 마신터라 테이크아웃으로 가볍게 아메리카노 한잔을 주문하였다.웃는얼굴로 반기는 남자 사장님도 친절하고~ 커피의 맛도 괜찮다. 다른곳에서 커피를 마신터라 입안에 남은 커피맛 때문에 자세히 느끼긴 어려웠지만~ 가볍지않은 질감과 은은한 향~ 끝에 살짝 신맛이 날듯말듯한 경계에 있어서 무난하게 즐기기 괜찮을듯하다.다음에 다시 한번 커피맛을 보러 가봐야겠다.테이크아웃잔의 패턴도 재미 있었으나 벽면의 네온사인의 글도 인상적이다~^^나는 손님이니 분위기만 타면 될듯~ㅋㅋㅋㅋ",괜찮다
4162,설빙,귀차니즘,상큼달달 맛있어요 수박이 달달해요,맛있다
4163,설빙,핏짜,비쥬얼보고 속았다..초코첵스빙수 별로네요,별로
4164,설빙,수연,프리미엄 생딸기빙수만 맛있어욤....초코빙수는 밍밍함:0!회기역 지점은 매장도 넓은데 마감을 알바 한 명이 다 하네요!직원 더 뽑으셔야 할 것 같아요~~~~~,괜찮다
4165,뽀르뚜아,루카스,"회기 외대에서 나름 빵 맛집으로 유명한 곳이에요. 어니언크림빵, 먹물크림빵 그리고 사진은 없지만 치즈올리브치아바타 먹어봤습니다. 어니언크림빵은 빵 위의 치즈도 짭쪼름한데 어니언크림까지 자극적이어서 제 입맛에는 별로였고 오히려 먹물크림빵이 더 맛있었어요. 둘 다 크기는 엄청 커서 포만감이 상당할 것 같더라구요. 치즈올리브 치아바타 맛있습니다! 저는 세개중에 이게 제일 맛있었어요. 빵도 적당히 촉촉하고 치즈와 올리브가 군데군데 박혀있어서 단독으로 먹어도 맛있고 심심하면 샌드위치 빵으로 먹어도 맛있을 것 같아요. 치아바타 강추드려요.",맛있다
4166,뽀르뚜아,미동이,갈 때마다 실망하는데 가는 내가 바보,별로
4167,뽀르뚜아,Ray,"오늘 아침에 모찌모찌크림치즈를 샀는데 이유는 모르겠지만 조금 할인받아 2240원에 샀어요. 색은 노란색, 분홍색인데 맛은 똑같다고 하더라고요. 이름이 모찌모찌라 찹쌀 같은 게 들어가서 쫀득한 식감일까 했는데 별로 그렇지는 않았고요. 오히려 위에 있는 가루 때문에 바삭하게 씹히는 식감이 좋았습니다. 빵이 나쁘진 않았지만 그렇다고 또 사먹을 정도도 아니었어요.",괜찮다
4168,뽀르뚜아,둥둥이,빵이랑 초콜렛 진짜 맛있어요 에그타르트 쟁여놨다가 아침밥대신 종종 먹는데 진짜 맛있습니당,맛있다
4169,뽀르뚜아,수연,뽀르뚜아 회기역점입니당~ 빵종류는 대체로 다 맛있었어요! 산 것들 중에선 올리브치아바타가 제일 맛있어요♡속에 브리치즈급으로 부드러운 치즈가 매우 많이 박혀있어용~티라미수는 맛이 정말 별로였어여ㅠㅜ 아 밤식빵도 그닥...외대 다니는 애도 뽀르뚜아 케익류는 비추라네여()근처 살면 치아바타 사러 종종 갈 거 같아요~,괜찮다
4170,아일랜드비,*,개인카페인데 다들 공부하느라 조용함. 지하는 뭔가 쾌쾌하고 답답해서 별로고 1층이 좋긴한데 확트인 뷰도아니라서 쏘쏘.. 왜이렇게 인기많은지는 모르겠다 커피맛은 괜춘,괜찮다
4171,인더베이글,맛집탐방,"샌드위치 퀄 굉장히 좋고, 가성비도 너무 좋습니다!",맛있다
4172,인더베이글,추진단장,베이글 불모지 회기에 나타난 (나름)대형 베이글 카페샐러드 가성비가 미쳤습니다 맛과 양이 과연 이시대 마지막 가성비 동네 회기 답습니다절대 없어지면 안되는 곳입니다ㅠㅠㅠㅠ이제 거리두기 풀렷으니 테이블 좀 더 두세요 사장님,맛있다
4173,인더베이글,Capriccio06,"회기에 새로 오픈한 베이글 가게. 다양한 종류의 베이글과 샌드위치, 샐러드를 판매한다. 요즘 유행하는 디스플레이 특별한 베이글가게 스타일 보다는 대학가에서 유행 많이 했었던 느낌의 가게다. 비교적 저렴한 베이글과 다양한 크림치즈, 야채나 속재료를 풍성하게 넣어주는 느낌의 샌드위치를 판매한다. 베이글 종류가 꽤 많은데 기본, 썬드라이토마토, 올리브치즈 구매했었고, 크림치즈는 기본으로 구매했다. 베이글 자체는 재료 조합이 엄청 특색있거나 매우 맛있거나 하진 않았어도, 적당히 안이 촉촉하고 겉이 살짝 쫄깃한 느낌의 식감도 괜찮았다. 포장해서 보관했다가 오븐에 살짝 데워먹어도 맛있었다. 크림 치즈가 단맛이 덜하고 살짝 신맛이 강해서 취향이 아니긴 했는데, 빵에 발라서 먹으면 무난하고 양도 많은편이다. 오랜만에 훈제연어 샌드위치도 생각나서 주문했는데 생각보다 양이 굉장히 많았다. 연어가 엄청 많아서 비쥬얼로 유행타는 그런 스타일은 아닌데, 야채랑 크림치즈랑 비율도 적당하고 베이글이랑도 잘 어울렸다. 가게도 꽤 넓은편이고, 식사류가 될 만한 음식도 많고 음료나 베이글 가격도 비교적 저렴한 편이다. 공지된 오픈시간은 꽤 이른편인데 근처면 아침식사용으로 구매하면 괜찮을 것 같다. 간식용보다는 식사용 느낌이 나는 빵이긴 했다. 이 근처에 이런 가게가 별로 없고, 가격대비 나쁘지 않아서 맛있다로...",맛있다
4174,투썸플레이스,로한,"#밀크생크림 초콜릿 수플레 기프티콘 쓸 겸 들린 투썸 봄은 봄인지 딸기가 들어간 디저트들이 많이 보이는데 밀크생크림 초콜릿 수플레가 NEW를 달고 있길래 데려왔음 아침 디저트로 커피 한 잔 내려 같이 먹었음 외관은 초코시트와 생크림 1:1 보이는데 우유생크림 + 초콜릿 수플레 치즈 케이크 (속에 산딸리 퓨레) + 초코시트 조합이었음 가운데 초콜릿 수플레 치즈케이크가 달콤쌉사름하면서도 촉촉하고 부드러워 좋았고속에 산딸기 퓨레가 들어있다 보니 상큼함이 더해져 맛있었음 상층, 하층의 생크림과 초코시트는 익숙한 예상 가능한 맛이었음",맛있다
4175,투썸플레이스,로한,"#. 생일케이크 겸 할로윈케이크금요일 백신휴가를 냈는데 생각보다 몸이 괜찮아 둘째 언니네 넘어감먼저 가있는 큰언니 생파도 하고 조카랑 할로윈 분위기도 내고 싶어 무드등, 앵두전구, 할로윈 코스튬 소품들도 생겨감코로나 백신 2차는 1차보다 아프다고해언니네 못갈줄알고 홀 케이크 예약을 안했는데...너무 멀쩡해 서둘러 케이크집에 전화돌림ㅜㅜ김영모나 노아를 들렸다 가기엔 시간이 없어양평쪽 수제 케이크 집에 전화했으나 쉬는 날장한평 더크림도 2시간 정도 시간이 걸린다해일단 투썸으로 감딸기 생크림이 있기에 구매언니 생일인데 조카 생일로 착각해 초를 잘 못 받아옴마당에 있는 바베큐 천막 장식하고 생파 바베큐파티 시작고기 굽기는 언제나 형부찬스형부 최고!후식으로 케이크를 먹는데 빵이 퍼석함투썸 홀케이크가 냉동으로 들어오기에 그런듯크림도 그닥딸기는 맛있게 익지 않아 단맛이 없고 너무 셨음모양은 괜찮았는데 실망스런 맛이었음ㅜㅜ",별로
4176,투썸플레이스,로한,#. 홀케이크는 미리 주문하는 걸로ㅜㅜ동생 생일이라 케이크를 하나 사가려고 퇴근길에 들림.7시 쯤 갔는데 홀케이크는 치즈케이크 딱 하나  남아 있었음ㅜㅜ다음부터 홀케이크는 미리미리 주문예약 하는 걸로...(차에 집어 넣다 상자가 차문에 콕 해서 케이크가 조금 찌뿌러짐ㅜㅜ),괜찮다
4177,투썸플레이스,로한,#. 올해 크리스마스 케이크는 투썸에서. 기프티콘을 이용하면 알뜰구매(?)도 가능.올해 크리스마스 케이크는 인터넷에서 평이 좋은 동네 카페에서 주문하려했으나... 임박해서 주문을 하려하니 전화를 안받으셔서 투썸으로 ㄱㄱ투썸은 기프티콘 구매가 가능해 1호 사이즈 4000원정도 할인 받아 구매함.답십리 투썸이 가까운 투썸 중 매장규모가 제일 큰 듯 하여 방문. 크리스마스 당일 아침 가서 그런지 생각보다 물량이 많지 않았음. (생크림 블랫벨벳 치즈케이크)블랫벨뱃으로 구입직원분이 얼어있다고 1-2시간 해동한 후 먹으라고 하셨는데 3시간이 되어도 완전 해동은 안됨.그런데 오히려 살짝 얼어있으니 크림치즈가 느끼하지않고 더 맛있었음. (살짝 아이스크림 같이~)생일이나 크리스마스 같은 날 어울리는 케이크 구매하기 좋은 것 같음.,맛있다
4178,투썸플레이스,주미,쾌적하고 편안하게 이야기하기 좋습니다간혹가다 시끄러운 손님오면 너무 방해되서 짜증날때도,맛있다
4179,투썸플레이스,돼지냥,"모닝세트먹으러ㅋㅋ 가격이 육천원인가 육천오백원인가로 착한데, 착한만큼 맥머핀(?) 사이즈는 좀 작음ㅋㅋ 샌드위치도 맛잇엇다",괜찮다
4180,커피프로젝트,준영,딱 공부하기 좋은 널찍한 개인 카페! 아아만 마셨는데 그렇게 특출난건 없었어요.. 그래도 공간이 나름 편해 또 재방문의사 있는 곳!,괜찮다
4181,커피프로젝트,이진쓰,"크..동대문구 바이브...대딩땐 동대문구에서 자주 놀았는데...그 당시 갔던 카페 바이브였어요.약간 포근하지만 지금 보면 촌스러울 법한 원목 가구들이 있으나 결코 커피만은 그렇지 않은 곳이었네요. 커피는 더치큐브라떼, 꿀라떼, 스페니쉬라떼, 아포다토 등 다양하게 있고요, 원두 또한 다양하게 준비되어있어요. (아, 홍차류도 있고 밀크티/말차라떼/초코라떼/초코봉봉/과일스무디 조금도 준비되어있습니다 ㅋㅋ) 저희는 각자 커피 하나씩 시키고 티라미수를 먹었어요.전 뜨듯한 드립커피 케냐AA?로 먹었는데 산미가 아주 향긋하니 좋았습니다. 텁텁한 맛 없었고 싱그러우면서도 진한 원두맛이 매력적이었네여. 티라미수는 양이 넉넉하지 않지만 빵시트에 촉촉하게 에스프레소가 적셔있고 그 위에 맛 밀도가 진한 마스카포네 크림이 올라가있어여. 딱 과하지 않은 정도의 양이면서 커피와 함께 먹기 좋은 디저트였습니다!!!!!!!!!!!!",맛있다
4182,커피프로젝트,Hepzi,5.0더치허니오레티라미수,맛있다
4183,곰탱이커피,Mark&Jacob,전농동에 위치한 전문적인 바리스타께서 운영하시는 커피 브루어리 카페. 커피 문외한인 나에게 커피에 대해 충실히 설명해주시는 모습이 인상적. 엄청나게 많은 종류의 커피가 준비되어 있어서 커피에 관심많은 분이라면 꼭 가보셔야할 곳.,맛있다
4184,곰탱이커피,키다리아저씨,"이곳은 카페라기 보단 전문적으로 커피원두를 납품하는 업체로 보시는게 좋을듯하고, 매장의 대부분 공간이 사무공간 느낌으로 커피는 테이크아웃하시는게 좋을듯합니다.대량 로스팅이 아닌 소량 로스팅을하고, 로스팅에 따른 원두색상을 측정기로 감별할 정도로 전문적이게 작업하시는듯하네요.그래서 그런지...탄맛이 나거나 쓴커피의 맛은 없는곳이라 생각합니다.다양한 종류의 원두도 판매하고 음료도 판매하시는데...개인적으로는 믹스종류 커피 보다는 핸드드립니다 아메리카노를 드시는게 더 좋은 맛을 느끼실듯하네요.커피에 대해 궁금한 부분이 있으면 설명도 잘 해주시니 커피에 관심있는 분들에게 좋은곳인듯합니다.",괜찮다
4185,서울쉬퐁,즌짱,"집 앞에 있는 쉬폰 케이크 전문점인데, 너무 가깝다 보니 이제야 리뷰를 남기네요. 얼그레이 쉬퐁이 5000원! 생크림은 서비스! 혼자 조금 먹다가 가족들이랑 나눠먹어야지 했는데 너무 맛있어서 혼자 다 먹어버렸읍니다.... ㅎㅁㅎ (자주 있는 일)그리고 레몬치즈 타르트도 먹었는데, 상큼하고 부드럽고 ㅠ 넘 맛있어요!집 앞이니 만큼 자주자주 애용할 생각입니다!",맛있다
4186,서울쉬퐁,키다리아저씨,"신이문역 근처 아파트단지 인근에 오픈한지 1달?정도 된 베이커리 카페 ""서울 쉬퐁""상호명에서 보듯 쉬폰케익이 대표메뉴이며~ 다양한 종류의 타르트와 쿠키~ 식빵도 있으며 티라미수와 초코무스도 준비되어 있었다.제과기능장과 바리스타 각각 별도로 계신듯하고~ 좋은 유기농재료를 사용하는듯 자부심이 대단하다 느껴졌다.쉬폰이나 타르트는 작은사이즈부터 큰사이즈 까지 다양하게 판매하고 있었다.얼그레이쉬폰 (초미니 4,500원)(미니 5,500원)쉬폰은 개인적으로 만족해서 추천할만한 메뉴!! 상당히 부들부들 촉촉해서 입안에서 부드럽고~ 얼그레이향도 강하지않게 적당한 수준이라 부담 없을듯.밤식빵, 치즈식빵 (각 4,000원)그냥 괜찮은 수준의 빵집에서 먹을정도? 크게 놀랍게 남다르거나...내용물이 많이 들어있는 멋진 모습은 보질 못했음. 그냥 적당히 먹을만한 정도.피칸, 에그 타르트 (소 2,500원)우선 타르트씬이 상당히 얇아서 만족스럽다.왠만한 타르트보면 씬이 두툼한데 여기는 자연스럽게 부숴질 정도의 얇은 씬이라 부드러운편이였으며, 피칸의경우 좋은벌꿀이나 메이플시럽을 사용했는지...많이 달지않으면서 깔끔했다. 에그타르트는 기억에 남는건 없지만 그냥 먹을만한 정도의 느낌. 개인적으로 피칸 승!!초코무스 (5,000원)바닥에 초코쉬폰이 깔려있는지 부드럽고 촉촉했고 그위에 무스가 진하면서도 물리지않게 깔끔한 단맛이라 괜찮았다. 맨위의 초콜릿도 무난무난~음료는 사먹질 않아서 모르겠지만...주변얘기로는 음료는 평범하다고하는데 기회되면 먹어봐야겠다.개인적으로는 상호명답게 쉬폰케익은 추천할만하다고 생각이 되고...그외에는 사람마다 호불호가 있을듯하다. 그래도 한적한 동네에 이런느낌의 베이커리가 있다는거에 만족.",괜찮다
4187,톤톤,로한,"# 에그타르트, 레드벨벳크림치즈 쿠키, 오레오 쿠키 일요일 오전, 달달한 디저트가 생각이 나 오픈시간에 맞춰 메종드타르트에 갔으나 제품이 모두 백화점 팝업스토어로 들어가는 바람에 매장 구입이 어려워 발길을 돌렸습니다.그래서 동네 디저트 카페를 찾아보던 중 톤톤카페가 평이 괜찮아 방문했습니다. 평을 보다보니 톤톤 쑥인절미떡 쿠키가 궁금해졌는데방문한 날은 쑥인절미 쿠키가 안나오는 날이라 대신 에그타르트, 레드벨벳크림치즈 쿠키, 오레오 쿠키를 구입했습니다. 자몽얼그레이 케이크도 괜찮아 보였는데운동삼아 걸어나왔더니 들고 가기가 좀 귀찮아져서 케이크는 다음으로 미뤘습니다. 집에서 간단하게 티타임을 가졌는데처음 먹을땐 많이 달지 않아 괜찮다 생각했는데 먹다보니 그래도 쿠키는 쿠키인지라 단맛과 달달한 향이 확~ 라떼로 마시다가 아이스 아메리카노로 갈아탔는데커피를 바꾸니 디저트 맛이 확 살아나 더 맛있었습니다.그래도 세 개를 모두 먹긴 살짝 무리가 있어 에그타르트와 레드벨벳크림치즈 쿠키까지만 먹고 오레오 쿠키는 다음날 회사에서 아침 커피와 함께 먹었습니다.맛은 고소한 견과류가 들어간 오레오쿠키가 가장 좋았고 입에 맞았습니다. 쑥인절미떡 쿠키랑 케이크가 좀 궁금하기도 하고쉬는 날 달달간식이 생각날 때 괜찮은 구입처가 되어 줄 것 같아향후 필요시 재방문 예정입니다.",괜찮다
4188,톤톤,Pyongchang,인스타 갬성의 젊은 카페입니다! 동대문구에 이런곳이 점점 많이 생기는 것 같은데 더 많아지면 좋겠어요. 예쁜 사장님이 운영하시는 예쁘고 맛있는 디저트와 커피를 파는 카페에요! 재방문 의사 있습니다! 추천해요,맛있다
4189,빌리엔젤,키다리아저씨,당을 충전하고자 이 근처에 뭐가 있나 검색하다가 백화점 안에 빌리엔젤이 있어서 당근케익 냠냠!!촉촉하고 계피향이 살짝 나는게 많이 달지않고 딱 정당히 먹을만 하다^^매장은 깔끔하고 직원들도 친절함~,괜찮다
4190,빌리엔젤,S E R A,빌리엔젤 케잌은 언제나 맛있는거 같아요 ^^ 그래도 처음 먹어봤을때랑 조금 실망하긴 했어요. 신선함에 따라 약간식 맛이 다른거 같아요 ㅋㅋ 그래듀 맛있게 먹어서 만족했어요. 가격은 보통 케잌 한조각 가격인데 보통 사이즈 보다 좀더 커요! 혼자 먹으면 배터져요 ㅎㅎ 그리고 크림부분이 좀 느끼하실수 있어용,맛있다
4191,빌리엔젤,Chanhee Bark,카라멜 케익!! 생각했던것보다 너무 달지도 않고 좋았다>_< 아메리카노랑 딱! 냉장고에 넣었다가 시원하게 먹어야 좋을것같다.,맛있다
4192,쉴만한물가,미동이,공부하기 좋다,괜찮다
4193,쉴만한물가,형찬,우선 전체적으로 방역을 잘해놓아서 안심이되고 카페가 넓고 조용하고 좋네요!아이스초코 시켰는데 가격대비 정말 맛있어요 ㅎㅎ 추천합니다,맛있다
4194,래디컬브루잉클럽,준영,"안암에서는 꽤 만족스러운 카페!! 맛까지는 아직 조금 아쉬운 편이지만 이정도로 유명한 원두를 다 보유하고 있다는게 정말 신기했어요. 안암치고 깔끔하게 인테리어도 좋았구요. 부산의 베르크, 모모스 있고 서울에서 유명한 헬카페, 나무사이로, 프릳츠 등 정말 다양하게 준비되어 있더라구요. 산미 정도와 바디감 정도로 구분해놓으신게 참 좋았어요. 저는 다른 원두는 거의 다 먹어보기도 했고 커피 챔피언이 계시는 모모스 원두가 궁금해서 이걸로 초이스! 바디감이 좀 있는데 산미가 가장 강하다고 적혀있던 것 치고는 많이 강하지 않았어요. 그냥 제가 느끼기엔 적당한 산미ㅎㅎ 에어로프레스로 다 뽑으시던데 이게 그리 좋은 법이 아닌지 아니면 너무 원두가 다양해 보관이 좀 안좋았던 건지 향이 너무 약해서 아쉬웠어요. 그래도 친절하시기도 하고 종종 생각나서 찾을 것 같은 곳이에요:)",맛있다
4195,래디컬브루잉클럽,헬시또또,"예전에 고려대/안암 일대는 참 먹을 곳도, 갈 카페도 탐방하는 재미가 없는 곳이라고 생각했는데 이젠 달라요. 안암 일대를 신흥 카페거리로 바꾸려는 움직임이 일고 있다고 합니다 :)여러 곳이 있는 그 중 대표되는 곳은 바로 이 래디컬브루잉클럽. 각지의 유명한 카페의 원두를 맛 볼 수 있어서 매일 방문해도 색다른 기분이 들어요! 너무 친절한 설명과 정성스레 내려주는 커피를 구경하는 재미도 있네요. 오래 앉아서 먹을 수 있는 곳은 아니지만 진정 커피를 즐길 수 있는 공간이라고 생각돼요 :) (화장실은 살짝 불편)",맛있다
4196,래디컬브루잉클럽,Mk,:),맛있다
4197,블랑슈가,띵시,"가성비 ●●●○○맛 ●●●●○분위기 ●●○○○재방문의사 80행복해지는 맛! 녹차치즈케이크가 넘 맘에 들어서 다른 메뉴도 꼭 먹어보고픔. 크리스마스에 식당 웨이팅 차례 기다리며 잠깐 들른 곳인데, 시간 때우러 온 곳 치고 넘 맘에 들어서 꼭 기록하고 싶었음. 매장은 트렌디한 스타일의 인테리어는 아니고, 너무 통통 튀는 아이템이 많아 아쉬웠음. 다음 번에는 테이크아웃만 할 예정임. 녹차치즈케이크 한 조각, 아이스아메리카노 주문함. 아아메는 그냥 무난하고 산미 없음. 케이크와 즐기기에는 괜찮았음. 그런데 케이크가 너무 맘에 들어서... 당시에 이 맛을 기억하고자 아예 메모장에 적어 놓을 정도로! 말차라기보다는 깔끔하게 우려낸 티 느낌이 드는 맑은 맛이었으며, 요거트처럼 상큼하고 촉촉해 식전에 먹었음에도 식사 시 부담이 없었음. 비주얼로 유추한 식감과는 많이 다른 질감! 윗부분과 시트는 딱 구워낸 케이크처럼 꾸덕하지만, 안쪽은 머랭처럼 폭 들어가는 촉촉한 식감이다. 심플하면서도 정말 맛있고, 여느 카페에서 맛본 말차 케이크와는 확연히 다른 느낌이었음. 공간은 내 취향 아니라 아쉬웠지만, 꼭 재방문해서 몽블랑을 비롯한 다른 메뉴들을 맛보고 싶은 곳.",맛있다
4198,강경원베이커리,키다리아저씨,"동대문구 답십리 전농초등학교 옆 상가건물에 들어온 명장의 빵집~ 강경원 베이커리이름걸고 운영하시는 만큼 맛도 꽤 좋은거 같아요.모든메뉴가 다 만족스러운건 아니였지만, 쌀로 만든 빵들이나, 케이크 종류도 괜찮았구요~ 갈때마다 자주 사먹는 롱소세지빵은 2~3개씩 구입하네요~상가 건물 지하에 주차하시면 30분인지 1시간 무료주차 가능해서 좋구요~매장내 몇개의 테이블이 있어서 카페처럼 즐길 수 있지만 협소한 편입니다.크루아상 처럼 버터리한 빵들은 몇가지 없지만, 담백한 빵부터 옛날빵 스타일도 다양하게 준비되어 있으니 선택폭은 좀 넓은 편이네요~경력이 많으셔서 그런지 한쪽 벽에는 증명서와 상장이 진열되어 있네요^^동네에 사시는 분들이라면 종종 할인타임을 노려보시는것도 좋은거 같아요~ 가성비도 좋고 맛도 괜찮습니다!!",괜찮다
4199,청산제과,로한,"# 달빵 (도라야끼)팥앙금 팬케이크-도라야끼-하면 도라에몽과 모나카가 생각이 나는데 얼마 전 티비에서 달빵(수제 도라야끼)을 소개하길래 근처 온 김에 겸사겸사 들려봤음 경동시장 청년몰 3층에 있는데 입구 바로 앞에 있어 찾긴 편했음 판매하는 제품으론 달빵, 물고기빵, 버터쿠키, 호두 바사삭, 아망드, 노아제트, 튀일이 있는데금요일 오후에 갔을 땐 한창 달빵을 만드는 중이었음 달빵은 오리지날, 앙찹쌀떡, 앙버터, 앙치즈 4가지 맛이 있는데당시 구입할 수 있는게 오리지날과 앙찹쌀떡 밖에 없어 일단 2가지만 맛보기로 사왔음 앙찹살떡은 팬케이크 사이에 팥앙금과 찹쌀떡을 넣어팥앙금의 은은한 단맛과 찹쌀떡의 쫀득한 식감을 함께 느낄 수 있었고오리지날은 팥앙금에 호두가 들어가팥앙금의 은은한 단맛과 호두의 고소함이 함께 어우러져 좋았음 그런데 빵+팥앙금+호두의 조합이다보니 호두과자가 연상이 되는 맛이었음 개인적으론 고소한 호두가 들어간 오리지날이 좀 더 좋았음",괜찮다
4200,스타벅스,로한,# 흑임자 크림 케이크 망플에서 스벅 흑임자 크림 케이크 리뷰를 봤던거 같은데 궁금해서 한 번 먹어보고 싶었음지난달(?) 신메뉴인거 같은데 꼬소한 흑임자를 좋아해 내 입에 맞을 거 같았음 커피랑 먹으려고 퇴근길에 사왔는데생각보다 흑임자 맛이 잘 났음할매입맛인지 고소하고 맛있었음,맛있다
4201,스타벅스,로한,"# 번트치즈케이크, 우리미 카스텔라요즘 퇴근길에 커피간식을 사러 일주일에 한 번,스벅을 가는 듯그것도 꼭 수요일날 가는거 같은데 이유를 모르겠음수욜날 스벅이 땡기나...?오늘도 스벅을 들림야근을 좀 하고 갔더니 영업마감 9시가 다 되어 쇼케이스가 많이 비여있었음찾는 디저트를 말하면 재고확인해서 드리겠다고 하는데쇼케이스를 보고 확 땡기는걸 가져갈 생각이었던터라그냥 쇼케이스에 남아있던 번트와 카스텔라를 챙겨옴번트치즈케이크 825kcal밀크티랑 같이 먹을만큼만 컷팅카스텔라도 맛만 볼(?) 정도만치즈케이크는 살짝 부슬거리는 느낌이 있었음그래도 기존에 먹었던 케이크 중엔 제일 괜찮았는데7000원이면 다른 가게 조각케이크 등 선택지가 많아스벅에서 커피약속이 있거나 선물받은 기프티콘이 있는게 아니면 살짝 고민 할듯카스텔라는 쏘쏘했음",맛있다
4202,스타벅스,로한,"# 우유 초콜릿 크루아상, 호두 당근 케이크퇴근 길 커피간식으로 사옴지난번 우유 초콜릿 크루아상을 샀었는데 맛있어서 또 사옴호두 당근 케이크도 하나 가져왔는데 슈크림~, 딸기크림~ 보단 덜 달아 좋았음호두가 많이 들어가 하루 견과섭취량을 도와주는 느낌인데... 칼로리가 942kcal?먹고 운동을 갔어야 했는데, 늦은 저녁 운동을 감안하고 먹기엔... 맛있긴하나 머리를 훅치고 갈 정도의 맛은 아니었음",맛있다
4203,스타벅스,로한,"#. 우유 품은 초콜릿 크루아상, 딸기 크림 초콜릿 카스텔라퇴근 길에 집어온 커피간식들사놓고 보니 다 초코초코임우유귀신이라 우유크림 들어있는 초콜릿 크루아상 부터 냠!선물받은 하겐다즈 마카롱이 와있어서 마카롱 ->크루아상 순서로 먹었는데아이스크림 마카롱 맛이 기억이 안남초콜릿 크루아상도 맛있었지만 안에 들어있는 우유크림이 넘나 맛있었음스벅 웨이퍼롤도 와있었는데 초콜릿 크루아상 먹고나니 땡기지 않아 간식창고에 보관요거 맛있었음",맛있다
4204,스타벅스,로한,"#. 레드벨벳, 블루베리 쿠키 치즈, 슈크림 가득 바움쿠헨홈카페 티타임용으로 케이크 구입♡퇴근하고 왔는데 스벅이 문 닫지 않고 영업 중인건 오랜만이듯ㅋㅋㅋ+_+ 이끌리듯 들어감...카페 가는 것도 좋지만, 집에서 편하게 커피마시는 것도 좋아함집에서 간식(?) 곁들여 커피마시면 아기자기 소꿉놀이 하는 것 같음ㅋㅋㅋ어제는 스벅 케이크 오늘은 퇴근하면서 플레인에서 유기농 빵 집어와 집에 쟁여놈ㅋㅋㅋ오늘은 앙버터빵, 달콤고소 호두빵(조금), 슈크림 바움쿠헨 + 커피빵 속에도 슈크림이 많이 들어갔는데맛있었지만 이전에 앙버터를 클리어해서 그런지조금 달게 느껴졌음",맛있다
4205,아이러브케익,Lydia,다른 케익엔 가격표가 있고 딸기케이크에만 가격표가 없었다육안으로 봐도 그냥 그래서 사지말까 망설였는데....안 사는게 나았다.6500원이었고 친절했으나 케이크가 별로였다유기농이라 속은 편한데위에 올라간 딸기 빼고 시트에 들어간 딸기는 다 시들시들해서...너무 맛이 없었다.딱 봐도 상태 안 좋은 딸기들을 넣은 듯.다시는 안 감.,별로
4206,아이러브케익,인생은 고기서 고기,빵돌이 빵순이가 좋아할 빵집!! 사장님께서 재료욕심이 많으셔서 좋은재료만 쓴다. 특히나 이집 케익은 주변에서 평판이 굉장히 좋은편이고 주문제작도 해주신다!!! 식상한 파리바케트빵 먹을바에는 여기가서 먹자,맛있다
4207,아이러브케익,키다리아저씨,"다양한 롤과 빵~ 케익 등을 판매하는곳~!!오사카롤~과 몇가지 빵들을 구입해서 먹어보았다.빵들의 사진을 못찍고 먹어버려서 ㅠㅠ 아쉽지만~~ 맛의 리뷰를 하자면 오사키롤의 경우 촉촉하고 부드럽다^^ 생크림이 우유100%로 만들었다고해서 그런지 좀더 고소한듯하고~ 빵과 크림 같이 먹다보니 살짝 달콤한 느낌도 든다. 팥과 호두가 들은 호두팥빵? 많이 달까봐 걱정했는데~ 괜찮다^^ 동네 빵집 치곤 가끔 먹을만 하고,빵의 종류에 따라 호불호가 갈릴 수 있을듯~",괜찮다
4208,오앤디,키다리아저씨,"회기역 건너편쪽~ 휘경중학교를 다녔던 나에게는 20년도 더 된 기억속의 주택가 골목이였던 곳에 오앤디 ( OND )라는 카페가 깔끔하게 생겨있기에 방문해봤어요~골목길 안쪽이라 손님이 있을까? 생각하며 들어가보니 이미 3팀이나 앉아있더라구요~ 매장옆에 주차는 1~2대 가능해서 좋았어요.차가운듯하지만 깔끔한 느낌의 매장은 가운데를 기준으로 주문을 받고 그 주위를 테이블/좌석으로 꾸며놨어요~ 매장 내부는 아담한 편입니다.커피를 내리시는분도 그냥 알바생 느낌이 아니라 전문적으로 커피를 공부하셨던거 같이 보여서 커피맛도 기대감이 올라갔어요~기본적인 아메리카노, 그리고 시그니처 커피음료가 3가지가 있었는데...그중 한가지를 선택했는데....어떤건지 이름은 기억이 나질 않아요^^;;아이스 아인슈페너 느낌의 시그니처였는데...음....생각보다 그냥그랬어요^^;; 위에 올려진 우유크림이 좀 가벼운 느낌이였고, 커피와의 밸런스가 제 취향은 아니였거든요ㅠㅠ그나마 아메리카노는 맛도 적당히 진하고, 특유의 향이 은은하게 올라와줘서 고소한맛이 좋았습니다.그리고, 테린느를 판매하고 있기에 말차테린느를 주문했는데....꾸덕한 질감과 진한맛이 꽤 좋더라구요^^ 기대없이 주문했던 테린느의 맛이 의외로 괜찮아서 시그니처음료의 아쉬움을 달래줬어요~",괜찮다
4209,오앤디,Yenny,"탈회기 감성에, 조용한 공간이 맘에 들었던 곳.경희대생 친구덕에 숨어있는 카페를 발견했다.혼자라면 갈 생각조차 안해봤을듯ㅋㅋㅋ스콘은 쏘쏘..커피도 무난.말차테린느가 의외로 맛있었다!테이블은 많지 않았다. 카페가 조용한 편이라 둘이서 가기 딱 적당한 곳.회기 근처인데, 경희대쪽은 아니고 오히려 시립대랑 가까웠다! 이렇든 저렇든 외진 곳에 있는 것은 사실ㅎㅎ근처 갈 일이 있다면 가볼만 한듯.",괜찮다
4210,오앤디,띵시,"가성비 ⚫️⚫️⚫️⚪️⚪️맛 ⚫️⚫️⚫️⚪️⚪️분위기 ⚫️⚫️⚫️⚪️⚪️재방문의사 80깔끔한 베이지 블랙 원목톤의 카페. 회기역 인근에 위치해 있으나, 번화가 쪽이 아닌 역 뒷편이라 접근성은 다소 떨어진다.공간은 크지 않으며 테이블 수도 적으나, 테이블이 다닥다닥 붙어 있지 않아 답답한 느낌은 들지 않음. 이렇게 구석진 곳에 있는데도 어떻게 다 알고 찾아오는지 신기쓰... 아이스 라떼와 치즈 테린느 주문. 라떼는 산미 0%의 무난 고소한 맛이었고 치즈 테린느는 생각보다 느끼하지 않아 좋았음. 다만 서브될 때 살얼음이 끼어 있었고, 녹으면서 식감이 많이 뭉개져 아쉬웠음.커피나 테린느는 더 내 취향으로 하는 곳들이 많으나, 회기 지역 카페가 한정되어 있고 매장 분위기가 맘에 들어 재방문의사 있음.",맛있다
4211,비앙꾸 베이커리,밍밍이,"미니큐브치즈롤,올리브 치아바타, 연유바게트 사왔어요!! 속이 넘 부드러워요ㅠㅠㅠㅠㅠ맛있기로 유명해서 전부터 가고 싶었는데 빵 되게맛있어요!!",맛있다
4212,비앙꾸 베이커리,키다리아저씨,"집근처 빵집 중에 그나마 만족스러운 비앙꾸~2~3명이 들어가면 꽉찰 정도의 작은 매장이지만~ 손님이 꾸준하다^^오픈한지 2달되었나? 가끔은 일찍 품절이 되어 클로즈되는 경우도 있는듯!!가격대도 저렴한 편인데 맛도 괜찮아서 동네 빵집으로는 마음에 드는 곳이다^^식빵종류는 전반적으로 촉촉하고 부드럽다!!내가 주로 즐겨먹는 *올리브 치즈롤 큐브식빵(뜯어먹는 큐브식빵인데...속이 촉촉하고 부드러우며 올리브와 치즈의 조화가 좋음) 2,900원*블랙스틱 (먹물로 빵을 만들고 안에 호두를 넣은 빵으로 특유의 향과 맛이 좋음) 2,600원*옥수수빵 (식빵이 아닌 팥빵 비주얼이지만~ 남녀노소 좋아할 맛!! 약간의 중독성;) 1,700원*미니큐브믹스샘플러 (시나몬맛이 나는 베이스에 호두 아몬드 밤 등을 넣어 믹스한 빵으로 작지만 강한녀석) 2,300원",괜찮다
4213,레드인,키다리아저씨,"맛과 질      : 30/40  가격/가성비: 15/20 위생/서비스: 16/20위치/분위기: 6/10개성          : 6/10총점       73/100재방문 : 고민주문메뉴 : 히비스커스 노을 , 옥수수크림 페스츄리 꽈베기동네 주변을 조깅하던 중에 눈에 확 들어오는 노란컬러와 분위기에 이끌려 방문한 카페겸 종합 분식집?!원색적 컬러감 때문에 외부 내부가 튑니다.그로인해 사진을 찍으려는 멋부린 분들이 종종 오시는거 같아요:) 나름 힙한 분위기인가요?! ㅋㅋ메뉴들은 가볍게 먹기 좋은 커피나 에이드~ 티 종류들이고, 다양한 떡볶이나 도넛, 크로플, 닭강정 등 생각보단 다양한 구성이였어요.가볍게 먹으려고 주문한 옥수수크림 페스츄리 꽈베기는 이곳에서 직접 반죽하고 만든다고하던데...맛은 괜찮은편이나...살짝 오버쿡되어 딱딱한 부분도 있고, 색도 어둡고 약간 기름지더군요. 옥수수크림은 되직하게 버터리하면서 달달하니 페스츄리 꽈베기와는 잘 어울렸습니다. 달달고소~!!히비스커스는 시원하게 한잔 마셨는데...농도도 싱겁지 않고~ 상큼 달달하니 진한맛이 꽤 좋더라구요~ 동네 카페느낌이지만, 다양한 맛의 떡볶이를 판매한다고하니...떡볶이 좋아하는 친구 있으면 한번 데리고 가봐야겠어요.",괜찮다
4214,마이미스로즈,키다리아저씨,"청량리 롯데백화점 3층 여성복 매장 에스컬레이터쪽에 보면 다양한 화분과 꽃을 두어 플렌테리어 느낌을 주는 공간이 있는데....여기서는 식물을 판매도 하는듯하고, 그 옆에 티를 마실 수 있는 별도의 공간도 마련되어 있어요.주변이 여성복 매장들이다 보니 좀 어수선한 분위기도 있지만, 한적한 평일 시간대가면 조용하고 여유롭게 차를 즐길 수 있었습니다.예전에 해방촌에서 꽃집을 운영하셨던 분께서 이쪽으로 옮겨오신거 같더라구요~티마스터께서 친절하게 종류별 설명도 해주시고, 시향도 할 수 있게 되어 차를 잘 모르시는분도 편하게 메뉴선택이 가능할거 같아요나무로 된 바테이블 앞에 다도세트가 준비되어 있는데...이건 대부분 클래스 할때나 사용하는거 같은? 제가 방문할땐 마감시간이 되어가서 그런지...직접 다 내려서 주셨고, 한잔을 마신뒤에 또한번 우려내어 테이크아웃잔에 담아주시는 센스까지~선택한 차의 종류는 ""후르츠 가든"" 그리고 ""인디아 블룸""후르츠 가든은 향긋 달달한 과일향이 상큼하게 다가오는데...향기가 참 좋더라구요~ 맛은 깔끔한 보이차 느낌이였어요~ 약간 향과 맛은 상반된 느낌이지만 좋구요~인디아 블룸은 인도 짜이티를 마시는 기분으로 뭔가 몸을 좀 따뜻하게 해주고 쌀쌀한 계절에 어울리는 맛이더라구요~테린느나 양갱도 몇가지 판매해서 밤양갱하나 주문해 먹으니~ 많이 달지 않아서 좋았어요.속에는 알밤도 하나 들었는데 사진을 못찍었네요.백화점 내부에 있음에도 차한잔 가격대가 괜찮은거 같구요~식물 좋아하시는 분들에겐 향긋한 차도 마시며 휴식하기 좋을거 같아요~",괜찮다
4215,카페슬로우봉봉,Capriccio06,"샌드위치랑 수제요거트가 맛있는 카페. 신락원 근처에 카페가 여러개 생겼는데, 식사하고 가면 샌드위치 먹기는 좀 그렇지만 음료도 저렴한 편이고 아늑하고 괜찮은 집이다. 샌드위치 포장이나 배달도 많은 편.슬봉수제샌드위치로 먹었는데 구운 식빵에 신선한 야채 가득, 토마토, 계란, 햄, 치즈까지 굉장히 알차게 들어있다. 빵 자체는 좀 작은데 속이 듬뿍 들어있어서 먹으면 배가 부르고, 싱싱한 식감이 살아있는 야채를 많이 먹는 느낌이 좋다. 그릭수제요거트는 농도 짙은 질감도 괜찮고, 제철과일 토핑이 많아서 보기 예쁘기도 하고 먹는 재미가 있다. 커피외에 주스나 에이드 메뉴도 많은 편인데 음료가 비교적 저렴한 편이다. 청귤에이드 마셨는데 많이 달지는 않고 적당히 상큼했다. 직접 담근 청을 사용하신다고 한다. 근처에 학교가 있어서 하교시간 즈음에 좀 붐비는 것 같은데 그외에는 조용하고, 음식도 맛있고, 마음에 들었던 곳. 샌드위치나 샐러드 먹어야 좋은데 식당 갔다 가서 음료만 마시기엔 좀 아쉽긴 하다.",맛있다
4216,눈타이드,준영,커피가 그리 맛있진 않아요. 그냥 아기자기한 동네 카페!,괜찮다
4217,셉,준영,청량리역 근처에 위치한 새로 오픈한 신상카페! 다른 카페를 가고 있었는데 너무 예쁜 외관이 눈에 띄어 들어갔어요. 그랬더니 가오픈 이틀차라고! 그리고 이날 여기에 반해 회사 다니는 동안 꽤 여러번 방문했습니다ㅎㅎ  첫날 서비스로 주신 프렌치 토스트도 너무 몽글몽글 맛있었고 커피는 말할 것 없이 맛있음ㅠㅠ 브리치즈 애플 샌드위치는 베이글에 나오는게 독특했는데 개인적으로는 식빵이느 치아바타 같은게 도 잘 어울렸을 것 같아요. 나이 많은 강아지도 가끔 출근하고 여러모로 너무 매력적이던 공간이었어요. 다음에 청량리 가면 또 찾을 듯!,맛있다
4218,엘가커피,Ray,망고치빙이 빙수(9800원) 먹었는데 그럭저럭 괜찮았어요.,괜찮다
4219,엘가커피,맹고,20180708친구집근처라 방문했는데 빙수종류가 아주아주 많았어요! 결정장애라 고민하다 자몽으로 픽아저씨가 운영하시는데 조용하니 공부하기 좋을거같앗어요!우유얼음이라 부드럽고 자몽이 달콤새콤 잘 익었고 맛있었어요~~~~~~ 구웃,맛있다
4220,엘가커피,촘촘,언락의 추억...,맛있다
4221,엘가커피,E.T Jun ,후문에서 편하고 한산한 분위기에서 커피를 즐기고싶으면 가는곳입니다. 공간도 넓고 좌석배치도 여유롭게 되어있어서 조용히 작업이나 스터디 하기도 좋습니다. 커피맛도 가격대비 딱 적당한것 같습니다. 빙수가 유명한 집이라고도 하니 여름에 빙수한번 먹으러 가야될것 같습니다.,괜찮다
4222,스타벅스,Ray,더블에스프레소 프라푸치노에 자바칩 추가했더니 맛있어요! 자바칩 프라푸치노보다 이게 더 맛있는 거 같네요ㅋㅋ,맛있다
4223,스타벅스,Ray,바닐라크림콜드브루 커피 맛이 너무 약해서 밍밍한 듯하면서도 단맛은 강한 편이라 애매해요... 다른 지점에서 마셨을 땐 맛있었는데ㅠㅠ사람이 아주 없진 않은데 사이렌 오더 하면 꼭 도착하기 전에 음료가 먼저 나오는 곳입니다ㅋㅋㅋㅋ,별로
4224,스타벅스,Ray,이번엔 마들렌이랑 같이 먹으려고 제가 스벅에서 마시는 음료 중에서 비교적 덜 단 바닐라 크림 콜드브루로 주문했어요. '얼음 적게'로 옵션 변경했는데도 한 15분 뒤에 마시니 얼음이 살짝 녹아서 연해지는 건 어쩔 수 없더라고요. 그래도 나쁘지 않게 마셨습니다ㅎㅎ 돌체 콜드브루가 너무 달게 느껴지신다면 바닐라 크림으로 드셔 보세요!,괜찮다
4225,스타벅스,Ray,화이트 초콜릿 모카랑 슈크림 가득 바움쿠헨 먹었어요! 당연하게도 둘이 같이 먹으니 너무 달아서 조금 힘들었습니다ㅋㅋㅋ 따로 먹으면 더 맛있게 먹을 수 있을 것 같아요ㅋㅋ평소에는 블루베리 치즈케이크 먹는데 오늘은 그렇게 딱딱한 걸 먹고 싶지 않은 기분이라 슈크림 가득 바움쿠헨으로 주문해봤어요. 케이크의 반을 순삭할 정도로 크림도 빵도 부드럽고 맛있어서 좋았습니다ㅎㅎ,괜찮다
4226,스타벅스,Ray,"지난번 라벤더라떼보다는 훨씬 나은 플로럴 향이지만, 한모금 마시면 입안에 남는 시럽류 특유의 단맛이 물로 입가심해야 할 것 같은 느낌이라 1시간 동안 반도 못 마셨습니다ㅋㅋ오늘부터 14일 동안은 사이렌오더+스벅카드결제로 별 4개 적립 가능!슈크림라떼 돌아와ㅠㅠ",괜찮다
4227,스타벅스,Ray,"슈크림라떼 아이스로도 마셔봤어요! 아주 큰 차이는 아니지만, 예상대로 아이스가 좀 더 맛있긴 하네요ㅎㅎ 더 달고 진하게 마시고 싶다면 휘핑크림과 샷을 하나씩 추가하면 좋다고 합니다! 저는 큰 사이즈로 시켰더니 샷은 이미 추가돼 있어서 휘핑크림만 추가했어요ㅋㅋ",맛있다
4228,스타벅스,Ray,아침 일찍 열어서 출근 전에 들를 수 있는 게 좋았어요. 이번 시즌 음료인 슈크림라떼(6100)를 따뜻하게 마셨는데요. 뭔가 아이스만 맛있는 메뉴 아닐까 싶었는데 다행히 따뜻하게 마셔도 달달하니 아주 맛있었습니다! 이만큼 맛있는 메뉴도 별로 없는데 고정 메뉴 되면 좋을 것 같아요ㅎㅎ,맛있다
4229,스타벅스,Ray,"지금 시즌 음료인 봄 딸기 그린 크림 프라푸치노(6900) 마셨어요! 받자마자 너무 못생겨서 놀랐고요ㅋㅋㅋ 잘 섞으니 그냥 일반 딸기 프라푸치노처럼 됐는데, 맛에서도 그린티는 느끼기 힘들었어요. 확실히 딸기가 좋은 듯한 느낌은 받았는데요. 그렇다고 굳이 6900원이나 주고 마셔야 하는지는 잘 모르겠어요.",괜찮다
4230,스타벅스,Ray,"스벅에서 샌드위치류는 처음 먹어봤는데요. 공식 사진이랑 실물 차이가 꽤 크네요ㅋㅋㅋ 다행히 보기보단 맛이 괜찮은데, 크기는 너무 작아요ㅠㅠ 별로 배 안 고픈 상태였는데도 부족하다고 느꼈습니다... 알아서 반쪽으로 잘라 포장해주는 건 좋았어요! 비록 크기가 너무 작아 굳이 자를 필요도 없어 보이지만요ㅋㅋㅋㅋㅋ",괜찮다
4231,스타벅스,미콩,세상이 아름다운 이유는 아름다운 사람들이 세상에 살고 있기 때문이에요 어느 아름다우신 예랑님이 쏴주신 이름하야 “벚 꽃 라 떼” 맛보았어요사실 유당불내증때문에 라떼는 입도 안 대는데 이날 역시 수면부족으로 인해 뇌가 활성화가 안 돼서 “보기 예쁜건 맛도 예쁠거야!”하고 제멋대로 입을 갖다대게 하더라고요… 달달하니 넘 맛있었습니다 특히 위에 뿌려진 꽃모양 시리얼(?)들이 바삭바삭하니 식감을 살려줘서 넘모 재밌고 좋더라구요 저녁에 배는 고생했지만 입과 뇌가 황홀해 했으니 그것으로 된 것입니다얼른 돈벌어서 배의 배로 갚아드리고 싶은 맛이었어요 …,맛있다
4232,역시커피,So Yeon Park*,바닐라빈 라떼는 제 최애입니다 커알못인 제 입맛에도 역시커피 커피는 진짜 너무 맛있어요!! 스페셜커피를 이 가격과 퀄리티로 먹을 수 있다니.... 드립백으로 내려먹는 커피도 너무 맛있어요..똥손으로 내려도 너무 깔끔한 맛이였어요!! 이제 배달도 된다고 하니 종종 시켜먹을게용!!,맛있다
4233,역시커피,내가좋아하는것은,동네카페 아기자기 빈티지오픈시간이 길지않아 아쉬웠다수다떨러가기 괜찮다,괜찮다
4234,역시커피,우이리,50년 부활 약국터에 카페.에스프레소 머신없이 모카포트로 커피를 만드신데요.딸기소이. 두유에 수제청을 넣고 로즈마리향. 딸기청과 두유가 이렇게 잘어울리는 궁합인가? 딸기청이 두유의 비릿함을 잘 잡아주는것 같아요. ^^,맛있다
4235,역시커피,건방진B,가게크기는 크지않아요!!멀리서 카페를 위해 온다기보단지나가실때 목마르시다면테이크아웃으로 손해보지 않을 맛입니다!저는 여기가 에이드 맛집이라고 생각합니다!!!!다른곳가면 설탕맛 100프로 시럽범벅맛인데여기는!! 과일맛그대로 신선함과탄산의 상쾌함을 유지해준다고할까요 ㅎㅎ 집에서 따릉이타고 15분거리라 자주가는 카페에요!정릉천 따릉이 가능하신분들은자전거 타시다 잠깐 올라오셔서에이드한잔 드실것을 추천드립니다!시즌별로? 에이드를 취급하는것 같구요맛대비 가성비도 괜찮은것같구작은카페지만 갬성도 갖춘곳입니다!,맛있다
4236,카페 노마드,미콩,음료도 무난하고 시험 공부하기에는 테이블 간격이 조금 좁지만 나쁘지 않아요 옛날 동네 개인 카페같은 느낌이 많이 들어요 이문 갬성답게 커피샷 뒤로 보이는 해장국 간판 호이호이요~,괜찮다
4237,아티제,Ray,"발로나자바칩프라푸치노(5900) 마셨는데 커피맛이 강해서 의외로 쌉싸름해요. 덕분에 프라푸치노인데도 덜 부담스럽고, 모닝커피처럼 마실 수도 있네요. 근데 뭔가 꼬리꼬리한 맛이 느껴져서 살짝 아쉬웠어요.",괜찮다
4238,아티제,ㅇㅅㅇ,불친절..외대앞 좋은 카페가 많은데 굳이 안갈것같음,별로
4239,아티제,김양배 112,분위기를 먹으러가는곳 외대에서 가장 분위기 좋은  카페임 천장도 높아서  답답한 느낌도 없고  대신 담배를 피기에는 다른 카페보다 많이 불편함  빵은 기본이상하는데 많이 비쌈 늦게가면 할인된 가격으로 살수는 있음,맛있다
4240,카페엔드롱,로한,"# 롱블랙, 플랫 화이트쉬는 날 근처에 들렀다가 방문했고플랫 화이트, 롱블랙을 주문했습니다.일반 스팀밀크 대신 아몬드 우유가 들어가 은은한 아몬드 향을 느낄 수 있었습니다.아몬드 브리즈가 들어갔다면 좀 느끼했을 것 같은데 향을 입힌 우유라 산뜻하고 깔끔했습니다.산미가 강한 커피를 선호하진 않는데 산미가 많이 강하지 않고 은은하게 올라와 마시기 좋았습니다.",맛있다
4241,카페엔드롱,김트루,"안녕하십니까. 플랫화이트와 사랑에 빠졌다가 여자친구에게 혼나는 건 아닌지 괜히 걱정하는 잉간, 김트루입니다. 관심 없으시겠지만 평소 '좋은 카페'를 생각할 때 중요하게 생각하는 개인적인 기준 두 가지가 있습니다. 1)플랫화이트를 파는지, 2)그리고 그 플랫화이트가 맛있는지(이상하게 들리시겠지만 진짜입니다).오늘의 카페인 '카페엔드롱' 역시 플랫화이트를 잘하는 커피 마스터께서 계시다는 소문을 듣고 찾은 곳이었습니다. 과연 그 소문은 진실이었을까요? 궁금하시다면 팔로팔로미...1. 맛(플랫화이트 한정) ☆☆☆☆☆ + ☆-> 와... 오늘은 커피 먼저 이야기 해야겠습니다. 여러분께서는 한 입 먹고 감탄이 나올 정도로 맛있는 커피와 마주한 적 있으신지요. 개인적으로 아무리 맛있어도 그 정도 쾌감을 느끼긴 쉽지 않다 생각하는데, 이 곳이 바로 그런 곳일 줄이야...우선 코에 가져다 대면 고소함이 아니라 달큰한 향이 수욱- 올라오는 것부터가 다른 곳이랑 다른데, 한 입 모금으면 얼마 지나지 않아 향기보다 더한 달콤함이 혀를 타고 좌악- 퍼집니다. ""우오...."" 그저 웃음만 나오네요 허허.... 메뉴명 옆에 '아몬드'라 적혀있는 것으로 보아 일반 우유 대신 아몬드 브리즈같은 아몬드 우유를 사용하신 것 같은데, 이게 원두 본연의 맛을 죽이는 것이 아니라 단단한 밑바탕이 되어주는 느낌으로 작용해 전에 경험하지 못했던 훌륭한 조화를 맛보게 해줍니다. 플랫화이트라는 음료의 새로운 지평을 열어준 느낌이랄까요. 감히 생각하건대, 생소할 수 있는 두 요소를 조합해 이 정도의 시너지를 내는 카페는 전국에서도 몇 없을 겁니다. 내공이 장난이 아니시군요 사장님...2. 가성비 ☆☆☆☆☆놀라움은 여기에서 끝나지 않습니다. 3,300원, 단 돈 3,300원만 내시면 이렇게 황홀한 맛의 플랫화이트를 즐길 수 있다는 사실...! 심지어 사이즈도 일반적인 플랫화이트보다 조금 큰 편이라 이 한 잔만 있으면 아주 넉넉하게, 오랜 기간 행복을 맛볼 수 있다는 사실에 그저 어안이 벙벙, 가슴이 먹먹해지는군요. 기적입니다 이건.3. 장소 ☆☆☆☆-> 작지만 아늑하고 따뜻한, 그리고 인더스트리얼한 감성이 공존합니다. 정문을 포함해 유리창이 넓게 트여있어서 매장이 협소함에도 불구하고 답답하다는 느낌은 전혀 들지 않는, 그러니까 공간 활용을 참 잘한 카페이기도 하네요. 곳곳에 놓인 커피 관련 용품과, 매장 전체에 울리는 팝송 역시 매장의 분위기를 잡는 데 한 몫하고 있으며, 테이블이 거의 없고 길다란 창가석과 2인석을 위주로 하기 때문에 저같이 작업하는 사람들에게도 참 좋은 공간인 것은 덤(음악과 원두 그라인더 소리가 조금 크긴 했지만 저는 참을만 했습니다). 대신 콘센트는 거의 없으니 알아두시길.4. 다양함 ☆☆☆☆-> 간식 메뉴가 초코맛 로아커 웨하스 하나 뿐이지만, 이마저도 ""우리 카페는 커피가 맛있으니 간식 따윈 필요없다!""는 진정한 사나이의 패기처럼 느껴지는군요... 같은 수컷으로서 한 수 배우고 갑니다 사장님.5. 총평 ☆☆☆☆☆(플랫화이트의 새 길을 제시한 곳)-> 난생 처음 와본 신설동이지만, 이 곳에 다시 올 이유가 오늘 생겼습니다. 물론 아몬드를 좋아하지 않는 분께는 호불호가 갈릴 수 있겠지만, 이렇게 멋진 커피는 만나기 어렵다 못해 희귀한 만큼 저처럼 플랫화이트 성애자인 분들, 혹은 맛있는 커피를 찾아 지금도 구천을 떠돌고 계신 가련한 분들께서는 그저 플랫화이트 하나 믿고 들르셔도 좋을 듯 합니다. 하지만 ""그래 이 맛이여!""하는 외침과 함께 그 자리에서 성불하실지도 모르니 주의하시길....",맛있다
4242,카페엔드롱,썬썬,저렴한 가격에 맛있는 라떼를 마실 수 있는곳!,맛있다
4243,플로랄카페,다크초코,라볶이가 맛있어요. 막 존맛!!이런건아닌데 홈메이드느낌으로 뭔가 군더더기없이 깔끔하게 괜찮아요 ~너무맵지도 않았구요  아메.베리에이드도 먹었는데 음료는 무난했어욤,맛있다
4244,플로랄카페,Lydia,시그니쳐가 아인슈페너라길래 주문..정말 너무 솔직한 아인슈페너.아메리카노도 미지근... 방금 올려준 휘핑크림도 미지근..너무 느끼해서 두입먹고 남겼다.휘핑도 너무 올려서 아메리카노랑 휘리릭 넘어가는게 아니라 목이 메인다.아메리카노가 좀 더 맛이 강하고 차가웠거나 휘핑이 제대로 됐거나 했으면 그나마 나았겠지.요즈음 아인슈페너 잘하는데가 엄청 많은데...... 가장 맛없던 아인슈페너였음.시그니쳐에 있길래 시킨 내가 잘못이지.,별로
4245,그대쉴꽃,Ray,맛은 괜찮다와 맛있다의 사이지만 진짜 꽃잎이 가득한 꽃차를 마실 수 있다는 점에서 가산점을 줬어요!우선 꽃차 종류가 상당히 많은데 각 병에 이름과 효능이 붙어있어서 참고해서 고르시면 돼요. 저는 벚꽃차를 골랐고 실제로 나온 걸 본 순간 정말 잘 골랐다 싶었어요. 왜냐하면 비주얼이 정말 너무 이뻤거든요ㅠㅠ 티백만 넣어주고 5천원 받는 카페도 많은데 무려 꽃잎을 잔뜩 넣어 제대로 우린 꽃차가 이쁜 유리 주전자에 나오는데 5900원이라니ㅠㅠㅠㅠ근데 조금 의외였던 건 뭔가 살랑살랑 연분홍빛 비주얼과는 다르게 맛은 떡을 먹는 듯한 구수함!ㅋㅋㅋㅋ 그냥 마셔도 깔끔해서 좋았는데 화분케이크랑 먹으니 그 조합이 또 너무 좋더라고요. 화분케이크는 솔직히 비주얼이 미묘하다고 생각했는데 맛은 그보단 괜찮았어요ㅋㅋ 에스프레소 맛은 거의 느껴지지 않지만 아마도 쿠키인 듯한 흙 모양 가루의 달콤바삭함과 크림의 달콤부드러움이 좋았습니다. 대신 물리기 쉬운 단맛인데 그럴 때마다 구수한 벚꽃차 한 모금이면 물리던 게 싹 씻깁니다. 그냥 시킨 건데 어떻게 좋은 조합이 걸려서 뿌듯했어요!인테리어는 핑크와 화이트의 조화인데 어딘가 미묘해서 전체적으로 보면 조금 아쉬웠어요. 군데군데 이쁘기는 한데 뭔가 그래요ㅋㅋㅋ결론은 꽃차가 이쁘고 맛도 좋습니다! XD#아무리뷰,맛있다
4246,까페이레,고바마,4층에 있는 조용한 카페맛있는 커피가 가격도 저렴하다.,맛있다
4247,카리스,silvert,분위기도 괜찮고 가격에 비해 음식 맛이나 퀄리티가 괜찮았습니다. 다만 사람이 많은건지 음식을 혼자 하시는건지 나오는데 오래 걸립니다. 35분 정도 기다렸어요 재방문 의사는 가끔가다 한 번? 정도,맛있다
4248,백씨네콩다방,kkonoo,특이한 맛이 많은데 다 괜찮아요. 인기가 많아서 일찍 가야함..,맛있다
4249,백씨네콩다방,스누피,"여기 왜 후기가 많이 없죠..? 경희대생 사이에서는 회기에서 여기가 제일 맛있다는 평이 많아요!! 개인적으로 크림치즈 마카롱 제 인생마카롱이에요ㅠㅠ 여기거 먹고 다른거 먹으면 못 먹음.. 저희 엄마도 제가 사온 마카롱 중 여기가 제일 맛있다고 하셨어요 그 외 인절미랑 쇼콜라, 옥수수도 최고ㅠㅠㅠㅠ 근데 여기는 뭘 먹든 다 맛있어서.. 꼬끄 진짜 쫀득하고 필링이 하나도 안 느끼하고 너무 많이 달지도 않고 너무 맛있어요ㅠㅠㅠㅠ 다른 유명한 데 많이 가봣지만 전 여기가 제일 좋습니다",맛있다
4250,백씨네콩다방,귀차니즘,가끔 먹는데 달달하니 맛있어영 로투스마카롱 짱이에영,맛있다
4251,백씨네콩다방,ㅇㅅㅇ,맛있다! 디저트는 역시 달다구리지!하는 분들의 입맛에 취향저격이다(는 나ㅋㅋㅋ) 그렇다고 막 부담스럽게 달진 않았다. 돼지바랑 아몬드누텔라를 먹어봤는데 둘다 이름 그대로의 맛을 느낄 수 있었다. 이에낄듯한 쫀뜩한 꼬끄는 별로 좋아하지 않는데 적당히 가볍게 쫀득한 정도였다. 나만 알고 싶지만 개당 1800원이라는 혜자 가격이라 디저트 좋아하는 대학생들이 많이 알았으면 좋겠다! 다음엔 다른 맛으로 도전! 재구매의사 200!,맛있다
4252,백씨네콩다방,김수현,6개에 만원이라하여 친척동생과 각각 6개씩 샀다.로터스 두개 아몬드 인절미2개 다른 한가지 맛을 샀다. 마카롱 자체는 겉은 바삭 속은 쫄깃? 한 식감이 잘 살아져있어 모두 괜찮았다.개인적으로는 다른건 나에게 너무 달았기때문에 인절미가 가장 좋았다.만일 이곳에서 마카롱을 다시 사게된다면 그때에는 인절미만 살 것 같다.,맛있다
4253,신설동사람들,망코,신설동에 이런 곳이 있는 줄 몰랐다.신년회3차로 간 곳!사장님도 친절하시고 소주토닉 맛나게 제조하는 법도 알려주심!2차 3차 장소로 추천,맛있다
4254,구십이문,띵시,"가성비 ●●●●○맛 ●●●○○분위기 ●○○○○재방문의사 50반려견동반 가능한 외대 인근의 마카롱 전문 카페. 가게는 크지 않으나 좌석은 생각보다 널널해 4인까지 방문해도 괜찮을 듯함. 마카롱은 개당 2000원이고 세트메뉴 주문 시 가성비가 좋다.요거트와 딸기 마카롱을 맛봄. 당연히 직접 가게에서 만드는 줄 알았는데 사진과 같이 포장되어 나와 살짝 당황함. 맛은 생각보다 괜찮음. 크기는 너무 작지도 크지도 않고, 딸기마카롱의 경우 꼬끄가 약간 비어 있었으나 요거트는 쫀쫀했음. 아멜카노는 괜춘괜춘.동네 강아지들이 엄청나게 많이 와서 알러지 있는 분들은 힘들듯? 손님이 적어도 강아지들 때문에 정신 사나움(귀엽긴 엄청 귀엽지만ㅠㅠ) 재방문은 글쎄...",괜찮다
4255,구십이문,yoyo,소규모 매장에 나름 분위기 괜찮고마카롱 포장하니까 이렇게 센스잇게 적어서 해주시네요블루베리맛 커피맛 특히 맛잇!부드러운 느낌의 마카롱입니다,괜찮다
4256,보스코젤라또,Pyongchang,건강하고 맛있는 젤라또에요.이탈리아 젤라또처럼 꾸덕하지는 않아요.건강한 재료로 만들었다는 자부심이 느껴졌어요.되게 친절하셔서 저까지 기분 좋더라구요 :),맛있다
4257,보스코젤라또,키다리아저씨,"5호선 답십리역 인근을 지나가던 중~ 재활치료 전문병원인 하늘병원 1층에 오픈한 젤라또집인데...판매되는 수익금이 청소년 교육과 이주민을 위해 좋은일에 쓰이며 매장을 운영하시는분도 천주교 살레시오회? 신부님이라는 얘기를 듣고 놀라워서 들어가봤어요~ (저는 무교입니다^^;)정말 검은신부복장의 나이 지긋하신 남자분께서 설명해주시며, 판매하시는데....좋은재료를 사용하고, 일회용품 사용을 않하여 자연도 생각하는 곳이라 말씀하시더라구요~제가 방문했을 당시엔 맛의 종류가 몇가지 없어서 좀 아쉽긴했으나~ 좋은일 하는곳이란 생각에 포장도 해왔습니다. 둥근 볼모양의 스티로폼에 젤라또를 넣어서 포장해주셨어요.말씀하나하나가 친절하시더군요^^안동 유기농쌀,  유기농 키위, 피스타치오 이렇게 먹어봤구요~ 향이나 맛이 과하지않게 은은하면서 적당한 단맛이 괜찮더라구요~유기농쌀이나 피스타치오는 고소한맛의 꾸덕한 질감으로 재료의 맛은 잘 느껴졌으며, 키위만 상큼하고 부드러운 소르베 스타일이네요~ 가격대는 일반적 젤라또집 보단 지역대비 살짝 높았으나 어린이/청소녁들에겐 할인을 해주는 곳이니 충분히 이해가 되는 곳이네요.놀라울정도의 맛은 아니지만, 무난하게 괜찮은 느낌이고 무엇보다 좋은일을 위해 운영된다고 하니 주변에 좀 알려졌으면 좋겠네요.",괜찮다
4258,오메이,미동이,"얼그레이 라떼는 좀..초코 마들렌, 딸기 티라미수까지.. 흠냐",괜찮다
4259,오메이,잉길동,"경희대 서울캠퍼스 주변 분위기 좋은 카페 오메이를 소개합니다. 오메이는 회기동 디저트카페로 감성카페로 입소문이 나고있는 카페입니다. 저는 오메이의 시그니처 메뉴인 코코넛라떼를 먹었는데요, 라떼의 맛에 달달한 코코넛맛이 첨가되어 과연 시그니처 다운 음료였습니다. 디저트는 모두 지하 베이킹룸에서 직접 만든다고 합니다. 경희대 나들이 가시는 분들께 추천합니다 :)",맛있다
4260,청량리역3번출구 붕어빵,ethanghymn,"유튜브에서 먹방도 자주 보는데 최근에 유튜브에서 난리난 붕어빵 가게가 있다고 해서 보니 보통 붕어빵은 2개나 3개 1천원 정도인데 여기 청량리역 1호선 3번 출구 앞에 있는 붕어빵 가게는 1천원에 붕어빵을 7개가 준다는 내용이었음.난 호떡은 좋아하지만 붕어빵은 좋아해본 적이 없어서 아마도 태어나서 3-4번 정도 먹어봤을 거임.그래선지 얼마에 파는지도 모르는데 아무튼 붕어빵에 대해 1도 모르지만 1천원에 7개면 뭔가 대박인 느낌이어서 호기심에 들러보기로 함.노점이어선지 망플에 등록도 되어 있지 않길래 등록도 함.여기저기서 보니 청량리역이 큰 역이어선지 3번 출구를 찾을 때 1호선 청량리역 3번 출구를 찾아야 되는 거였고 찾아가니 진짜 팥붕어빵 7개에 1천원, 슈크림붕어빵 5개에 1천원이라고 쓰여있는 가게가 보임.카드는 안 되는 것도 알고 이렇게 저렴한 가격에 파는 집에서 카드를 내미는 건 예의가 아니기도 해서 현금을 미리 준비해 갔고 팥붕어빵 1천원어치를 부탁드리니 종이백에 붕어빵을 진짜로 7개를 담아서 건네주심.붕어빵을 좋아하진 않아서 비교는 못 하겠는데 붕어빵의 사이즈는 살짝 작은 느낌같기도 한데 아무튼 맛을 보니 특별함을 기대했던 건 아닌데 아무튼 맛은 그냥 흔한 붕어빵 맛이었는데 그런 흔한 붕어빵을 1천원에 7개를 주신다니 다시 생각해도 놀라움.1개만 맛보고 집에 가져와서도 먹었는데 먹어도 먹어도 종이백에서 끝없이 나오는 느낌이었음.전체적으로 유튜브에서 1천원에 붕어빵 7개를 주는 가게라고 난리가 났다고 해서 궁금해서 찾아봤는데 맛 자체는 흔한 붕어빵의 맛이었는데 붕어빵 자체를 좋아하지 않아서 다시 들를 진 모르겠지만 요즘 보면 미국 기준으로 봤을 때 한 눈에 짝퉁 느낌 뿜뿜인 도넛을 3-4천원에 파는 짝퉁 도넛가게들이 우후죽순처럼 생기고 있어선지 붕어빵을 1천원에 7개나 주는 가게여서 양심이 아름다워서라도 맛있다일 수 밖에 없는 느낌이고 특히나 붕어빵을 좋아한다면 근처를 지날 때 한 번쯤 들러볼만한..",맛있다
4261,카페 가성비,E.T Jun ,외대 교수회관 길건너편에 위치한 카페입니다. 원래 '전구담아'라는 상호였는데 가게 컨셉이랑 상호를 바꾼것 같습니다. 가게 상호명에 걸맞게 커피가 매우 저렴합니다. 주문할 때 두가지 원두를 선택할 수 있는데 블랙수트와 화이트드레스 둘중에 선택할 수 있습니다. 전자는 다크로스팅 느낌이고 후자는 산미가 있는 느낌입니다. 원두 특성에 따라 홀더를 다르게 끼워주는것도 재밌습니다. 전반적으로 트렌디한 느낌이 있는 카페인것 같습니다. 투샷 아메리카노를 1500원에 마실수 있다는 것이 가장 큰 장점인것 같습니다.,괜찮다
4262,이문일공칠,띵시,"가성비 ●●●○○맛 ●●○○○분위기 ●●●○○재방문의사 60서울시와 한국외대 지식출판문화콘텐츠원이 합작해 만들어 낸 복합문화공간 이문일공칠! 서점과 카페, 기념품점과 문구점을 겸하고 있으며 가게 한 켠에는 세미나실 및 강연 공간을 마련해 두어 '문화를 파는 곳'으로서의 역할을 톡톡히 해내고 있다. 첫 방문에는 마들렌과 아이스 라떼 주문! 마들렌은 크기도 큼직큼직하고 가게에서 곰방 구워낸 듯하여 고민 없이 주문했는데 많이 실망스러웠다ㅠㅡㅠ 테두리가 쿠키마냥 뻐석하게 익어 버린 반면 속은 모래알처럼 푸스스 떨어져 내림. 버터 향미도 없어 딱히 주문할 이유 없는 마들렌임. 아이스 라떼는 지금까지 맛본 리브레 원두 라떼 중 가장 묽고 향이 없었다. 비줠은 아주 찐꼬라떼인데... 원두는 산미 있 없 두 종류 준비되어 있다. 훔 다음에 따라떼로 다시 주문해 볼 의사 있음. 오늘 주문해 본 민트초콜릿 블렌디드는 꽤 괜찮았음! 초콜릿 자갈자갈하니 함량 높고, 민트향 적당하고 많이 달지 않아 맛있게 먹음. 이문동 물가에 비해 약간 오버프라이스 된 감은 있지만 공간 오래 쓰며 천천히 마실 수 있으니 만족함. 공간 자체는 아늑하고 테이블 넉넉해 좋으나, 벌써 이문동 주민회관 및 교수님들 사랑방으로 자리매김해버려... 가아끔 주말에 공부하러 들를 만한 곳이다.",괜찮다
4263,쏘리낫쏘리,헬시또또,"지금 가오픈 중인 쏘리낫쏘리!저는 처음에 카카오맵 검색하고 갔다가 숭인점으로 갔어요…가오픈중이라 지도에 검색해도 이곳은 나오지 않으니cafe.sorrynotsorry ? 계정을 인스타그램에 검색하시고계정 프로필에 나오는 가오픈 지점 주소 복사해서 방문해보세요 :) 동대문 라마다 쪽이고 신설동역이랑도 가까워서 대중교통으로 가기 딱 좋아요!파란색 테이블이 눈에 띄는데 저희가 있는 동안 손님이 없었어서 여유로운 일요일 오전 시간 보내기 너무 좋았어요.시그니처 메뉴인 블랙스노우에 들어있는 죽탄가루는 해독처리에 좋다고 해요! 오랜만에 크림 추가해서 먹었는데 달달하고 맛있습니다 :) 텀블러는 무려 1천원을 할인해 주는데, 저는 예쁜 컵에 담긴 모습을 찍고 싶어서 할인을 포기했어요 ㅠㅎㅎㅎㅎ",맛있다
4264,핸섬로스팅커피,큐그,"처음에는 간판이 없어서 찾기 힘들었다. 골목 속에 숨어있는데 바로 앞까지 가서 알 수 있었다.자리는 다섯자리가 있었고, 분위기가 아주 작고 포근한 동네 카페에 온 느낌이었다.커피를 선택하면 그 즉시 드립으로 내려주신다. 머신이 없는 걸 보니 모든 메뉴는 드립인 것 같다.사장님이 계시진 않았지만 다른 분과 이야기를 나누다 보니 원래 로스팅만 하는 곳이었는데 카페를 하고 싶어서 하는 곳이라고 하셨다.커피는 아이스로 시켰는데 아이스 일때보다 따뜻할 때 진하고 향이 좋았다.앉아서 커피를 마시고 있을 때 서비스로 따뜻한 커피를 맛보라고 주셨는데 산미가 좀 더 있는 편의 커피였다.전체적으로 분위기도 좋고 다시 오고 싶은 카페라고 생각한다. 맛은 괜찮다 서비스랑 분위기는 좋다.",괜찮다
4265,해빙커피로스터스,Diana Chaemin Lee,"여기 한번 가면 웬만한 커피 못마십니다.네, 제얘깁니다.긴말 필요없어요. 이 주변 갈 일 있다. 근데 커피 좋아한다?무조건 가세요. 안가면 바보 에베벱",맛있다
4266,해머커피로스터즈,리뷰어,인생 더치라떼! 그리고 아메리카노는 산미가 나서 맛있어요~~~졸업하고도 생각나서 계속갑니다 ㅠㅠㅠㅠㅠ,맛있다
4267,해머커피로스터즈,h,오랫동안 정문 앞을 지켜오는 탑티어 커피집,맛있다
4268,해머커피로스터즈,코랄,커피가 뽀얘서 라떼 같이 보이는데 아이스 아메리카노다. 커피를 스무디처럼 얼음과 갈아서 그런 건데 그 덕에 크리미한 거품층이 생겨 약간의 부드러움도 느껴진다. 장희님 말로는 한동안 유행하던 니트로 스타일과 비슷한 느낌이라고 했다.기본이 더블샷이라 굉장히 진한 편인데 나는 아직 입맛이 초딩이라 나한테는 좀 산미가 있고 썼다.다른 달달한 커피를 마셨을 땐 맛있게 먹었다.가성비도 좋고 커피가 대체로 맛있다. 아메리카노는 3천원이고 제일 비싼 음료가 4500원이다.고대 정문 바로 건너편에 있어 접근성이 좋다.,괜찮다
4269,해머커피로스터즈,진리지안,"아이스아메리카노 개 존맛,,.,.",맛있다
4270,해머커피로스터즈,장희,고대정문 해머커피 아메리카노. 따로 안내는 안되어있던데 서징되는걸보니 질소커피인듯 싸고 부드럽고 맛있다,맛있다
4271,해머커피로스터즈,좌니,"안암 최고의 카페라고 자부해요...! 라떼, 티, 주스 다 맛있지만 역시 해머하면 (사진상 오른쪽)의 아이스아메리카노. 믹서 같은 거에 갈아주시는데 뽀얘서 라떼 같은 비주얼에 맛도 고소해요 흑흑. 학교 다니면서 해머에만 얼마를 썼는지 모르겠네요 해머짱.",맛있다
4272,해머커피로스터즈,RC,"I’ve tried a lot of coffee here, but this place is probably the best coffee around Korea University.I wish they would also open on the weekend!",맛있다
4273,빵장수단팥빵,경쓰,개인적으로 녹차치즈크림빵 좋아해요ㅋㅋㅋ 모든 맛을 시식할 수 있게 해주고 종류도 많아서 취향대로 고를 수 있어요. 튀김소보루단팥빵도 추천해요! 한번쯤 가보는 거 추천!,맛있다
4274,빵장수단팥빵,키다리아저씨,"생크림단팥빵이 유명한 그곳~!!^^하지만 다른 메뉴들만 구입해서 먹어보았다.""통단팥빵"" 속엔 호두가 첨가 된 단팥이 가득!!""녹차크림치즈""는 녹차향이 나는 찹쌀떡 느낌으로 쫀득쫀득한 식김과 크림치즈의 부드러움이 굿이다!!""아게소보루""는 겉이 상당히 바삭하고 고소하지만 속에는 단팥이 부드럽고 달콤하다~",괜찮다
4275,너디블루,Ray,"배달 시켰는데 뭐가 너무 많이 와서 잘못 왔나 당황스러웠어요. 알고 보니 어떤 음료는 얼음이 따로 오고, 어떤 건 크림이 따로 오면서 컵이 주문한 음료 수보다 많게 왔더라고요. 크림은 섞일까 봐 그런 건가 싶기도 한데, 얼음은 왜 따로 왔는지 쓰레기가 너무 많아서 안타까웠습니다ㅠㅠ 그래도 제가 주문한 너디밀크(5500)는 누텔라+발로나코코아+크림의 조합으로 이뤄낸 헤이즐넛 향의 진한 단맛이 아주 좋았어요! 마냥 단 게 아니라 깊이 있어서 더 좋은 단맛!하지만 일행이 주문한 석류시럽+레몬즙+코코넛젤리의 청량리에이드나 밀크쉐이크에 하리보젤리를 같이 블렌딩한 너디쉐이크는 맛이 너무 복합적이라며 큰 호응을 얻지 못했습니다ㅋㅋㅋ",괜찮다
4276,너디블루,장석현,분위기가 좋다길래 뭔가 했는데 이렇네여떡전교 사거리 쪽 주택가에 숨어있는 가게입니다.칵테일도 같이 파는 카페인 것 같아요.제가 갔을 땐 낮이라서 너디밀크 주문했는데 부드럽고 달달해서 맛있어요,맛있다
4277,너디블루,미동이,분위기가 좋다,괜찮다
4278,카페끄망,코랄,음료들은 별로 내스타일이 아니었는데 레몬슬라이스가 취향저격~달달하고 상큼하지만 시진 않은 레몬스퀘어를 좋아하는데 파는 곳을 찾기 힘들어 아쉬웠는데 마침 끄망의 레몬슬라이스가 딱 그런 맛이었다!다만 비쥬얼은 약간 레몬버전 브라우니? 조각 같은데 4300원이나 하니 조금 비싼 감이 있다. 얼마전에 라스트오더라는 앱을 다운 받았는데 끄망 쿠폰이 있어서 앞으로는 그걸 사용하려고 한다.티라미수는 내가 좋아하는 식감이나 맛의 티라미수는 아니었다. 약간 빵 맛이 많이 났던 것 같다.음료중에서 아인슈페너는 비추천한다. 다른 커피 메뉴들보다 비싼데 일반적으로 아인슈페너에 올라가는 쬰쬰한 크림이 아니라 가벼운 휘핑크림이 휙 얹어져 있어서 읭스러웠다ㅠ뱅쇼도 양이 적고 프레젠테이션이 너무 투박해서 별로 분위기?가 안났다ㅋㅋㅋ티 종류는 주전자째로 주셔서 여러 번 우려 마실 수 있으니 여유롭게 따뜻한 차를 마시고 싶은 때 시킬만한 것 같다.주인분이 친절하다는 얘기를 들었는데 개인적으로는 나와 친구들쪽을 너무 뚫어지게 쳐다보시고 우리 대화를 계속 듣고 계셔서 약간 부담스러운 느낌이 있었다ㅎㅎ아직 이 카페의 매력을 못 찾았지만 단 게 땡길 때 레몬슬라이스 먹으러 종종 갈 거다!,괜찮다
4279,카페끄망,주배,"4.0 / 5.0학교 정문 앞 카페 중 어디를 갈까 고민하다가친구가 추천해줘서 간 곳!일단 소박한 분위기가 너무 마음에 들었다북유럽풍 인테리어를 좋아하는 나에게 맞는 카페였고,사장님께서 시종일관 웃는 모습으로 맞이해주셔서마음이 너무 따뜻해지는 곳이었다 :)다른 메뉴는 먹지 못하고 카모마일을 마셔서카페의 음료가 어떠한지는 상세히 적지는 못하겠으나,차가 담긴 식기나 차를 준비해주시는 정성이 너무 좋았던 곳.그리고 차 다마시니까 먼저 오셔서 따뜻한 물 더 부어주시겠다고 하신 점도 너무 감동이었다..♡친구 말로는 치즈케이크? 디저트도 맛있다고 하는데추후에 방문했을 땐 사장님이 만들어주신 음료와 디저트를 먹어보고 상세한 리뷰를 남기고자 한다조용한 곳에서 소박한 분위기, 느끼면서 한잔하고 싶으면끄망을 추천한다 :)",맛있다
4280,그림제과,혜뤼리;-),내가 원하는 대로 케이크에 그림을 그려주시는 곳!진짜 그림제과 그림 디테일이 장난아니고-케이크도 너무 맛있어서 결혼 기념일 케이크로 정말 손색이 없었던 맛이었다. 곧 돌아오는 생일에도 다시 방문할 예정 ;),맛있다
4281,그림제과,애리,"결론: 장안동 분덜,,, 증맬루 꼭 드세요리뷰는 귀찮지만 이런 집은 잘됐으면 좋겠어서저의 사랑 망플에 올려봅니다바닐라 까눌레와 초코 까눌레 먹었어요사장님 친절도와 맛이 이세상이 아닙니다 저는 엄마집에 올때만 갈수있어서 아쉬울뿐. 아",맛있다
4282,오늘도앙,grace,"우연히 알게 된 회기-청량리 쪽의 카페에요!직접 만드신 설기 케이크를 판매하고 계셨던아기자기한 곳이었어요!떡 케이크는단호박 크럼블, 유자초코, 고구마 등다양한 메뉴가 때에 따라 다르게 나오구요,제가 갔을 땐 유자 초코, 고구마 메뉴가 나왔어서저는 ""이런 고구미""를 시켜보았습니당!""이런 고구미""는 고구마 설기 + 고구마 무스 + 우유 생크림 조합의떡 케이크였어요!!무엇보다 고구마 자체가 아주 맛나고생크림이 달지 않고 깔끔해서참 맛나게 먹었습니당! +_+전체적으로아주 든든&담백한 느낌!갠적으로는 든든하지만 가벼운 아침/아점 식사용으로 딱 좋은 것 같았어요 *_*#아무리뷰",맛있다
4283,멜팅폼,촘촘,이문동을 얕보지 않고서야 이런 카페를 낼리 없다... 반지하라서 냄새나고 메뉴도 그닥인데다가 강아지들은 별로 관리가 되고 있는 것 같지도 않고... 어떤 감성을 추구하는건지는 알겠지만 허접해...,별로
4284,멜팅폼,먹는게 제일 좋아,사실 음료수는 맛있는건아니었지만 예뻐요~~!! 사진으로 보고 엄청나게 기대했었는데 시설이 조금 사용감이 느껴진다고 해야하나??그래서 살짝 아쉬웠어요ㅠㅠ그래도 아기자기하고 핑크핑크한 카페라서 좋았어요,괜찮다
4285,멜팅폼,아가타,The cafe is very cute and cozy! 시잔 찍고 좋은 카페 입니다!,맛있다
4286,리드스트리트커피,Jinny,지나가다 노랑노랑한 분위기가 예뻐 들어간 카페입니다딱 보이는 것처럼 분위기가 예쁜 곳이었어요 공부하기도 좋은 거 같더라고요홍차머랭 케이크에 저는 아아를 마셧는데그냥... 그냥 그랬어요... 홍차 머랭 케이크에서 위에 크림을 살짝 구워서 머랭케이크라 한 거겟죠? 홍차 향은... 안나요... 그냥 먹을 만... 맛없진 않았어요 케이크 시트에 잇는 크림은 느끼하지 않았고 빵도 부드러웠거든요커피는 산미가 강해서 제 취향이 아니었어요 저는 고소한 맛을 선호하기에!(커피맛 잘 몰라요 허헣)그치만 분위기는 좋으니 담에 회기 간다면 또 갈 수도 있을 것 같아용,괜찮다
4287,리드스트리트커피,Yenny,"다른 카페를 가던 길 우연히 발견하고 분위기 있어 보이길래 들어갔는데 분위기보다는 스터디 카페에 가까운 느낌이었던..오후라 커피대신 자몽에이드를 시켰는데 괜찮았다. 자몽에이드가 특별하긴 힘들어서..딱히 할 말이 없는 것..1층은 카운터고 2층에 좌석이 있어서 그런지 공부하는 사람들이 대부분이었다.커피 가격도 비싸지 않고, 늦게까지 하는 편이라 이쪽 학생들에게 좋은 곳일 듯!",괜찮다
4288,리드스트리트커피,Ray,노란색이 포인트인 카페라 눈에 잘 띄는 곳이에요. 테이크아웃 할인 받으면 라떼류가 3600원 정도고요. 로얄밀크티랑 카페모카 마셔봤는데 그 가격이면 무난하게 먹을 만한 정도였어요. 지하랑 2층에 자리가 있어서 제법 넉넉한 공간 같고요. 분위기 있는 카페라기보다는 공카에 더 적합해 보였어요!,괜찮다
4289,문뒤엔,Seyeon.Y,고려대 앞에 있는 약간은 이색적인 카페! 좌식 다락방 형식도 있고 흔들그네도 있다. 담요 등도 갖추고 있어서 치마입은 분들도 편하게 쉴 수 있다.스무디와 모든 음료 무난! 외국인 친구들이랑 깉이 갔는데 너무 좋아했다. 그네랑 다락방 같은 형식의 카페가 외국에서는 생소하다보니. 친구들이랑 편하게 쉬기 좋다,맛있다
4290,카페볼드,임맛잘봄,사장님이신지 알바신지.. 무뚝뚝하시지만 친절한. 커피보다 장소 사용에 좋았습니다 혼자 한시간정도 조용히 있다 가려고 했는데 주변에 시끄럽지 않고 카페 분위기가 bgm잔잔히 나쁘지않아서 좋았어요. 의자는 좀 딱딱해서 편하고 아늑한 그런 느낌의 카페를 찾는다면 다른데로~ 여기는 집중해서 뭔가 하기 좋은 그런 곳 ㅋ,괜찮다
4291,미소당브레드,미동이,초코식빵.. 빵이 너무 별로에여,별로
4292,미소당브레드,키다리아저씨,"식빵이나 카스테라 종류를 전문으로 하는듯한 빵집으로 기본 판매가격도 좋은편인데... 저녁시간대라 그런지... 원래 이렇게 판매하는지 모르겠지만, 식빵 4개에 만원이라는 착한가격에 구입을 했습니다^^종류도 다양한 편이고, 식빵의 수준도 가볍게 먹기에 좋은고, 건조하거나 뻑뻑하지않고 수분감 적당해서 부드럽게 먹을 수 있었어요.4개에 만원!! 개당 2,500원의 착한 가격에 다양한 맛을 볼 수 있어서 좋더라구요.동네에 이런 식빵집이 있다면 좋을듯하네요.경희대 가는길 도로변에 아담하게 자릴잡고 있는데 여기가 본점이라고 하니~ 앞으로 어떻게 운영이 될지 궁금해지네요:)#아무리뷰",괜찮다
4293,해피니스디저트,장희,건대양꼬치골목에 있는거만 보고 간적은 없는데 경희대에도 있길래 가봤다.코코넛밀크 위위안을 주문했는데 위위안은 타로로 만든 떡이라고 한다. 대만에서 먹어본 또우화에서 순두부대신 떡 들어간거 말곤 거의 비슷한 느낌. 떡이다보니 디저트인데도 포만감이 좀 있는편이다.  누가 빙수 녹은 버전이라고 하던데 정말 그런 느낌이긴한데 맛있었다. 떡 질감 좋고 부담없는 맛.,맛있다
4294,신설동역10번출구 계란빵,snoopy,막구웠을턴데 살짝 딱딱했어요.,맛있다
4295,신설동역10번출구 계란빵,Capriccio06,"와, 노점을 등록해본건 처음인데 신기해서 후기도  남겨보기로 했다. 유튜브에서 유명한 계란빵집이 있다고 친구가 말해서 계란빵이 유명할게 뭐가있지?! 했는데 아는 집이라 놀라고 오랜만에 다시 가봤다. 30년 넘게 같은 자리에서 쭉 계란빵을 만들고 계신데 사장님이 파워 인싸 이신 듯 (...) 계란빵 구워주시는 10분안에 진짜 많은 이야기를 들었다.아무튼 계란빵 자체는 빵 반죽이 살짝 달고, 계란에는 맛소금 쳐서 살짝 짜고, 테두리까지 넓게 반죽을 구워주는 형태다. 계란이 약간 반숙처럼 덜 굳었을때, 엄청 따끈따끈하게 바로 먹는걸 좋아한다. 단짠조합의 계란빵이라 그런가 예전부터 좋아하긴 했는데 사장님이 제빵도 배우셨었다고... 반죽을 직접 만드신다고 한다. 오랜만이라 반갑기도 하고, 요즘 간식들에 비하면 저렴하기도 하고 추억의 맛이었다. 한동안 인기 많았어서 주말에 줄도 길고, 한번에 많이 사가는 사람도 많아서 난리였다는데 오래 기다리면 뭐든지 그렇게 맛있지 않으니 지나가다 만나면 좋을 듯. 따뜻한 상태로 막구워서 여러개 종이봉투에 포장으로 받았더니 계란빵이 좀 눅눅해져서 속상했는데, 포장하려면 통을 가져갈걸 그랬나 싶기도...아, 연중무휴라고 하셨다. 오래오래 건강하시면 좋겠다.",맛있다
4296,그리기요거트,Lydia,"<디저트와 식사의 요거트가 모두 가능한 곳!>우리나라에선 요거트 하면 조식, 간식의 개념이 강하다.요플레와 그릭요거트.. 마시는 요거트 등등 다양한 제품군이 있지만 최근 보편적으로 보급된 그릭요거트 역시 그릭복숭아로 디저트계열이 아닌가.언덕길 사거리에 위치한 그리기 요거트는 디저트와 식사를 모두 만족시켜준다.물론 식사는 한끼 제대로~의 양이 아니라 가벼운 식사, 다이어트용 샐러드에 가깝다.매장에서 매일 직접 만든다는 그릭 요거트는 적당히 꾸덕하며 시큼하지 않고 든든하다!!✔️메뉴는 달달한 계열과 세이버리 계열이 있다.달달한 계열은 발란스, 바나나닙스, 카카오풀, 시나몬애플밤, 쥬시후르츠, 트로피칼 이 있고세이버리 계열은 토토루(토마토 루꼴라 양파), 아보카도페스토, 디톡스그린, 챠지키 등이 있다.처음엔 가장 대중적인 발란스(건무화과, 바나나, 제철과일, 그래놀라)를 사먹어봤다.그 이후로 몇번의 방문결과 내 원픽은챠지키와 아보페스토, 토토루!!✔️챠지키는 딜과 오이향이 모든 식욕을 자극한다.집에 있는 향이 좋은 올리브유를 뿌리면 더욱 풍미가 좋아져 눈 감고 입안이 그리스라고 느껴질지도 ㅎㅎ 아보페스토는 아보카도와 바질페스토의 조합이 좋아서 미주라 크래커나 통밀빵에 발라먹으면 든든한 한끼 식사가 된다. ✔️다양한 메뉴만큼 섬세한 그래놀라와 시럽을 고르는 재미.달달한 계열엔 달콤한 그래놀라가, 세이버리 메뉴에는 오리지널, 상큼한 시트러스 그래놀라까지.사소한 것이지만 이런 세밀함에서 그리기를 찾게 된다.",맛있다
4297,그리기요거트,Ray,"트로피칼(4800) 레귤러 사이즈에 꿀(200) 추가해서 5000원! 별거 아닌 것 같은데도 포만감이 엄청나서 점심에 다 못 먹고 오후 간식으로 마저 먹었어요ㅋㅋ트로피칼은 파인애플, 키위, 코코넛청크, 코코넛칩, 시트러스 그래놀라가 들어있는데 과일들이 다 잘 익어서 달달했고요. 견과류 별로 안 좋아하는데도 그릭요거트랑 같이 먹으니까 괜찮아서 좋았어요. 근데 골고루 섞어 먹기가 힘들어서 그래놀라만 남았을 땐 못 먹고 버렸습니다..ㅎㅎ그릭요거트는 엄청 꾸덕꾸덕한데 풍미 같은 건 좀 덜해서 살짝 아쉬웠어요.",괜찮다
4298,비비카롱,Ray,"맨날 지나만 다니다가 한번 사봤어요. 5+1 시스템이라 개당 1800원 정도 하는데요. 평균적으로 그 가격 정도 하네요. 엄마는외계인이랑 얼그레이가 제일 괜찮았고요. 크렘브륄레랑 애플시나몬은 그냥 그랬습니다. 근데 말차오레오 꼬끄가 너무 딱딱했고, 서울우유는 그냥 맛없어서 얘네는 비추하고 싶어요.",괜찮다
4299,비비카롱,추진단장,마카롱 맛있어요.... 쿠키는 쫀득하고필링은 버터를 베어문 듯 사를르르늘 지나만 갔고 사먹을 생각은 못햇는데2000원의 행복이에요우유맛이랑 크렘뷔릴레 추천합니당머랭쿠키 3000원인데 다음에 꼭 먹어보고 싶어영,맛있다
4300,온니당,코두칸미식가,필링두둑 꼬끄쫀득 아 너무 맛있었어요ㅜ 집에서 먼데도 이거 먹어보고 싶어서 갔는데 후회없음.. 골목이 많아서 찾는데 조금 헷갈렸지만 네이버지도보고 잘찾아가시면 됩니다! 가게 안에서 먹을만한 곳은 따로없는거 같아요!,맛있다
4301,크레이저커피,Ray,"음료 메뉴가 엄청 다양한데 그중에서도 처음 보는 플라워라떼 '꽃떼(4500)'를 주문했어요.꽃 향의 시럽이 들어가는 달달한 라떼라 향기 때문에 호불호가 좀 갈릴 수 있다고 하셨는데요. 마셔보니 분명히 커피인데도 밀크티에 더 가까운 느낌이라 신기했고요. 향긋하면서도 부드러운 맛이 제 입맛엔 너무 좋았어요!인스타그램 이벤트에도 참여했는데 원래 주시는 에그타르트는 오픈 직후라 준비가 안 돼있어 코코넛로쉐(2000)를 대신 받았어요. 굵은 코코넛 입자가 입안에서 깔깔하게 느껴져 아쉽긴 했지만, 맛은 무난하니 괜찮았습니다.나중에 배달로 티라미수랑 티라미쑥도 먹어봤는데 둘 다 무난무난했어요. 티라미쑥은 많이 얼어 있어서 조금 아쉬웠지만 쑥맛은 생각보다 괜찮았어요ㅎㅎ",괜찮다
4302,오슬로우,Capriccio06,"가격이 저렴한 편인데도 커피메뉴가 전반적으로 꽤 괜찮다. 계속 주간 판매차트 1위인 바닐라라떼는 진하고 맛있어서 신기했다. 파우더와 시럽이 같이 들어가고 기본 2샷인데, 연하게 원하면 주문시 말씀드려서 샷 조정하면 된다. 몸상태에 따라 조정해서 여러버전으로 마셔봤는데, 개인적으로는 적당히 달면서 진한 오리지널 레시피가 제일 좋긴했으나 취향따라 마시면 될듯. 디카페인도 되고 우유말고 두유 선택도 된다. 초코나 녹차나 파우더 들어가는 메뉴들이 너무 단맛만 강한 느낌아니고 재료맛이 잘 느껴지는 그 느낌이 좋았다. 처음 생겼을때는 가게가 깔끔하고 직원분들도 친절하시고, 커피가 괜찮아서 그냥 개인이 하시는 카페인가 했는데 관리잘되는 프렌차이즈 카페여서 신기했던...! 브랜드가 낯설어서 프렌차이즈인지 몰랐는데 경기권에는 매장이 좀 많은 듯.주문받으시는분도 친절하시고, 요구사항도 잘 지켜주시고 인상이 좋았던. 양은 적지만... 크림라떼도 좋아해서 자주 마셨었고, 매장에서 굽는 베이커리류도 나쁘지않다. 생지로 구우시던데 퀄리티 관리를 잘하시는 듯. 생각보다 매장에 자리도 좀 되고 (8 테이블정도?!) 관리도 잘되고, 운영시간도 긴편이고, 이 근방에서는 꽤 마음에 들었던 가게.",맛있다
4303,크레이저커피,뿌디,"— 외대생 리뷰... 왜 없쬬?ㅠㅠ —여기 꽤 괜찮은 카페다. 외대 후문쪽에 위치하며, 가격/ 맛 면에서 훌륭하다. 아메리카노 원두가 3가지 종류며 가격은 2,500원 정도. 그 외에 복딸이라고 하여 복숭아+딸기 메뉴나 시즈널 메뉴 개발에도 게으르지 않은 편.테이크아웃을 주로 많이 하지만, 지하벙커도 존재한다. 아담한 내부이고, 요즘같은 시험기간엔 다들 머리 싸매고 공부하는 공간!",맛있다
4304,크레이저커피,E.T Jun ,외대 후문에 있는 개성 강한 카페중에 하나입니다. 여름에는 과일종류 음료가 강세인듯 합니다. 언제나 처럼 저는 아메리카노를 먹기 때문에 부연 설명을 하자면 원두는  세가지 종류 중에 선택을 하면되고 저는 Drill이라는 산미가 있는 원두를 선택했습니다. 커피 맛은 제 기준 주변 다른곳보다 부드러운듯 하면서 약하게 신맛이 납니다. 재밌던 점은  디자인 공모를 해서 선정된 일러스트로 된 컵홀더를 주시는데 이게 또 재밌고 예쁩니다. 그밖에도 상대적으로 커피 이외에도 다양한 종류의 음료가 있는것도 다른 주변 카페랑 다른 점인것 같습니다.,괜찮다
4305,오르앤지드,임맛잘봄,오르앤지드는 커피의 진리 ㅋ 접한 소식으로는 스벅의 사이렌오더처럼 앱으로 주문할 수 있는 에어오더도 가능하다더라구요 ^^,맛있다
4306,오르앤지드,임맛잘봄,기본 아메커피가 맛있으니.. 라떼두 맛있고 사장님 마인드가 훌륭하셔서 모든 재료가 다 좋은 것으로 아낌없이 주세요~~ 저 조리퐁 라떼 먹고 뒤로 넘어가는줄~~ 환경 생각하려 금방 쓰고 버려질 컵홀더가 아까워서 안끼웠더니 그림이 좀 아쉽다. 제가 좋아하는 메뉴 몇장 사진 올려용,맛있다
4307,메가커피,로한,#. 산책길 따뜻한 커피 생각이 많아져 산책을 한던 중 몸도 녹일겸 따뜻한 커피 한 잔. 오래 영업해서 커피 한 잔 생각날때 가기 좋음. 영업시간이 조금 바뀜 (30분 단축?)  큰 기대없이 나간자리. 머리를 한대 얻어 맞은 듯한 느낌. 주관적 기준이겠지만 마인드나 생각이 참 리스펙트...  덕분에 좋은 자극 많이 받음. 좋은 아가씨. 최고의 칭찬. 유지하려면 더 채우고 늘리고 갈고 닦아야...,괜찮다
4308,메가커피,로한,#. 늦게까지 영업해서 좋은 곳. 가격도 착하고 양도 많아 가성비도 좋음.코로나로 테이크아웃만 가능해지고 9시 이후로 가게들이 문을 닫으면서 야근 후 커피를 마실 곳이 없었다ㅜㅜ (어제 스벅을 가니 이젠 착석가능...!!)일 끝내고 몸도 풀겸 동네 산책하다 발견한 메가커피!기존에 가던 곳은 9시면 문을 닫아 커피 한 잔 하고 싶어도 할 수 없었는데 여기는 10시까지는 영업을 했고 아메 기준 1500원에 양도 많아 가성비도 좋았다!!(메가 발견 전까진 커피마시고 싶으면 편의점 원두커피 이용했었음. 편의점 커피보다 훨 나음ㅜㅜ)금요일날 야근하고 산책겸 커피 한 잔 하러 갔는데 영업시간이 더 길어졌음!!! 전엔 금.토 10시까지였는데 이젠 11시!! ㅜㅜ 힛 감사합니다~나머지 요일도 9시 45분까지였는데 이제 10시!!코로나로 영업시간에 변동은 있지만 이 근방에서 늦게까지 커피마실 수 있는 곳은 메가말곤 아직 발견 못함!!,맛있다
4309,프롬하츠커피,고바마,깨끗하고 조용히 커피 한잔 하기 괜찮은 곳입니다.,괜찮다
4310,롬카페,키다리아저씨,"비주얼적으로 보기엔 좋아보였으나 맛은 기대보다 별로여서 실망감이 컸던 곳ㅠㅠ젤라또를 전문적으로 생산하고 판매하며 약간의 체인화 스러운 카페인데... 기대가 너무 컸던게 문제인지...젤라또의 맛이 살짝 인공적이게 느껴지고 단맛이 너무 강해서 개인적으로는 별로였어요; 그렇다고 각각의 종류에 따른 맛의 깊이도 가볍게 느껴지다보니 눈물이 ㅠㅠ 딸기나 파인같은 과일종류의 젤라또를 선택해서 먹었지만~ 뭔가 상큼하거나 입안 깔끔한 과일맛이 아니더라구요.이태리 기술제휴로 매일아침 젤라또를 만든다고 적혀있던데.... 요즘 개인이 운영하는 젤라또 맛집들이 좀 생겨서 그런지... 그 수준에 비하면 많이 안타까웠던 곳입니다.그래도 일하시는 분들은 친절한 편이고, 젤라또 외에 커피같은 다양한 음료들도 판매하고 있으니 메뉴 선택의 폭은 넓은편입니다.젤라또 때문에 방문했지만...재방문은 없을듯 ㅠ",괜찮다
4311,카페리코,dally116,"<500챌린지 후기대방출>한동안 와가리피순대에 꽂혀서 신설동 갈 때마다 갔던 적이 있었어요. 순대국밥 다음엔 뭐다? 정답: 아메리카노! (같은 길가에 있어서 자연스레 들리게 되더라구요~^^)테이블 2-3개쯤 있는 조그마한 커피숍. 아기자기하게 잘 꾸며놓으셔서 들릴때마다 이쁘다 생각이 들어요. 특히 알바분이신지 주인분이신지 모르겠지만, 항상 최고의 친절과 웃음으로 맞아주셔서 기분이 덩달아 업업!!! 아! 참고로 테이크아웃은 할인이 되더라구요. 커피맛도 좋아요. 동네라면 출근도장 찍었을 듯~",괜찮다
4312,홀스베이크,소금,색감이 예쁜 카페입니다. 갓 구워 나온 소금빵을 맛있게 먹었어요. 스콘은 바삭하니 쿠키 같은 식감이었습니다. 콘센트가 따로 없어 공부보다는 디저트를 즐기기 위해 방문하기 좋은 공간입니다(핸드폰 충전은 주인분께 말씀드리면 해주세요).,괜찮다
4313,제네131,준영,청량리역 간데메 공원 근처에 위치한 빵집! 오픈하는 날이 정기적이지 않아 특별한 날에만 먹을 수 있어요. 오픈한 날에는 지나가니 빵냄새가 솔솔 나서 좋더라구요. 이것저것 다 사왔는데 가장 맛있던건 쫀쫀한 식빵!이랑 커스타드 크림이 차있던 패스츄리에요. 크로와상은 약간 뻣뻣한 감이 있어서 식빵 드시길 추천드려요ㅎㅎ,맛있다
4314,녹원,zimzim,"미숫가루가 맛있구요, 주인분이 너무 친절하세요! 가게 분위기도 좋아요.",맛있다
4315,녹원,미동이,오후 12시 차가 참 괜찮다.홍시양갱도 ㄱㅊ,괜찮다
4316,녹원,dotori,"5/10차치고 가격이 착해서 마음이 기울었다! 맛은 너무 뜨겁게 우리셨지만ㅜㅜ 세작시키고 이 맛을 원한 건 아니기에 다시 시키진 않으리! 마감시간쯤에 팔팔 끓이는 대추 냄새를 맡았는데 차라리 대추차나 매실차도 좋겠더라.미숫가루는 얼음이 녹아도 물탄맛 안 나게 진했다. 추천!!!곁들이는 것들로 양갱 같은 것들도 있었는데 7시쯤에 가니 다 팔렸었다.. 궁금해ㅜㅡㅜ메뉴가 많은 건 아니지만, 가격도 좋고 공간이 잘 분리되어있는 가게라 맛있다!큰 좌식 테이블 공간, 스툴에 앉아 팀플 할만한 테이블 공간, 옛스런 공간, 벽/창면을 보는 공간들로 자리마다 다른 기분으로 집중할 수 있겠더라. 지하라서 이 공간에 사람이 많으면 소리가 울릴 거 같았는데 생각보다 괜찮았다.",맛있다
4317,페이지2726,snoopy,오늘 먹고 마신 대왕하트 라떼!!,맛있다
4318,페이지2726,snoopy,"카페 이름을 단 '페이지 라떼' 마셨습니다. 일반 라떼와 차이점을 물었더니 크림, 거품이 올라가서 조금 미지근하게 느낄수도 있다고 알려주시네요.",맛있다
4319,페이지2726,snoopy,"오늘은 쿠키와 같이 먹었습니다. 커피는 계속 맛 좋았고, 쿠키는 단 맛이 저하고 안 맞았는지 다음에 가면 단맛이 덜한 메뉴로 먹을 것 같아요",맛있다
4320,페이지2726,snoopy,"동네에서 가장 새로 생기고 깨끗한 카페. 베이커리를 직접 만든다는 곳. 자리마다 플러그도 있고, 자주 올 것 같아요",맛있다
4321,붐바,루카스,카스 별점 ★★★★☆ [4/5]<카공하기 좋은 외대 카페>큰 곰인형이 인상적인 카페입니다. 앞에 타르트집을 가고싶었는데 그날 영업을 안해서 들어가서 타르트를 먹고 나왔습니다. 내부 공간이 생각보다 넓고 여유로워서 공부를 하고 계시는 분들도 많았습니다. ♥아메리카노(3900원) : 산미가 좀 강했네요. 음료 한잔당 로투스도 하나씩 주십니다. 음료 가격이 대학가치고 가격만 보자면 싼 편은 아니지만 카공할 수 있는 카페 치고는 싼 편입니다. 스타벅스에서도 아메리카노 4000원은 넘으니까요. ♥타르트(7500원): 요즘은 타르트는 안하시는 것 같더라구요. 타르트 플레이팅을 초코시럽으로 제법 정성스럽게 해주셔서 감동헀던지라 아쉬웠네요ㅠㅠ 베이커리류는 다른데서 구매해오시는 것 같았지만 맛있었습니다. 디저트류 가격은 꽤 되는 편입니다. 콘센트도 제법 준비되어있어서 공부하실 분들 방문하시면 좋을 것 같아요.,맛있다
4322,붐바,즌짱,"조용하고 공부하기도 좋고 깔끔한 외대 근처 카페입니당 :)종종 다녀왔는데 와 이거다!! 하는 메뉴는 없지만 전체적으로 괜찮고 서비스가 좋은 편이에요. 음료시키면 로투스? 같은 커피맛 비스킷 과자를 같이 주세요. 디저트 류 특히 마카롱이 유명하고요..!! 뭐니뭐니 해도 붐바는 자리 한 켠을 차지하고 있는 곰인형이 ,, 인상적인 곳ㅎㅎㅎㅎ",괜찮다
4323,붐바,E.T Jun ,일본라멘 전문점 마카나이 근처에 있는 카페입니다. 재밌는점은 공간이 두군데로 나뉘어져 있는데 바깥쪽은 커피마시면서 대화를 나누기 좋은 공간이고 더 안쪽은 독서를 하거나 공부하기 좋은 공간으로 구성되어 있습니다. 분위기도 괜찮고 커피맛도 무난해서 부담없이 들르기 좋은공간 입니다.,괜찮다
4324,배스킨라빈스,로한,"#. thanks MP해피 할로윈!할로윈에는 할로윈 메뉴를블랙할로윈, 마법사의 할로윈, 사랑에 빠진 딸기, 아몬드봉봉, 골든 애플 요거트... 냠팝핑캔디가 들어있는지 입안에서 톡톡, 작은 파티가 열렸음입 안 파티 말고 진짜 할로윈 파티를...!!",맛있다
4325,배스킨라빈스,로한,"#. thanks MP허쉬 쿠키 앤 모찌, 엄마는 외계인, 사랑에 빠진 딸기, 아몬드 봉봉, 치즈 고구마구마... 냠!",맛있다
4326,배스킨라빈스,로한,#. 오랜만에 아이스크림>_<오랜만에 아이스크림...♡없으면 안먹는데 오늘은 정줄놓고 고칼로리를 마구마구 섭취한 날.시원달달 넘 맛있었다>_<근 한달 내내 야근에 주말에도 출근 혹은 약속이 있어 편히 쉬지를 못했었는데 시원달달 아이스크림을 마구마구 먹다보니 기분도 덩달아 UP!! (역시 심신이 피곤할땐 달달한거 혹은 매운게 최고!!)민트초코랑 엄마는 외계인이 내 최애 아이스크림이었는데 동생이 주문한 아몬드봉봉이 오늘따라 넘 맛있었다!! (아몬드봉봉이 원래 이렇게 맛있었나...)새로운게 하나 먹고싶어 아이스호떡 추가!다들 호떡맛이라고 하는데... 왜 난 명절에 먹는 꿀송편? 동글동글 꿀떡이 생각나는지...ㅋㅋㅋ,맛있다
4327,올유니드,Ray,단조로운 메뉴와 무난한 인테리어의 공카. 테이크아웃 천원 할인 받아 3500원인가에 마신 카페모카는 할인받은 사실에도 감동 없을 정도의 맛. 카페인이 필요한 것도 아닌데 왜 이걸 먹고 있을까 현타가 살짝 왔어요ㅋㅋ 그렇다고 완전 노맛은 아니고 평타보다 조금 부족해서 괜찮다 정도로! 이제 보니 사진은 안 찍었네요ㅠㅠ,괜찮다
4328,올유니드,즌짱,"제가 무척이나 좋아하는 카페입니다 :) 외대 정문 근처에 있는 카페인데, 커피 종류도 맛있고 다른 음료들, 특히 시즌 음료들도 맛있어요. 제 최애는 딸기 시즌의 딸기 라떼와 애플 민트 라임 에이드입니다 ! ! ! 딸기 라떼 진짜 진하고 맛있고, 애플 민트 라임 에이드는 스타벅스 쿨라임보다 훨씬 상큼하고 맛있어요! ㅠㅠ 쿨라임 성애자였는데 여기서 애플 민트 라임 에이드 마시고 바로 갈아탔습니다 ^^! 아 그리고 애플 민트가 엄청 싱싱해요,,, 이 정도면 여기서 재배해서 주문 들어올 때 마다 따는 거 아니냐고 농담할 정도로ㅎ..카페는 무척 조용한 편인데 제가 가면 제가 제일 시끄러운 듯하네요 ^^... 1인 좌석도 있고, 좌석 마다 개별 콘센트가 있어서 시험기간에 공부하거나 작업하기 좋은 곳이에요 :-)",맛있다
4329,964커피로스터리,서현,여기에도 이런 대형 카페가 생기다니ㅋㅋㅋ 신기하다위치는 회기역2번 출구 쪽에 있어요~!매장은 층고가 높아서 답답하지 않았고 좌석도 꽤 많았었다내가 방문했을때는 코로나 때문에 테이크아웃만 가능 했었는데 지금은 손님으로 북적 북적 할거같당핸드드립 커피와 여러 개의 빵을 골랐었고 커피는 가격에 비해 작았어서 쪼끔 실망ㅠㅠ가격 등 여러가지가 회기 같지 않은 카페이다ㅋㅋㅋ맛이 없지는 않지만 어디서든 먹을 수 있는 흔한 맛 이라 굳이 찾아올 이유는 없었던 곳!! 오 이런곳이 있구나~하는 마음으로 방문하는 것을 추천합니당ㅎㅎ,괜찮다
4330,964커피로스터리,Ray,회기역 완전 근처에 큰 베이커리 카페가 생겼어요. 심지어 빵 굽는 걸 바로 볼 수 있는 진짜 진짜 베이커리 카페 느낌ㅋㅋㅋ 그래서 살짝 기대를 품고 크로와상이랑 라즈베리잼스콘을 맛봤는데 그냥 무난했어요ㅋㅋㅋ 사실 라즈베리잼스콘은 버터랑 라즈베리잼은 괜찮은데 본체인 스콘에서 점수가 깎이는 게 아쉽네요. 플랫화이트를 시켰는데도 원두를 고르라고 해서 신기했는데요. 그래도 맛은 그냥 그렇더라고요ㅋㅋㅋㅋㅋ 다른 음료를 마신 일행들도 다 같은 반응이었어요. 커피도 로스팅을 직접 하는 거 같던데 여기는 여러모로 들이는 노력에 비하면 결과가 아쉽네요ㅠㅠ,괜찮다
4331,카페 시카고,코코아코,삼육대병원 앞대학병원근처인데 근처에 생각보다 먹을 곳이 없었어요;;샐러드 파니니 파스타 요렇게 시켰는데특별히 맛있는 건 아닌 것 같아요..요거트아이스크림이 맛있어 보였는데딱 우리 앞에서 끝나버리는 바람에못먹구 왔네요ㅜᆞ맛은 쏘쏘ᆞ재방문의사 없음,별로
4332,머랭,키다리아저씨,직접 만드는 머랭과 수제쿠키... 그리고 커피는 먹을만 하지만~~ 눈꽃빙수라고 판매하고 있는 팥빙수는 너무 별로였다 ㅠㅠ 그냥 내가 만들어도 될 수준의 어디서나 먹을 수 있는 흔한 빙수다. 완전 실망;;팥은 달고~ 우유맛이 나는 그냥 얼음~ㅠ 떡은 딱딱해서 하나 먹고 못먹었네요;;그냥 매장이 깨끗하고 시원해서 좋고~친절한 부분은 있지만~ 다양한 메뉴들이 있어서 선택은 잘 해야 후회가 없을듯!!,별로
4333,요띠드,서현,첫리뷰라니ㅎㅎㅎ수제 그릭요거트와 샐러드를 맛볼수있는곳!!키오스크가 있어서 편하게 주문 가능하고 배민으로도 가능한 식당이더라구요 코로나 끝나서 여유롭게 식사하고 싶은 공간입니당 사장님들도 너무 친절하세용,맛있다
4334,아인스카페,Ray,"3층에 있는 카페라 어떻게 생겼는지 보지 못한 채로 올라갔는데 문에 붙은 로고와 문구들이 뭔가 옛날 호프집 비스무리한  곳 같아서 들어가도 되나 고민했어요ㅋㅋㅋ 들어가보니 옛날 느낌이 있긴 한데 문 앞에서 걱정했던 것처럼 나쁘지는 않더라고요ㅋㅋ주문은 아이스크림이 올라간 브라우니를 시켰는데 머랭쿠키도 하나 같이 나왔어요. 아이스크림과 브라우니는 꿀조합인만큼 기본적인 맛은 보장되는데요. 브라우니에 견과류가 섞여있고, 꾸덕하기보다는 빵에 가까운 식감이니 참고하시면 좋을 거 같아요. 제 취향으로는 꾸덕했으면 싶었지만, 뿌려져있는 스파클링의 오도독한 식감이 아쉬움을 살짝 덜어줬습니다. 아, 근데 초코 시럽은 맛없었어요ㅠㅠ 브라우니가 나쁘지 않다 정도였다면 머랭쿠키는 별로였어요. 서비스로 나온 거기도 하고, 아무래도 제가 머랭쿠키 자체를 좋아하지는 않는 거 같아요ㅋㅋ브라우니를 먹으며 앉아있다보니 맛보다는 공간이 인상적으로 다가왔는데요. 요즘의 세련된 카페는 아니지만, 소파가 꽤나 안락하고 심지어 커튼이 달려있는 자리도 있어서 동네 친구랑 와서 편하게 놀다 가기엔 딱일 거 같은 느낌이었어요.",괜찮다
4335,엘마르조,프릇프릇,조용하고 여유로운 곳,맛있다
4336,헤이즐넛버터,소금,"휘낭시에가 맛있어서 깜짝 놀란 곳! 가운데가 도톰하게 잘 부푼 맛있는 휘낭시에입니다. 겉은 바삭쫀득하면서 속은 부드러워서 두가지 식감을 같이 느낄 수 있습니다. 식감뿐 아니라 맛도 좋고요. 스콘은 바삭하면서도 밀도가 높고, 마들렌도 입이 즐거운 맛이었습니다. 가게도 매우 예쁩니다.",맛있다
4337,달콤커피,SOJANG,경희대 정문 편안한 카페^^*경희의료원 옆쪽 경희대 정문 입구와 연결된 건물에 있는 카페로겉보기 보다 안에 들어가면 분의기가 더 좋다.특히 테라스에 테이블이 있어서 날 좋을때는 밖에 앉는것도 좋다.서너번 가봤는데 늘 한적해서~커피마시며 얘기하기에 좋다.커피맛도 좋다.경희의료원이나 경희대 갔을 때 들리면 좋을듯해서 강추하는 카페이다.,맛있다
4338,고산377베이커리,snoopy,마약빵이래서 뭔가 했더니 하필 제가 제일 싫어하는 콘옥수수가 들어있는 빵이었네요 ㅋㅋ 가족들과 함께와서 먹고 마시고 즐겁게 쉬다 왔습니다. :-),맛있다
4339,커피홀니스,snoopy,갈 때마다 라떼아트로 예쁜 하트를 만들어주시는 곳이에요. ❤️,맛있다
4340,노엘,촘촘,삼년을 벼르고 드디어 접했는데 그냥 그랬다...,괜찮다
4341,노엘,JW,"맛있슈! 남편이 학생때부터 자주 가던곳인데 주인분이  친절하다!! 슈가 어느날은 맛있고 , 어느날은 별로다 ....당일 만들어팔때와 전날 만든거 팔때의 차이인가 ㅎㅎ 맛있는날은 혼자서 4개정도 먹고온다....",맛있다
4342,노엘,*,"천원의행복! 큼직한 슈들이 개당 1,000원외대 경희대 후문에 위치해 인적이 드문데 슈 사러 오는 사람들 은근 많아요ㅋㅋ 개인적으로 슈는 바닐라슈만 항상먹는데 이곳 초코슈가 더 맛있네요ㅋㅋ",맛있다
4343,설빙,*,"#오레오초코몬스터설빙9,900신메뉴인가 할인하길래 먹어보았습니다. 양이 진짜 많아요. 처음이 먹을땐 맛있다였는데 중간부터는 너무 느끼해서......한번쯤은 먹어볼만하지만 또 시키진 않을듯ㅋㅋ 설빙에서 초코st는 처음먹어보는데 다음엔 초코브라우니에 도전해보갔습니당!! 그런데 왜 우유빙수가 아닌가요 이건?? 우유얼음맛 하나도안나고 일반 얼음 같던데요. 설빙의 모든 빙수는 우유얼음 아니었나요...",별로
4344,설빙,*,그린티슈크림 짱짱 완전 맛있당. 오랜만에 인절미토스트도 맛있엇고ㅋㅋ 설빙 슈크림 다 먹어봐야겟다 가성비도 조은거가틈,맛있다
4345,설빙,응온,설탕인지 뭔지 알갱이가 너무 많이 씹힘...,별로
4346,설빙,*,조용하니 좋아요. 다만 좀 일찍 닫는듯.,괜찮다
4347,빙고,Ray,"우유팥빙수를 1인 사이즈로 포장!토핑이라고는 떡 몇 개 얹어져 있는 심플한 빙수인데요. 우유빙수도 달큰하고 팥도 달큰해서 한 번에 많이는 못 먹겠더라고요. 게다가 1인 빙수라고 하는 것 치고 양도 많아서 결국 3번에 걸쳐 먹었어요ㅋㅋㅋ 떡 자체는 그냥 그랬지만, 우유팥빙수는 무난하게 맛있고요. 동네에서 가성비 좋게 먹는 빙수로 좋은 것 같아요. 매장은 작은 편입니다ㅎㅎ",괜찮다
4348,빙고,박율사,우유빙수 베이스로 1인분이라지만 여럿이 먹어도 좋을거 같다. 투고샐러드 사장님 어머니가 하시는 집이란다.,맛있다
4349,빙고,빈빈,올해 여름 팥빙수 먹는 곳,맛있다
4350,이츠이츠,kkonoo,카페는 참 예쁜데.. 커피를 못 마셔서 에이드를 마셨는데 맛이 없당..,괜찮다
4351,이츠이츠,이리저리,"(코코넛 스무디 커피, 코코넛 밀크 커피)가격이 엄청 싸진않지만 다른곳에선 먹을수없는 맛이라 만족했어요!가게 내 분위기도 좋고 2층이라 외부 소음도 적게 들리고.카공하러갈때, 친구들이랑 수다 떨고싶을때 다 좋을것같아요",맛있다
4352,이츠이츠,미콩,"20200708◇ 카페다*. 아아 경희대 모야모야~~! 떠나자마자 좋은 카페 생기는거 진짜 모야모야~~~ 스터디하러 들렀는데 공간도 넓고 (좀 죄송하지만) 손님도 없어서 진짜 아지트 삼고 싶어요..ㅎ*. 크림 들어가는 커피를 별로 선호하지 않아 베트남식 커피는 안 먹어봤는데, 베트남식 아메리카노가 있어 주문해봤어요 달라봐야 뭐가 다르겠어 했는데 이 구수함은 뭐죠..ㅎ 고소 x 구수 o 이게 그 강배전 커피인가..?*. 다양한 베트남 음료들도 함께 즐길 수 있어 좋아요 홈페이지 찾아보니 베트남 커피 원두도 판매하더라구요",맛있다
4353,세컨스텝,Hepzi,5.0리코타치즈샐러드오렌지 비앙코미숫코리아생과일 주스플랫 화이트,맛있다
4354,공차,Ray,사무실에서 배달로 먹었는데 직접 가는 게 2.5배는 빠를 것 같은 배달 속도에 놀랐어요ㅋㅋ메뉴는 시즌 음료라는 하동 호지 밀크티+펄(4900) 선택! 맛은 있는데 식감이 텁텁해서 아쉬웠어요. 버블티 잘 안 먹어서 몰랐는데 빨대는 적장의 배를 뚫어버릴 기세로 세게 꽂지 않으면 뚫리진 않고 음료만 뿜어져 나오네요ㅋㅋㅋ,괜찮다
4355,공차,에스더킴,제가 맨날 잠실지점에서 리얼망고쥬얼리에 화아트펄 추가해서 먹는데 여기는 잠실점보다 펄양도 적고 망고펄 엄청 퍼져잇고맛이 이상해요 ...비추....정량주시는거 맞나요..?,별로
4356,탐앤탐스,영구빵,그냥 목말라서 보이는 데 들어감.. 수박주스 너무 달아서 물 더 넣어달라 그랬...,괜찮다
4357,커피베이,띵시,정말 저렴하고 타 외대 카페들보다 조용해요! 브라우니 같은 간식거리와 음료를 같이 시켜도 5~6000원 선에서 해결되기 때문에 자주 가요. 사진 속 베이글은 초코베이글에 오레오 크림치즈를 추가한 거에요. 추천합니다^____^,맛있다
4358,카페 플래닛,E.T Jun ,"르안타이,버드나무순대국 근처에 있는 카페입니다. 가게가 널찍하고 테이블간격이 좁지 않아서 공부하기 좋은 카페입니다. 쿠키같은 베이킹도 직접 하시는것 같은데 맛있어 보였습니다. 커피맛도 고소하고 무난하게 즐길수 있는 아메리카노였습니다. 아메리카노를 주문할때 추가금액을 내시면 스페셜티 원두로 바꿀수있습니다.",괜찮다
4359,추억의생크림빵,Ansohwee,은하곱창 먹고 여기 코스로 들르는게 국룰이라는 글들이 많길래 가봤는데 뭔가 허름한 지하에 뜬금없이 있어요 예전에는 마트였다는거같음 토스트기에 구운 핫도그빵 사이에 얼린 생크림을 샌드해주시는데 왜 별거 없지만 맛있는 맛이라고들 하는지 알것같아요 따뜻하면서도 달달한 생크림이 마치 아이스크림 같아서 맛있을 수 밖에 없음 근데 생크림이다보니 진짜 아이스크림처럼 입에서 녹지는 않고 약간 퍼석하게 바스라지면서 입에서 겉도는 느낌? 또 살짝 목막힘^*^; 지나가가 학생감성으로 추억삼아 먹기엔 나쁘지 않지만 굳이 찾아올거까진 아니다!,괜찮다
4360,추억의생크림빵,최동호 Choi Dongho,"좋아하는 사람이랑 같이 갔는데, 평소에 빵을 별로 안 좋아하거든요? 근데 먹자마자 ‘존맛탱….!’이라고 하더라고요. 반드시 데려가보시길❤️",맛있다
4361,카페브레멘,인생은 고기서 고기,이런데에 카페가 있네?라는 생각이 드는 곳에 위치했다.내부는 조용하고 작업하기 좋은 카페이다.디저트 제품은 독특하게도 떡이 있었다. 카페에서 떡 파는 것은  처음 봤는데 제법 잘 나간다고 하신다.아.아를 주문했다. 양도 제법 많은 편이고 고소하면서 적당히 신맛이 났다 ㅋㅋ 동네에 이런 카페 있었으면 자주 갔을 것 같다,맛있다
4362,카페브레멘,Ray,깔끔하게 예쁜 동네 카페 느낌이라 굳이 찾아갈 일은 없겠으나 바로 이 근처엔 카페가 여기밖에 없는 거 같아요ㅋㅋ첫 방문했을 땐 요거트스무디를 주문했는데 중간에 믹서가 말썽이었어요. 그래서인지 맛이나 결이 고르지 않은 느낌이 아쉬웠는데요. 최근 배달로 주문했을 때 마신 녹차라떼는 그냥 무난했어요. 녹차마카롱은 음료 4잔 주문했더니 서비스로 1개 온 건데 판매상품인지는 모르겠네요. 녹차라떼보다 더 진한 맛이라 좋았지만 해동이 덜 된 것 같았어요. 그래도 서비스로 온 거라 맛있게 먹었습니다ㅋㅋㅋ,괜찮다
4363,유월의마들렌,snoopy,폐업했네요 에구 ~!,맛있다
4364,유월의마들렌,장희,홍콩중화요리에서 식사를 마치고 어디 갈곳 없나 하다가 바로 길건너에 보이는 카페를 가봤다. 유동인구가 있나..? 싶을정도로 내 생각엔 외진 느낌인 동네인데 주변 일하시는 나이좀 있어보이는 분들이 꽤 이용하시던... 젊은 여성분들도 마들렌이나 마카롱을 사러 몇분 오신걸 보면 나름 자리는 잡힌 느낌.커피는 무난했다.,맛있다
4365,좋은아침PASTRY,snoopy,"아점으로 연어 패스트리 샌드위치 먹었습니다. 커피랑 같이 세트로 나와서 조금 싸게 잘 먹었어요. 그런데 연어 + 패스트리 + 커피가 서로 어울리지 않고 각자 먹는 것 같은 느낌이었어요. 용기도 칼로 자르기에는 불편했는데,  그냥 종이 포장이면 안 될라나요? 개선할 여지가 있을 것 같아요.",맛있다
4366,좋은아침PASTRY,snoopy,"패스트리 빵집이고 아침 7시반부터 오픈이라 자주 사 먹는데, 아침 샌드위치 사 먹으면 이렇게 되네요. 빵은 괜찮은데 샌드위치는 크기도 크고, 잘 부숴지고, 어떻게 먹어야 할까요",별로
4367,젠틀마담,eternalfaith,장안동에 숨어있는 보석같은 카페네용 :-) 과일 음료도 맛있고 커피도 맛있고 디저트도 맛나용!,맛있다
4368,이에나파이,코랄,가격이 적당하고 무난하게 맛있다.식빵류와 피칸파이가 맛있다고 들었다. 사과가 들어간 패스츄리 샌드위치인 과일피크닉도 맛있다고 한다.샘플이 여러 종류 준비돼있어서 빵쇼핑하기 좋다.,괜찮다
4369,달리는커피,즌짱,회기역 삼거리에 위치한 카페. 사진에 없지만 카야 버터 토스트가 맛있고.. 각종 샌드위치와 샐러드도 판다. 배달도 오긴 하는데 배달 시켜먹을 정도는 아니고... 가끔 회기 시장 버스 정류장 근처에서 카페 찾을 때 괜찮다,괜찮다
4370,제제커피,미콩,아니 여기 왜 이제야 등록됐죠;회기러 여러분 여기 안 가시나요?그렇게 이른 아침에 그렇게 맛있는 커피로피곤한 아침이어도 행복하게 시작할 수 있게 해주는 곳인데아메리카노는 신맛이 제대로고 더치는 고소달달한 맛이 제대론데 진짜 왜 아무도 리뷰 안 남겼지 너무 속상ㅠ졸업한 슨배릠과의 추억이 있어 제겐 더 소중한 곳이에요ㅠㅠㅠㅠㅠㅠ 여기 음료 다 괜찮은 것 같아요ㅠㅠㅠ,맛있다
4371,볼랫,써니♡,아담한 카페 하지만 세련된 분위기 그리고 맛난 커피와 디저트답십리 근처에 약속이 있어서 카페을 검색하다가 볼랫을 알게 되었다. 올해 늦여름에 오픈한 신상카페 같았다.친구와 나는 바닐라 라떼와 스페니쉬 라떼를 각각 시키고 스콘과 크로와상도 함께 시켰다. 가격도 사악하지 않아서 너무 맘에 들었다.아직 소문이 많이 나지 않아서 손님이 거의 없었고 덕분에 수다를 신나게 떨 수도 있었다. 스콘의 경우 친구 왈 자기가 먹으려고 하는데 내가 어느 새 다 먹어버려서 먹을 것이 없었다는ㅎㅎㅎ 그리고 가끔 어떤 곳을 가면 바닐라 라떼의 끝맛이 텁텁했는데 여기는 그렇지 않아서 그것도 좋았다.인테리어도 깔끔하지만 포인트 소품 하나씩 디피한거 모두 마음에 들었다. 위치상 자주 방문할 수는 없지만 흥했으면 좋겠다.,맛있다
4372,러블티,뇽뇽,신입생 시절 쿠폰을 거진 다섯장 넘게 채웠으니 버블티에만 십만원 넘게 썼네요버블티 싫어하던 제가 러블티 만나고 눈을 떴습니다안 가보셨다면 제발 가서 딸기랑 오레오 드셔보세요단 거 싫어하시는 분들은 밀크티 드셔요버블이 물컹하지 않고 쫀득해요딸기청 같은 재료도 듬뿍 넣어주셔서 맛이 진해요졸업해도 버블티 먹으러 회기 올 겁니다,맛있다
4373,러블티,해띠,대학시절 내 살의 3kg 정도는 러블티가 차지한 듯.,맛있다
4374,러블티, 퀸지,정말 맛있어요! 버블티 엄청 좋아하는데 공간도 좋고 펄도 잘 삶으셔서 쫀득쫀득하고. 주로 드래곤후르츠티를 먹는데 펄 말고 씨앗 같은 알갱이가 특이하고 맛있어서 자주 생각납니다. 무지 맛있어요,맛있다
4375,러블티,조소,흐앙 사진이 없지만 시립대생으로써 일주일에 한 두번은 꼭 가는 맛있는 버블티집! 특히 로맨틱쇼콜라 일주일에 한 번 꼭 먹어줘야 합니다. 비가오나 눈이오나....,맛있다
4376,커피빈,*,조용한편 조명도 적당히 어둡고,괜찮다
4377,이디야커피,*,좁지만 창이 크게 되어있어서 답답한느낌이 덜함~ 언제나 허버브는 커핀그루나루>탐탐>이디야인듯ㅠㅠ 아쉽,괜찮다
4378,딜리커피,임맛잘봄,완전 우리 동네에 있을 때부터 갔던... 지금은 약간 멀리 옮겨갔지만~~ 요즘엔 커피들이나 마카롱이 정말 다양하고 많아서~~ 뭔가 특징을 찾아 칭찬하기 어려운...카페 내부는 카페라기보다 올드한 식당 느낌이라 아쉬워요. 커피도 그럭저럭 개인적으로 밀크티가 더 나은듯,괜찮다
4379,딜리커피,lagom,"그저그런 꼬끄, 다소 느끼한 크림. 마카롱은 정말 돈 아까운 수준이었구요. 돈 받고 파시기엔 좀 더 개선할 점이 많이 보였습니다. 프레첼머랭쿠키는 파는 프레첼쿠키에 머랭쳐서 올리신 거에 시럽 코팅하신 거같던데 먹는 내내 이거 원가는 얼마나 될까 생각이 줄곧 났네요. 음료는 무난했어요. 콜드브루, 아메리카노 등 마셔봤는데 특이점은 없었지만 뭐 특별하지도 않았네요. 이 주변에서 멍때리기에는 괜찮아요.",괜찮다
4380,딜리커피,LeeSunju,마카롱에 눈을 뜨게 해준 집,맛있다
4381,브라운팰리스커피,로한,동네카페테이블이 크고 자리도 편해 앉아있기 좋음무엇보다 불빛이 어둡지 않아 쉬는 날 책보기 좋음동네카페라 복작이지 않고 어수선하지 않아 좋음노트북 들고와 일보거나 책보는 사람들이 좀 있음커피맛보단쉬는 날 책 한 권 들고와설렁설렁(?) 책보며 쉬기 좋음,괜찮다
4382,브라운팰리스커피,로한,#. 동네 카페커피맛은 평범. 동네카페 정도.번화가가 아닌 동네 안쪽에 있다보니번잡스럽지 않음.책 한권 들고가 멍 때리기 좋은 곳,괜찮다
4383,브라운팰리스커피,로한,#. 여긴 동네사람들 사랑방인듯...계속 야근이었는데 모처럼 업무가 일찍(?) 끝남책이랑 다이어리 들고 앉아서 차 마시며 쉬러 옴.(일은 이제 빠빠이~)여긴 올때마다 느끼지만 동네분들 사랑방인듯.동네 카펜데 사람이 많고 자리도 거의 다 만석.오랜만에 왔는데 친절한 직원언니 다행히 근무하고 계심얼마전까지 몸이 바삭거리며 바스라질 것 같았는데 주말에 잘 먹어서 그런지 다시 살아남가끔 쉬고 싶을때 오기 좋은 곳.,괜찮다
4384,프롬하츠커피앤베이커리,즌짱,멘토링 하던 멘티님과 쭈꾸미 먹고 근처 카페 찾다가 이디야 보다 공간이 넓어 보여서 갔던 프롬하츠 용두점. 진한 녹차라떼가 맛있었고 조용해서 공부하기도 좋아보였다. 공간도 넓고 천장도 높고 인테리어도 깔끔해서 좋았던 곳.,괜찮다
4385,프롬하츠커피앤베이커리,식객,여긴 커피보다 자몽에이드를 적극 추천!! 생자몽이 들어가서 제대로된 자몽에이드를 맛볼 수 있다. 그리고 탄산이 없다는게 특징이다.,맛있다
4386,시그널커피로스터스,snoopy,"월요일 아침 롱블랙으로 시작합니다. 롱블랙, 플랫화이트 있으면 직접 로스팅을 한다는 의미라 이 메뉴들이 보이면 항상 이 것부터 마시게 됩니다. ...(화장실 트라우마 때문에 오는게 살짝 두려웠는데, 10시 가까운 시간이라 근처 홈플러스가 곧 열겠지 하면서 왔어요)",맛있다
4387,시그널커피로스터스,snoopy,"로스터리 카페. 롱 블랙 먹었는데, 커피 맛이 아주 좋았어요. 화장실만 조금 더 나았으면 좋았을텐데 공중화장실과 차이가 없었어요 >.<",맛있다
4388,오리,이리저리,예전부터 가고싶어서 찜해놨었는데 드디어 방문!래게를 컨셉으로 한 칵테일바인데 노래도 너무 좋고 가게의 전체적인 분위기가 좋았어요.그리고 저희가 많이 칵테일을 마시긴했지만 서비스도 많이 넣어주셔서 너무너무 좋았습니다ㅎㅎㅎㅎ돈을 써도 기분이 좋았어요!! 다음번에 또 방문할게요,맛있다
4389,오리,먹짱,분위기 컨셉 모두 좋고 친절한 사장님! 다른 메뉴도 먹어봤지만 특히 이곳 B-52를 좋아한다 저렴하게 맛 좋은 술 먹고싶을 때 자주 방문하는곳맥주도 판매하니 여러 주종이 먹고싶은 단체도 괜찮을듯ㅎㅎ,맛있다
4390,오리,wow_food,경희대 근처 이국적인 분위기 속 칵테일 한 잔 하기 좋은 곳.전체적으로 레게스타일 + 동남아 휴양지 느낌으로 꾸며져 있어서 여행가고 싶거나 새로운 감성이 필요할때 종종 방문하는곳이다. 가게 내부 좌석도 여유로운편이라 단체석도 문제없을듯하다. 진짜 맛있는 칵테일을 먹고싶다 하는 사람들에게는 비추하지만 전체적으로 무난한 맛과 비주얼이다.이런 분위기에 이런 가격은 학교 앞이기에 가능할듯 싶을정도로 저렴한 편이다. 안주도 가격대비 맛과 양 모두 만족스럽다. 특히 버터갈릭 감자튀김 강추한다.,맛있다
4391,나그네파전,승수 Kim,별로. 파전이 과하게 기름지고 내용물은 부실하네요.,별로
4392,나그네파전,쥴리,두툼한 파전!! 좋네요 알밤막걸리도 맛있지만 엄청 빨리 취하는듯. 조심.,괜찮다
4393,아쿠아,빈빈,매낀츠이즈,괜찮다
4394,아쿠아,BECKHAM,개인적으로 참 좋아하는 맥줏집입니다.학교 다닐 때도 즐겨 찾았고 요즘에도 가끔 갑니다.생맥주가 정말 훌륭합니다. 목넘김이 예술이구요.치즈퐁닭이랑 맥앤치즈와 나쵸가 대표적인 안주구요.,맛있다
4395,소주향포차,기미상궁,"""이 집을 아는 자가 진정 회기를 아는 자다""소인이 가끔가다 회기에서 술 한잔할 일이 생기면 꼭 들르는 '주향 포차'이옵니다. 소인은 깔끔한 인테리어보다는 세월이 뚝뚝 묻어나는 집이나 정겨운 느낌이 나는 집을 좋아하온데.. 레트로, 빈티지를 억지로 연출하는 집들치고 맘에 드는 집이 없더이다.소인도 처음엔 경희대 친구를 통해서 알게 된 집이온데. 다소 시끄럽긴 하지만 가격도 저렴하고 주향포차만의 분위기가 싫지만은 않더이다.가장 비싼 안주가 10000원 일정도로 아주 저렴한 집이옵니다. 가격도 저렴하고 메뉴도 많은데 비해 맛도 괜찮은 편이옵니다.기본으로 강냉이와 수프를 내어주시온데 이제부터 술이나 주문, 물 .. 모든 게 셀프인 집이옵니다. 냉장고에서 술 꺼내고 잔 챙기고 정수기에서 물통에 물 담고 컵 챙기고.. ""왜 이런 걸 직접 해야 해?""라는 생각이  드시는 분은 오시면 안 되는 집이옵니다. 이런 재미로 오는 집이니까요.꼼장어 7000 - 꼬독꼬독한 식감이 매력적인 꼼장어 이옵니다.. 소인은 안주로 꼼장어를 좋아하여.. 양도 많고 비린 냄새도 없고 투박하게 나오는 게 매력적인 꼼장어이옵니다.어묵탕 4000 - 길거리 포차에서 파는 넓적한 어묵이 아닌 뚜꺼운 어묵으로 가격은 4000원이니 어찌 놀라지 않을 수 있겠사옵니까..잔치국수 3000 - 술 먹는 와중에 일행이 시킨 잔치국수.. 뜨끈하고 시원한 것이 참으로 적절한 안주이옵니다.라면 3000 사실.. 이날의 하이라이트는 라면이옵니다. 근 몇 년간 먹은 라면 중에 가장 맛있는 라면이었사옵니다.사실 잔치국수랑 같이 하나씩만 주문하였는데 너무 맛있는 바람에 추가로 두 개를 시킨.. 주문할 때 이모님이 보통과 맵게를 물어보시는데.. 무조건 맵게 드시는 걸 추천드리옵니다. ​",맛있다
4396,올드크래프트하우스,Ansohwee,괜찮다와 별로 사이지만 외대앞에 은근 수제맥주집이 많진 않아서 괜찮다.. 만만하게 갈 수 있는곳이지만 오래있으면 약간은 눈치를 주셔서 완전히 또 편한 분위기는 아니에요,괜찮다
4397,올드크래프트하우스,AlexTheFood,어째서 등록이 안 되어있지...? 그래서 내가 등록했다!외대 근처에서는 제일 괜찮은 맥주집!분위기도 좋고 가격도 합리적이다.돈이 없으면 크림생맥주(3000원)를 마시면 된다- 다른 봉구비어 같은 곳을 가도 같은 가격이지만 여기가 훠어어어얼씬 맛있다!여자 남자 둘이 갔으면 4개 맥주가 나오는 샘플러(11000원) 추천! 같이 맛보면서 얘기하면 좋을 듯 하다. 안주는 감자튀김들 밖에 안 먹어봤는데 그냥 그렇다 하지만 가격도 합리적이고 맥주와 분위기가 좋으므로 감수할 만하다 추천!,괜찮다
4398,아쿠아,즌짱,봄에 다녀왔는데... 이제야 올리는 리뷰.... 소박하게 맥주 마시기 좋은 곳- 블루문 생맥주를 보고 신나서 달려갔지만 다 떨어졌다는 말에 아쉬움이 남은 곳. ㅠ ㅠ,괜찮다
4399,아쿠아,AlexTheFood,"170522.맛 ★★★☆ 분위기 ★★★★ 가성비 ★★★★☆ 재방문 의사 있음 주문한 메뉴 (2명 방문) 바스낵 - 9000원 클라우드 생맥 500cc 2잔 - 2500*2 = 5000원 총 14000원외대 앞에서 이미 저온저장 생맥주로 유명한AQUA(아쿠아)가 경희대 앞에도 있었다니...외대점은 가봤지만 경희대점도 있는 줄은전혀 모르고 있다가 친구가 데려가줘서처음 방문해보았다.외관과 내부 인테리어 전부외대 앞의 아쿠아와 그냥 똑같다...ㅋㅋㅋㅋ전에 외대점에서 안주도 맥주도너무 맛있게 먹었던 기억이 있었지만,이 날은 우리 둘 다 저녁을 먹기 전잠깐 들린 것이었으므로제일 싼 바스낵과 클라우드 2잔을 주문했다.그리고 바로 나온 바스낵은...가성비 최강의 메뉴였다...여태까지 바스낵 안 시키고 뭐했니...진심 양도 정말 많아서나중에 남자 4명이서 와도 이거 하나 시켜놓고 맥주 마셔도 될 것 같다.짠 안주부터 단 안주가 같이 있어서단짠의 조합이 너무 좋아끝없이 먹는데도 끝이 안 보이는 양.특히 식판에 주신 거 외에따로 봉지 젤리나 초콜릿, 과자를 주신 점이진심 센스 만점이셨다.결국 남자 두 명이서 반도 못 먹고나머지 싸달라고 부탁해서집에 가져왔는데 가성비 짱이다 정말.맥주도 안주도맛도 가성비도 갑!사실 이 곳의 제대로 된 안주는못 먹어보고 외대점에서만 먹어봤지만,사실 바스낵부터 퀄리티가 이 정도에맥주 가격이 2500원이면가성비는 이미 말 다 한 것 같다.다음에 또 다시 방문하게 된다면다른 종류의 생맥주와 함께좀 더 제대로 된 안주를 시켜보려 한다.대학가 술집 중에서는나름 2층까지 있는 분위기 좋은(?)술집이니 추천한다.물론 이미 경희대생들 대부분은다 알고있는 술집이겠지만바스낵의 존재는 잘 몰랐을 것이다.대학생들이 와서 가성비 좋게하루 종일 낮술 할 수 있는 바스낵!경희대생이라면 점심에 가서바스낵 하나 시켜놓고 맥주 계속 마시면서저녁 때까지 한 번 있어보도록 하자.대학의 낭만은 낮술이 아니겠는가.나름 좋은 추억이 될 수 있을 것이다.(물론 책임은 본인이 지도록 하자.)",괜찮다
4400,기린포차,띵시,"가성비 ⚫️⚫️⚫️⚫️⚪️맛 ⚫️⚫️⚫️⚪️⚪️분위기 ⚫️⚫️⚪️⚪️⚪️재방문의사 65많은 외대인들의 마음의 고향 기포. 맨정신으로 가면 그냥 그런 곳인데 술 좀 들어간 후 2차(또는 3차...또는 4차...)로 가면 어찌 그리 맛있는지. 새벽 늦게까지 하는 곳이라 이문동 술꾼 자취인들, 막차 놓친 통학러들, 통금시간 놓쳐 밤을 새워야 하는 기숙사생들로 인산인해를 이루는 술집.가장 인기 있는 조합은 닭똥집 튀김과 치킨크림떡볶이. 근위와 튀긴 상추를 떡볶이에 찍어 먹으면 헵쁜... 비주얼에서 알 수 있듯이 고급 식당은 아니지만 소주 홀홀 마시며 스낵처럼 즐기기 좋은 안주들을 저렴한 가격에 다양하게 시킬 수 있음.1차로 오는 술집은 아니라, 취하면 인간이 얼마나 추해질 수 있는지 볼 수 있는 곳임. 시끄럽고 너저분... 그래두 이런 게 대학가의 매력 아니겠어요~ 나중에 동기들이랑 외대에서 모이게 되면 2차로 들르고픈 곳!",괜찮다
4401,기린포차,E.T Jun ,안주가격 8000원으로 괜찮습니다. 불타는 소세지 먹었는데 직화한 큼직한 소세지에 중독성있는매콤한 소스가 범벅되어나옵니다. 들어보니 다른 안주도 괜찮은것 같습니다. 칭따오 맥주를 파는것도 특이한점. 벽에 낙서를 읽는 재미도 있습니다.,괜찮다
4402,기린포차,AlexTheFood,"여기도 등록이 안 되어있으니 내가 등록!외대 앞에서 모든 안주메뉴가 8000원인 기린포차!첫번째는 핫치킨떡볶이, 두번째는 감자튀김과치즈스틱!개인적으로 핫치킨떡볶이는 매웠고 '치킨'이 아닌 '닭고기' 조금 있어서 아쉬웠지만 떡볶이 자체가 맛있어서 좋았고, 감자튀김이랑 치즈스틱은 그냥 무난무난하다- 2차나 3차로 밥 먹은 후에 가서 안주 하나 시켜서 술 마시는 곳으로 괜찮은 곳!기본 안주로는 머스타드와 마요네즈를 뿌린 샐러드가 조금 나온다!",괜찮다
4403,로코모,이리저리,피치 크러쉬모히토깔루아 밀크하나가 기억이 안나요...가격대도 저렴하고 맛도 있고 좋았어요! 오늘은 가서 칵테일들만 마셨는데 다음번엔 음식들도 먹을예정가게 안에 분위기도 피규어들로 잔뜩 꾸며져있어서 아기자기한 느낌이고 이뻐요,맛있다
4404,로코모,ere,칵테일 메뉴 대박 다양하고 가격도 저렴하고 분위기도 아기자기 안주도 괜찮았던 로코모ㅠㅠ 금요일저녁엔 꽉 찰정도로 인기가 많지만 더 인기가 많아져야할 곳임칵테일은 대부분 5천원~6천5백원 사이고 메뉴에 이름과 대충 무슨 맛이 나는지 설명 잘 되어있어서 칵테일 초보자도 쉽게갈수있어용 주인아저씨가 혼자 오픈마감에 혼자 제조하시느라 오픈시간이 들쑥날쑥할때가 있지만 평일 7시 이후에는 항상 열려있는듯??여기 피규어와 사진구경하다보면 시간 훌쩍간다 테이블도 아기자기 완전 마음에드는곳,맛있다
4405,이모네포장마차,hedonist,"일본에 심야식당이 있다면한국에 이 포장마차가 있다!!!!실수로 들어갔다 5일 연속으로 다녀온 곳!이모가 요리를 잘해. 굿. 메뉴판에 있는건 참고하고, 오늘 뭐가 좋냐고 물어봐. 굿. 중년들 위주로 오는데, 시비도 안걸어. 굿. 이모랑 아저씨랑 아줌마랑 고스톱치고, 귤도 주고, 말도안되는 안주 나오고, 술도 심지어 3-4천원. 굿.",맛있다
4406,레오펍,귀차니즘,피자가 자극적이지만싸고넘 맛있어영 강추,맛있다
4407,레오펍,골목여행,"저렴한 가격에 괜찮은 피자를 먹을 수 있는 곳.나는 고기보다는 탄수화물, 치킨보다는 피자를 선호한다. 하지만 피자는 그 가격과 양 때문에 항상 먹기를 망설이게 된다. 피자스쿨같이 저렴한 피자라도 혼자 먹기엔 양이  많고, 같이 먹자니 피자파가 별로 없다.맛이 엄청 뛰어난 건 아니지만, 편의점 피자와 비슷한 가격인걸 감안하면 가격대비 매우 훌륭하다. 가격을 빼고 생각해도 꽤 맛있는 편이다(피자파임을 감안 부탁). 한조각 반 정도면 식사로도 충분하고, 맥주와 함께라면 느끼함도 극복할 수 있다.저렴하기 때문에 자주 방문할 수 있는 것도 장점. 벌써 2번이나 다녀왔다조각피자 3천원대, 생맥주 500 3천원",맛있다
4408,공원분식포차,그러나,"완벽한 맛에 믿을수없눈 가격 일등메뉴 소불고기전(10,000원) 처음 먹고 너무 맛있어서 다음날 또먹었어요.. 소불고기전 외에 안주들도 가격대비 굳 앞에 주차공간도 있음",맛있다
4409,발칙한맥주,즌짱,"동네 작은 맥주집이에요. 편맥하기 추워진 계절에 가볍게 맥주 한 잔 하기 좋은 곳. 물론 소주도 있고 보드카도 있고 잭콕도 있고 한데, 맥주 아니면 소맥밖에 먹어보지 못했어요 ㅎㅁㅎ,, 치즈스틱 맛은 있는데 양이 너무 작고, 국물 떡볶이는 갱장히 맛있었어요. 안주 없이 맥주만 시켜도 돼요! 겨울 되면 더 자주 갈 것 같은 곳,,,!",괜찮다
4410,플렉스빌,YNZ,회기에 있는 예쁜 분위기의 술집. 칵테일과 와인을 취급한다. 가볍게 먹으러 간거라 칵테일을 시켰는데 매우 시고 달고 저렴한 맛 ㅎㅎ.. 완제품인 와인을 시키는 것이 더 만족도가 높을 것 같다. 칵테일만 따지면 별로에 가깝지만 그래도 내가 대학생이었다면 썸타는 사람이나 친구들이랑 분위기 내러 한번쯤 올 것 같다는 생각이. 칵테일은 7~8천원 선 와인은 보틀당 3~6만원 선으로 이름처럼 대학생이 플렉스하기 적절한 금액이다.,괜찮다
4411,메이퀸,연희동/연남동주민포로리,외대스러운 가격에 이용할 수 있는 바. 들어가면 약간 올드한 느낌나긴 하지만 나쁘지 않다. 근처에선 가장 합리적인 가격에 좋은 분위기를 자랑하는 집인듯,괜찮다
4412,메이퀸,*,내부인테리어나 뭐 시설은 올드하지만 음악도 신나고 칵테일 가격도 저렴해서 외대근처에서 칵테일 먹고싶으면 가기 좋을듯하네요 !,괜찮다
4413,봉쥬비어,동티모르,"최악. 자리 텅텅 비었는데도 꼭 지정해주는데 앉으라고 하고, 추가해서 남자 알바놈이 매우 건방떤다. 무료 무제한이라도 안 간다",별로
4414,취향저격,*,싸고맛있음 조금 시끄럽지만 널찍한 술집이라 조음,괜찮다
4415,백수씨심야식당,YNZ,경희대 친구가 가장 좋아하는 술집이라며 매우 추천해줬던 곳. 레트로 컨셉의 실내포차라 자리가 막 편하지는 않지만 그래도 꽤 아늑한 느낌이 든다. 생연어회가 아주 보드랍고 맛있었다. 대부분의 테이블에서 해산물 메뉴를 주문하는 것을 보니 확실히 해물 맛집인듯. 배를 채우려고 주문한 차돌 야끼소바는 양이 많았다. 맛도 꽤 괜찮았는데 좀 짭조름해서 맥주 땡기는 맛이었음. 둘 중에서 추천한다면 단연 연어회!,괜찮다
4416,백수씨심야식당,준영,배가 부르지만 2차는 가야겠어서 방문한 해물집! 먹으려던 무엄가는 솔드아웃이래서 오징어순대를 주문했어요. 몇년만에 먹는 오순인데 순대소도 맛있고 오징어도 부드러워서 좋았어요ㅎㅎ 가게는 좀 안깨끗한 편이지만 귀여운 골댕이가 있어서 또 좋더라구요ㅎㅎㅎ,맛있다
4417,백수씨심야식당,집슈니,가지마세요 나만알고싶으니까용..ㅎㅎ직원들 친절+메뉴전부맛있음+사장님핵친절코로나 힘들겟지만 제발 버텨쥬세요 코로나끝나면 갈게유 ㅠ,맛있다
4418,백수씨심야식당,내가 먹고 맛있는 게 맛있는 거지,대학교 근처라 사람이 많이 오기는 하지만 안주 맛이 괜찮은 거같다. 사람없을 때 가서 그런건지 모르겠지만 직원이 재료가 오늘 들어와 더 맛있는 요리를 추천해주는 것도 괜찮았다. 가격이 다른 술집보다 약간 더 있지만 이상한 거 2개 먹을 바에 정상적인 거 1개 먹는 게 나을 거 같다꼴뚜기숙회여태 꼴뚜기는 손가락만한 애들인데 오징어 같은 애와 와서 놀랬고 부드러움에 더 놀랬다. 그래서 시간이 지나고 식어도 여전히 부드러웠고 깻잎에 저기 나오는 야채를 모두 넣고 황태식해와 꼴뚜기쌈은 정말 잘어울리면서 맛있었다.술집에서 안주를 잘 안먹는데 야채까지 거의다 먹었다.,맛있다
4419,백수씨심야식당,조냠냠,거 취하기 딱 좋은 안주네...갈땐 가더라도... 참문어숙회 한 접시 추가는 괜찮잖아... 에구... 백수 형아야가 안주 잘하는지는 몰랐서요...간장새우밥에... 홍게라면... 참문어숙회...안주 꽤 잘하는 백수씨심야식당을 자신있게 소개합니다...때가 무려 설이어가주구... 막상 술 마시려 나가니...아시죠... 민족대명절에 술 마시기 어려운거...하지만 백수씨 형아야는 항상 열려있서요...간단하게 요기할 간장새우밥 주문에...국물 안주할만한 홍게라면 주문이요...홍게가 너무 사우나하는 것처럼 들어가 있는데...아오... 완벽한 자세...간장새우밥은 너무 짜지 않게 간 잘 밴 간장새우에...버터 살짝 비벼낸 밥 한술 떠먹으니 완벽하것든...사실 이 자체로도 쐬주 뚝딱 가능인데...국물 없으면 섭섭하니 홍게 맛 옅게나마 스며든 라면도 추가요...홍게라면이라 그래서 특별한거 기대는 마세요...홍게맛이 살짝 배는것 뿐인거 아시죠...게는 제철에 쪄서 먹는게 제일 맛있것든...술자리 멤버가 늘어가주구... 참문어숙회도 추가요...쫀득쫀득... 너무 질기지 않게 잘 삶아낸 문어숙회요...술집에서 이렇게 잘 삶아내기 쉽지 않은데...다음 대명절에 술 마실 일 있으면... 다시 한번 이루어내겠습니다...에구... 세줄 요약...1. 공휴일에 늦게까지 하는 백수씨심야식당이요...2. 실제로 사장님이 백수인지는... 에구... 일하면 백수 아니것든...3. 안주가 전반적으로 괜찮으니 얼큰해지기 딱 좋죠...<리뷰 원정대... 아직 34발 남았다...>,괜찮다
4420,백수씨심야식당,qwert,떡볶이 덕후님들 여깁니다!!!!존맛이에요!!!!!다른메뉴도 다 맛있는데 제 기준 탑3는1. 떡볶이 2. 생연어 3. 백수씨라면 입니다,맛있다
4421,백수씨심야식당,minbbb,말이 필요음씀 그 계절 추천 메뉴 먹으면 노실패,맛있다
4422,백수씨심야식당,guilietta,"재료가 신선하고 맛있음, 특히 홍게라면 맛있음",맛있다
4423,백수씨심야식당,즌짱,"라면 메뉴 두 개를 먹어 봄. 백수씨 얼큰라면(15000원)과 홍게라면(18000원) 큰 차이 없을 줄 알았는데 차이가 크다*_*... 물론 둘 다 맛있고 비쥬얼 쩌는데, 개인적으로는 통오징어 들어간 백수씨 얼큰라면이 더 좋았다- 아 물론 홍게 하나 통째로 들어간 홍게 라면이 맛 없을 일은 없었음 ㅎㅅㅎ 둘 다 술 부르는 맛 ㅎ,,",맛있다
4424,백수씨심야식당,망둥,"여러분,,,여기는 육전 맛집입니다육전을 꼭 시켜서 드셔보세요육전을 처음 접하시는분도 여기에서 육전을 접해도 좋을만큼 육전 맛집입니다가게에 강아지와 고양이가 있으니 음식에 털이 들어갈까봐 조금 찝찝하신 분이나 아니면 무서워하시는분은 참고하시면 좋을 것 같습니다여기는 정말 육전 맛집입니다육전을 꼭 시켜보세요",맛있다
4425,백수씨심야식당,qwert,술마시러가서 안주만 잔뜩 먹고온 곳너무 맛있어서 5명이서 안주 4개 시킴홍게라면보다는 백수씨라면이 훨 불맛나고 맛있다❤️ 돈을 벌어서 언능 또 가야겠다,맛있다
4426,백수씨심야식당,JIWONHELEN,"증말 매우 아주 좋아하는 곳입니다!! 술집이지만 새벽에 출출하길래 친구랑 육전만 시켜서 초고속으로 흡입하고 나왔던 추억이있는곳ㅋㅋㅋㅋㅋㅋㅌ큐ㅜ 통오징어떡볶이? 랑 연어회도 먹었는데 맛없는게 하나도 없었습니다ㅏ~~ 분위기도 좋구 사장님도 진짜 친절하세요ヾ๑╹◡╹ﾉ"" 담엔 홍새우회 먹으러가려고 벼르고있답니당",맛있다
4427,백수씨심야식당,* Y _,다들 먹엇다던 라면은 라면을 별로 안 좋아해서 그냥 그랬다.. 게 들어갔지만 게를 먹을 순 없으니까(힘듬) 육전 맛있음!!! 다음에가면 회먹어봐야지 이쁘고 친구들이랑 가기좋은 술집,괜찮다
4428,백수씨심야식당,여진,맛있어요.바지락튀김 빼고는육전도 냄새부터 맛있고라면과 멍게는 비주얼부터 맛있고오꼬노미는 살짝 짜고 느끼하지만 괜찮고야끼소바는 제스타일이에요ㅎㅎㅎㅎ갈때마다 새우가 없어서 아쉽지만동네에서 몇 안되는 괜찮은 술집입니다.,맛있다
4429,백수씨심야식당,홍초,왜 경희대생들이 좋아하는지 알 것 같아요! 안주가 비싼 느낌이 없지않아 있지만 그정도 값어치를 충분히 해요!보통 술집에서 나오는 연어가 맛있어봤자겠지 했는데 상상 이상이라 놀랐어요! 얼큰라면도 불맛이 확나는게 비싼값 한다 싶었습니닿ㅎㅎ매장 분위기도 너무 좋고 술이 쭉쭉 들어갈듯 싶습니다! 는 술을 못마시는 홀릭의 처음이자 마지막 술집 리뷰였습니다 :),맛있다
4430,백수씨심야식당,9호선 급행,"매우 만족스러웠던 해산물 전문 술집. 간장새우와 계란밥, 홍게라면이 아주 맛있었고, 복고풍인 듯 허름한 듯한 인테리어, 음악, 전반적인 분위기까지 매우 만족스러웠네요. 바다와 한참 떨어져 있는 곳임에도 바닷가 술집의 분위기를 느낄 수 있는 독특한 곳이었습니다. 재방문 의사 확실.",맛있다
4431,백수씨심야식당,노가리구운김,물회랑 한라산 먹으러 가는 곳인데듣기싫은 노래가 안나오는게 최고 장점,맛있다
4432,백수씨심야식당,Jㅐ,"경희대 앞에 위치한 ""백수씨심야식당"". 회기에 이렇게 좋은 곳이 있었다니!! 맛있는 음식이 있는 곳이 맛집이라면 여기가 바로 그 맛집이네요ㅠㅠ 홀릭 개더링때 추천받아서 가야지가야지 하다가 다녀왔는데 대박. 해산물이 주 메뉴다보니 대학가 치고는 살짝 가격대가 있는 편.'홍새우회'. 단새우, 꽃새우, 독도꽃새우, 아마에비 등의 이름으로 불리는 홍새우!! 맛없을 수 없는 식재료여서 자세히 얘기할 게 없어요ㅠㅠ 달콤 쫄깃한 홍새우회를 내가 대학가에서 먹게 될 줄이야.. 생와사에 간장 살짝 찍어서 새우회 위에 얹어 먹으면 이게 행복이구나 싶어요!! 머리도 튀셔주시는데 요거도 별미!! 바삭~하면서도 꼬소해서 헐 대박 이러면서 막 먹게돼요ㅋㅋ '바지락 튀김'도 짱맛!! 입에서 바사삭사르르하는데 bb. 노래도 7080 노래 흘러나오고 분위기도 뭔가 좋음!! 추천이에요 : D",맛있다
4433,백수씨심야식당,ㄱㄱㄱ,회기쪽에서 제일좋아하는 술집. 형제 사장님 두분이 직접 고르신 산지 직송된 해산물을 맛깔나게 요리해주시고 80~90년대 추억의 분위기를 느낄 수 있다. 사장님과 친해지면 서비스는 덤! 강아지 두부가 함께살고 있다. 최근에 해산물 메뉴가 추가되어서 매우 행복! 자연산 홍합인 섭 찜이 아주 맛있어서 추천한다.,맛있다
4434,치맥파이브,혀니,"회기에 위치한 치킨집입니다. 학생때 왜 더 자주오지 않았나 싶을 정도로 맛있었어요 ㅠㅠ 분위기도 생각보다 좋습니다.치킨 종류도 매콤한 쉬림프 텐더, 꿀 간장파마고치킨,땡초꿀간장치킨 등 이색적인 메뉴들이 가득합니다. 여러가지 먹어봤지만 다들 무난하게 맛있었어요. 치킨도 맛있었지만 내부 분위기도 준수합니다. 치킨 이외에도 맛있는 메뉴들이 많으니 방문하셔서 술 한잔 드셔도 좋을 것 같아요. 대부분 맛있었던 기억이 있어서 뭘 시켜도 후회는 없으실 것 같습니다.",맛있다
4435,치맥파이브,Lydia,골목길에 숨은 찐맛집 #치맥파이브불금이라 자리 거의 없었다....역시 인기있는 가게야​기본 후라이드주문샐러드 같이 줘서 좋앙감튀는 2천원 주고 추가한거!​안 질리는 염지에 바삭함 제대로 !닭도 부드럽고 잡내도 없다.​바쁜데도 엄청 친절하셨다~이야기하며 치맥하기 좋은 치맥파이브!구석진 골목에 있어도 잘 되는 곳은 이유가 있다.단순하면서도 계속 유지하는 것이 쉽지 않은 일임을 알기에...자꾸 찾게 되는 듯,맛있다
4436,치맥파이브,박범진,알바 끝나고 알바생들이랑 회식 자주 했던 곳!가격도 무난하고 맛도 있고 양도 많아서 만족!추억이 담겨있는 곳!분위기도 좋다!언능 코로나 끝나고 치맥하러 가고프다,맛있다
4437,치맥파이브,즌짱,"또 리뷰를 남깁니다... 치킨은 정말 맛있는데, 한 마리치고 양이 좀 적어요. 한 번도 깊게 생각해본 적이 없는데 이번에 같이 간 분들이 이야기 하셔서 생각해보니- 양이 좀 적은 편이긴 해요. 저는 늘 순살만 먹는데, 양이 많은 편은 아니고.. 감튀랑 이것 저것 같이 나와서 적당하긴 하네..? 정도..! 그리고 좀 늦게 나오는 편이고요, 리얼망고소주는 소주를 아주 약간 첨가한 망고 슬러시였습니다 ^_^... 여기는 큰 크림 생맥이 제일 나은 것 같아요 ㅎ ㅎ ㅎ ㅎ ㅎ이번에 먹은 치킨은 간장 파마고, 매콤한 쉬림프 치킨인데 둘 다 무난했고, 매콤한 쉬림프 치킨도 맵지 않고 약간 둘 다 비슷한 느낌..? 여기 진짜 까르보나라 치킨이 최고였는데 없어져서 많이 아쉬워요 ㅠㅠ 까르보나라 없어지고는 괜찮다 가 적당한 듯 합니다 ㅠ",괜찮다
4438,치맥파이브,즌짱,"제가 무척 좋아하는 치킨집이에요 :-) 밖에서 치맥할 일 있으면 무조건 여기!!다양한 스타일의 치킨을 먹을 수 있는데, 메뉴가 조금 바뀌었는지 제 최애 치킨은 없어졌어요 ㅠㅠ 아쉬운 대로 할라피뇨 치즈 치킨을 시켜서 먹었는데 이것도 맛있어요!전에 방문 했을 때 피자 먹은 적도 있어서 추가해요. 페퍼로니 피자 시켰는데 좀 얇지만 양은 넉넉했어요. 치맥 뿐만 아니라 피맥도 된다는 점! 짭짤해서 맥주 안주로 딱이에요.그리고 최근에는 스낵코너도 생겼어요! 부담없이 맥주 한 잔 하고 싶을 때, 과자를 하나 사서 안주 대신 할 수 있어요. 수제 맥주 종류도 많습니당! 아, 병맥주는 가격은 다른 곳과 같지만.... 병의 크기는 작습니다...^_^.... 생맥 드세요..",맛있다
4439,치맥파이브,신명조,여기는어딘가요?찾아봤는데 없어진거같아요,맛있다
4440,치맥파이브,맛집사냥,장소가 바뀌기 전 분위기도 괜찮았지만 바뀐 곳은 분위기가 한층 더 좋아졌어요. 분위기로는 회기동에서 이 치킨 집을 이길 치킨집이 없다고 인정합니다!^^플레이팅도 괜찮구요. 그런데 치킨 자체의 맛으로 보자면 그냥 괜찮은 정도. 다시 치킨집을 찾을때 굳이 여기를 찾진 않을 정도. 이번에도 다른 음식점을 가려다 웨이팅이 길어서 차선으로 선택한 거였어요. 회기동에선 치킨으로는 크치치킨에 한표 드립니다.,괜찮다
4441,치맥파이브,즌짱,"화이트 크림 스파게티 치킨. 닭다리살 치킨에 크림 파스타, 모닝빵이 함께 나옵니다. 맛있어요 ㅠㅠ 특히 모닝빵 소스에 찍어 먹는 거 너무 맛있어요 ㅠㅠ 느끼한 치킨 땡길 때 추천합니다ㅠ 치맥파이브 분위기도 맛도 진짜 최고임",맛있다
4442,치맥파이브,즌짱,"세 개 시켜먹었는데 실패한 메뉴 없음!! 치즈 할라피뇨, 갈릭 후레이크, 땡초 간장 먹었음. 인테리어가 예뻐서 치킨집 아닌 거 같은 분위기... 예약은 안 받는다고. 단체석은 없지만 테이블 붙여서 수용 가능!",맛있다
4443,치맥파이브,AlexTheFood,"180402.[망고플레이트 평점 3.8/5.0] [구글맵 평점 4.3/5.0]맛 ★★★★☆(경희대/외대 근처 치맥은 여기가 원탑이다 정말)분위기 ★★★★(BGM부터 힙하고 안쪽으로 들어가는 순간 이태원)가성비 ★★★(비싸보이지만 그만큼 양도 많고 맛있어서 납득)메뉴 / 가격 (2명 기준)화이트크림스파게티치킨+수제맥주샘플러+국민IPA+제주위트에일/ 19900 +13900 +7500 +7500 = 48800학교 다닐 때 바로 옆외대 다니는 고등학교 친구들과 함께분위기 좋은 치킨집이 생겼다고 방문했던 그 곳.이번에 리뷰할 곳은 오랜만에친구와 경희대 벚꽃구경도 할 겸 재방문 한'CHIMAC'5(치맥파이브)'다.개인적으로 경희대-회기 근처 술집들 중내 최애였는데 아직도 안 유명해진 게신기할 정도로 괜찮은 치맥집.위치가 조금 애매하긴 한데,회기역에서 경희대 쪽으로 쭉 걷다회기 어린이집 바로 다음 골목에서 올라가면,길이 쫙 갈라지는 곳 중앙에 위치해 있다.겉으로 보기에는 비닐 하우스 같지만들어가보면 치킨집이고,그 안에서 더 안쪽으로 들어가면어둑어둑+촛불에 힙한 BGM(로꼬/식케이/빈지노)-어지간한 이태원 펍 분위기 뺨 때리는 곳.이 날 우리가 처음 주문한 메뉴는신메뉴인 화이트 크림 스파게티 치킨과수제 맥주 샘플러.안쪽이 분위기가 정말 좋지만(여자랑 갈 때 참고)남자 둘이기도 하고 음식사진은 역시 자연광이므로햇빛 잘 드는 바깥 쪽에 자리 잡았다.일단 내가 이 곳을 경희대 최애로 꼽는 이유는아까 말한 힙한 분위기도 한 몫 하지만,기본 안주로 시즈닝 된 나쵸가 제공되기 때문.초딩입맛인 내가 여태 접해 본 기본안주 중제일 마음에 드는 기본안주인 시즈닝 나쵸를촵촵 먹다 보면 주문한 치킨이 나오는데,이름부터 긴 화이트 크림 스파게티 치킨.일단 생각보다 양이 꽤 많다.진짜 크림파스타 1인분+치킨 1인분 느낌.기본 베이컨크림파스타와 부드러운 바게뜨 빵,그리고 치킨이 올라가 있는데,다 무난한 와중 치킨이 압도적으로 맛있다.닭다리살로만 조리한 순살치킨이라살 자체가 부드러운 것은 당연한 건데,튀김옷 자체를 너무 잘해놨다.약간 밍밍한 느낌의 크림파스타인데튀김옷이 크리스피하면서도 매콤해서내가 여태 먹어 본 치킨 중 제일 맛있었음 진심.치킨 밑에 모짜렐라 치즈와 함께 크림소스가 있는데도전혀 눅눅하지 않고 바삭함을 유지해서 치킨만 봤을 때,같이 간 정말 입맛 까다로운 친구도 맛있다 할 정도.치맥파이브는 수제맥주 역시 정말 잘되어있는데,수제맥주 샘플러엔 다들 그렇게 나오듯잔 밑에 각 수제맥주에 대한 설명이 적혀있다.하나하나 관리를 잘하신 게 느껴질 정도로맛있게 마신 수제맥주 샘플러.정말 맛있는 수제맥주는 때깔부터 곱다는데,사진을 보면 영롱한 때깔(?)을 확인할 수 있을 것.그 외에도 THE BOOTH(더부스)의 국민 IPA,제주 비어의 제주 WIT ALE 등흔히 볼 수 없는 수제 병맥주도 판매하는데,병 모양도 귀엽고 전용잔도 귀엽고심지어 병뚜껑까지 귀여움.맛은 국민 IPA가 우리 기준 최강이었다.치킨 맛으로만 따지든, 수제 맥주 맛으로만 따지든,분위기로만 따지든, 다 합쳐서 따지든,경희대/외대 근처에서는 내 기준 이 곳이 원탑.안주 양도 괜찮고 기본 안주도 맛있어배불리 저녁 겸 치맥하기도 좋고,수제맥주 종류도 많아 맥주만 마시기도 좋고.안쪽엔 데이트하기 좋은 분위기,바깥 쪽엔 남자끼리 와도 좋은 분위기.경희대/외대생이라면 일단 가보시길.경희대/외대생 친구가 있다면 같이 가보시길.정말 몇 안 되는 내가 보증할 수 있는 곳.'괜찮다'는 있을지언정, '별로'는 있을 수 없다.맛있는 치느님에 수제맥주 조합이니까.그럼 이걸로 CHIMAC'5(치맥파이브) 리뷰도 끝★",맛있다
4444,치맥파이브,다다,전남친이랑 갔던 곳이라 씁쓸한 추억이지만 그 씁쓸함을 잊게 할만큼 맛있는 맛. 진짜 너무 많이 먹었다. 근데 돈 쓰고 싶은 맛. 여기가 체인점이라면 왜 우리집 앞에는 없는것인가..라는 고민이 들게 하는 맛. 나중에 취업안되면 치맥파이브 체인점 사장이 되고싶은 맛. 솔직히 치킨 3마리에 맥주 네잔해서 칠만원정도 나왔으면 저렴한거라고 생각함. 술에 취하고 이별에 취해서 정확한 액수가 기억안나서 그렇지 가성비있다고 여겨짐. 새로운 남자친구가 생기면 같이 가고싶은 맛임. 에라이치맥파이브 번성해라,맛있다
4445,치맥파이브,AlexTheFood,"170526.맛 ★★★☆ 분위기 ★★★★ 가성비 ★★★★☆ 재방문 의사 있음 주문한 메뉴 (3명 방문) SET MENU B+C 치파치파 갈릭후레이크 텐더 (+4000원) 불고기피자 (+1000원) - 17900+4000+1000 =  22900원 청포도맥주 420ml - 3900원 블루베리얼음맥주 800ml - 4900원 피치라임얼음맥주 800ml - 4900원 총 36600원오랜만에 만난 고등학교 친구들과어디를 방문할까 돌아다니다아무도 가보지 않았지만 망플 평점이 높던CHIMAC'5 (치맥파이브) 로 결정!일단 식당 안으로 들어가면생각보다 좋은 분위기에 놀란다.(회기에 이런 곳이 있었다니...)그리고 메뉴판을 받은 뒤또 한 번 놀라게 되는데,메뉴판이 꽤 두껍다...치킨, 피자, 떡볶이, 튀김,그리고 주류들까지도꽤 다양한 메뉴들을 구비하고 있기 때문.뿐만 아니라 세트 메뉴를 시키게 되면계산이 조금 많이 복잡해지는데,A - 뼈 있는 치킨, B - 뼈 없는 치킨,C - 피자, D - 감자튀김 의 구성이란 점을머리에 먼저 박아둔 채로,●를 시킬 경우 세트에 1000원 추가,●● - 2000원, ●●● - 3000원,★ - 4000원 추가라는 점을또 하나하나 잘 따져서어떻게 먹어야 잘 먹었다고 소문이 날까고민고민해봐야 한다.덕분에 우리는 직원분을 4번 정도 부른 뒤에야겨우겨우 주문할 수 있었다.(C항목이 피자메뉴인 줄을 처음에 못 찾았음.)우리는 순살치킨(B)과 피자(C)가 나오는B+C 세트로 치파치파 갈릭후레이크 텐더랑불고기 피자를 주문하고,주류는 청포도 맥주, 블루베리 얼음 맥주,그리고 피치라임 얼음 맥주를 주문했는데,양은 청포도 맥주가 제일 적을 것 같았지만얼음맥주는 부피만 클 뿐 그렇게까지양이 많이 차이나지는 않았다.(그리고 청포도맥주가 제일 맛있었다...)이 날 나와 함께간 친구들 다 함께치맥파이브의 베스트로 꼽았던 것이 있다면바로 기본안주였던 나쵸!셀프로 리필할 수 있게 되어있는데양파? 치즈? 어쨌든 시즈닝이 되어있는 나쵸를무한으로 계속 먹을 수 있어 너무 좋았다.치맥파이브의 만점에 가까운 가성비는바로 이 나쵸 때문...ㅋㅋㅋㅋㅋ진심 지금도 생각나는 맛이다...나쵸를 먹으며 여기 가성비 좋다고친구들과 떠들고 있을 때쯤치파치파 갈릭후레이크 텐더가 나왔는데,플레이팅이 정말 이쁘다.치킨과 함께 샐러드, 감자튀김,그리고 소스가 같이 나오는데 비주얼이 진짜...사실 비주얼에 비해 맛이 특별하지는 않았지만그래도 괜찮다와 맛있다의 사이 정도였다.제일 마지막에 나온 불고기 피자는예상한대로 또띠아 위에토핑을 올려 구운 그런 피자.피자도 그릇 밑에 받침대를 주어플레이팅이 꽤 이뻤는데,맛은 별로와 괜찮다의 사이 정도.그래도 치킨, 나쵸와 함께 먹으니전체적인 밸런스는 꽤 괜찮았다.회기역에 보기 드문분위기 좋고 가성비 좋은 술집.세 명이서 이런 분위기에서저녁식사 겸 맥주까지 배불리 먹고도1인당 12000원이라니!강남이나 홍대였으면 진심1인당 2만원 후반에서3만원대까지도 나올 수 있었을 듯.그리고 개인적으로 이 곳은기본안주인 나쵸 하나 때문에라도다시 오고 싶다.특별하지는 않았지만계속 집어먹게 되던 마성의 나쵸...오랜만에 가성비 좋게기분 좀 내고 싶다면 추천하고 싶은 집.나쵸 때문에라도 후회하지는 않을 듯 싶다.",괜찮다
4446,히든트랙,준영,"오랜만에 방문한 히든트랙! 다른 술집 가려했는데 가려던 곳이 문닫아서ㅜㅜ 또든트랙 왔어요,,, 맥주 거의 모든 종류 맛봤는데 어느 하나 별로인게 없네요ㅎㅎ 훈제향이 나는 스모크 맥주 매력적이었어요! 피자는 페퍼로니 했는데 얇고 약간 레토르트스럽지만 간편히 먹기는 좋았습니다ㅎㅎ",맛있다
4447,히든트랙,준영,지하에 천장이 탁 트인 곳! 고대 친구 추천으로 다녀왔어요ㅎㅎ 맥주는 가성비 괜찮고 맛도 좋았는데 안주는 너무 무난해서 좀 아쉽더라구요! 가볍게 한잔만 하러가는게 좋은 것 같아요~,맛있다
4448,히든트랙,코랄,뜬금없이 안암에 있는 괜찮은 브루어리!시그니쳐인 엘리제가 확실히 가장 인상깊은 맛이었다!맥주 맛이 그때그때 기복이 조금 있는 것 같기도 하지만 대체로 맛있다. 수제맥주치고 굉장히 저렴하다. 6천원부터 시작.엘리제를 비롯한 몇 가지는 고정이고 계속 수제맥주 리스트가 바뀌는데 그 중엔 안암오거리 윗비어가 맛있었던 기억이다. 시즈널 맥주인 고연전은 굉장히 라이트했다.매장이 깔끔하고 분위기가 좋다. 음악 취저.근데 개학하니까 사람이 바글댔다. 음악이 하나도 안들릴 정도로ㅠ안주는 안먹어 봤는데 수비드 메뉴들이 맛있다고 해서 다음에 먹어보고 싶다.,맛있다
4449,히든트랙,미소,먹은 메뉴 - 빨간모자피자랑 맥주(뭐였는지 기억안나는데 다크였음)추천 메뉴 - 엄... 딱히.. 재방문의사 - 음... 딱히... 맥주도 기억도 안나는 맛이구... 가게 분위기랑 인테리어는 좋았음! 양조장? 도 보이고 ㅎㅎㅎㅎㅎ특이사항 - 피자 시키면 위에 빨간모자피자가 옴ㅋㅋㅋㅋ,괜찮다
4450,히든트랙,채니,여기가 왜 망플에서 3.9나 되는지 모르겠네요수제맥주라는데 그냥 맥주에 물탄느낌이었어요엘리제 필스너 등 네가지 수제맥주 먹어봤는데 그냥 병맥주 시킬걸이라는 후회만 남네요 차라리 가격을 올려서 좋은 맥주를 선보이시길 바라요,별로
4451,히든트랙,바나나랜드,분위기도 좋고~ 맥주도 맛있다. 스타우트는 탄맛이 많이 나서 별로였고 벨리제라는 벨지안 ipa완전 강추....사실 크아프트 맥주 좋아하지만 종종 맛이 너무 강해서 먹기 어려울때가 있는데 여기는 맛과 향이 부드러워서 마시기에 부담이 없다,맛있다
4452,히든트랙,‪(⚆ ⚆)‬,"분위기도 괜찮고, 직접 만들어 판매하는 맥주도 다양하고 맛있는 곳. 맥주의 향이 꽤 향긋하다.피자와 맥주의 조합을 좋아하는 이 사람은, 처음 와본 곳이지만 마음에 들어 조만간 다시 올 것 같다.",맛있다
4453,히든트랙,밤털,값이 싸고 분위기가 좋고 이름도 멋진데 맥주 맛이 그닥...,괜찮다
4454,히든트랙,ㅇㅇ,수제맥주집레드캡 피자를 시켜 먹을 수 있는데 피맥하면 최고다.위치가 유일한 진입 장벽인듯,맛있다
4455,히든트랙,HJ,좌식 테이블도 있고 분위기는 괜찮은데 맥주가 맛이 없어요ㅎㅎ... 써...,별로
4456,히든트랙,ㅊㅊㅊ,분위기가 만족스럽다몇안되는 탈안암스러움을 자랑한다,괜찮다
4457,히든트랙,소금,엘리제 맛있어요,괜찮다
4458,히든트랙,우리동네 음주대장,안암의 숨겨진 꿀위치가 좋지않지만 저렴한가격에 여러 직접만든 맥주들을 맛볼수있다소규모생산이다보니 같은이름의 맥주더라도 batch에따라 맛있을때도있고 맛없을때도있다. 하지만 엘리제 하나만큼은 언제나 최고,맛있다
4459,히든트랙,BIK,"인테리어 굳서비스 굳맛 쏘쏘양 푸짐안암답지않게 분위기가좋은 술집. 천장도 높고 인테리어도 잘해놨다. 너무 시끄럽지도 너무조용하지도않아서 술마시기편한분위기였다.술은 4가지로 잉그리쉬 비터 아메리칸포터 아메리칸화이트가 5천원, IPA가 7천원으로 종류가 다양하진않지만 저렴한편. 안주류도 4천원부터로 저렴하고 양도많았다.(술보다안주종류가훨씬다양했다)그치만 맥주의맛은 다른 수제맥주집에서 먹는것보다 향이나 깊이감이 적었다. 수제맥주에 카스섞은듯한 밍밍한 맛이 나서 수제맥주를 좋아하는 사람으로서 많이 아쉬웠다. 맥주에 대한 기대를 접는다면 안암에서 정말 괜찮은곳.(그리고 먹는데 정말 초파리가많았다. 맥주를 마시다가 하마터면 맥주에 빠진 좋은 단백질원을 섭취할뻔..-_-;)",괜찮다
4460,히든트랙,Sevil,넓고 분위기 좋음,맛있다
4461,히든트랙,가쥬,고대에 이런 분위기 있는 펍이있다니 ㅎㅎ벽면을 가득채운 스크린과 음악은 흥겹고 ㅎㅎ 조용하면서도 신나는 그런 맛집이당><,맛있다
4462,히든트랙,Jee,안암 오거리에 있는데 이태원 맥주집 느낌나고 너무너무 좋았어요 ♥️♥️ 안쪽에는 신발벗고 앉을 수 있는 자리 있고 중간에는 앉거나 서서 마실 수 있을만큼 높은 테이블이 있고... 안에는 영상을 틀어줘요 ㅎㅎ BBC 틀어주고 비틀즈 사진에 KEEP CALM 포스터 등등 영국을 좋아하시나요!!!,맛있다
4463,배드해빗클럽,즌짱,"퇴근 후에 회식으로 다시 찾은 배드 해빗 클럽. 배해클 매실 한라 토닉은 찐입니다.재방문 당연히 반드시 할 거에오. 담 번엔 떡볶이,,, 볼로네제,,, 김볶,,,, (행복한 고민 중)",맛있다
4464,배드해빗클럽,즌짱,"띵시님 리뷰 보고 가야지 가야지 하다가 드디어 다녀왔어요! 7시 오픈인데 7시 조금 지나니까 바로 만석... ㅇ0ㅇ 감바스와 짜파게티를 안주로 매실한라토닉을 마셨습니다! 매실 토닉 존맛탱,,, 음료수 같아서 홀짝홀짝 맛있게 마셨어요 :) 그리고 동그란 얼음을 잔 별로 주시는데 얼음이 녹으면서 술이 밍밍해지지 않아서 넘 좋아요 ㅎㅎㅎ 칵테일도 팔고 샷도 팔고 분위기도 무척 좋아요 !! 케이크 들고 갔는데 초 켜도 됐고, 먹어도 괜찮다고 하셨어요. 안주도 맛있고 넘 괜찮은 곳이에요 자주 갈 것 같은 술집!!! ㅎㅎㅎㅎ",맛있다
4465,배드해빗클럽,띵시,"가성비 ●●●●○ 맛 ●●●○○분위기 ●●●●○재방문의사 100쿵푸쿵푸한 컨셉이 너무 귀여운 배드해빗클럽! 가게 명칭부터 말괄량이 느낌 가득하고, 오락기와 비디오 스크린 등 레트로한 소품들로 장식되어 픽셀 게임 속에 들어온 기분이 든다.매실한라토닉과 치즈플레이트 주문. 매실토닉 넘넘 내 취향~~~ 유리병에 토닉 두 병과 한라산 한 병을 붓고, 기호에 맞게 매실원액을 섞어 마시면 된다. 제공되는 원액을 다 부으면 너무 달 수 있다길래 70% 정도 넣으니 딱 맞았다. 잔에 로즈마리가 들어 있어 향긋향긋 기분 좋게 꼴꼴꼴 마실 수 있었음 :)치즈플레이트는 약간 실망! 술안주 치즈로는 꼬릿한 애들을 좋아하는데 얘들은 넘나 착한맛 종류로 구성되어 있었음. 심지어 올리브도 꼬릿하지 않고 싱싱한 느낌. 그래두 만이천원이라는 나름 착한 가격이니 만족.부탁드린 잔이 안 나와서 사장님께 리마인드 드렸더니 정말 죄송해하시며 거듭 사과하시고, 서비스로 샷 한 잔씩을 돌림. 리스테린을 가장한 민트 샷! 민트 처돌이임에도 불구하고 얘는 정말 하드코어해서 소심하게 홀짝홀짝 나눠 마셨다. 사장님들이 정말 친절하셔서 재방문의사가 확 높아짐.단 둘이 조용히 술 마시기에는 많이 왁자왁자한 분위기라, 아주 친한 사람 서넛이 와서 수다 떨기에 딱 좋은 곳. 음악 선곡도 좋고, 비치된 오락기로 게임 내기도 할 수 있으니 기분 전환하러 조만간 다시 가고픔!",맛있다
4466,철판파전,미동이,맛있지만 물린다,괜찮다
4467,철판파전,미콩,"외국인 친구에게 비빔밥 불고기 삼겹살 ... 말고 한국 전통음식으로 소개해주기 좋은 파전, 동그랑땡(돈저냐)소주의 스윗함에 빠져 행오버에서 헤어나오지 못하는 외국인 친구에게 해장술^^을 알려주기 위해 파전을 찾았습니다 파전!하면 회기고 마침 친구가 제 학교를 구경해보고 싶다해서 루트가 딱 맞아떨어졌네요저희는 카레해물파전과 동그랑땡을 주문하고 밤막걸리를 함께 곁들였습니다!사실 파전이 기름기가 좀 많고 느글느글할 수 있기 때문에 이를 좀 중화시켜보고자 카레해물파전을 주문했는데요 외국인 친구와 함께하다보니 좀 더 우리 고유의 정서(?)를 전달해주지 못 한 것 같아 아쉬움이 남더라구요 카레향이 세지는 않지만 전에서 느낄 수 있는 밀가루의 텁텁함이라든가 느글거림 따위를 잡아주는 역할은 해요 은근 해물이 많아 씹는 맛도 좋고 가장자리의 바삭함은 한국인이나 홍콩인이나 모두 만족 행복 냠냠그래도 전 제가 직접 김치부치개/파전/감자전을 만들어주고 싶은 마음이 더 들었어요ㅡㅜ 뭔가 아쉽,,제 친구는 동그랑땡을 정말 좋아라했어요 입에 넣기도 좋고 고기를 계란에 부쳤으니 당연히 맛있고요 저희 집은 동그랑땡에 두부 가득 양파 가득 넣는 스타일이라 제 입맛에는 풍미가 좀 부족하지 않나? 싶었는데 그런대로 홈메이드 스타일의 맛이 났어요 저도 맛있게 잘 먹은 것 같아요밤막걸리는.. 이거 술 맞냐며 꿀떡꿀떡 마시던 친구가 좀 지나니 역씌ㅋㅋㅋㅋ 이거 도수 높냐며.. 슬슬 취하는 것 같다고...^-^ 역시 막걸리는 안취해하며 먹다 취한지 모른채 가는 맛이죠~~~좌식 좌석이 있어서 친구가 더 좋아한 것 같아요 분위기도 주모부르기 좋았고요 주인분도 친절하셨어요!만약 한국인 친구와 함께 왔다면 괜찮다 정도였을 것 같은데 외국인 친구가 정말 좋아라해서, 제 목적과 딱 부합했기 때문에 맛있다! 누릅니다 ❤",맛있다
4468,철판파전,LeeNarae,단골 파전집! 밀가루가 많지않고 두껍지 않아서 좋다! 김치해물파전 추천!!,맛있다
4469,철판파전,E.T Jun ,근처의 이모네나 나그네 파전보다는 훨씬 담백한 파전을 먹을 수 있음. 다른 곳은 파전이 너무 느끼해서 속이 불편했었는데 이곳은 괜찮음. 돼지고기 김치찌개도 칼칼하니 술안주로 제격임.,맛있다
4470,철판파전,Jㅐ,"파전하면 회기고 회기하면 파전. 파전 골목에 여러 파전집들이 있지만 그 중에 경희대생에게 일타라고 소개받아서 가본 ""솥뚜껑 철판 파전"". 대학가답게 가격도 저렴하고 좋았어요. '카레 해물 파전'은 카레가 느끼함을 잘 잡아주는 덕에 식은 후에도 끝까지 맛있게 먹을 수 있어요. 카레 덕분에 색깔도 노릿노릿해서 더 맛있어 보이는 효과도!!",맛있다
4471,철판파전,happiermyo,동동주가 맛있었다~캬,맛있다
4472,철판파전,Chanhee Bark,"무난무난한 파전맛. 대학가 특성상 여럿이 가서 세트메뉴를 시키는게 더 이득일듯. 다른 회기파전과 다르게 얇은편이고, 카레맛도 난다. 그래도 여자 둘이 먹다가는 느끼하고 기름기름함",괜찮다
4473,이문바,띵시,"가성비 ⚫️⚫️⚫️⚫️⚪️맛 ⚫️⚫️⚫️⚪️⚪️분위기 ⚫️⚫️⚫️⚫️⚪️재방문의사 75방문할 때마다 칵테일 맛 편차가 냉탕온탕 수준인 바이문. 하지만 외대 근처에서 가장 깔끔하게 음주할 수 있는 곳이라 맛있다로 평가함. 문을 열면 나그참파 향이 소르르 풍겨 더욱 좋은 곳.내 기억으로는 하이볼류를 잘 말아주었던 것 같고(비율 편차 있는 편), 칵테일 행사 때면 유난히 퀄리티가 떨어졌음. 좋은 점은 술집임에도 콜키지 프리! 당시 직원 분이 콜키지라는 개념을 아예 모르셨기 때문이 아닐까라는 킹리적 갓심이... 물론 그 집에서 가장 비싼 안주를 주문했기 때문에 직원 분도 나도 만족만족함.여튼 술잘알 친구보다는 분위기를 중요시하는 술알못 지인들을 데려가기에 딱인 곳. 화장실 가려면 가파른 계단 등산해야 하니 취한 채로 방문하면 큰일날 수 있음ㅠㅠ",맛있다
4474,이문바,키다리아저씨,"개인적 모임이 있어서 외대에 최근 리뉴얼 되었다는 바에서 모이게 되었는데...예전에도 있던 자리에 사장님도 바뀌고 인테리어 분위기도 좀 변경이 되었다고합니다.바 이문... 네*버에선 이문바로 되어있던데...이름도 동네와 어울리게 친근한 느낌이고, 전체적 인테리어도 외대 주변의 느낌과는 약간 다른 힙지로 스타일의 레트로 느낌도 나더군요~바 느낌보다는 약간 어두운 카페의 느낌도 좀 들었습니다.학생들이 오기에도 부담없는 느낌이였고, 주류의 가격대도 저렴한 편이더군요.제가 개인적으로 음주를 잘 못하는 편이라 가볍게 한두잔 하는 정도인데....이날 모임 덕분에 약간의 과음을 했네요;;ㅋㅋ시그니처 칵테일도 있었는데...약간의 달달하면서 과일향 나는게 괜찮았습니다.이것저것 다양하게 마셔서...뭘 먹었는지 기억이....^^;; 와인도 2~3바틀 마셨던거 같은데...바틀 가격대도 2만원대 3만원 미만 구성이였던걸로 기억해요~ 암튼 상당히 드라이해서 입안이 바짝 마르는듯한 느낌의 와인부터~ 스윗하고 달달한 화이트와인가지...가격대가 부담없었습니다.제가 방문했을 당시엔 안주 종류를 사장님께서 고민하시는듯했는데...지금은 어느정도 틀이 잡히지 않았을까 생각이 드네요~사장님도 상당히 젊고 키크신분이라 올드한 느낌보단 캐주얼하고 편하게 한잔하기에 괜찮은 느낌이였어요.젊은 학생들도 가격부담없이 방문하기 괜찮은곳입니다.",괜찮다
4475,빅문,프로한식러 아비니,"가성비 좋은 숨은 맛집 ㅠㅠ! 귀찮아서 리뷰 같은거 잘 안쓰는데 빅문 리뷰가 없는게 의외라 널리 알리고 싶어서 써봐요1-2주 간격으로 총 4번 방문 했었는데 방문 할 때마다 수제 맥주 종류가 달라져서 여러가지 맛보는 재미가 있어요에일 맥주가 일품인데 특히 꽃 , 과일 종류가 담긴 맥주가 향도 좋고 적절한 씁쓸함이 정말 맛있어요 ! 메뉴판에 맥주에 대한 설명도 잘 되어있어서 선택할 때 많은 도움이 됨 ( 맥주에 대해 잘 모르는 본인이라 설명이 자세히 적혀져 있지 않으면 수제맥주 실패 한 경우가 많아서 이 부분이 굉장히 좋았음 )스모그 + 곡물 비스킷이 유명하다고 소문 났는데가보기 전에는 인스타 감성 사진 찍기 좋은 곳인가 싶어서 비주얼만 좋은 줄 알고 별 기대 없었는데비주얼도 비주얼이지만 여기 감바스파스타 맛집,,느끼할 때는 리코타 치즈 + 과일 먹어주면 술이 술술 ,, 여기는 ,, 안주보다는 가성비 좋은 맛집느낌이라 학생들 가기에도 가격 부담 없을 거 같아서 진정한 경희대 맛집으로 꼽을 수 있을거 같아요! ㅠㅜ 진짜 데이트 할 때마다 들리는 곳 !!생맥주를 캔에 넣어서 배달도 많이 시키던데 나가기 귀찮을 때는 배달 도전해볼 예정입니다",맛있다
4476,빅문,미동이,간단하게 맥주 마시기 좋다공간은 협소한 편,괜찮다
4477,버킷리스트,띵시,"가성비 ⚫️⚫️⚫️⚪️⚪️맛 ⚫️⚫️⚫️⚪️⚪️분위기 ⚫️⚫️⚫️⚪️⚪️재방문의사 50극강의 컨셉러가 될 수 있는 혼돈의 버킷리스트. 옛날에는 좀 더 얌전한 칵테일바였던 것 같은데... 여튼 친한 친구랑 방문해 재미있는 체험하기에 좋음.칵테일은 시그니쳐, 클래식, 스트롱 세 종류로 나뉨. 일단 시그니쳐 칵테일 중 엘레강스 주문(이름이 너무 강한 호기심을 불러일으킴). 친구랑 폐 터지게 웃음. 핑크 상자를 열면 넘나 귀염뽀짝한 칵테일이 나오고, 함께 제공하는 향수공병(....)에 든 라임 주스를 뿌려 마시면 됨. 상큼한 복숭아 아이스티 느낌이라 더운 여름철에 어울리는 칵테일. 심지어 바닐라 마카롱도 예쁜 유리병에 담아 제공되어 공주 놀이 하기에 좋음.그나마 무난한 컨셉의 말차 아포가또 칵테일. 컵에 바닐라 아이스크림만 한 덩이 제공돼 이게 뭔가 싶었는데, 칵테일쉐이커에 담긴 말차 리큐어를 직접 흔든 후 부어 먹는 것이었음. 비주얼에 비해 많이 달지 않아 좋았음.하이볼도 세 종류쯤 있었던 것으로 기억함. 산토리와 짐빔 하이볼을 하나씩 주문해 봄. 둘 다 농도 괜찮고 좋았는데 친구는 짐빔 하이볼에서 홈키파 맛 난다고 함^^ㅠㅠ치즈 크래커 플래터도 괜춘. 다양한 치즈와 네 가지 크래커, 살라미, 사워크림을 올린 플래터. 스모키한 치즈와 달달 가벼운 치즈 등 구성에 꽤 신경을 씀.여튼 칵테일도 무난히 괜찮고 너무 재미있는... 곳이라, 우울한 사람에게 특히 추천하는 곳임.",괜찮다
4478,버킷리스트,루카스,분위기좋고~피자도 맛있고 기본안주도 시럽바른 고구마튀김과자!! 짱맛있음!분위기 내고싶을때 한달에 한번정도는 가게될것같다회기점보다 훨씬 좋았음,맛있다
4479,버킷리스트,즌짱,이미 너무 많은 체인점을 보유하고 있는 버킷 리스트.. ㅎㅁㅎ 대학가에 하나씩은 생긴 것 같습니다-트러플 감자튀김과 칵테일. 카시스 프라페를 마셨어요.트러플 감자튀김이 생각보다 맛있어요. 그냥 칵테일만 마시려다 아쉬워서 시켰는데 생각 이상으로 만족 ㅎㅅㅎ,괜찮다
4480,버킷리스트,맛있는게제일좋아,"코스모폴리탄, 딸기마가리따, 치즈타코.치즈플래터가 맛있다고들 했지만 치즈타코도 맛있었다. 타코 안에 한 점씩 들어간 고기가 맛의 화룡점정을 찍어줌. 딸기마가리따는 비쥬얼은 최강! 맛은 쏘쏘. 플래쉬 터뜨리고 사진찍기 참 예쁘단 생각이 들었다.코스모폴리탄도 다른데서 먹던 맛과 크게 다르지 않았음.그리고 화장실이!!!대박이다.미니고데기,물티슈,머리끈,기름종이,드라이기,면봉,핸드크림 등등등이 구비되어있고 인테리어도 괜찮다. 술 마시기 전에 손 씻으러 갔다가 깜짝이 놀라고 왔다.분위기가 좋아 기분 꿀꿀할 때 바 자리에서 맥주 한 잔 하는 것도 좋을듯.",괜찮다
4481,회기호프,기미상궁,"""설명하기 입아프니 그냥 오라""소인이 좋아하는 술집이 몇몇 있사온데 동대문의 코너집  왕십리의 꼬랑치킨 그리고 최근 한자리를 차지한 회기의 '회기호프' 이옵니다. 이 집들을 가는날은 곧 과음이니  과음 또한 안주가 맛있어야 가능한 것이니 이 집이 바로 그런 집이옵니다.소인, 이 집오면 필수로 먹는것이 치킨과 육회.소인이 프렌차이즈 치킨보다 좋아하는 회기호프의 치킨 저번 방문에는 반반을 시켰었지만 찐은 후라이드라는것을 알게 되었사오니.. 튀김좋고 무엇보다 식어도 맛나는 그런 치킨 이옵니다. 집근처였으면 맨날 포장해다 먹었을 텐데그리고 안시킬수 없는 또다른 대표메뉴 육회. 무침육회를 잘하는 집은 이 집 이모님 손맛은 확실하다는 뜻이오니 이 집이 그런 집이옵니다.거기에 새로 새켜본 계란탕과 골뱅이무침.. 대표메뉴도 새로 시켜본 메뉴도 모두 맛나는 그런 포차이옵니다",맛있다
4482,회기호프,기미상궁,"""앞으로 회기에서 술자리는 이 집으로 하여라""회기역에 갈 일이 있다 하면 소인, 열에 열은 1번 출구에서 내리온데 그런 매번 코앞에서 매번 지나쳤던 회기 호프.. 어찌 이 집을 지나쳐 놓고 맛집을 찾아다녔다는 것이 참으로 소인이 아직 부족하다 싶더이다.메뉴들이 소인들이 모두 좋아하는 그런 메뉴들 소주 도둑들 모음이옵니다.​'어묵탕 12000' 뻔하디 뻔한 어묵탕이  이 수준으로 나오면  다른 메뉴들은 도대체가 어느 수준이란 말인가.. 기본으로 콩나물국을 주시는데 나오자마자 찬밥신세..프랜차이즈 치킨을 제외하고 아니 포함해도 근래에 먹은  치킨 중에 제일 맛있었던 '치킨(반반) 16000'이옵니다. 딱 봐서는 그냥 시장통닭 비쥬얼이온데 튀김 퀄리티가 얼마나 좋던지 식어도 바삭하고 맛있는 그런 치킨이더이다. 집 근처면 매일같이 포장했을 그런 회기호프의 치킨이옵니다.보기만 해도 맛이 흘러나오는 '육회 20000' 이옵니다. 백제점육점st의 무침 육회 모든 메뉴에서손맛이 느껴지니 다른 메뉴는 어떨까 뽑기만 하면 성공하는 집이오니..어느 정도 먹고 뭔가 부족하여 찐만으로 주문한 '야채계란말이 10000' 이쁘게 부쳐진 계란말이 아는 맛인데 왜 더 맛있는 거 같은지 소인 회기에서 약속이 있을 때면 매번 1번 출구에서 내려 회기 호프를 지나쳐 어디를 갈까 고민을 했사온데 이제까지 이 집을 지나치고선 얼마나 맛있는 집을 갔는지 참으로 한탄스럽더이다.",맛있다
4483,에스플로어,kkonoo,"피자, 파스타는 그냥 무난 그 자체고요.. 수제버거가 진짜 맛있다고 합니다",괜찮다
4484,에스플로어,즌짱,"세컨드 플로어 피자, 얼큰 해산물 빠쉐.피자는 색다르고 맛있음. 빠쉐는 그닥. 다들 왜 추천하는지 의문.... 분위기 엄청 좋음. 데이트 장소로 추천. 그러나 빠쉐는 아니에오.",괜찮다
4485,서래맥주집,추진단장,회기에서 들른 맥주집여러가지 술을 팔고있다안주도 여러가지 있었으나 우린 배불러서 토마토를 시켰다머 무난하게 한잔하기 괜찮으나다시 가지는 않을 것 같다가게가 좀 지저분하다...그냥 너저분하달까일단 화장실이 너무 최악이라 다시 안갈거같다ㅠㅠㅠ지나가다 가게가 깨끗해진 것 같다면 갈 수두잇슴..,괜찮다
4486,서래맥주집,즌짱,"일찍 퇴근한 날 맥주 한 잔 하려고 갈매기살 튀김 시키고, 서비스 쥐포 튀김까지. 갈매기살 튀김이 무슨 맛일까 궁금했는데 생각보다 더 맛있었다. 바삭바삭한데 고기는 안 질기고 고소한 게 맥주 마시기 딱 좋다. 기본 갈매기살 튀김 먹었는데 매운 갈매기살 튀김의 맛이 매우 궁금해진다. 그리고 함께 나오는 감튀는 얇아서 좋고, 서비스 쥐포튀김이 생각 외로 굉장한 별미. 별 생각없었는데 순식간에 한 상자 다 먹어버렸다^^.. 코로나 끝나면 매장 가서 먹을 예정.. 배달비가 사악해서 슬프다.",맛있다
4487,실크로드,페이든,칵테일 메뉴도 다양하고 사장님도 친절해요ㅎ종종 한잔하러 가기 좋아요.다만 화장실이 불편할 수 있는점 참고하세요.,괜찮다
4488,실크로드,미동이,칵테일보다는 분위기가 좋다 아늑한 다락방 느낌,맛있다
4489,실크로드,조소,빈티지한 분위기에 아담한 테이블. 옛날노래가 나온다. 칵테일 맛있고 비싸지 않아서 가성비 좋다.,괜찮다
4490,실크로드,Capriccio06,시립대 앞에서 꽤 오랜기간 영업중인 가게인데 방문은 처음이다. 오후에 오픈하는 바로 다양한 칵테일을 판매하는데 호텔이나 전문바보다는 분위기가 캐쥬얼하고 조금 저렴한 가격에 다양한 메뉴를 만날 수 있다. 메뉴를 잘 몰라서 여쭤보면 취향에 따라 추천해주신다. 1~2인 기준의 나름 칸막이 있는 아늑한 자리들도 있고 중앙에 넓은 자리도 있다. 칵테일 자체보다는 공간 느낌이 좋아서 기억에 남는 곳.,괜찮다
4491,실크로드,이주현,"등하교할때마다 시커멓고 칙칙한 외관 때문에 칵테일바인지도 모르고 지나쳤다가, 한 번 가본 이후로 매학기마다 한두번씩 들리는 집. 1985년부터 계속 영업중이라는데 그 세월 탓인건지 앤티크한 분위기가 굉장히 좋습니다. 맛은 보통이지만 가격은 타 칵테일바 대비 조금 싼편인듯 합니다.특이한 이름들의 메뉴들이 너무나도 많아서 고르는데 좀 오래걸릴 수 있으니 친절하신 사장님께 이것저것 여쭤보고 고르세요.",괜찮다
4492,실크로드,silvert,그냥 보통,괜찮다
4493,골목포차,기미상궁,"""로컬포차는 곧 과음이니라""청량리 통닭골목서 1차를 하면 바로 옆에 갈만한 포차들이 곳곳에 있더이다. 시장에 늦은시간그 골목을 혼자 밝히고 있는 골목포차이옵니다.이런 포차에 와서는 전은 하나 시켜줘야 한다는 생각은 왜드는 것인지오징어부추전은 매콤하게 고추 송송또 이런포차 와서 국수도 하나 시켜줘야 하오니 아는 맛이 무섭다. 거기에 또 골뱅이소면도 참지 못하여 주문 그리고 마무리로 짜파게티까지 위치와 공간이 주는 분위기가 좋은 그런 포차 이옵니다.",맛있다
4494,전주막걸리전문점,ustar,푸짐하게 깔리는 밑반찬이자 술안주들이 푸짐한 한상을 만들어줘서 좋은집. 메인요리가 쪼금만 더 맛 좋으면 어떨까 하는 아쉬움이 있지만 값비싸지 않게 막걸리 한잔 하고 싶을때 방문하면 좋은집 ㅎㅎ 비오는날에는 그만큼 손님도 많고 동네에서 인기많은 집이다 ㅎㅎ,괜찮다
4495,청담 짝태앤연어,즌짱,회를 시키면 서비스 안주가 더 많이 나오는 듯한 동네 술집. 연어 사시미도 적은 듯 하지만 먹다보면 서비스 안주 덕에 양이 좀 찬다. 해물라면에 해물은 잔뜩 들었으나 물을 너무 많이 넣어서 밍밍해서 아쉬움. 동네에서 회에 술 한 잔 하기에는 괜찮은 곳,괜찮다
4496,치킨앤칩스,Lydia,"배민 리뷰왕 그리고 경희대생들의 치킨 맛집으로 유명한 치킨앤칩스경쟁력은1. 국내산 순살 냉장육 사용- 보통 순살은 2키로당 만원 미만인 브라질산을 쓰는게 치킨업계의 현실그러나 여긴 정말 닭 가슴살, 다리살 모두 신선하고 냉장육이다. 맛있음...!!2. 감자를 고를 수 있음오리지널을 주문하거나 감자를 추가하면 골라야 함포테포칩, 레귤러컷(네모감자), 케이준 셋중에 택일난 개취로 늘 포테토칩ㅋ감자 자체에도 양파+치즈 가루를 뿌려서 이것만으로도 맥주 한캔 끝남오리지널, 양념 두번 먹어봤는데 둘다 맛있다!특히양념은 적당히 칼칼~한게 시판 양념치킨소스의 단맛이 적어서 더 마음에들었다다음엔 회식으로 가서 전메뉴 다 뿌셔봐야할듯",맛있다
4497,치킨앤칩스,kkonoo,기본 치킨 먹었는데 딱 집어서 말할 순 없지만 그냥 맛있어요ㅋㅋ 감튀도 맛있구! 근데 가슴살이랑 다리살을 섞어서 주문했는데 다리살은 한 두 조각 있는듯..ㅠㅋㅋ,맛있다
4498,차포차,ustar,2000년대 초반이 생각 나는 메뉴이름 ‘사장님 마음대로’남는게 있을까 싶을 정도의 구성. 구성 하나하나 퀄리티가 상당히 좋다. 육사시미나 숙회도 신선하고 무침류도 손맛내공이 느껴진다. 테이블이 적어서 평일 오픈시간에 맞춰 방문해도 예약한 사람들이 있으면 못먹을 수 있으니 이곳 방문 목적으로 장안동에 온다면 미리 예약을 하고 방문하도록 하자.영업시간 17:00-03:00일요일 휴무,맛있다
4499,차포차,또치,직원회식하려던 중 회사분이 추천한 곳.사장님과 이모님이 엄청 친절하다. 이모님이 약간 옆집 아줌마같은 느낌.여기서 제일 인기가 많은 메뉴는 사장님마음세트우리도 그걸 선택. 각종 해산물과 육사시미가 조금씩 나온다.여러가지 맛보기 좋음.이모님이 서빙해주시면서 먹는 순서와 어느 소스에 찍어먹어야 하는지도 알려주신다. 하지만 헷갈려서 그냥 원하는 데로 먹음.ㅎㅎㅎ가볍게 술안주로 괜찮은 곳,맛있다
4500,바이브,즌짱,"파랑파랑 보라보라한 칵테일 바 ;)후카, 다트, 보드게임, 포켓볼 등 다양한 오락거리도 있어요!기본 안주로 매콤한비프맛 프레첼이 나옵니다. 첫 잔으로 파우스트를 마셨는데, 그닥 맛있지는 않았어요 ^_^,,, 같이 간 분들은 미도리 샤워, 싱가폴 슬링, 롱 아일랜드 아이스티, 무알콜 신데렐라 시켰는데 다른 분들은 별 이야기 없으셨어요 :)... 저만 다 마시고 한 잔 더 마셨는데, 글렌피딕 12년산 온더락으로 마셨어요. 샷을 시키면 간단한 안주가 제공되는데, 치즈와 크래커 등을 가득 주셔서 좋았습니다 :) 이랬으면 진작 샷 마셨을 거에요. 허허아, 메뉴판을 보고 났더니 손이 끈적 끈적해서 손을 씻어야 했어요. 메뉴판 정돈이 되면 좋을 것 같습니다.",괜찮다
4501,블루호프,ustar,옛날치킨느낌으로 평범하지만 깔끔하고 바삭한게 한번씩 생각나게 하는 맛이에요. 어느 유튜버가 가끔 방문한다하여 입소문듣고 방문해본 집인데 맛집이라고 대단하게 내새울건 없겠지만 깔끔한 치킨에 오백한두잔 하기에 좋습니다 ㅎㅎ,맛있다
4502,꽃술,주영,술마시기 좋아요,괜찮다
4503,꽃술,즌짱,"아 사진 흔들려서 넘 속상합니다 ㅠ분위기 좋아요. 분위기 좋은 술집인데, 가벼운 안주도 있고 해서 배 안 고플 때나 간단히 마시고 싶을 때 좋아요꽃잎이 들어간 꽃술은요 맛있고 달달하고 예쁜데 음료수에요 ^ ^피자 맛있어요 피자에 소주 조합도 좋았습니다가격대도 저렴하고 술 한 잔 하기 좋은 곳이에요재방문 의사 있어요",괜찮다
4504,무지개맥주,즌짱,"베X 아이스크림 케이크 산 뒤에 드라이 아이스로 연기 안 만들어본 사람 없을텐데 이걸 이렇게 사용해서 퍼포먼스 용 맥주를 팔다니...... 맥주 마시는 내내 감탄할 수 밖에 없었습니다.솔직히 그냥 생맥이랑 다를 바가 없거나 혹은 좀 덜한 정도 ^^.. 카나페도 그냥 그렇구,,, (스프링클 대체 왜 뿌려준 것인지,,,,,) 흑당 소주는 달달하니 술같지 않고 맛있는데 가격에 비해 양이 아쉬웠어요.전체적으로 괜찮은ㄷㅔ... 이렇다한 임팩트는 없었던 곳..",괜찮다
4505,지구공간,아이린ㄴ,마지막 학기에야 이곳의 존재를 깨달아서 슬펐지만 아쉽지 않을만큼 자주 갔던 술집. 테이블 3-4개의 작은 술집으로 약간 사장님의 아지트같은 느낌이라 여기 올려서 알려지는걸 좋아하실지는 모르겠지만...ㅠ 일단 학교다니는 동안 친구들 데려가면 서비스도 막 주시고 그랬으니 싫어하지 않는걸로 생각하고 올림! 이곳은 1.완탕 2.라면 3.비빔국수 가 내가 제일 좋아하는 메뉴. 그 중에 완탕은 어디서도 찾아볼 수 없는 여기만의 맛이라 졸업한 지금도 완탕앓이 중 ㅠㅠ 히힛,맛있다
4506,맥쓰,김찬영,맛 : ⭐⭐⭐⭐☆분위기 : ⭐⭐⭐⭐☆서비스 : ⭐⭐⭐☆☆ 메뉴는 불고기+후라이드 시켰는데 개인적으로 후라이드가 더 맛있구요 사진에선 둘다 순살같은데 후라이드는 뼈에요일반적으로 나오는 뼈보다 훨씬 작은 조각으로 나와요불고기도 괜찮았습니다.순살로 변경하면 각치킨마다 2천원추가라 불고기만 순살로 했습니다.맥주는 저는.흑맥주 시켰는데 제가 좋아하는 약간 보리차? 같은 맛이에요 허니맥주도 향이 좀 쌔지만 맛있어요맥주는 가격이 좀 있어서 둘이서 배부르게 먹으니까 35000원 나왓습니다.소스는 리필비용이 더 들구요 치킨무는 분홍빛이구 리필됩니다 분위기는 엔틱한게 전구도 이쁘고 괜찮아요~~ 재방문율 70% 임당~~한줄평 : 멀리까지 찾아올 정돈 아니지만 집근처라면 가끔 애용할만한 맥주가 맛있는 치킨집,맛있다
4507,개인의취향,승수 Kim,시립대 주변에 몇 없는 세계맥주집.밑에서 피자나 치킨 사와서 먹으면 좋음,괜찮다
4508,고모집,Luscious.K,"#고대 #고모집고대는 막걸리로 유명합니다고려대 응원가 중에 '막걸리찬가'가 있는 것만 봐도 예전부터 막걸리 사랑이 대단했죠신입생 환영 행사 중 '사발식'도 막걸리로 진행하는데.. 고대생이라면 누구나 이 막걸리 사발식을 통과해야 했죠 (지금은 어떤지 모르겠습니다)이 막걸리에 궁합이 딱 맞는 안주가 파전인데..그래서 고대앞 '나그네파전'은 서울에서는 알아주는 맛집이지요 (경희대 나그네파전과 형제지간 이십니다)‘나파’라고 불리우는 나그네파전의 주메뉴는 파전이지만 그 만큼 유명한 안주가 '고기완자'하고 '고추튀김'입니다여기까진 왠만한 파전 팬이라면 다 아는 사실이고...진짜 고대생이라면 아는 한 가지 비밀이 있는데..바로 '고모집'입니다고모집은 나파 바로 앞에 있는 조그만 가게 입니다50년 이상의 역사를 가진 할머니 혼자 운영하시는 작은 술집이에요이곳이 안암동 최고의 고추튀김을 만드시는 곳이란 걸 아는 고대생은 진짜 막걸리를 사랑하는 고대생입니다파전이 안땡기고 고추튀김이나 고기완자가 땡길 때 주저없이 고모집으로 가곤 했습니다#고추튀김이곳 고추튀김은 '환상적'입니다일단 비주얼부터 압도적인데..큼지막한 고추가 속이 꽉 찬 듯 빵빵한 모습이고..살짝 입혀진 노릇한 튀김옷은 눈으로만 봐도 바삭함이 전해옵니다한입 깨물면 혀에 전해오는 바삭함이 느껴지고큼지막한 고추는 매운 듯 맵지않은 적당한 맵기를 줍니다그리고 고추 속의 고기소는 자극적인 조미료맛은 전혀 없이 적당한 다진 고기의 향과 두부의 담백함이 적당히 섞인.. 맛, 향, 식감 모두를 만족시키는 담백한 완벽한 느낌입니다여기에 차가운 쏘주나 막걸리 한 잔은 세상 근심을 잊게 해주죠일본 그 어느 유명한 튀김집의 튀김이라고 해도 믿을만한 고퀄의 고추튀김을 고대앞 작은 가게에서 먹을 수 있다는 것은 고대생의 행운이지요#고기완자 #동그랑땡고추튀김 고기소를 뭉쳐 만들어 주세요고추튀김처럼 담백함과 부드러움이 최고입니다술마시면 입맛도 초딩으로 변하는데.. 완자 위에 잔뜩 뿌린 케챱은 취객의 초딩입맛을 완벽하게 만족시켜 줍니다조금 급하게 만드시느라 약간 타서 나왔지만..맛에는 큰 영향을 주지 않았습니다#계란말이식감이 참 독특해요오랜만에 방문이라 예전 기억이 없지만요즘 포차 등에서 만드어 주시는 고급스러운 계란말이가 아니라..옛날 식당에서 쎈 불에 투박하게 말아 주시는 그런 맛이에요쎈불에 하셔서 그런지 계란말이 레이어가 더 쫄깃한 식감을 주고 고소한 맛이 배가됩니다여기에 역시 케챱을 잔뜩 뿌려 주면 완벽한 쏘주안주... ㅎㅎ#반찬50년 넘는 역사의 손맛은 반찬에 고스란히 담겨 있습니다직접 만드시는 김치와 반찬이 참으로 맛깔스러운데..이번 방문 때에는 잔멸치볶음과 열무김치를 주셨어요멸치는 적당한 달기와 윤기가 좋았고..특히 열무김치는 인생 열무김치 수준의 맛이였어요아삭한 식감과 적당히 익은 산미가 기름으로 조리한 안주와 최고의 궁합을 이룹니다너무 맛있어서 부탁부탁 드렸더니 조금 포장도 해주셨습니다물론 아내랑 그 다음날로 순삭시켰습니다50년 넘게 안암동에서 고대생들과 주위 소상인들의 희노애락을 달래주시던 곳 고모집..졸업한 지 오래 됐지만 아직도 그 곳에 버티고 계시고 그 맛을 유지하는 할머님이 너무 감사하다는 생각이 듭니다너무 맛있고.. 너무 감사합니다#동네식당응원프로젝트",맛있다
4509,빠따떼프리또,진리지안,치즈감자는 감튀에 그 치즈시즈닝이 뿌려져있는데 치즈시즈닝을 엄청 많이 뿌려주신다!! 그래서 더 맛있음 맥주는 무난 포도소주도 시켜봤는데 술 맛이 꽤 나는 편!!!,맛있다
4510,시니혀니비어,즌짱,"이 곳은 한 때 저의 아지트... 자몽 맥주와 망고 맥주가 맛있지만 쏘맥과 소레토(소주+레몬+토닉워터)는 좀 밍밍합니다... 물론 타는 분마다 조금 다를 수 있지만,,, 과일 맥주는 잘 저어드시길 추천드려요.아, 안주는 ⭐️감자칩⭐️입니다.",괜찮다
4511,한지창에고인달빛,띵시,전통주점 성애자가 좋아하는 할배할배한 분위기ㅎㅎㅎ 이모한테 부탁드리면 막사 맛있게 말아주셔요! 모둠전 꿀맛 김치전 꿀맛♡ 외대인이라면 동아리 뒤풀이 장소로 추천이에욤,맛있다
4512,락앤밤,므쉐리 코코,"술 좋아하는 남친님 기준, 이문동에서 최다 주종 보유한 호프집. 지하 내려가면, 7080 엔틱한 호프집 인테리어에 놀랄 수 있다. 대충 중장년대의 손님들이 친한 친구들이랑 편하게 담소 나누러 오는 분위기.술 종류뿐만 아니라 안주도 다양하고, 가격도 합리적인 편이다. 인심 좋은 주인장님께서 칵테일 한잔 한시간 동안 천천히 마셔도 안주가 남을 정도로 푸짐하게 주신다. 드럼, 기타 등 연주에 필요한 악기들도 구비돼 있어 공연 관련 대관도 가능하지 않나 싶다.",맛있다
4513,오뚝식당,jy,"회기동 핫플. 인스타감성물씬 이지만 부담없이 갈수있는 느낌요. 비오는날, 한잔하고싶은날, 간단히 식사대용도 가능한정도의 안주류 많아요. 조명이 특이해서 분위기있어요. 조금 시끌벅적하지만 알쓰가 반한집.",맛있다
4514,청춘포차,최수빈,"청량리 포차골목중 제일 깔끔해 보이는 집. 여타 포차들보다도 넓고 청춘이란 이름답게 젊은 느낌이 확 드는 선곡과 분위기가 이목을 끈다.포차는 이 곳이 처음이여서 싸다 비싸다 말할 순 없지만, 다른 리뷰들은 대체적으로 비싼 가게로 보는 것 같았다.  그러나 일단, 종이컵 혹은 유리컵이 아닌 플라스틱 컵같은 이 가게만의 차별화된 요소들이 가게의 매력으로 다가온다.메뉴는 전체적으로 맛있단 느낌이었고, 술을 한 두잔씩 기울이다보면 어느새 배가 찬다.딱 드라마에서 나올법한 넓직한 포차의 느낌을 잘 살린 가게. 간간히 갈만 하다고 생각한다",괜찮다
4515,팔레트,헬시또또,"고려대 안암역 근처에 위치한 와인바에요!죄다 소주, 맥주집인데 와인바가 생겨서 다녀왔어요.주위에 맛집이 많으니 먹고와서 술만 마셔도 좋다는 팔레트가 좋네요 :))가격대가 오늘 와*한잔 그 가게랑도 비슷해서 한병 시켜서 먹어도 좋은 것 같고 다른 안주류 하나 놓고 같이 먹어도 가격대가 부담없어서 좋아요!!포도를 서비스로 주셔서 치즈에 포도까지 맛있는 와인과 함께 잘 마셨습니다 식사 메뉴는 짜계치 이런거만 있어서 조금 배고플 수 있을 것 같아요 ㅎㅎㅎ",맛있다
4516,팔레트,Lydia,"메뉴판에 친절하게이용방법 메뉴가 써있다.주문은 바 자리 가서 하면 됌!하우스와인 ₩5000이 양 실화인가요 ㅋㅋㅋ이 크디큰 고블렛 잔에~~~상그리아도 만만치않게 양이 많아병와인도 합리적인 가격이었다!이래서 사람들이 많은 거였어 ^^허세, 거품없는 와인바...내가 꿈에 그리던 공간이다 ♥️안주도 매우 합리적인 가격에,근처에 맛집이 즐비하니 가볍게 2,3차로 온 거 존중한다며 많이 시키지 않아도 된다고 메뉴판에 써 있다...사장님들 넘 착하신 거 아녜요...?!이런 가게 흥해라 흥!!!!!!!!!치즈플레이트 8천원훈제콜비잭할라피뇨치즈등... 와인과 치즈는 찰떡이지!!!",맛있다
4517,팔레트,띵시,"가성비 ⚫️⚫️⚫️⚫️⚫️맛 ⚫️⚫️⚫️⚫️⚪️분위기 ⚫️⚫️⚪️⚪️⚪️재방문의사 70갓성비 와인바 회기 팔레트. 바틀로도 여러 종류 시도해봤으나 결국 글라스 단위로 판매하는 하우스와인으로 돌아오게 되는 곳. 지난 리뷰 이후에도 수없이 방문하며 숱한 숙취의 밤을 남김. 안주로는 치즈 플레이트 추천. 치즈 종류는 적지만, 다른 곳들처럼 쓰잘데기 없는 저렴이 치즈로 안 채워줘서 넘 좋음! 체다 고다 살구치즈 훈제치즈 등등 딱 깔꼼한 구성. 회기에 계속 거주했다면 달마다 방문했을 것임.다만 아기자기 편안한 바는 아니구, 소리가 왕왕 울려 은밀 달콤달콤 대화 나누기에 적절치 못하니 커플 분들 참고하세요~ 저는 목청 큰 친구들이랑만 방문했습니다 홀홀",맛있다
4518,팔레트,미동이,짜파게티랑 와플 맛있다,맛있다
4519,팔레트,용산구에서 가장 귀여운 개 김쪼꼬,"<와인 입문자에게 정말 좋을, 가성비 좋은 와인바!>와인이 1바틀에 29000원이다. 하우스 와인은 5000원! 음식에 있어서 가성비 따지는 거 별로 좋아하지 않지만(이라면서 맨날 따짐), 그럼에도 불구하고 타 와인바와 비교했을 때 아주 좋은 가성비. 와인을 깊이 있게 마셔본 사람들에게는 라인업이 다소 부족하겠지만, 와인을 많이 마셔보지 않은 사람들에게는 이렇게 저렴한 와인바에서 첫 와인을 경험해보는 것도 좋을 것 같다.개인적으로는 와인에 관심이 지대하지만, 아직 잘 아는 편은 아니라서 만족스러웠다.내부는 넓다. 분위기도 괜찮은 편!안주도 가격대가 괜찮다. 치즈플레이트나 올리브 같은 정석적인 곁들임 메뉴도 있지만, 짜계치랑 불(닭볶음면)계치도 있는 게 재미있었다. Fancy하고 본격적인 와인바보다는 편안하고 접근성 좋은 와인바를 지향하고 있는 팔레트에게는 잘 어울리는 메뉴! 짜계치 먹었는데 사장님, 라면도 잘 끓이시는군요... 맛있었다!치즈케이크는 조금 해동이 덜 되어있어서 조각 낼 때마다 테이블이 들썩거렸지만, 그래도 맛있었다! 와인바의 메뉴답게 너무 달지 않으면서도 깔끔하게 괜찮은 치즈케이크. 이곳을 추천하고 싶은 대상은1. 와인 입문자-와인 자체를 많이 즐겨보지 않은 사람이라면 역시 디저트 와인 같은, 달달한 모스카토 계열이 좋을 것 같다. 2. 여럿이 모임하기에도 좋을 것 같다. 적당히 가격 괜찮고, 테이블 수도 적지 않은 편이라서.",괜찮다
4520,팔레트,즌짱,"불면에 괴로워하며 쓰는 #아무리뷰회기동의 소중한 와인바 팔레트- 와인이 바틀당 29000원- 안주 역시 저렴한 가격대를 보이는 가성비의 끝판왕.스파클링 화이트 와인과 달달한 레드 와인을 마셨는데 와알못이므로 긴 설명은 생략하고, 맛있었어요 ㅎ안주로 시킨 짜치계와 치즈케이크도 맛있었는데, 개인적으로 치즈케이크가 너무 맛있었어요. 이 날 하루종일 엄청 먹어서 배가 부른데도 불구하고 치즈케이크 한 톨도 남기지 않으려고 다 먹었습니다. (뿌듯)회기에서 느낄 수 없는 탈 회기의 갬성과 분위기를 담고 있어서 친구들이 동네 쪽으로 오면 함께 가기 좋은 곳이에요!",맛있다
4521,팔레트,띵시,"가성비 ●●●●●맛 ●●●●○분위기 ●●●○○재방문의사 95회기 인근에서 제일 사랑하는 바 팔레트! 와인잘알 분들보다는 학생 분들, 와인 입문자 분들께 강추추하는 곳임. 가격이 저렴하지만 전혀 저급 느낌 없이 좋은 분위기에서 편안한 시간을 보낼 수 있음. 모든 와인이 1바틀 29,000₩. 원산지별 품종별 분류 및 설명이 잘 되어 있고, 읽어 봐도 잘 모르겠다면 사장님께 추천을 부탁드리면 됨. 은근 와인 스펙트럼도 넓고 조금씩 배워 가기 괜찮음. 꽤 다양하게 맛보았지만 사실 만족도는 글라스로 판매하는 하우스 와인이 젤 높았음(부어라 마셔라 타입). 햄플레이트와 치즈플레이트는 2인용 사이즈와 3-4인용 사이즈로 나누어져 있어 단촐하게 술 마시기에도, 모임 장소로 방문하기에도 딱 좋음. 여기가 가격 대비 분위기와 안주, 와인 모두 좋다 보니 무슨와인한잔 그런 (꼭 상호명에 쉼표 하나씩 들어가고 네온 글귀 무조건 붙어 있는) 저렴이 와인바에는 돌을 던지고 싶어짐... 꽁꽁 숨겨두고 싶었지만 이제 회기를 떠나니 널리널리 알린다. 호호#아무리뷰 08",맛있다
4522,팔레트,즌짱,"앙빠 샌드 먹고싶었는데.. 사라졌다... 가성비 좋은 회기의 와인바. 바틀 한 병이 29000원 하우스 글라스 와인은 5000원. 안주도 치즈 플레이트 3-4인용이 14000원이 최고 가격으로 상당히 저렴하다. 게다가 탈 회기 감성,,, 창 밖으로 보이는 밀면집 간판과 초등학교가 현실은 회기임을 깨우쳐주지만,,,^^,,, 멀리 나가지 않고 동네에서 와인 마시며 분위기 내기 좋다.",맛있다
4523,팔레트,주배,"3.7 / 5.0가성비 좋은 와인바 회기 돌아다니다가 분위기 좋은 와인바를 찾게 되었습니다.어디서 낯이 익다 했더니 2호점이 안암에 있었군요,.안의 분위기는 정말 좋아요!따스한 연말의 분위기랄까요,그리고 자리 수도 굉장히 많아서 편안했던 공간이었습니다.와인바 답지 않게 사이드 메뉴도 너무 싼 가격에 제공되어서정말 잘 먹고 왔습니다,.비싸도 9.0이었던 것 같아요.글래스 와인을 시켰는데 산미가 정말 강한 맛이에요.알코올맛이 깊게 나진 않고,산미가 두드러지는 맛입니다.햄 플래터를 시켰는데 짰어요.구성은 정말 다양하지만 양이 적은건 어쩔 수 없는 것 같습니다ㅎ.ㅎ회기 근처에 분위기 좋은 와인바를 찾는다면 가볼만한 곳인 것 같아요!",괜찮다
4524,팔레트,으뉴,샐러드도 맛있고 와인도 저렴 ! 이 근처에서 와인먹고싶다면 여기로 !!,맛있다
4525,팔레트,먹토리,회기역에 있는 와인을 먹을 수 있는 곳이예요. 지나가다가 분위기가 좋아보여서 급 들어갔는데 나중에는 자리가 없어서 왔다가 그냥 돌아가시는 분도 계셨어요.   비오는데 창을 열어놓으셔서 테라스 느낌이 나고 좋았어요. 가게 내부도 좀 어둑하면서 분위기가 좋았습니다.   여기 와인은 한 병에 29000원이었어요! 와인의 맛은 잘 모르지만 가성비가 좋았습니다 :)  같이 먹을 안주로 앙버터와 나쵸를 주문했는데 앙버터는 좀 실망이었지만...;;(빠다코코넛 과자 사이에 버터와 양갱이 넣으신 것 같았어요...;) 나쵸는 괜찮았습니다.   분위기 좋으면서 비싸지 않은 와인바를 찾으신다면 가시면 좋을 것 같아요!,괜찮다
4526,팔레트,ㅋㅡㅋ⚘,너무 맛잇는 와인을 이렇게 좋은 가성비에..! 3차로 왔어용 ㅋㅋ 분위기 넘 죠아요 테라스도 예쁘고 잔도 예뻐요!,맛있다
4527,팔레트,조소,와인에서 꽃향이 정말 많이 난다. 쏘쏘.,괜찮다
4528,팔레트,음파룸파,"회기에 위치한 분위기좋은 와인바.자리는 실내와 실외가 분리되어 있으며(모두 이용가능하다) 오후 7시쯤 입장했음에도 실내는 모두 찼을 정도로 오픈한지 얼마 안되었어도 반응이 좋다.  깔끔하고 센스있는 인테리어가 맘에 들었다. 라운지 쪽에 미니빔으로 영화를 틀어놓으셨는데 여기서 사장님의 센스를 읽을 수 있었다. 테이블당 있는 와인병 조명(바닥에 스위치를 통해 불을 킬 수 있다.) 과 양초까지. 확실히 와인을 마시는데 무슨 분위기가 필요한지 아시는 사장님이시다. 와인도 평소 와인을 즐기지 않아도 편하게 즐길 수 있도록 잘 선별해 놓으셨다. 즉, 숙성되어 깊은 맛을 내는 와인보단 처음부터 달고 향기로워  입문자에게 좋은 와인이였다. 그 외로 안주로 나온 치즈플레이트도 만족스러웠다. 다양한 치즈를 꿀에 찍어먹으니 와인 마시는데 감칠맛을 더했다. 평소 치즈를 안좋아하는 나도 맛있게 먹었다. 또한 같이 나오는 기본안주가 굉장히 맛있다 ..! 프레츨을 치즈소스에 한번 묻혀서 나오는데 가게를 나갈 때까지 손을 멈출 수 없었다..  회기에서 우아하게 일정을 마무리하거나, 와인을 편하게 마셔보고 싶으신 분들에게 추천드린다!",맛있다
4529,도눔솔리스,Vadim Kim,데이드하기엔 분위기 좋은 핫플레스에요~ 가격대비는 고퀄리티~  와인 다양하고 사이드메뉴도 맛있어요 강추 ~,맛있다
4530,도눔솔리스,Ann,"Favorite place for meeting with friends Best  wines,comfortable place ❤️",맛있다
4531,도눔솔리스,jy,"너무 친절하시고, 분위기도 좋습니다. 알바생이 하는곳이아니라 사장님이 애정을가지고 하시는 느낌이랄까.  우연히시킨 파이가 넘맛있어서 사진올려요ㅎ 번창하시기를~ 치즈플레이트도 넘좋았어요.",맛있다
4532,도눔솔리스,AnElena,와인 메뉴가 다양하다 분위기도 짱입니다.치즈플레이트 주문했는데 완전 맛이 있고 꼭 다음에도가고 싶습니다. 추천합니다.,맛있다
4533,도눔솔리스,KimOlga,도눔솔리스 추천합니다. 맛있는 와인 종류도 많고 안주도 다양해서 친구들이랑 보내는 장소가 짱짱~~ 추천합니다!,맛있다
4534,도눔솔리스,Veronika Lee,새로 오픈해서 정말 깔끔하고 내부 분위기는 아주 차분합니다. 사장님이 매뉴 설명도 잘 하고 와인까지 따라주시고 완전 소믈리에같고 멋지십니다. 안주도 맛있고 와인 종류도 다양합니다!,맛있다
4535,부산슈퍼,로우니,가맥집에서 얼마나 특별한 메뉴들을 팔겠어요 물론 두부전골 맛있긴 한데 약간 고추장 맛이 강해서 호불호가 있을 것 같습니다 김밥도 집김밥 느낌이라 먹기에 무난하고 좋아요 가맥이 동네에 있으니 편하게 들러서 간단히 2-3차 하기에는 좋습니다,괜찮다
4536,부산슈퍼,키다리아저씨,"전농동 한적한 골목길에도 ""가맥집""이 있네요?^^가맥이라는게...80년대 전주에서 시작하여 전파되어 오늘날 전주 가맥축제까지 있을 정도로 인기가 많았다고 하더군요. 가맥이라 부른것도 슈퍼에서 팔던 맥주는 업소용이 아닌 가정용이여서 가맥이라 불렸다는 소문이ㅋㅋㅋ 낮에는 슈퍼, 밤에는 실비집 느낌의 주점이 포인트!! (예전엔 “맛이랑정이랑” 이라는 상호를 사용했었나봐요)이곳 부산슈퍼도 벽하나를 놔두고 양쪽의 분위기가 남다릅니다. 한쪽은 동네슈퍼 느낌이지만....슈퍼 구석이 주방인듯 안주인장께서 열심히 음식을 만들고 계시더군요~ 상당히 친절하고 음식솜씨도 좋은듯합니다.벽 넘어~옆칸은 테이블 좌석은 3개정도 있고, 좌식으로 되어있는 방이 안쪽에 하나 있어요^^가는날이 장날이라고ㅠㅠ 그날 10명이 넘는 인원의 단체손님 예약 때문에...음식재료가 부족해서 제가 먹을 수 있는 메뉴가 제한적이여서 많이 아쉽더군요ㅠㅠ 먹으려던 돈까스, 생선까스, 부추전 등 주문도 못했습니다;; 내 음식들...그나마 가능하다고 하셨던 ""오징어 볶음"" 그리고 참치김밥과 야채김밥만 주문해서 먹었어요.오징어볶음!! 양념이 아주 입맛당깁니다!! 소면에선 참기름향이 솔솔느껴지는게...매콤달콤한 양념과 고소한 참기름의 조화가 참 좋더군요.무엇보다 오징어!! 상당히 두툼하고 쫀득한 식감 때문에 갑오징어 수준으로 즐겼습니다. 역시나 식사용 보다는 안주용으로 나온거라 그런지 살짝 자극적이면서 간간한 편입니다.김밥은 남자사장님께서 싸주시는데....속재료는 소박한듯하지만 맛의 밸런스가 꽤 괜찮더라구요!! 김밥도 살짝 간이 있는듯했지만...괜찮게 먹었네요^^안주인장께서 재료부족 때문에 주문을 못받아 죄송하다며 포도 한송이 입가심하라고 주시는 정겨운 분위기였어요.감사한 마음에 슈퍼에서 아이스크림 하나씩 구입해서 먹으며 돌아왔네요.여러메뉴를 먹어보지 못해서 아쉽지만....조용한 동네골목에 재미난 형태의 가맥집을 보니 다른메뉴들의 맛도 궁금해지더군요. 기회가 되면 술도 한잔하면서 여러 메뉴를 먹어보고 싶네요.",괜찮다
4537,1988,띵시,"가성비 ⚫️⚫️⚫️⚪️⚪️맛 ⚫️⚫️⚫️⚪️⚪️분위기 ⚫️⚫️⚫️⚪️⚪️재방문의사 70봄베이 사파이어 하이볼 마시러 자주 다니던 외대앞 술집. 그러고 보니 외대 근처에 깔끔한 술집 정말 드물고나... 여튼 분위기도 나름 좋고 일요일에도 오픈해 부담 없이 찾던 곳임.사실 정말 다양한 안주를 먹어 봤는데, 제정신으로 방문한 적이 별로 없었기 때문에...^^ 일단 직접 끓여먹는 라면 하나가 서비스로 제공됨. 육전은 가격 대비(19,000) 너무 아쉬운 퀄리티. 고기가 질기고 계란옷만 가득. 헌데 마늘 뿜뿜 양념간장이 너무 맛있었음. 간장만 따로 팔아줬으면 함. 백합탕은 너무 취했을 때 먹어서 맛은 기억나지 않지만 마지막 국물까지 싹싹 다 먹었던 듯함.봄베이 하이볼 너무 맛있구~ 나중에는 블랑 생맥 마시러 가야지. 그리운 외대앞 주점들ㅠㅡㅠ",괜찮다
4538,1988,Ansohwee,식당 첫등록 기념리뷰! 인데 맛있다가 아니어서 좀 아쉽지만 맛이 없어서가 아니고 엄청 특색있는 술집은 아니어서 괜찮다정도?주머니 사정이 좋지 못한 학생들에게 굉장히 괜찮은 술집이에요 저 푸짐한 양의 과일안주가 13000원이고 라면은 그냥 기본안주로 그냥 주심! 예전에 칠리새우 먹어봤던 것도 되게 큼직하고 탱탱하니 맛있었음 가격대비 퀄리티로치면 좋은편인듯!!!그나저나 가게이름은 사장님이 혹시 1988년생이신걸까?..뜬금 궁금...,괜찮다
4539,라이아,헬시또또,"외관 분위기만 보고 이끌리듯 들어간 곳, 라이아.원래 다른 곳에 가려고 버스에서 내렸는데 골목길 사이로 보이는 라이아의 한옥집 분위기에 ‘여기 뭐하는 곳이지?’ 하고 찾아보니까 이탈리안이더라고요 :) 부녀 데이트로 나온건데 딱 분위기 적절해 보여서 바로 들어갔습니다. 다른 테이블에서도 가족들이 와서 와인 곁들이며 식사하는 분위기가 보기 좋더라고요. 음식이 ‘와 진짜 너무 훌륭하네’ 는 아니더라도 지하에 있는 와인 창고를 볼 수 있는 인테리어, 편안하게 이탈리안을 즐길 수 있는 분위기, 가족과 함께하기에도 편안한 곳이어서 좋았습니다. 그리고 양이 꽤 많아요..! 궁금해서 시키고 싶은거 다 시켰는데 둘이서.. 배 터졌습니다 ㅎㅎㅎ북적이고 시끄럽지 않은 곳이라 부모님과 또 가고 싶은 곳이에요.",맛있다
