,가게이름,리뷰아이디,리뷰,맛평가
1,애성회관,굥이굥이,"한우곰탕 맛집입니다 ㅎㅎ맑은 국물에 고기도 연하고 부드럽고 사리랑 밥이랑 같이 먹을 수 있어서 좋아요! 김치도 맛있어서 두접시 먹었어요 ㅎㅎ패스트푸드처럼 앉아서 주문하면 바로 나와요 ㅎㅎ따뜻한 국물 생각날때,해장이 필요할때 추천합니당!!",맛있다
2,애성회관,Sukang Lee(이수강),북창동 한식. 곰탕오늘은 더워서 냉콩국수를 먹었는데 괜챦다.,맛있다
3,애성회관,gammadong,"‘특’을 주문해야 하는 이유주말에는 한산한 곳이다. 업무지구가 주를 이루는 곳이라, 평일에는 상당히 바쁠 곳이라 생각된다.앉자마자 특이라고 주문하고 잠깐 멍을 때린다.‘이제 물이랑 김치를 내주겠지’라고 생각하고 기다리면……물과 김치와 곰탕이 한 번에 나온다. 세상에, 어떻게 이렇게 빨리 나오는 건지 너무 놀랬다.맑은 육수에 수육 크기의 두꺼운 고기, 그리고 굵은 중면이 담겨져 있다.고기로 우려냈기 때문에 육수는 엄청 맑았다. 그리고 육수의 맛은 짙은 육향이 확 느껴졌다. 고기맛과 간장맛이 확하고 느껴졌다. 아마 소금대신 간장으로 간을 한거 같다. 하동관의 곰탕과 달리 기름의 맛이 약하다. 깔끔한 느낌이 상당히 크다.이 곰탕의 백미는 건더기, 고기에 있다. 주로 곰탕의 고기는 엄청 얇게 나오는데 반해 이 집 곰탕의 고기는 엄청 두껍다. 수육으로 나와야 할 고기가 곰탕에 들어간게 아니라는 착각이 들 정도의 고기다.고기, 육수, 밥, 중면사리의 조합에 김치를 얹어주면 곰탕은 순식간에 비워진다. 비록 김치 하나 밖에 없지만, 너무나도 만족스런 한끼였다.근데…. 약간 아쉬움이 있다. 웃기게도 깔끔한데, 뭔가 아쉽다. 뭐가 아쉬운 걸까…….이유모를 아쉬움이 있지만, 너무나도 만족스런 곰탕이었다. 특곰탕-₩12,000",맛있다
4,애성회관,연건동대학원생,너무 맛있고 깔끔 든든한 곰탕 한그릇특으로 먹어야 한다깍두기를 안먹는 남자친구가 깍두기 먹는 걸 처음 본 집 ㅋㅋㅋㅋ,맛있다
5,애성회관,걸어다니는 망고플레이트,첫입에 와 소리가 나오는 곰탕특으로 시키세요 제발!!고기가 진짜 미쳤습니다…국물은 다른 분들이 말씀하신대로 좀 아쉬운 감이 있어요첫 맛은 와..! 이지만 끝으로 갈 수록 약간 가벼운 감이 있어서곰탕 특유의 끈적함이랄까요 깊이 있는 맛이 없다는것은 아쉬움으로 남습니다가게 내부는 음.. 오래된 음식점 느낌입니다맛만 생각하고 가기엔 진짜 맛있는 집!!!,맛있다
6,애성회관,야미야미,"* 유명한 만큼 수준 급의 곰탕을 파는 집이다.* 그래도 아쉬움이 좀 있는데, 잘 익어서 시원한 맛이 나는 김치를 좋아하는 나에게 이 집 김치는 좀 아쉽다. 그리고 탕에서 고기 냄새가 좀 날 때가 있고, 밥이 가끄 오래된 건지 설익은 건지 이상할 때가 있다. 냄새랑 밥에 민감한 편인 나는 그날그날 음식 컨디션에 따라서 좋었다가 나빴다가 한다.이런 사람에게 추천: 곰탕 좋아한다면 유명 곰탕집 찾아 다니는 재미가 있지. 이 집 인 가봤다면 한번 가보기~",맛있다
7,애성회관,yun,가격 특 1.2보통1.0으로인상,괜찮다
8,애성회관,클로드,"맑고 진한 국물이 정말 매력적인 곳입니다. 간이 심심한 편이라, 슴슴한 맛을 싫어하시는 분이라면 아쉬워하실 거라고 생각합니다. 그리고 가격도 곰탕치고는 무난한 편입니다. 고기도 부드럽고 국물이 진해서 정말 맛있습니다. 그리고 무엇보다 김치가 맛있습니다. 달고 감칠맛이 좋아서 곰탕과 먹기 좋은 김치였습니다. 가볍게 먹을만한 곳이었습니다.",맛있다
9,애성회관,김재형,"오랜 기간 궁금했던 집인데 드디어 방문하게 되었습니다대기 없이 바로 입장할 수 있었습니다가게 내에 98%가 남자입니다 그마저도 2%는 일하시는 이모님들이니 찐으로 남성들의 아지트같은 느낌이 듭니다 물론 메뉴의 특성도 있겠지요곰탕 특으로 주문했고 30초만에 서빙이 됩니다놋그릇에 밥과 국수가 말아져서 나옵니다 밥이 쉬이 풀어지지않고 뭉쳐있는 부분도 있는걸 봐서는 토렴은 아닌 것 같습니다국물의 간은 충분히 되어져 나옵니다 맑은 국물은 다른 여타 유명 곰탕집들에 비해 감칠감칠의 맛이 좀 나긴 하지만 충분히 맛있습니다우동같은 중면이 밥과 함께 딸려 올라오는 것도 재미 중에 하나입니다 다른 두 가지의 탄수화물이 입 안에서 노니며 즐겁게 만들어줍니다 깍두기와 김치가 굉장히 맛있습니다 국밥집 김치의 정석이라고까지 할 수 있을 정도로 아주 좋았습니다 김치가 맛있어서 밥을 더 말고 싶어지는 정도입니다올라가는 양지 또한 완벽에 가깝게 상당히 잘 조리가 되었습니다 쫄깃하고 부드럽고 육향과 간까지 완벽합니다 수육도 궁금해지게 만듭니다퍽퍽하고 어수룩한 수입산 고기 많이 올라가는 곰탕보다 애성회관처럼 제대로 된 맛있는 고기 몇 점 올라가는게 훨씬 좋습니다아주 잘 먹었고 유명한 이유도, 높은 평점도 납득이 가는 맛이었습니다집 근처에서는 우영관을 종종 다니는데 애성회관 스타일의 곰탕집도 하나 생기면 번갈아 다니는 맛이 있을 것 같습니다 재방문 의사 : △",맛있다
10,애성회관,푸디트래블러,"시청역과 회현역 사이, 남대문시장 부근 골목에 위치한 곰탕집. 80년 전통의 하동관 못지않게 50년 전통의 역사를 자랑하는 한우곰탕 전문점이다. 빛이 바랜 간판과 낡은 건물의 외관이 역사를 말해주는 듯하다.대표메뉴는 단연 한우곰탕. 웬만하면 특사이즈로 주문할 것을 추천한다. (특은 먹어줘야 제대로 먹은 것 같은 느낌을 준다.) 특으로 주문해도 가격이 만 원 밖에 되지 않을 정도로 가성비가 훌륭한 곳.역시 한국인의 패스트푸드인 국밥답게 주문한지 2분도 채 되지 않아 식사가 등장한다. 맑은 빛깔의 국물에 먹기 좋게 썰은 한우 양지 다섯 점, 굵은 중면 사리, 그리고 흰 쌀밥이 들어가 있다. 간장으로 간을 한 국물은 따로 간을 하지 않아도 될 정도로 충분히 진하고 짭잘한 편이다.깊고 진한 국물의 곰탕을 좋아하는 사람들에겐 거를 타선이 없다. 기본으로 제공되는 석박지와 배추김치마저 알맞게 익어 시원하게 맛있다. 특사이즈를 주문했음에도 밥을 추가하고 싶을 정도로 제대로 된 밥도둑이다. 내 안에 국밥 러버 한국인의 피가 흐르고 있다는 걸 다시 한 번 확인시켜준 곳.ℹ️맛: 4.5/5가격: 곰탕(보통) 8.0 곰탕(특) 10.0 ℹ️위치: 시청역 7번출구영업시간: 10am-9pm (Break time 3-5pm)웨이팅: 없음분위기: 전통있는 국밥집 바이브#먹어서응원",맛있다
11,애성회관,Ray,"국물이 맑으면서도 깊고, 고기도 두툼하니 맛있어 한식파가 아닌데도 만족스럽게 한 그릇 뚝딱! 면이 보통 국밥보다 굵은 면으로 나온 게 신기했는데, 그래도 전 면보다는 밥이 더 맛있었어요ㅎㅎ이런 국밥집이 회사 근처에 있으면 참 든든하겠다 싶어요ㅋㅋ",맛있다
12,애성회관,서울푸디,- 한줄평: 진한 맑은 곰탕- 주문 메뉴: 곰탕,괜찮다
13,애성회관,chanwook_ie,곰탕만 유명한 줄 알았더니 콩국수도 꽤 소문나 있는 곳이다. 콩물은 묽은 편이지만 콩 맛이 상당히 진하게 느껴지며 면 대신 곰탕 사리가 들어갔는데도 잘 어울린다.,맛있다
14,애성회관,baijungeun,오우....오우....고기가 정말 끝~~~내줘여 ㅜㅠ물에빠진 고기 먹고 이렇게 감탄해 보기 첨이네여진짜 ㅎㅎㅎ 고기가 예술이구요근데 국물 간이 좀 쎄여~고기를 간장 양념에 재워놨다가 살짝 넣고 끓여서 제공 허시는 듯한데 간이 사알짝~~ 아쉽습니다 ㅎㅎ무조건 특 시키시구여특특도 강추해여,맛있다
15,애성회관,써니♡,점심시간이 한참 지난 2시 가까이 되어서야 방문하였다~ 그 시간 임에도 불구하고 손님은 5명 정도 있었다.한우 곰탕이 거기서 거기지 했던 자신에게 미안한 마음을 애성회관에게 전한다.여기는 맑은 국물의 곰탕인데 보통 맑은 국물의 곰탕은 싱거울 것 같다는 편견 때문에 좋아하지 않는데 간도 딱 맞았다. 그리고 잘 익은 김치가 정말 맛났다. 다들 동의하시겠지만 곰탕 설렁탕은 김치가 반은 먹고 들어간다. 또한 얇게 썰지 않고 두툼하게 올라간 4~5 덩어리의 고기도 맛있었다. 고기를 너무 좋아하지만  일부 설렁탕 곰탕 집의 얇게 썬 고기는 고기 느낌이 나지 않아서 일부러 안먹었는데 쫄깃쫄깃 맛났다.배가 고파서 그랬는지 음식이 맛있었는지 아님 둘 다 였는지 모르겠지만 너무 즐거운 기억이었다. 근처 직장인들에게 강추!,맛있다
16,애성회관,UDOEE,[★★★]하동관이랑 비슷한 비쥬얼 이지만하동관 보다 괜찮다.지방 낀 부위가 맛있다.무조건 특 이상 먹어줘야 한다.김치도 맛있고 덕수궁 근처 갈 때 먹을 거 없으면 가기 괜찮다. 같이 간 일행이 맛있게 잘 먹었다.,괜찮다
17,애성회관,아르투아,어린이날 낮에 가서 그런지 비교적 한산했다국물이 첫 맛과 끝 맛이 다르다 처음엔 음..? 끝엔 오..그렇지만 이렇게까지 평이 좋을 맛인가? 했는데 역시…고기가 굉장히 부드럽고 맛있다양은 특시켰는데 특이 이러면 보통은 안시키는게 나을듯한 양이였다.. 한우라 어쩔수없나고기만 양이 달라지니 위가 크지 않아도 특 시키라고 리뷰에서 봤는데 모두의 지혜에 감사합니다같이 나오는 면은 좀 끊겨서 아쉬웠다앉아서 주문하고 자리 좀 정리하고 있는데 바로 나왔다사람이 많아도 회전율이 보통이 아닐듯 하다케이패스트푸드 인정합니다재방문의사가 애매하다이 쪽 갈일이 많다면 국밥 생각날 때 무조건 여기로 올 거 같은데찾아서 올 정도인진 모르겠다 아직 먹은지 얼마 안 돼서갑자기 넘 생각나서 먹으러 올 수도 있지만 ㅎ..그래도... 든든하게 잘 먹었다b,맛있다
18,애성회관,망개떡,"별점_5.0/5.0재방문의사_O 분위기_찐 맛집 느낌자리가 너무 다닥다닥이긴 한데 테이블마다 투명벽도 설치해두셨고, 한 자리씩 띄어앉고 있었다. 내부는 좌식,입식 모두 있고 사람바글바글한 맛집식당느낌이다맛_회사 근처라 왕왕 올 수있지만 친구가 방문했을 때도 데려가는 맛집이다. 데려간 사람들 모두 호불호없고 다들 맛있다고 함. 밥과 면이 말아져 나오고 음식 나오는데 1분도 안걸린다. K-패스트푸드ㅎㅎ밥과 국물을 먹었을 땐 이게 특별한가? 싶지만 고기 한 점을 올려먹었을 때 그 진가가 발휘된다. 엄청 고소하고 국물의 맛을 배가 되게 해줌. *특과 보통의 차이는 고기의 양이니, 전 특 추천ㅎㅎㅎ웨이팅_평일점심은 웨이팅 필수,, 근처 직장인들의 소울푸드랄까요,,주말12시10분 기준 웨이팅 없었지만 금방 자리가 차더라...",맛있다
19,애성회관,요니,"역시 망플픽은 실패하지 않는듯곰탕이지만 우리가 알던 하얀국물이 아닌 맑은 국물이 특징숟가락으로 국물을 떠먹으면 멈출수 없어 바닥까지 설거지하게됨곰탕 특(10,000원) 기준으로 고기는 두툼한 덩이 5-6개정도가 나오는데, 간이 되어있는 한우 고기로 짭잘하고 매우 맛있음개인적으로 소면은 약간 퍼진듯한 느낌으로 조금 아쉬웠음! 맛있어서 이주동안 두번 방문한집!",맛있다
20,애성회관,임은택,가세요 아니 두번 가세요 아니 가지마세요나혼자만 갈거에요,맛있다
21,애성회관,우이리,곰탕 보통 8000.간이 되어있는 곰탕 이네요. 국물이 시원하면서 담백합니다.,맛있다
22,애성회관,단율,"애성회관_ 곰탕 부문 Best최초방문 '16년 즈음?최근방문 '19년 10월식신로드 왕중왕이래서 가보고 기절할뻔한집1. 애성회관 가기 전까지는 최고의 맛은 진하게 헤비하게 여러겹 레이어로 구성된 맛일거라 생각했는데, 깔끔하게 깊은맛을 내는게 최고라는걸 알게된 가게.. 후.. 개 쩔어 ㅋㅋㅋ 밥이 국에 말아져서 나오고, 중면이 기가막히게 어울려요2. 서비스는 역시 ㅋㅋㅋㅋ 위치에.걸맞는.서비스 ㅋㅋㅋ 뭐.. 손님은 왕이디 마인드만 아니라면 크게 문제될건 없음.3. 일요일은 장사를 안하는걸로 알고있고, 사실 남대문시장근처라 ㅋㅋㅋ 여기 자리없거나 사람많아도 주변에 갈곳은 많아요 ㅋㅋ( 길거리 야채호떡?, 남대문시장중간 만두, 갈치조림.등등 )※ 결론후.. 절대 실패안할줄 알았는데, 딱 한번 입맛이 까다롭지 않은 케이스가 먹기엔 특별할것 없이 맛있기만하고 가격이 비싸단 소리를 들은적은 있어요 ㅋㅋㅋ 입 까다로울수록 평가는 좋았으니 ㅋㅋ 한번 가 보셔요 ㅋㅋ",맛있다
23,애성회관,@tastekim_v,"인스타 : @tastekimsolo시청역 7번 출구에서 도보로 5분 거리에 있다.⠀주문한지 1분도 안돼어 음식이 나와 조금 당황했다. 나중에 시킨 곰탕도 비슷한 속도로 서빙된다. 기다릴 필요 없는 것이 굉장한 장점.⠀한우수육은 1+나 1++ 한우만 사용한다고 단언하는 대로 고기가 아주 연하다. 버섯이 많이 들어가 국물에서 버섯향도 나는데, 일단 영혼까지 시원하다. 묵직하진 않고 담백 깔끔한 맛이라 떠먹을 수록 입맛이 당겨온다.⠀고기가 많진 않아 고기 아낄 겸(?) 버섯과 파를 양껏 집어먹었는데, 국물 듬뿍 잡아먹어 아주 맛있다.⠀바로 진로 시켜서 한 잔. 아재아재한 최고의 술안주다.⠀적당히 먹다가 곰탕을 주문했는데, 면과 밥이 말아 나온다. 간장을 푼 맑은 국물이고, 살짝 보리차 풍미도 나는 것이 시원 깔끔하다. 위에 올라간 고기도 퍽퍽하지 않고 살살 녹는다.⠀남자 둘이 먹기엔 수육 하나 특 하나면 충분.추운 날 국물은 역시 몸에 스며들어온다.",맛있다
24,애성회관,두잇두잇,뜨끈한 국물이 생각나 방문했고 맛있게 먹었습니다. 깔끔한 맛이고 파가 많이 올라간 것도 좋았어요. 김치양도 적절하게 느껴졌습니다. 만족스러운 한끼였어요!,맛있다
25,애성회관,꼬몬,제 최애 곰탕집!! 심지어 가격도 쌈.. 곰탕에 들어가는 고기와 김치까지 최고!! 진짜 국밥충들이 가면 놀랄거라 확신함. 서울에서 제일 맛있다고 저는 생각함. 꼭 가보시길!!,맛있다
26,부민옥,Saejun,지인과 소주 한잔하러 방문했다. 양무침과 육개장을 주문. 참기름향이 고소하게 풍기는 양무침을 거침없이 먹고 있자니 육개장이 나왔다. 맵고 자극적이기 보다는 순한 스타일. 대파와 고기가 아낌없이 들어가 있다. 먹다 보면 정말 소주가 끝없이 들어가는 그런 곳.,맛있다
27,부민옥,르웬,"유퀴즈에서 육개장 장인이신 CJ연구원님 추천 육개장맛집이라길래 뛰어와봤는데!!맛집맞네 맛집맞아!!육개장이라하면 프랜차이즈 가게들의 얇디 얇거나 질기디 질긴고기와 고추기름맛이나는 국물이 보통인데,여기는 고기도 부드럽고 크기도 큰데 양도 많이 주신다! 국물은 다른 육개장에 비해 맑은 느낌이 나는데 전혀 가볍지않고, 깍두기도 역시 맛있다!!국물이 땡기거나 육개장파라면 무조건 추천!!",맛있다
28,부민옥,우기,육개장과 양무침으로 유명한 곳이다.이화수육개장이 조금 자극적인 맛이라면 여기는 전통육개장 느낌이다. 깔끔하다. 자극적이지 않고 맛있다. 고기도 듬뿍 들어가있어 든든하다. 따뜻한 국물이 목을 감싼다. 밥을 말아 한숟가락 푸짐하게 떠서 그 위에 깍두기까지 올려서 한입 앙!하면 게임 끝이다. 무슨 말이 더 필요한가.다동에서 육개장으로 유명한 곳이 이화수랑 여기인데 나는 개인적으로 대파보다 고기양이 푸짐하고 덜 자극적인 이곳에 한표주고 싶다.,맛있다
29,부민옥,Juan,"*요약: 이 정도면 소주팔려고 개업하신게 아닌가 하는 메뉴들 가득, 깐양과 육개장이라면 소주 안시킬 수 없지. Since 1956년, 어느덧 66년 역사와 전통의 부민옥은 메뉴 사진을 보자마자 가고 싶었던 집. 깐양 특유의 그 기분좋은 꼬릿한 향이 사진으로도 전해지는 것 같았다.  지금까지 5번 방문했는데 웨이팅이 있었던 적은 없고, 1층과 2층으로 자리가 꽤 많은 편이라 줄 설 걱정은 별로 없다. 들어가자마자 종로의 직장인과 낮이든 밤이든 얼굴 발간 취기가 만연한 아저씨들이 소주를 기울이고 계시는 정겨운 풍경이 있다.  시그니처와 같은 육개장과 양무침을 주문(갈 때마다 다른 걸 시켜볼까 하지만 아쉽게도 ... ㅠㅠ). 내공있는 밑반찬 멸치볶음, 김치와 함께 양지육수에 파를 넣고 끓인 서울식 육개장을 술국 안주삼아 소주와 함께 들이킨다. 담백하게 맛있는 국물이 좋다.  이내 투박하고 심플해보이는 시그니처 양무침이 나온다. 통깨마저 터프하게 뿌려둔 양무침을 간장양념에 찍어 먹으면 고소한 냄새가 확 퍼지고, 내가 소주잔을 어디뒀더라 아재 빙의해서 말에 멜로디 넣을 지경이 된다.  양 특유의 향이 기분좋게 혀끝에 감돌지만 부드럽고 쫄깃하고 그러면서 잡내는 없고 혼자 완벽하게 제 역할을 다한다. 매번 갈때마다 1차로 충분한 역할을 해줘서 알딸딸하게 걸어나오곤 했다. 부산찜이라고 이름붙은 해물찜과 수육도 훌륭하다고 하는데 다음번에는 4명 이상 가서 주문해보고 싶다. 잘먹었습니다!",맛있다
30,부민옥,동그래밍,수요미식회에도 방영된 맛집이라고 했는데 기대가 컸나봐요..점심시간에 방문하니 메뉴가 육개장이어서 그런지 직장인 아저씨들이 되게 많았고 매장은 어둑어둑 했어요. 애초에 조명이 밝은편이 아닌 것 같아요.제가 방문한 날만 그런건지는 몰라도 국이 너무 짜서 물을 엄청 마셨어요. 같이 가서 육개장 시킨 일행들도 다 짜다고 그랬어요ㅠㅠ 인터넷에선 인생 육개장이라고 하는데 반찬은 김치랑 멸치  두개뿐이고 국은 너무 짜고 가격에 비해 맛있다고 느껴지진 않았어요,별로
31,부민옥,우이리,비빔밥 9000나물들이 조화롭고 맛있네요.고추장은 그릇에 들어있는데 저에게는 맵기도 간도 적당한듯 합니다. 고추장 때문인지 은은한 닷맛도 느껴지는거 같아요. 사이드 육개장도 달달한 대파가 듬뿍 들어있어서 좋네요. 국물도 너무 칼칼하지않고 시원하네요.,맛있다
32,부민옥,클로드,"육개장으로 아주 유명한 부민옥을 갔다왔습니다. 처음 먹었을 때는 조금 당황했습니다. 지금껏 먹어왔다 육개장 중에서 제일 파와 고기가 많았지만, 맛은 육개장과 소고기 무국의 중간에 있는 듯 했습니다. 뭔가 밍숭맹숭한 느낌이 들다가도 깔끔하게 시원한 맛이 육개장에서 느껴지는 경험이 새로웠습니다. 사실 저와는 잘 맞지 않는다는 느낌이 들었습니다. 하지만 그 다음 날이 되니 그 맛이 다시 생각났습니다. 마치 평양냉면을 처음 먹었을때 같은 육개장, 부민옥이었습니다.",괜찮다
33,부민옥,고바마,"시청 뒤, 다동 음식 골목에 위치한 아제 입맛 끌어들이는 오래된 노포입니다. 대표 메뉴는 양무침인데, 소(小)가 33,000원 중(中)이 47,000으로 가격은 비싼 편이지만 양은 많은 편입니다. 재료가 잘 손질되어 냄새도 없고 깔끔합니다. 하지만 자극적이지 않고 다소 심심해서 맛은 아제들도 호불호가 갈립니다. 저는 곱창전골이 술 안주로는 더 좋은 것 같습니다. 술국은 양과 선지가 들어간 다소 맑은 국물인데 양무침과 같이 주문하면 좋습니다. 모듬전은 막걸리에 어울리고 맛은 평범합니다. 주차는 가게 앞에 가능하고, 룸도 있어서 모임을 하기에도 괜찮은 편입니다.",맛있다
34,부민옥,큐그,오랜만에 맛있고 부담스럽지 않은 육개장을 먹을 수 있었습니다. 전 매운 것을 잘 못 먹는데 맛있게 먹을 수 있는 육개장이었습니다. 맛은 깔끔하며 파가 많이 들어있습니다. 고기도 제법 있습니다. 다른 여러 메뉴들도 있었는데 다음에는 다른 메뉴들을 먹으러 방문 예정입니다. 기회만 된다면 가봐야 할 식당이라고 생각됩니다. 재방문 의사 있음.,맛있다
35,부민옥,서울푸디,- 한줄평: 시원한 육개장- 주문 메뉴: 육개장,괜찮다
36,부민옥,두부,고기도 적당히 주긴하는데 거의 파개장 급 ㅋㅋ 진짜 얼마나 들어가는지 알고싶을정도 점심시간에 부담없이 먹기 좋은데 내가 앉은자리 나무벽에서 나는 냄새인지 우리집 강아지 응가냄새? 그런비슷한냄새가 자꾸 스멀스멀 올라와서 ... 빨리 먹고 포기하고나옴 ㅠㅠ 왜이런 시련을,괜찮다
37,부민옥,신승수,개안음,괜찮다
38,부민옥,브라더,어르신들 많이 계시던데 육개장 내 입맛에는 그닥..,괜찮다
39,부민옥,치키붕붕,부민옥은 할배 입맛의 충성을 받으세요.• 육개장 (9천): 대파와 소고기가 엄청 많다. 국물이 깊고 진하며 맵지 않다. 대파 덕분에 약간 달달 새콤하다.양지? 우둔? 아무튼 소고기도 부드럽다.즈으으으응말 맛있다... 술 먹고 다음 날 가면 백 배는 더 맛있다.할배입맛이고 안 맵고 슴슴한 맛을 좋아하는 나에게 이건 정말.. 소울푸드...4명 이상이라면 양무침도 주문하길 추천.노포인데 리모델링을 했기 때문에 불편함이 없다.,맛있다
40,부민옥,최은창,"부민옥의 사장님 스페셜사장님 맡김차림옷도 TPO 에 맞춰 입지만 식당도 TPO에 맞추는 것 중요하다. 연말이 가까와 오면 소원하던 친구들도 만나게 되고, 가까운 동료, 선후배도 한 자리 할 기회가 생긴다. 나이 들수록 저녁을 내야 하는 모임도 많아지기 마련. 그런데 요즈음 음식값이 천정부지 아닌가. 그래도 한 번 막역한 이들에게 내고 싶을 때. 걱정이 앞선다. 어디서 낼까. 양무침과 육개장으로 유명한 서울중심 다동의 부민옥. 여기에 사장님 맡김차림이 있는 건 아마 잘 모르실 것이다. 인당 3.5. 제 제자가 사장님과 가까워 이런 코스를 모임에서 한 번 내었는데 인기가 너무 좋아 이젠 모임에 참석했던 다른 사람들도 조르면 해 주신다. 고교동창 모임, 제자들 모임에 애용 중이다. 양무침. 양도 있지만 벌집위와 처녑이 주인데 참 촉촉하게 부드럽고 맛있다. Trippa에 비할소냐. 양념이 과하지 않고 적당히 삶아 재료 본연의 맛을 즐기게 해주는 배려. 고마운 오픈 게임. 콩나물과 선지가 들어간 국은 리필 가능인데 여기에도 소의 위장이 넉넉히 들어가 허기를 충분히 채운다. 밑에 선지가 넉넉히 깔려 있다. 이 두 가지만으로도 친구들과 회포를 푸는데는 그만이다. 나머지 음식은 전적으로 사장님이 그날그날 알아서 낸다. 어떤 때는 회도 주시고, 편육, 수육, 곱창, 황태구이 등등 맛난 찬 푸짐하게 골고루 내신다. 거북손도 주신 적이 있다. 맛난 음식을 조금씩 먹는게 시류아닌가. 사장님의 푸근한 웃음 같은 음식으로 밤이 깊은 줄 모른다. 연말에 친구들과 동료들과 함께 다운타운에서 모이기 좋으니 이 리뷰 보신 분들 사장님께 졸라 보시라. 흔쾌히 해 주시리라 믿는다.",맛있다
41,부민옥,권오찬,"* 한줄평 : Since 1956, 감동스런 국밥 한 그릇1. 서울에서 가장 오래된 음식 거리 중 하나가 바로 이 식당이 소재한 무교동•다동 골목이다. 한국전쟁 후 사대문 안 중심으로 정치와 경제가 돌아가던 시기 국회의사당은 현재 서울시의회(서울시청 길건너) 건물이였고, 유수의 언론사와 금융기관이 무교동과 다동을 중심으로 포진해있었으니 경제가 산불처럼 융성하게 들고 일어나던 시기 이 동네는 대한민국 최고의 유흥가이자 먹자 골목이였더랬다.2. 1932년 개업하여 서울식 추어탕을 내는 용금옥 리뷰에서 다뤘듯이 이 동네의 영화는 대단했었는데, 남포면옥과 철철복집, 산불등심, 북어국집 등 수십년된 노포들이 모여 아직 왕성한 생명력을 유지하고 있다.3. 이 식당이 개업한 시기는 1953년 휴전한 한국전쟁의 그림자가 채 가시지 않았던 1956년이다. 못 먹고 못 입던 시절이였으니 악착같이 아껴야 했던, 이른바 경제 회복의 염원이 절실했던 시대이다. 4. 난 당연히 상호가 부자(부) 백성(민) 집(옥)을 사용하여 시대적 염원을 반영했다고 생각했었는데 메뉴판에서 <부산찜>이라는 음식을 발견하고 이 식당의 기원이 부산 서구에 위치한 <부민동>이 아닐까 하는 추측을 해보았다. 그도 그럴 것이 음식에 지명이 포함되어 있다는 것은 <해당 지역의 특산물을 지역에서 먹던 방식으로 조리>했다는 것을 의미한다. 실제 나중에 자료를 찾아보니 큰사장님(창업주의 안주인)께서 장사를 시작한 곳이 바로 부산이였다고 한다.5. 부민옥의 무적메뉴는 양무침과 육개장이다. 소의 위장을 일컫는 <양>은 잡내를 없애고, 내장 특유의 쫄깃함에 부드러운 식감을 더하는 것이 관건이다. 누구나 만들 수는 있되, 맛있게 조리하기는 어려운 부위이다.이 집의 육개장은 맵칼한 대구식이 아니라 양지를 결대로 찢어내고 대파를 뭉턱뭉턱 잘라 시원하게 끓인 서울식이다. 서울식 추어탕을 논할 때 인근의 용금옥이 빠지지 않듯, 서울식 육개장 이야기가 나오면 첫번째로 언급되는 식당이 바로 부민옥이다.6. 오늘 내가 경험한 음식은 양곰탕이다. 숙취를 해결하고자 들렀는데, 뽀얀 국물의 담백함을 즐기고자 양곰탕을 주문하였다.냉면 그릇 크기에 설렁탕 느낌의 국물이 한 가득, 위로는 쫑쫑 썰어낸 대파가 한가득이다. 수저를 넣어 휘휘 돌려보니 건져올리는 수저마다 양 한두점이 딸려올 정도로 인심이 후하다. 7. 양이라는 부위를 구이로도, 탕으로도 여러번 접해봤지만 이 집의 양곰탕처럼 만족스러웠던 적은 없었다. 특제간장에 찍어 우물거리면 몇번 씹지도 않았는데 부드럽게 식도로 넘어간다.# 추가잡설노포의 가치가 재조명받은지 불과 십여년이 채 되지 않았다. 내가 직장 생활을 시작한 2002년만 하더라도 식당이 방송 컨텐츠로 활발히 소개되던 시기도 아니였거니와 보수적인 시골 마을에선 아직 남자가 부엌에 들어가던 것이 터부시되었던 시대이다.이제 노포는 추억을 반추하는 노익장들의 전용 공간이 아니라 방송을 보고 찾아온 젊은 세대가 함께 어우러지는 공간이다. 대부분의 노포가 <00옥>이다 보니 그런 상호의 노포를 찾아다니는 2030 젊은이들을 <옥동자>라고 부른단다. 실제 식당에 가옥(옥)자를 사용하는 것은 일본 문화의 영향이고 1960년 이전 개업한 식당이 대부분 이런 식으로 상호를 지었다. 을지로의 <우래옥 ; 1946년 개업>, 우래옥의 이웃인 설렁탕 식당 <문화옥 ; 1952년>, 다동의 <용금옥 ; 1932년>, 종로구청 앞 <청진옥 ; 1937년>이 바로 그 예이다.",맛있다
42,부민옥,맛되디,"<개장 이야기>모르는 이가 없는 대중적인 음식이자 장례식장의 음식이기도 한 육개장. 어원은.. 충격적이겠지만 개고기를 넣어 끓인 고깃국, 개장국이다. 애초에 개고기의 강한 냄새를 잡기 위해 각종 야채를 넣어 얼큰하게 끓이는 지금의 육개장 조리법이 탄생했다나뭐라나. 시작은 그렇게 개장국이었던 것이, 조선중기 즈음부터 좀더 고기 효율 좋은 소고기로도 만들어지기 시작했는데, 이게 오늘날 육개장의 모체로 추측된단다(과거부터 소고기가 들어간 음식은 별다른 표기없이 고기육자를 썼다고 한다)..  현대에 들어 식문화 서구화로, 거부감이 덜한 소고기로 만드는 육개장으로 개장국이 빠르게 대체되어가며 지금은 육개장만이 대중적으로 살아남고, 자리잡게 된 것.소고기를 쓰는 육개장이 처음 탄생하고 번성하기 시작한 건 경북지역, 특히 경상감영이 있어 소 도축이 잦았던 대구라지만, 다른 지역들도 각자 지역에 맞게 발전시켜온 고유의 육개장이 있다. 대파듬뿍 넣는 서울식육개장, 제주의 고사리육개장, 사찰의 채개장 등이 대표적.그 중에서도 서울식 육개장은 다른 나물, 채소류를 전혀 넣지않고 대파만 수북히 때려넣어 달달하면서도 깊은 맛을 내는 것이 특징. 맵고 얼큰한 맛은 토란대, 고사리로 얼큰하게 끓인 경북식 육개장보다 덜하지만 경북식과는 또다른 매력이 있어 많이들 찾는다고ㅎ고기를 그리 좋아하지 않지만, 육개장은 그래도 좋아하는 편이라 서울식육개장을 언제고 먹어보리라 하는 마음은 늘 있었다. 다만 기회가 없어 죽 못 먹어본 채였는데, 회사인근에 제대로 하는 곳이 있다하여 찾아갔고.. 드디어 먹어봤다. 서울식 육개장! 오늘 리뷰의 주인공, 부민옥에서ㅎ이 집도 을지로 대표 노포들 중 하나. 외관 리모델링은 한 번 해서 아주 오래되보이진 않는다. 내부에 들어서면 노포특유의 연식이 느껴지긴 하지만 말이지.점심시간 땡하자마자 갔는데도 이미 어르신들, 직장인들이 가득 들어차 맛나게 식사중이셨다. 운좋게 한테이블 분들이 우리 입장과 동시에 계산하러 나오셔서, 웨이팅 없이 빠르게 착석성공ㅎ위생이나 서비스는 솔직히 좋진 않았다. 그래도 뭐 정말 심하게 선넘는 정도 아니면 잘 참기도 하고, 맛있으면 봐준다 마인드로 일단 기다려.. 5분 정도 뒤에 뜨끈뜨끈 육개장이 서빙됨.비주얼은 확실히 독특했으니.. 덜 빨갛고 육개장하면 생각나는 고사리도 없고ㅎ 그리고 파! 정말 큰 통짜 파가 파도파도 끝없이 나올 만큼.. 수북히 들어있었다. 고기는 업진살같은 기름 좀 붙은 부위가 아닌 쭉쭉 찢어넣은 양지고기가 제법 섭섭치않게 들어간 느낌이었음.파맛으로 엄청 달겠지? 생각하며 한숟갈 떴는데 기대보다 엄청 달진 않았던 듯. 그런데 먹고 또 먹고 하다보니 느껴졌다. 은은하게 단 맛.처음부터 막 '와 이거 정말 맛있어! 이런맛 처음야 너무 맛나'하면서 허겁지겁 먹게되는 맛은 아니다. 아닌데.. 먹을수록 부드럽고 깔끔하고 자꾸 손이 가는 그런 맛인 건 맞다. 사실 첫숟갈엔 살짝 실망감도 있었는데 먹을수록 아니네..맛있네 생각이 올라오는 신기함이란.. 결국 하나도 안 남기고 싹싹 맛있게 먹고 나왔지뭐..비위생과 불친절을 감수하더라도, 찾아가 볼 법한 집인 건 맞는 것 같다. 먹어본 육개장과는 다른 음식 같은 느낌도 있었지만 그 느낌 나쁘지 않았다. 좋았다. 재방문의사 있다. 그리고, 내기준 맛있게 먹는 법 추천하자면 밥 말지 말고 홀짝홀짝 떠먹어가며 밥이랑 따로따로 먹어보길! 사람마다 다를 수 있으나.. 난 뭔가 그렇게 먹어야 더 맛있을 맛이라는 감이 왔구, 실제로 그렇게 먹었더니 정말 맛있었거든 ㅎㆍㅎps)육개장이 어쩌다 장례식장을 대표하는 음식이 되었을까에 대해서는,  다음 세 가지 설이 있다.1. 오랜시간 진행되는 장례식에서 상할 걱정 없이, 계속 끓여 손님 받기 좋은 음식이어서2. 육개장의 적색이 잡귀가 들러붙는 걸 막아줘서3. 자극적인 육개장이 조문객들의 슬픔을 잠시나마 잊게해주는 효과가 있어서 나무위키 참고!",맛있다
43,부민옥,Yoop,먹을만한곳이에요양도 괜찮습니다,괜찮다
44,부민옥,chanwook_ie,대파가 듬뿍 들어간 육개장이라 국물에 단맛이 제법 강하다. 결대로 찢어 넣은 소고기 양지는 먹어도 줄지 않을 만큼 푸짐해서 밥은 반 공기만 먹었다.흔히 알고 있는 육개장과 달리 고사리가 없고 국물이 뻘겋지도 않지만 오히려 자극적이지 않아서 입맛에 더 잘 맞았다. 대구의 소고기국밥과 닮았다.,맛있다
45,부민옥,예랑,"한줄평: 뜨끈하고 푸짐한 양곰탕 육개장 국물이 중독되는 다동의 60년 노포.이 동네는 그냥 걷다가 발에 채이는 식당마다 다 노포다. 북엇국집도, 짬뽕집도, 중국집도 다 노포다. 그중에서도 60년 넘는 내공을 자랑하는 곳이 있었으니 바로 <부민옥>이다.⠀1956년 문을 연 이곳은 한우와 부속물을 사용한 식사/요리가 유명하다. 대표메뉴로는 육개장, 양곰탕, 양무침, 사골 우거지 등을 꼽을 수 있다.⠀첫 방문이다보니 무엇을 먹을까 고민을 많이 했다. 그랬더니 일행분이 육개장을 주문하겠다고 해서 나는 양곰탕을 주문했다. 사실 동물 내장 냄새에 약한 편이긴 하지만, 오발탄에서 먹던 양대창 구이를 생각하니 먹을 수 있을 것 같단 생각이 들었다.⠀양곰탕은 한그릇에 1만원인데, 그만큼 양이 꽤 많다. 한 사발 가득하게 나온다. 안에 양이 엄청 들어갔으며, 송송 썬 대파도 듬뿍, 그리고 당면도 가득 들었다.⠀일단 국물을 한 숟갈 떠봤다. 깊은 육수의 맛이 먼저 느껴진다. 뽀얀 국물이 마치 곰탕 국물같다. 그런데, 흠... 소 누린내가 꽤 올라오는 편이다. 못먹을 정도는 아니었는데, 약간 부담이 됐다. 같이 준 깍두기 국물을 넣었더니 그 냄새가 완화됐다.⠀양을 먹어봤다. 여기서도 냄새가 조금 나긴 했는데, 같이 준 김치와 깍두기랑 먹으니 냄새는 잡아진다. 일단 맛으로는 훌륭하다. 식감이 매우 야들야들하다. 삶아낸 양이 이런 맛이구나. 같이 준 간장 양념에 찍어도 맛있다.⠀그리하여 깍두기 국물을 넣은 국물에 밥을 말아 먹었다. 속이 든든해진다. 옛부터 고깃국물을 먹어야 힘이 난다고들 하셨는데, 이거만 먹어도 힘이 나는 듯 하다.⠀육개장도 한 입 먹어봤다. 하나도 맵지 않았다. 매운 음식에 약한터라 매운 육개장이면 어쩌지 싶었는데, 전혀 아니다. 심지어 국물에서 깊은 맛도 느껴진다. 깔끔하고 육수 맛이 깊은. 그 위에 손가락보다 두꺼운 대파와 육개장 고기를 찢어 먹어도 참 맛있다.⠀처음 경험해본 양곰탕의 맛. 이곳에는 남녀노소 할것 없이 많은 이들의 배를 채워주는 국물의 맛이 있었다.",맛있다
46,부민옥,쓰피겔,양곰탕도 양무침도 너무 맛있어요,맛있다
47,부민옥,류청하,양무침이 주력인 집인데 점심에만 가서 국밥종류만 먹어보았다....하지만 밥종류도 충분히 맛있는집이다. 양곰탕은 양이 정말로 많이 들어있고 가격값을 하는 메뉴다. 소주한잔이 절로 생각나는 메뉴. 곰탕이 이럴진데 무침은 어떨지 상상이 가지않는다.선지국은 선지가 안보여서 육개장을 잘못주신줄 알았는데 숙주가 너무 듬뿍담겨있어서 밑에 선지가 보이지 않았던 것이었다..... 육개장 고기도 큼지막해서 전체적으로 혜자롭고 인심이 후하달까. 가격도 꽤 나가지만 그 이상으로 퍼준다.맛은 3메뉴 다 전체적으로 꽤나 심심하고 그런점에서 육개장은 좀 아쉬웠다. 그래도 같이 나오는 김치나 깍두기랑 같이 먹으면  환상의 짝궁이다. 어르신들이 좋아할 맛이고 실제로도 나이드신분들이 많이 찾아오신다. 멸치볶음은 똥을 안 뺀 대멸치를 볶아주는거라 그저그럼....맛집이지만 식당 전체에서 곰탕 특유의 누린내가 풍기는 것은 마이너스 요소. 5분지나면 별 상관하진않지만 들어갈 때 흠칫하게 된다.사족으로 이모님들 서빙내공이 대단하시다. 자리에 앉기전에 주문했는데 내자리로 턱하니 국밥이 오고 다먹고 아무말 없이 다가가도 척하고 계산서를 주심. 젊은이 혼자 다녀서 기억해주시는건지도 ㅋㅋ #아무리뷰,맛있다
48,부민옥,Ms.Gourmet,[19.12.30.] 종각/시청 육개장 맛집60년 넘는 전통과 ㅇㅇ미식회에도 나와 이미 유명한 부민옥기존에 먹던 숙주나물과 고사리가 있지 않은 고기반 파반의 육개장육개장을 먹는 내내 고기가 계속 나와서 배부르고 만족스럽게 먹을 수 있었다. 이거 먹으러 굳이 종각에 올 의향이 매우 있다 :)참고) 브레이크타임 있음!! (14-17시),맛있다
49,부민옥,망플홀릭,"왠만하면 리뷰 안쓰는데 위생이 최악이다.컵, 그릇 등 고추가루는 기본이고 (거의 모든 컵 및 그릇 다 붙어있음), 맥주마시다가 보니 컵 안에 오렌지 씨 뱉어놓은거 세개가 컵 바닥에 붙어있었음.. ""즉, 설거지를 아예 안한다고 볼 수 있음""양무침, 육계장, 모듬전 시켰는데 너무 더러워서 결국 불편하게 먹다가 체하고 반도 안먹고 나왔음",별로
50,부민옥,먹방꼬북,양곰탕..! 양이 진짜 많이 들어있다부들부들 양 양념장에 찍어먹으면 꿀맛,맛있다
51,부민옥,먹칼라,"양무침, 양곰탕, 육개장을 먹어봤습니다.양무침은 초무침에 가까운 느낌으로 양파와 부추와 먹으면 맛있었고 부드러웠습니다.양곰탕은 슴슴한 맛에 역시나 양이 매우 부드럽게 삶아져 먹기 좋았습니다.육개장은 제일 기대를 안했는데 다른 분들이 말씀해주신 것처럼 깊은 국물에 고기랑 야채 모두 넉넉히 들어있어 맛있었습니다.사람이 너무 많고 손님의 연령이 대부분 높아 정신없는 분위기지만 한 번쯤 가 볼 만하다고 생각합니다. 양은 많은 편입니다.",맛있다
52,부민옥,또바기,양의 양이 정말 많다,맛있다
53,부민옥,LeeHaksu,큼직하게 썰려서 푹 우려내진 부드러운 파와 잘 찢어진 쇠고기가 듬뿍 등어있는 육개장. 집에서 어머니가 한솥 가득 끓여주시던 육개장의 느낌이 있다.,맛있다
54,부민옥,Kuhn,"양무침 정말 맛있어요. 육개장도 맛있어요. 그냥 다 맛있어요. 근데 가격 조금만 더 싸면 좋을 것 같아요.이 집, 서울미래유산으로 지정되었더라구요. 백번 동감합니다. 이 맛은 보존해서 후손들에게 물려줘야해요. 양무침과 육개장은 정말 패트와 매트처럼 찰떡궁합! 소주가 술술~~",맛있다
55,부민옥,우이리,육개장과 양무침(소)소자가 왜 이리 양이 많은지. 그리고 무침은 간간한게 양념장 없이도 먹겠더군요. 고소하면서 쫄깃하니 맛있었습니다. 약간의 냄새가 있어도 즐거웠습니다.육개장은 서울식으로 고사리 없이 대파와 양지위주로 시원하고 맛있었어요.,맛있다
56,부민옥,benedetta,"/양무침/육개장/아재입맛을 너머 할배입맛에 가까운곳ㅋㅋ시청역 북어국이나 곰탕 추어탕같은 많은 십수년의 국밥집들이 쟁쟁한 가운데ㅋㅋ할아버지, 회장님같은 분들, 유난히 이구역 고연령대를 흡수하고 있는곳.양무침은 경상도식 음식이란다. 잘 손질한 소 양을 채소와 고추가루 양념으로 무쳐내서 뭔가 뜨뜻하고 보드라운 것이 감칠맛..약간 천엽이나 짤라 비슷한 식감인데 암튼 흔히 먹어보기힘든 식감.하나만 먹기에는 약간 먹다보면 물리는 것도있고 주변테이블에 육개장은 머 거의 디폴트라서 육개장도 자연스럽게 시키게된다ㅋㅋ그리고 더욱 자연스럽게 소주도.1차로 온거라면 특히나 육개장 국물을 들이켜며 매콤시원한 맛을 즐기다가 밥을 말아 허한 속을 달래면 좋겠다.육개장은 무난하지만 양무침은 좀 스페시픽한데가 있어서 내 입맛이라고 하긴 좀 애매하다. 그래도 60년 내공에 숟가락은 담궈봐야지.",맛있다
57,부민옥,먹방꼬북,술이 술술점심에 먹는 육계장과 저녁에 소주랑 먹는 육계장은 정말 다른음식 같다 둘다 짱맛이다,맛있다
58,부민옥,조돼지,양무침 먹으러 갔는데 육개장이 선방했어요. 맑고 개운하면서도 깊은 맛이 나는 육개장!! 양무침은 호불호가 갈릴듯 한데 저는 한번 먹어본 걸로 족합니다. 새콤한 간장소스가 양무침과 잘어울리긴 했어요.,맛있다
59,부민옥,달려요달려,자극적이지 않은 육개장파의 단맛고사리와 무가 안들어감,맛있다
60,부민옥,먹방꼬북,달달하고 시원한 육개장... 깔끔하고 가벼운 느낌.대파랑 고기가 큼직큼직 많이 들어있다 대파가 너무 맛있다,맛있다
61,부민옥,YSL,육개장이 일반 육개장과 다르다고 해서 점심시간에 먹으러 가봤다. 확실히 파를 크게 썰어 통째로 넣고 국물을 우려내서인지 일반 육개장의 조미료맛은 안 났음. 근데 이날만 그런거인지 국물이 좀 짰음...ㅠ 다행히 사골우거지를 그냥 떠먹을까 여유로 시켜서 그거랑 같이 먹으니 좀 괜찮았는데 간만 좀 더 잘 맞으면 좋겠음. 오히려 우거지가 더 맛있었음.,괜찮다
62,부민옥,최종민,맛은 그럭저럭 괜찮았지만위생상태와 서비스는 말 그대로 개판 5분전.술 안시키고 사이다 시키면 돈이 어쩌니 하며 들으라는듯 혼잣말도 하는 점원. 반말은 기본옵션으로 장착하신데다가 벨은 왜 달아놓은건지 모르겠다대여섯번을 누르고 인내하며 10분 이상 기다려도 오지 않는다. 게다가 좌석별로 담당 점원제로 운영하는지 다른 점원은 주문도 받지 않고...허 참 ㅋㅋ게다가 국그릇엔 엄지손가락 아주 푹 담궈서 서빙해주니 그야말로 엄마손맛 가득하다. 비위가 약하신분은 여기에서 게임끝일지도.게다가 사람들이 찍어먹는 공용양념장에 계란을 현장에서 까서 잡수시며 입에 댔던걸 또 다시 찍어드신다. 그 양념장....손님들한테 종지로 퍼서 나눠주던데...그걸  그런식으로 관리하고.한마디로 서비스 개판. 위생개판. 맛은 괜찮다지만 이걸 감수할 정도는 아닌듯하다,별로
63,부민옥,최청하,❤️❤️❤️(5/3)아저씨들의 쏘주집?!양무침 시켰음. 맛있으나 좀 물린다...미나리가 많이 있었다면 더 좋았을지도 :)선지해장국도 시켰는데 국물이 맑아서 신기했음맛있었다. 매우 시끌시끌한 분위기임ㅋㅋ반찬으로 나온 김치가 맛있어서 계속 먹었당,괜찮다
64,부민옥,m.new,"양곰탕 - 고기가 많이 들어있었고 국물이 엄청 고소하고 맛있었다워낙에 순대국, 내장탕 등등 잘 먹어서 거부감 없이 먹었으나, 예민한 사람은 냄새난다고 느낄수도 있을듯? 새콤한 간장이 느끼함과 냄새를 잡아주는 느낌육개장 - 호불호가 갈릴것같다약간 신맛?이 느껴진다고 해야하나.. 일반적으로 먹는 칼칼한 육개장은 아니었다",맛있다
65,부민옥,JENNY ,"그 유명하다는 양무침을 드디어 먹어봤네요!역시나역시! 소문대로! 양무침 부들부들하면서도 쫄깃하고 간도 딱 좋아서 너무 맛있게 먹었어요. 조금 차게 먹어도 좋을 것 같아요, 좀더 쫄깃하니! 부산찜은 해물찜이었네요. 해물 종류는 많지 않았지만 콩나물 아삭하고 양념자체는 맛있었어요. 다음에 오면 양무침은 또 주문할거고, 유명하다는 육개장도 주문해보려구요.",맛있다
66,부민옥,EJ,"망플 리뷰보고 반해서 방문했던 곳. 사실 추운 겨울에 방문했는데 따뜻한 양무침과 소주한잔에 몸이 뜨끈뜨끈해진다.양무침 대짜(3.8만) 주문, 양이 넉넉하다. 양은 해장국먹을때나 먹게되어서 강한 양념 생각이 났는데 여긴 약간 들기름? 고소한 향이 나는 심심한 양념이다. 잡내가 전혀 없고 뽀얀 것이 이런 부위 처음 접하는 분들도 쉽게 먹을 수 있을 듯. 부들부들한게 입안에서 춤추다 녹는듯한 식감이 특히나 좋다.",맛있다
67,부민옥,뉴뉴/새새,"<2프로 부족한 종로 노포 터줏대감> 3.5/5 ★한참 맛있다와 괜찮다를 고민하다 맛있다를 누룰 수 밖에 없었다. 괜찮다를 눌렀으면 망고플레이트 평점을 위해서였겠다. 종로 노포 중 어느정도 과대평가된 감이 있음에도 불구하고 안정성있는 퀄리티 이라던지 양곰탕과 무침이라는 메뉴 선택, 그리고 최근 이전하고 발전한 위생상태 등의 이유 (그렇다고 이전 위생상태가 나빠보였다는 것은 아니다.) 로 맛있다를 골랐다. 해장앤 소주의 이미지가 어느정도 있지만 그보다는 밥집으로 애용하고 있다. 경남 출신 일행에 따르면 경상도 베이스로 깔린 느낌의 메뉴들이라 하지만 서울토박이라 잘 모르겠다. 육개장의 경우 칼칼하기보다는 어느정도 걸쭉 (?) 하고 기름진 맛이지만 또 이게 일품이다. 부드럽게 밥이랑 넘어서 넘어간다.  시그니쳐인 양곰탕 역시 종로에 오면 가끔 생각나는 국물음식. 양곰탕 역시 비교적 기름지면서도 부드럽다만 조금 비린 기억이 난다. 굳이 흠집을 찾자면 국물과 조화가 잘 안되는 밥 정도. 선지국 역시 맛있긴 해도 선지를 나중에 올리는지 국물과 따로노는 느낌을 받았었다.",맛있다
68,부민옥,형석,양무침과 해물찜으로 함께한 2차자리담백한 양무침과 매콤한 해물찜이 너무나 술안주로 어울리는 스타일 개인적으로 술을 잘 마셨다면 끝없이 먹지 않았을까 하지만 나는 왜 술을 못하는가...ㅠ오히려 탕이 궁금해 지는 곳,괜찮다
69,부민옥,맛난거먹쟈,"먹은 그 다음 1주일동안 계속 주변 지인들에게 먹어보라고 추천하고 다녔던 곳 :) 부산찜, 양무침- 양무침 진짜 쫄깃했어요!! 내가 쫄깃하단 말을 열심히 chewy라고 설명하고 다녔더니 말도 안된다고 계속 정정해줌ㅋㅋㅋㅋㅋㅋㅋ부산찜은 아구찜같은데 찾아보니 부민옥에서만 쓰는 이름인 듯하더라구요! 이것도 맛있었습니다여기 육개장 맛있다던데 다음에 다시가서 시도해보려고요!",맛있다
70,진주회관,연건동맛동산,"⭐⭐⭐⭐⭐콩국수 (13.0).""성인되고 첫 콩국수. 이정도면 100점!"".어렸을 때 나는 콩국수를 정말 싫어했다. 마트의 두부코너에서 어머니가 사오신 콩물. 밍밍하고 콩비린맛이 나는 콩물에 담긴 국수를 '건강'이라는 명목으로 먹어야 한다니... 하지만 이날 먹은 콩국수... 그동안 내가 콩국수라는 요리에 가졌던 오해가 미안해질 지경이었다. 정말 정말 맛있게 먹었던 한 그릇..콩국수에서 콩물이 얼마나 중요한지를 느꼈다. 이곳의 콩물은 콩과 견과류가 절묘하게 배합되어 걸쭉하면서 극강의 고소함을 자랑한다. 테이블에는 소금이나 설탕이 없다. 딱 완벽한 정도의 간을 이미 만들어 오기 때문. 우리가 할 일은 그저 젓가락을 들어 후루룩 국수를 먹는 것 뿐이다. 콩비린내도 없고 꾸덕하지만 면에 찰싹 달라붙을 정도의 적당한 농도, 그리고 가슴까지 시원해지는 온도. 정말 맛있는 콩국이었다..면은 특별한 것은 없지만 이날 마음에 들었던 것은 면의 길이였다. 다른 국수요리와 다르게 국물의 점도가 상당히 높기 때문에, 콩국을 머금은 면발을 길게 들어올렸다가는 젓가락에서 스르르 빠져나가기 십상일 것이다. 하지만 여기는 면발을 미리 잘라두어 콩국+면발의 무게를 조절한다. 한입 가득 국물과 면을 먹어보라는 배려일 것이다. 차게 식혀 나온 면발과 시원하고 고소한 콩국은 이날의 33도 무더위를 잊게 할 만큼 청량했다. 왜 콩국수가 여름의 음식인지를 느꼈던 순간..그리고 김치. 콩국에는 소금간으로 맛을 낸다면 김치는 달콤해 단-짠의 균형을 맞춘다. 양념 듬뿍 묻힌 김치 집어 국수와 먹으면 찰떡. 김치 추가를 부탁드리면 진짜 그릇 가득 채워주신다..어떤 음식을 먹고 하루만에 다시 먹고 싶어한 적이 없는데 이날의 콩국수는 리뷰를 쓰는 지금도 군침이 돈다. 얼른 다시 가봐야지...",맛있다
71,진주회관,굥이굥이,콩국수 생각날땐 진주회관이지요! 국물이 진하고 면은 쫄깃하고 1인 한접시씩 주시는 김치랑 같이 먹으면 꿀맛이에요!양도 많아서 든든합니다!여기 섞어찌개도 맛있어요! 1인분인데 양이 이렇게 많아요 부대찌개느낌인데 밥한그릇 뚝딱입니당!,맛있다
72,진주회관,Jinny,저희 가족은 여기를 여름마다 꼭 온답니다...콩국물이 그렇게 고소하고 부드럽고 맛있을 수 없고면은 얼마나 쫄깃한지요 ㅜㅜ근데 여름에 이렇게 차가운 걸 쫀득한 면이랑 먹으니 잘못하면 체해요... 꼭 급히드시지 않길 ㅎㅎ,맛있다
73,진주회관,ustar,콩국수가 이정도로 진하면 보양식인거다. 면은 남겨도 여기 콩국물은 숟가락으로 싹싹 긁어먹어야 한다. 콩국수에 설탕뿌려 먹는걸 선호하는데 서너숟가락 뿌려먹으면 달달한게 정말 너무 맛있다. 이집의 김치는 콩국수와 궁합이 정말 기가막힌다. 콩국수에 맞춰 만든 김치다. 김치볶음밥도 주문한 테이블도 있었는데 고소한 냄새가 굉장히 매력적이다. 다음엔 김치볶음밥도 시켜먹어 봐야겠다.,맛있다
74,진주회관,기린,콩국수는 아직 못먹어봤지만 섞어찌개도 맛있어요! 찌개는 1인분도 됩니다~!,맛있다
75,진주회관,옹,콩국수 못먹는 제가 완식을 했습니다.콩국수 헤이터들이 콩국수에 느끼는 장벽을 완전히 깬 곳입니다콩비린내 없고 콩 입자가 안 느껴질 만큼 곱게 갈아서 수프를 먹는 듯 합니다.좀 느끼할 때 쯤 김치가 그 느끼함을 잡아주는데 김치 맛이 엄청납니다.김치만 한가득 싸 오고싶은 그런 맛이었습니다.날 더워지니 은근히 또 생각나네요.,맛있다
76,진주회관,Luscious.K,"#서소문동 #진주회관""역시 우리나라 최고 수준의 콩국수: 대신 가격도 우리나라 최고 수준""서울에서 콩국수... 하면 많은 분들이 진주회관을 꼽는다.형제집인 여의도의 진주집과 함께 서울 최고의 콩국수로 알려져 있다.콩국수는 당연히 집에서 어머니가 삶은 콩에 물을 섞어 믹서에 갈아주는 것이라 생각했던 본인에게 진주회관의 크리미하고 실키한 콩물은 충격이였고 그 후로 콩국수의 기준이 되었다.진주회관은 거의 60년의 역사를 가지고 있는데, 사실 이집이 예전에 방송에 나온 것을 어렴풋하게 기억을 한다.당시 내용이 콩물을 만드는데 미국 <NASA>의 기술을 이용한다고 방송을 탔던 것 같다.사실인지 아닌지는 모르지만 이집 콩물을 가는 기계의 모터가 미국 NASA의 기술이라나? ㅎㅎㅎ이런 강력하고 빠른 모터로 열변성 없이 갈아내기 때문에 크리미한 식감과 함께 콩 공유의 맛이 잘 드러난다고....정확한 기억인지는 모르지만 이런 내용이였던 것 같은데, 사실이건 아니건 나에게 있어 가장 스텐다드하게 맛있는 콩물임에는 틀림이 없다.이집 콩물은 걸죽하고 실키한 느낌은 정말 좋다.과하게 견과류의 고소함이 느껴지지 않으면서 콩비린맛을 정확히 제어를 했다.아마도 땅콩 정도가 약간 포함이 되지 않았을까 생각이 든다.(완전 콩만으로 간도 없이 주는 집은 도산공원 건너편의 손국시의 맛이 남) 그래서 견과류를 많이 사용하는 집에 비해 견과류 껍질의 거친 식감은 전혀 없이 매끈하다.콩국수집마다 고소함의 차이가 나는데, 사용하는 콩의 종류도 영향을 주겠지만 추가로 넣는 견과류의 양과 종류에 따라 다르다.진주회관과 형제집으로 알려진 여의도 진주집도 진주회관보다 고소하기 때문에 배합비가 다를 것이고, 얼마전에 먹었단 강남 가람의 콩국수 역시 진주회관 보다 훨씬 고소한 맛이 강하다.그래서 그런지 진주회관에 와서 콩국수를 먹으면 콩국수 식성이 정화되는 느낌을 받는다.너무 고소함에 치중하는 콩국수의 세계에서 다시 원점으로 회귀하는 느낌이랄까?적절한 고소함과 실키한 콩국에 맞는 매끈한 중화면 타입의 면도 좋다.  자가제면은 아니겠지? ㅎㅎ어쨌든 정당히 쫄깃한 면빨이 콩국을 잘 받쳐준다.이집 콩물은 살짝 소금간이 되어 나오기 때문에 따로 소금을 칠 필요는 없다.다만 설탕의 맛을 더 살리기 위해서라면 약간의 소금을 더 넣고 설탕을 섞기 바란다.설탕의 단맛과 감칠맛은 비약적으로 상승한다.물론 본인은 가람에 상세하게 기술한 맛팁으로 맛있게 마무리했다 ㅎㅎㅎPS: 맛도 최고라고 생각하지만 가격도 역시 최고가인 듯 하다. 보통 1만원 수준의 콩국수가 여기선 13,000원이니 말이다. ㅠㅠ",맛있다
77,진주회관,Capriccio06,"콩국수로 유명한 진주회관. 진주에서 콩국수집 운영하던 사장님이 서울로 올라와 개업하신 후 지금까지 3대째 가업을 이어 운영중이다. 워낙 유명한 정치인, 기업인들이 단골이라고 소개되서 계속 유명하고 손님도 많은 것 같다. 콩국수를 많이 좋아하진 않아서 기대를 안했는데 확실히 다른집과 차별되는 진한 국물맛이 신기했다. 콩 종류에 따라 맛이 다르다고 듣기는 했는데 이렇게까지 진하고 고소한 느낌은 처음이었다. 강원도 일대에서 생산되는 100% 순수 우리나라 토종 황태콩으로만 계약 재배하여 만든다고. 1인 1접시에 김치 주시는 것도 신기했는데, 살짝 짭잘한 콩국수랑 단맛나는 김치도 궁합이 좋았다. 면이 소면보다 굵고 쫄깃한 쫄면에 가까운 느낌인데 진한 국물과도 잘 어울렸다. 가격이 좀 높긴 하지만 콩국수 좋아한다면 인상에 남을 만한 곳이긴 한 것 같다.",맛있다
78,진주회관,맛집탐험가,김치가 다했다!김치에 고기한점 먹어보면 소원이 없겠다ㅠㅠ 콩국수는 말해뭐해 국물 진하고 면발 탱글하고 맛있을거 당연히 알지만 사실 콩국수의 진짜 맛의 비결은 김치 아니겠는가..정말 김치 싸오고싶다,맛있다
79,진주회관,EJ,진주회관은 콩국수!라고 알고있는데 겨울엔 콩국수가 추울거 같으면 다른 식사메뉴를 먹을 수도 있다.부대찌개와 같은 섞어찌개가 있는데 특이하게 오징어가 들었다. 오징어와 쑥갓이 있어서 그런지 일반 부대찌개보다 시원한 맛이 있음.가격은 보통 부찌집 가격과 비슷한데 재료가 엄청 푸짐하다. 2인분에 사리추가없는 기본인데 햄이고 야채고 떡사리고 아주 듬뿍이라 이게 끓을 수는 있을까 싶음.국물 진하고 건더기 먹을거 많아서 점심에도 든든 저녁 안주로도 만족스럽다.,맛있다
80,진주회관,야미야미,"엄청 유명한 가게라 궁금해서 가봤다. 가게는 상당히 넓다. 젤 유명한 콩국수도 시키고 궁금해서 섞어찌개도 시켰다. 콩국수가 진하긴 한데 전체적으로 난 다 무난하고 달았다. 무난히 먹을 수 있네, 정도랄까.",괜찮다
81,진주회관,카나리아,꾸덕한 콩국수 :)근처 들를 일이 있었는데 마침 저녁 식사시간이라 궁금했던 진주회관에 들려봤어요. 여름이었는데 저녁이라 그런지 대기없이 바로 들어갈 수 있었습니다.콩국수 단일메뉴라 콩국수 한그릇 주문했는데요. 꾸덕하고 크리미한 콩국이 가득 들어간 콩국수가 나왔습니다. 진주집을 다녀온지 꽤 되어 그런지 진주집과 어디가 다른지는 잘 모르겠지만 맛있었어요 ㅋㅋㅋ 김치는 진주집보다 양념 양이 덜하고 덜 단 듯한 느낌이예요.여름에는 빼놓을 수 없는 맛이라 종종 갈 것 같네요 . 재방문의사O,맛있다
82,진주회관,왜말안하니,맛있다!,맛있다
83,진주회관,냠냠PD,"[한번 먹으면 계속 생각나는 찐~한 콩국수]콩국수 좋아하시나요?저는 사실 별로 좋아하지 않았는데진주회관 다녀오고 생각이 바뀌었습니다..몇십년째 맛집인 이유는 다 이유가 있는 것 같아요1. 콩국수 1.3콩국수가 뭐 이렇게 비싸?? 라고 생각하실 수 있지만 국물 한숫갈 떠먹어 보면 와. 이게 진짜 콩국수구나. 란 생각이 들 정도로 100% 국내산 콩으로 만든 진한 국물을 느낄 수 있습니다. 그리고 이집의 특이한? 비법이라고나 할까요, 면이 쫄면 면이라서 먹는 내내 절대 퍼지지 않고 더 탱글한 식감을 느낄 수 있습니다.2. 섞어찌개 0.9겨울이 되면 진주회관에서는 이 섞어찌개도 엄청 시켜드시더라고요! 사진에 있는 양이 1인분이랍니다. 엄청 많쥬? 각종 사리랑 오징어까지 그득 들어서 밥 한그릇 뚝딱하기 너무 좋은 것 같아요.사실 여름에 갔을때는 사람이 너무너무 많아서 정신이 좀 없었는데, 가을쯤 오니 손님도 그보단 적고 더 여유롭고 편안하게 먹은 것 같아요. 콩국수 좋아하신다면 진주회관 꼭! 드셔보세요!#먹어서응원",맛있다
84,진주회관,쓰피겔,진하고 비싼맛,맛있다
85,진주회관,Jolly,여름마다 가는곳여전히 맛있고 가격은 또 오른듯? 올해는 13000원이군요ㅋㅋ 그래도 퀄만 유지해줬으면 좋겠어요 콩국수 하나로 50년을 넘게 버텨온게 납득되는 맛 콩국이 진하고 고소한게 여의도 진주집보다 쪼금 더 나은듯해요 먹어본 콩국수 중에 제일 진하고 꾸덕해용 한그릇 뚝딱 하고 나면 원기회복 되는 듯한 느낌ㅎㅎ 김치와의 궁합도 너무 좋습니다,맛있다
86,진주회관,조선의장희빈,"100% 맛 보장, 최고의 콩국수집! 드디어 갔습니다!!- 역시 NO.1 콩국수 맛집- 쫄깃한 면발 최고 , 국산 김치- 빠른 회전율, 주차 가능콩국수 맛집 하면 빠질 수 없는 진주회관.⠀넓은 테이블에 청결한 식당 내부가 일단 마음에 듭니다.주문은 선결제로 해야하며 결제가 끝나자마자 5분도 안되서 음식이 나와요. ⠀콩국수가 살짝 황금빛이 도는데요,강원도에 재배되는 ‘황태콩’ 으로 만든거라고 해요.국물이 걸쭉하고 살짝 간처리가 되어 있는건지 짭쪼름 해서 굳이 소금, 설탕을 뿌리지 않아도 될꺼 같았습니다.⠀면도 콩가루로 반죽해서 만든거라 쫄깃한가봐요.그 날 기온에 따라 물의 온도도 다르게 해서 면상태를 늘 최상으로 유지해준다고 하는데 쫄면의 면보다 더 쫄깃한거 같았는데 완전 제 취향이였어요!(판매 한다면 구매각!!!)⠀1국수에 1김치 하나로 청결을 신경 쓰신건지 따로 주셨습니다! 겉절이 양념맛이 꽤 쎈데 중독적이였어요.김치도 요즘 말 많은데 재료 모두 국산이고 청결하게 만든다고 하니 더 마음에 들었습니다. ⠀콩국수를 경험하는 못한 분들도이 곳에서 처음 입문하시기 딱 좋을꺼 같고 여름이 가기 전에 시원하게 콩국수로 원기보충해도 좋을꺼 같습니다!⠀#진주회관 서울 중구 세종대로11길 26시청역 9번출구에서 100m평일 11:00 ~ 21:00,주말 11:00 ~ 20:00",맛있다
87,진주회관,장희,원래 막 선호하는편은 아니라서 콩국수를 굳이 찾아먹진 않았는데 유명하다길래 언제가지~ 하다가 한번 가봤다.결과는 대성공. 기대한 것보다 훨씬 맛있었다. 콩국은 말할 것도 없었고 면이 약간 전분있는 느낌으로 탱탱한 중화면 느낌이었는데 이것도 아주 좋았음. 김치는 좀 달달해서 취향은 아니지만 콩국이랑 먹는데 잘 어울렸다.,맛있다
88,진주회관,굿걸,여기가 왜 그렇게 대단하게 유명하고 맛있다고 하는지 이해가 잘 안갑니다...ㅎㅎ콩국수 맛만 보면 맛없지는 않고요괜찮은 편입니다.하지만 사장님의 마인드가 매우 별로였어요손님 많고 줄도 서는 곳이라 더 실망했어요매장의 직원 이모님들을 너무 하대하고손님이 많은데도 소리지르며 무안 주는 모습을 목격했습니다. 식사 하고 있는데 옆에서 큰 소리로 소리 지르니 음식이 코로 들어가는지.. 입으로 들어가는지....;;;아마도 이모님이 주문 메뉴를 헷갈려서 카드 결제를 실수하신 것 같았는데 아무튼 좀 그랬네요 ㅠ전형적인 갑질 사장 느낌이었어요,별로
89,진주회관,내일뭐먹지,"7년 전, 친구들과 함께 인생 첫 콩국수를 이 집에서 먹었다. 그 전까진 일반 백반집에서 콩국수라는 메뉴를 본 적이야 있지만, 콩국에 면을? 그런 음식을 왜먹지? 라는 생각만 할 뿐 시도해 볼 생각조차 해보지 않았었다. 그러던 중 맛집 찾아 다니는 재미가 생기면서 독특한 비주얼과 맛의 이벤트성 식당이 아닌 오랫동안 장인정신으로 장사를 해온 노포들에 관심이 가게 되었고, 이만한 업력을 자랑하는 곳의 콩국수는 어떨까 하는 기대감에 친구들을 이끌고 방문하게 되었다. 결과는 셋다 바닥까지 긁으며, 콩국수가 이렇게 맛있는 음식이라니!! 를 연발하면서 나왔다.7년이 지나 오랜만에 다시 진주회관에 왔다. 11시 오픈시간에 맞춰서 들어왔고, 금새 넓은 홀이 전부 찼다. 가격은 그전에 비해 5천원 가량 오른 13,000원. 평양냉면 때문에 이정도의 가격에 대한 단련이 돼 있긴 하지만 빡세긴 하다. 바로 카드를 가져가서 결제를 해 주시고, 거의 동시에 콩국수와 김치가 서빙 됐다.고명 하나 없이 뽀얀 콩국에 면만 덜렁 들어있는 비주얼과 김치가 끝. 정말 단순한 구성이다. 수저로 한입 떠 보니 7년 전 추억이 그대로 재현됐다. 소금 설탕을 치지 않아도 되는 고소하면서도 간이 부족하지 않은 진한 콩국과 탱글한 식감이 있는 면. 김치는 일반적인 한식집의 김치와 비교하자면 단맛과 아린 맛이 강한 편이나, 이는 콩국수와의 조화를 위해서 치밀하게 계산하여 설정한 맛이라 생각한다. 분명 김치만 먹기엔 거부감 있는 강한 맛인데, 콩국수의 고소한 맛 사이사이에 재미를 줄 정도의 맛이어서 괜찮게 어울린다.여의도의 진주집이 어떤 다른 맛을 가지고 있는지는 모르겠으나, 앞으로도 도심에서 콩국수가 먹고 싶다면 굳이 다른 콩국수 맛집을 찾아보지 않고 고민 없이 이 집으로 향하게 될 것 같다.(21.07.29 콩국수 13,000)",맛있다
90,진주회관,까마귀의 맛집 저장장치,"- 실망은 하지 않을맛- 찐한 콩국수 국물이라 호불호가 있는맛, 나는 개인적으로 이 찐한 국물이 좋다- 좋긴한데 구냥 소면이었으면 더 좋았을뻔했다(불지말라고 그러는건지 배달짜장면에 나오는 그 면 같다) - 김치는 달달하면서 약간 톡쐈는데 그 수준이 쉴락말락하여 여름날씨에 약간 긴장됐다- 평일 낮에 왔는데 폭염덕(?)인지 금방 입장했다- 점심운영 크루들 너무 프로페셔널하다!!!!!",괜찮다
91,진주회관,끼룩끼룩,"담백하고 진한 콩 국물을 선호하시는 분들은 한번쯤은 시도해보세요. 반찬은 배추 김치 하나입니다. 김치가 많이 맵지는 않습니다. 물론 사람 마다 매운 맛에 대한 기준이 다를 수도 있습니다. 단, 평일 낮에 점심 시간은 밖에서 십오분 이상 기다릴 각오를 해야 하는데, 햇빛이 강한 날은 더 힘들고 더 오래 기다릴 수도 있습니다. 토요일은 가계 앞에 공영 주차장은 유료이고, 일요일과 공휴일은 무료 입니다. 가계 앞에 내리막 길에 주정차 단속하는 360도 회전 줌 카메라가 있습니다. 부영이랑 한국은행 쪽 언덕 내리막 근방에 주차를 하는 경우들이 있는데, 주정차 금지 구역으로 위반 딱지가 속출하는 구역 입니다. 콩국수를 드시기 가장 편한 방법은 2호선 시청역에서 내리신 후에 9번 출구에서 50미터 이내에 가까운 곳에 있습니다. 콩국수 먹고 나서 사만원 주차 딱지를 받아 들고 나면 속이 부글부글, 끓어 오릅니다. 차라리 사만원으로 여름 날에 편한 택시를 타세요. 가격은 1만3천원 입니다. 면사리 추가 비용 있습니다. 여름 시즌 동안은 콩국수 단일 메뉴 입니다. 요즘에는 코로나 때문에 사진으러 QR 코드로 입장을 확인하거나 출입자 명부를 쓰는데 아이폰으로 사진을 찍어서 QR 인증하는 도중에 튕기는 경우가 있습니다. 묵직하고 진한 콩국물은 한번 맛보면 생각이 납니다. 배추 김치는 평범한 수준입니다.",맛있다
92,진주회관,snoopy,"간도 딱맞고, 쫄깃한 면발하며 세 식구가 가서 세명다 국물 한방울 남기지 않고 먹고 왔네요",맛있다
93,진주회관,전상욱,"인천 사는 나에게는 참으로 먼 진주회관평소에 너무 가보고싶었고 콩국수를 너무나도 사랑하기에주말찬스를 써서 다녀왔다너무 더운날이였고 웨이팅도 30분가량 하였기에 콩국수가 한껏 더 맛있어 졌으리라앉아서 콩국수를 시키려고 보니 12,000원 이였던 콩국수가 13,000원이 되어있었네뭐 괜찮다 맛집이니까 너무나도 맛있을테니까 이정도 가격쯤이야콩국수가 나오고 첫 입콩물은 담백했고 면도 쫄깃했다 맛은 있구나여기에 한껏 더 기대해 이런곳에 김치가 맛이 없을리가 없지한입, 아, 너무 달다내 예상과는 달리 달달한 김치였다 아....여튼 하고 말은 맛있었고 먹을만 했지만 김치는 좀 달고가격대비는 정말 쉽지않다13,000원 짜리 콩국수라니 여튼 한번쯤 드셔보시길",괜찮다
94,진주회관,숭이,"무더운 한여름 주말 점심에도 많은 사람들이 줄을 섰습니다. 전 콩국수 불호파인데,, 인터넷에수 콩국수 안 좋아하는 사람도 먹을 수 있다! 하여 방문했습니다.선불이고 13,000원(평냉보다 비싸다니.. 평냉보다 비싸다니!!)을 결제한 뒤 5분 좀 넘게 기다리니까 나왔습니다. 1인 1김치라 지인과 다툼없이 편하게 먹을 수 있고 소금이나 설탕은 요청하면 주십니다.전 기본 상태 그대로 먹었는데 첫입이 정말 신세계였습니다. 소면이 아니고 중면(얇은 쫄면 면 느낌)인 것 같았는데 면이 짭짤해 간이 잘 맞는다고 생각했지만 계속 먹을 수록 반복되는 맛에 재금,, 느끼해서,, 비싸지만 남기고 왔습니다.콩국수 좋아하시는 분들은 괜찮을 것 같습니다!",괜찮다
95,진주회관,토요미식회장,시청역 바로 근처에 위치해 있는 크고 오래된 대표 맛집이다.진주집 이야기를 할 때 이곳 진주회관이 자주 나온다. 대표 콩국수 맛집으로서 비교대상으로 입에 오르내리기도 하고 또 형제 분이 운영하는 곳이라고도 알려져 있다. 진주집을 두번이나 방문해서 블로그에 썼더니 진주회관을 블로그 댓글로 많이 추천받았다. 생각보다 정말 넓직하고 사람들 정말 많다. 쉴 새 없이 사람들이 드나드는 듯. 자리에 앉고 주문을 하면 선불로 진행된다. 스태프 분이 직접 카운터에서 계산해 주신다. QR코드 스타일이 특이하다. IT에 좀 무지한 나는 QR코드 리더기를 받아야 하는 줄 알았더니 그냥 사진만 찍어도 링크로 넘어간다. 그리고 이름이랑 전번을 쳐야 하는데 그게 잘 안되길레 그냥 이름을 써야 했다. 알고보니 카톡으로 인증번호가 오더라는 것. 솔직히 알아서 잘 해주는 것도 좋긴 하지만 여기서 안내를 좀 잘 해 줬으면 하는 부분이 좀 있다. 테이블에 안내를 좀 해 두면 서로 편하고 좋을 거 같은데?아무래도 다른 리뷰들을 봐도 스태프들이 그리 친절하지는 않다고들 한다. 와 보면 왜 그런지 대충 알 거 같다. 무언가를 할 때 안내가 좀 부족하다.나는 콩국수만 바라보고 왔다. 콩국수 12000원진주집 진주회관은 능라도 평냉 값 정도 하는 듯 하다. 진주집과 달리 만두 같은 메뉴가 따로 없다. 진주집은 두명이서 방문해서 콩국수 비빔국수 만두 이런식으로 바로 메뉴 구성이 될 듯 한데 진주회관은 딱 콩국수만 주문되는 듯.그 외에는 김치찌개나 섞어찌개 같은 메뉴들.콩국수랑 배추김치가 나온다.콩국수의 비쥬얼은 진주집과 매우매우매우 흡사하다. 두장 연달아 보면 못알아볼 거 같은 느낌.진한 국물도 비슷한데 살짝 미묘하게 다른 맛이긴 하다. 고소하고 짭쪼릅하기도 하고 진하고 살짝 단 느낌. 너무 맛있다.면도 적당히 쫄깃한 느낌 면은 진주집이 좀 더 쫄깃했던 거 같지만 여기도 꽤 쫄깃해서 좋다.배추김치가 너무 살짝 단 듯한데 국수랑 찰떡이다. 콩국수에 김치 한장 올리고 먹다보면 그냥 계속 끝도 없이 먹을 수 있을 거 같다.,맛있다
96,진주회관,outdoor박,"한그릇 13000원 선결제(좀마이 비싸)제가 아는 콩국수는 면따로 국물따로 노는맛이 여서 못먹겠더라구요. 난생 처음, 콩국수를 이집에서 한그릇 성공!!이집은 고명과 얼음을 빼고 콩가루로 만든 면에 크리미한 국물, 그리고 달달한 겉절이가 아주 조화롭고 면과 국물이 따로놀지 않았습니다. 단짠단짠☆ 맛있어서 면이 줄어들수록 슬퍼집니다.가격만 착하다면 종종 먹고싶어요",맛있다
97,진주회관,모모마무,"돈독 오른 느낌이나 맛은 있는....콩국수가 만 삼천원이라니 너무 비싸다.걸쭉한 콩물에 면발도 쫄깃해서 맛은 있었다.섞어찌개가 1인분도 가능해서 함께 주문.김치찌개는 1인 안되는데 섞어찌개는 된다.구천원이고 일 인분 치고 양이 꽤 된다.국물이 시원해서 웬만한 부대찌개 집보다 좋았음.김치는 직접 담갔다는데 역시 이런 집은 김치가 맛있다.콩국수는 여의도 진주집과 비슷하지만 진주집이 더 맛있는 듯. 비빔국수랑 먹으려면 진주집으로, 섞어찌개랑 먹으려면 진주회관으로.참고로 선불이다.",맛있다
98,진주회관,이나가,1. 진주회관입니다. 그냥 콩국수 집이라고 알았는데 항정살을 파네요. 주변을 아무리 둘러봐도 고기 굽는 사람이 없는데 저녁메뉴인가요? 2. 진짜 콩 + 국수인데 정말 잘 먹긴 했고 맛있게 먹긴 했는데 아마 재방문 하진 않을 듯 싶은 식당. 내 머릿속 콩국수 하면 약간 밍밍한 국물을시원하게 드링킹 하는 음식이란게 인상인데 여긴 간 되서 나오는 짭조름한 맛이네요. 그냥 음식으로서는 맛있지만 콩국수로서는 제게는 아닙니다. 어쩌다 또 먹을 순 있겠지만 콩국수 먹으러 가야지 싶어서 여기로 오진 않을 듯.. 그래도 맛있긴 합니다.,맛있다
99,진주회관,째니째니잰잰,한여름에 먹으면 더위가 싹 가시는 시원하고 녹진한 맛여름철 나의 최애 음식점나에겐 여름철 보양식은 콩국수다.사시사철 생각나지만 이 집 콩국수는 최고다(+김치)3월부터 11월까지만 판매되는 콩국수콩국물이 정말 진하고 맛있다.김치가 킬링포인트인데 같이 먹으면 달달한 맛이 배가 된다,맛있다
100,진주회관,스꾸비,[4.5/5.0]이 집 콩국수는 어렸을때에도 갔었는데 오래 기억이 남는 집이에요.그때에도 정말 면이 쫄깃쫄깃했던게 기억나요.성인되고 나서 가봤는데 비오는날이었음에도 불구하고 사람이 정말 많았어요. 콩국수를 좋아하는편이 아닌데도 면이 정말 쫄깃쫄깃하고 고소해서 계속 먹게되는 그런 맛입니다.,맛있다
101,진주회관,음식으로일기쓰는사람,"진하고 꾸덕한 콩국수~ 콩국수에 한창 빠졌을때 시청쪽을 지나가다가 이 집이 생각나서 들러봤다.~ 직장인 많이오는 식당의 특징인지, 손님 많고 그래서 그런지 특유의 틱틱거림? 친절도 불친절도 아닌데 뭔가 불친절한기분이 이집에도 있었다.~ 맛은 엄청엄청 꾸덕하고 콩 그자체의 구수함이 가득했으나 사실 엄청 맛있게 먹지는 못했다. 이유를 생각해봤는데 나는 좀더 국물이 넉넉한 스타일을 좋아하는구나 생각이 들었다.이 집은 파스타 소스마냥 꾸더억 해서 그런가 숟가락에 국물+면을 같이 올리는게 아니라 먹으면 먹을수록 콩소스+면을 올려먹는 느낌이여서 그랬던 것 같다. 차라리 콩의 비율은 좀 적을지라도 난 콩국수는 좀더 묽은게 맛있고 좋다.",괜찮다
102,진주회관,달려요달려,콩국수 하나도 안비림김치가 특이하게 맛남,맛있다
103,진주회관,Wandering Consultant,"평일 점심 방문.   서울시 미래유산 & 미슐랭 빕구르망으로 선정된 유명한 콩국수집. 식탁도 주황색, 아주머니들 유니폼도 주황색이라 가게 트레이드 마크가 주황색인가 싶다. 여름에 웨이팅이 길다고 들었는데 요즘 시국이 시국이다보니 사람은 별로 없는 편. 일반적으로 개인 QR코드를 가게에서 스캔하거나 수기명부를 작성하는데, 여긴 테이블에 붙여놓은 QR코드를 폰으로 스캔한 뒤 열린 링크에다가 직접 인적사항을 입력해야한다. 테이블마다 돌면서 어떻게 스캔하는지 잘 모르는 손님들에게 아주머니가 일일이 설명하시는게 입이 부르트실 것 같음.  ✔고명은 일체 없는 면과 콩국만 들어간 콩국수와 김치가 기본 세팅이다. 쫄깃한 면은 서로 너무 달라붙어있어서 떼먹는 게 좀 힘들었음. 마지막으로 먹은 콩국수가 2년 전 LA의 BCD Tofu의 콩국수라서 그걸 생각하고 갔는데, 진주회관의 콩국은 굉장히 크리미한 텍스쳐에 고소하고 느끼해서 완전 새로운 세계다. 기본 콩국에 간이 된 상태로 나온다. 김치는 너무 양념이 강해서 콩국수랑 같이 먹으니 김치 맛 밖에 안 느껴져서 그냥 콩국수만 먹음. 차라리 열무김치나 백김치를 곁들여 먹으면 콩국수 특유의 맛을 살릴 수 있을 것 같다.   - 콩국수 12,000원",괜찮다
104,진주회관,풀❤️,콩국수를 좋아하지 않지만진주회관 콩국수는 입맛에 딱 맞아가끔 생각 날 정도에요!!1인 1김치 주는데맛보면 바로 그 이유 알게 됩니당...ㅎㅎ최고존엄.....ㄷㄷㄷ점심식사 시간에는 주변 직장인들로 가득차지만생각보다 회전도 빠르고 자리도 많아서금방 앉을 수 있어요!2020-44,맛있다
105,진주회관,조돼지,내 입엔 소면 콩국수만 맛있다는 걸 확실히 알게 됐다.이곳이 유명 맛집인 걸 보면 정말 사람 입맛은 다양하다는 걸 다시 느꼈다.,별로
106,진주회관,왕십리탈출러,리뷰에 직원분들이 불친절하다고 많이 써져있어서 걱정했는데 한산한 시간에 가서 그런지 괜찮았다.뭔 콩국수가 12000원씩 하나 싶었는데 와 진짜 맛있다.국물이 진짜 진하고 고소하고 맛있다.면의 식감도 쫄깃하고 미쳤다.김치 메뉴가 왜 있나 했는데 김치도 맛있었다.만-족,맛있다
107,진주회관,그릭요거트볼,"한 번쯤 먹어볼 만한 진한 콩국물의 콩국수예요.단 맛이나 짭조름한 맛이 적당히 슴슴하게 간이 되어 있었어요.면은 쫄면스럽다 느낄 정도로 꽤 탄력이 있었어요.그리고 양이 정말 많았습니다... 반 정도도 간신히 먹은 것 같아요 저는ㅜ같이 먹는 김치도 콩국수와 잘 어울리고 맛있었습니다.다만 아쉬운 건 양이 많아 제가 많이 남겨서 더 그렇게 느끼는 건지, 먹으면서 꽤 물리는 맛이라는 생각이 많이 들었어요.면도 쉬이 넘겨지는 얇고 가벼운 스타일이 아니고 콩국물도 많이 진한 편이라 많은 양을 먹기에 좋진 않더라구요.콩국물을 진하게 느껴보고 싶다, 하시는 분들에겐 추천입니다.다만 가벼운 맛으로 즐기고 싶은 콩국수의 맛은 아니었어요.(가격도 마찬가지구요. 12,000원)",괜찮다
108,진주회관,chanwook_ie,작년에 이곳에서 콩국수를 입문했는데 올해는 그때에 비해 맛이 한참 못 미치는 것 같다. 최고가 콩국수인 만큼 맛이 그 정도인지는 잘 모르겠다.,괜찮다
109,진주회관,깽민,아무래도 여름하면 콩국수다. 내가 가장 좋아하는 여름 음식 중 하나다. 시청 쪽에 있는 콩국수 집인데 여의도에 있는 비슷한 상호의 유명한 콩국수 집과의 비교도 재밌다. 비주얼과 구성은 똑같다고 봐도 무방하다만 내용에 약간의 차이가 있다. 국물은 이 집이 더 취향에 맞았다. 크림같은 텍스쳐의 국물은 고소한 두유를 응축시킨 맛이다. 콩 맛이 제대로 느껴진다. 진주집에서는 콩국수보다 김치에 더 큰 감동을 받은 기억이 있는데 이 집 김치는 조금 아쉽다. 하지만 다시 방문한다면 둘 중엔 이 집에 갈 듯 하다. 콩국수 집인데 김치보다는 콩국물이 선택에 더 큰 비중을 차지하는게 맞지 싶다.,맛있다
110,통통김밥,당케쉔,"줄서서 사먹는다는 남대문시장의 유명한 김밥집 통통김밥.맛보기 떡볶이 1500원짜리를 추가해서 통통김밥 한 줄과 현미김밥 한 줄 데려왔다. 특징은 요즘 김밥 느낌의 (?) 밥은 쥐꼬리만큼 있고 속재료가 옆구리 터질만큼 들어있는 점.통통김밥 (오리지널)에 가득 든 야채조합도 괜찮았지만,현미김밥에 든 우거지와 김치 조합이 특히 좋았다.여기에 마일드한 오뎅국물이 더해지면 좋았겠지만 웬걸, 이건 (먹어본 일행의 말에 따르면) 식도가 타들어가는 엄청난 맵기의 오뎅국물이라 냄새만 맡고 바로 못먹었다. 아쉬웠다.맛보기 떡볶이도 매운 편이라 건더기로 들어간 대파만 조금 건져내 김밥과 먹었다. 김밥만 먹어야겠다.",맛있다
111,통통김밥,zzzzzo!,4~5천원에 이런 고퀄 김밥을 먹을 수 있는 곳이 있을까요? 가격대비 훌륭한 맛집이라 생각합니다.저는 건강현미 김밥을 제일 좋아하는데 묵은지와 시래기가 듬뿍들어가서 여느 김밥에선 먹어보지 못한 식감이 납니다. 주의 사항은 시래기류 김밥에서 아주 가끔 모레?같은게 씹혀요...샐러드 김밥도 처음 먹었을땐 밍밍하다 느꼈는데 나름 고소한맛이 매력입니다.김밥 크기자체도 큰데 내용물도 알차서 한끼식사로 부족하지 않습니다,맛있다
112,통통김밥,혜화얌냠이,"음뫄.. 매우 기대했는데 생각보단 별로였다 ㅠ 영업시간이 오전 7시~오후 4시 15분까지라.. 항상 시간이 안 맞아서 못 찾아가다 벼르고 가봤는데내 스타일과는 조금 안 맞으심.. 기본 통통김밥과 베스트메뉴인 매운오뎅김밥을 포장했다. 이름에 걸맞게 김밥은 아주 뚱뚱(?) 통통했다.재료는 신선했으나 전반적으로 좀 싱거웠고, 오이가!! 오이가!! 들어있는게 싫었다. 매운오뎅김밥은 고추장소스에 두꺼운 오뎅이 2개나 들어갔는데, 소스가 은근 중독성이 있었다. 기본 김밥이 좀 심심한 면이 강했기 때문에 다음에 간다면 부재료가 들어간 김밥을 먹어볼 거 같다. 하지만 오이들어갔지만 더 맛있는 모던김밥이 근처에 있는데 또 가게 될지 의문..",괜찮다
113,통통김밥,ethanghymn,"난 고소한 마요네즈 베이스의 샐러드김밥을 좋아하는데 이 가게는 지난번에 기미상궁님의 리뷰에서 본 샐러드 김밥이 좋아 보여 가고싶다에 세이브해뒀었다가 지난달인가 장마기간이어서 습한 날씨에도 들렀었는데 가는 날이 장날이라고 마침 여름휴가기간이었어서 발걸음을 돌렸던 기억이 있음.오늘 유튜브에선가 청와대에 납품했던 김밥을 파는 가게라고 해서 보니 가게 이름이 통통김밥이었고 이름이 어디선가 들어본 것 같아 생각해보니 지난번에 헛걸음을 했던 남대문시장의 여기 통통김밥이었음.주말 아침이다 보니 뭔가 김밥도 당기는 느낌이어서 여기 통통김밥에 들러보기로 하고 네이버지도로 보니 아침 일찍이어선지 길도 안 막히는 느낌이어서 차를 갖고 가기로 함.지난번에 여름휴가여서 닫았던 게 생각나 출발 전에 미리 전화를 해서 영업중인 걸 확인 후 집에서 출발을 함.길이 안 막혀 8시 반 경에 도착을 했고 난 샐러드김밥을 가족인원은 멸치김밥 그리고 어린가족인원이 좋아할 만한 신메뉴인 것 같은 스팸에그김밥을 활기찬 이미지의 젊은 이모님께 부탁드림.가격은 제일 기본 김밥인 통통김밥이 3,500원이고 프리미엄 김밥류는 5,000원까지 있었는데 대부분의 김밥류는 3,500원에서 4,000원대였고, 남대문시장에 있는 가게란 걸 생각하면 가격이 좀 비싼 느낌이었지만 네이버지도에서 보니 여기 본점만 있는 게 아닌 여러 지점도 있는 걸 보니 프랜차이즈여서 어쩔 수 없는 가격대인 걸로 느껴짐.실제 주문은 가게 앞에 설치된 키오스크로 하는 거여서 이미 김밥은 말고 계셨지만 결제를 하니 주문이 주방으로 전달되는 소리가 들림.지난번에 여름휴가여서 헛걸음 했던 걸 말씀드리니 일요일과 명절 그리고 딱 한 번 여름휴가 때만 쉬는데 마침 그때 오셨었나보다 하심.가게는 아담하고 앉아서 먹을 공간은 따로 없었고 다 마신 김밥을 보니 내가 좋아하는 캘리포니아롤 느낌의 샐러드김밥을 내놓아서 좋아하는 낙성대역 소풍가는날의 샐러드김밥만큼의 볼륨감 정도는 아니더라도 흔한 김밥보다는 볼륨감이 좋고 재료들도 실해보여 남대문시장치곤 높은 가격이 이해가 되는 느낌임.다만 좀 아쉬운 건 김밥을 마신 후 칼로 썰어 주시는 게 아닌 컷팅 기계로 써시다 보니 너무 반듯한 기계 느낌인 거나 썰려진 김밥의 두께가 살짝 얇은 느낌인 것 정도임.집에 가져와 맛을 보니 샐러드김밥은 후레쉬함 뿜뿜이어서 좋은데 다만 마요네즈가 아주 조금만 들어간 느낌이어서 고소후레쉬함보다는 후레쉬함의 느낌이어서 마요네즈의 고소함을 좋아하는 나는 살짝 아쉬운 느낌이지만 여기저기에서 보면 샐러드김밥도 느끼해 하는 경우가 있는 걸 봤어서 그냥 내 입맛이 좀 다른가보다 하고 다음번에 들르면 만약 가능하다고 하면 마요네즈를 좀 더 많이 넣어달라고 부탁하고 싶음.우리집은 어려서부터 스팸만 먹었었어서 소풍이나 운동회때면 엄마가 스팸을 넣은 김밥을 말아주셨었는데 아마도 어렸었을때니까 남대문시장 미제상품 가게 같은 데서 사오신 미제 스팸으로 만 김밥은 후라이팬에 구워서 먹을때는 맛있었던 것과는 달리 굽지 않고 그대로 들어간 스팸은 짭짤함이 도드라져 전체적인 김밥의 밸런스가 좋지 않아 엄마가 요리를 잘 하시는 편이지만 김밥만은 한 번도 맘에 들어 맛있게 먹기보단 그냥 적당히만 맛있게 먹었던 기억이 있는데 여기껀 당연히 우리나라 스팸인데다 계란말이도 듬뿍 들어있어 밸런스가 좋아 미소가 지어짐.마지막으로 가족인원이 주문한 멸치김밥은 고추장 베이스의 적당히 달달매콤하게 볶아진 멸치가 들어가 감칠맛이 좋은데 비슷한 메뉴인 멸치씨앗김밥이 더 내 타입일 것 같은 느낌이지만 이것 역시 밸런스가 좋아 김밥 맛집이 맞구나 함.전체적으로 난 이영자 맛집은 신뢰를 안 하지만 기미상궁님의 리뷰는 신뢰하는 느낌이어서 샐러드김밥이 궁금해 들러봤는데 뭔가 캘리포니아롤이 생각나는 낙성대역 소풍가는날 같이 그 가게만의 특별함이 느껴지는 개성 뿜뿜인 메뉴의 김밥이 있거나 한 건 아닌 흔한 김밥 메뉴들을 내놓는 흔한 느낌의 김밥 가게지만 그런 김밥들을 나름의 차별화가 느껴지게 만드는 게 쉽지 않음에도 맛 본 샐러드김밥은 후레쉬함 뿜뿜이면서 밸련스가 좋고 다른 김밥들 역시 다 밸런스가 좋아 입에 넣는 즉시 다음에 또 들르고 싶은 생각이 들어 이른 아침 남대문시장 방문이 헛되지 않아 기분 좋은 방문이었음.근처 부산어묵에도 들러서 오뎅을 맛보고 싶었는데 지갑을 차에 두고 와서 오뎅꼬치 한 개 먹는 데 카드로 결제하긴 뭐해서 다음번에 들러보기로..",맛있다
114,통통김밥,기미상궁,"""이 정도 수준의 김밥은 흔치 않다""소인이 접해본 김밥 중에 단연 세 손가락 안에 꼽는 김밥 집이 남대문 시장에 '통통김밥'이옵니다. 첫 번째 방문에 너무 훌륭함에 김밥이 생각날 때마다 이 집을 떠올리는 정도이옵니다.포장만 취급하는 집이오니 참고하시어..첫 방문에는 통통 김밥과 참치김밥을 접했사온데. 이번엔 샐러드 김밥과 멸치 김밥을 포장하였사옵니다. 이영자 님의  맛집이기도 하며 청와대에 납품을 했던 집이온데.. 뭐 인정할만한 정말 김밥이 맛있는 집이옵니다.​샐러드 김밥 - 차갑게 해서 먹으면 맛있겠다 싶은 '샐러드 김밥'이옵니다. 양배추와 마요네즈의 조합이 특징인 김밥입니다. 양배추와 마요네즈 조합이 시원하게 느껴져 깔끔하니 좋더이다. 개인적으로는 냉장고에 넣어놨다가 먹으면 더 맛있을 거 같사옵니다.멸치 김밥 - 매콤한 양념과 고소한 멸치가 매력적인 '멸치 김밥'이옵니다. 김밥 재료 중 절반을 차지하고 있는 모습이옵니다.총 네 가지 김밥을 먹어봤사온데.. 기본 김밥인 통통 김밥과 샐러드 김밥이 가장 맛있더이다. 이는 야채가 기본이 되는 김밥들이었으니. 맛도 좋고 부담도 없으니",맛있다
115,통통김밥,기미상궁,"'이 정도로 알차야 맛있는 김밥이라 할 수 있지요'남대문 시장에 위치한 김밥 집이옵니다.이런 시장은 골목골목 숨겨진 집들이 많으니 찾는 재미도 있사옵니다.가게에 청와대,이영자 이름을 걸어놓으니  더 그럴듯한 느낌이 들더이다..​여러 가지 김밥 메뉴를 가지고 있는 집이온데.. 소인은 기본인 통통김밥과 참치김밥을 시켰사옵니다.먼저 기본인 통통김밥은 정말 속이 꽉 차 있으메.. 푸짐한 야채의 식감이 너무 좋았사옵니다. 정말 몸에 좋은 채식을 하는 느낌이 듭니다.참치김밥도 역시 속이 푸짐하옵니다.오이가 빠지고 당근, 우엉, 참치가 주를 이루고 있사옵니다.소인은 개인적으로 기본인 통통김밥이 더 좋았사옵니다. 꽉 차 있는 야채들 식감이 너무 좋게 느껴져서..남대문시장에는 만두, 호떡, 꽈배기 같은 군것질 거리가 많아서 방문객에게는 김밥은 그에 비해 다소 무겁고 흔한 음식이지만..​반대로 시장 근처 상인들이나 직장인들을 배불리는 김밥 집이 아니 올까 싶습니다.​",맛있다
116,닭진미강원집,Colin B,"남대문에 가면 갈치보다 먼저 생각나는 닭 백반.딸과 함께 가게에 들어서면서 ‘와, 분위기 진짜 좋다!’ 하니 힐끗 쳐다보며 피식 웃는 여 사장님. 어르신들의 공간에 어린이 딸과 평균 연령을 낮추는 경험은 언제나 즐겁다.양은 냄비에, 나오자마자 퍼먹을 수 있는 온도로 나오는 국물은 팔팔 끓는 뚝배기와는 또다른 결의 감성. 노포의 온도다.영계 아닌 닭. 질기다는 생각을 버리면, 끈기있고 쫄깃한 식감을 느낄 수 있다. 하지만 결국 머릿속에 남는 건 노르스름 질겅질겅 닭껍질의 색감과 감촉.instagram: colin_beak",맛있다
117,닭진미강원집,❤️거네❤️,"굉장히 유명한 곳이라 기대를 엄청 많이해서인지, 맛은 있었는데 또 방문할 지는 미지수인 곳고기백반과 닭곰탕을 주문했습니다. 백반이 곰탕보다 천원 비싸고 고기와 국물이 따로 나와요. 닭껍질을 같이 줄지 물어봐 주십니다. 닭곰탕은 천원 저렴한 대신 다리가 없더라구요? 닭고기는 엄청 쫄깃해요. 저는 원래 좀 짜게 먹는 편인데도 육수가 엄청 맛있고 간을 크게 하지 않아도 맛있는 곳이라는 생각이 들었습니다. 원래 식당 깍두기 절대 안먹는데 역시 닭고기에는 깍두기가 잘 어울리더라구요.다만-닭값이 많이 올랐다고는 하나- 시장 안에 이 가격에 이 정도 양이면 굳이 재방문은 하지 않을 것 같아요. 뭔가 먹고나서도 엄청 배부르기 보다는 허전한 느낌이었어요. 이 곳만의 특징이 없는 느낌..? 한번 방문한 것으로 만족한 곳입니다! #남대문시장맛집",괜찮다
118,닭진미강원집,김재형,"저 아마 제 기억 상으로는 태어나서 남대문시장 갈치골목은 처음입니다 시장 안에 이런 공간이 있다니 놀랐습니다근처에 볼일이 있어서 미리 망고플레이트로 조사를 했습니다 마침 갈치조림골목에 딱 알맞은 코스의 식당들이 있길래 언제 또 와보겠나 싶어서 방향을 잡았습니다첫 방문이었지만 지도를 보고 가니 어렵지 않게 가게를 찾을 수 있었습니다완전 노포 분위기가 펄펄 납니다 칸막이 합석 자리로 안내 받았습니다주문은 고기백반입니다 메뉴는 금방 준비됩니다 유투브와 망고플레이트 리뷰로 미리 접한 비주얼이지만 역시 눈앞에 대면하니 군침이 돌고 식욕이 돋습니다가슴살부터 소금에 찍어 먹어봅니다저는 닭고기, 특히 닭가슴살이 무조건 부드러워야 맛있다고 생각하지 않습니다 (물론 다른 고기도 마찬가지지만 닭가슴살에 대한 호불호가 다른 고기에 비해 더 갈리는 것 같습니다) 수분을 잃어 건조하고 퍽퍽해지는 것은 용납을 못 하지만 그 고기만의 풍미와 육즙을 간직하고 있다면 그것만의 결을 느끼는 것도 아주 즐겁습니다그런 점에서 이 집의 닭가슴살은 저에게 먹는 재미를 선사해줍니다 꾹꾹 저작운동을 하면 노계에서 나오는 고소한 육향이 입안을 기분좋게 만들어 줍니다 닭껍질도 가히 일품입니다 치킨은 껍질, 야끼토리는 카와, 닭도리탕에 들어가는 닭은 껍질이 없으면 절대 안 되는 저입니다제가 먹어본 닭껍질 중 가장 두툼하고 쫄깃하고 이런 볼륨감에 비해 잡내는 전혀 없었습니다 저항하는 듯 스악 씹히는 식감이 너무도 좋습니다국물 얘기를 또 안 할 수가 없습니다 아주 맑고 슴슴하게 끓였는데 닭고기의 냄새가 은은하게 올라오는 아주 좋은 국물입니다 이 국물은 도화지같아서 소금, 후추, 고춧가루, 양념장으로 변주를 줄 수 있으니 이 또한 재미입니다김치와 깍두기도 참 맛이 좋고 고추장과 마늘도 입안을 개운하게 정리해줍니다약수역의 이북식찜닭 집들과는 또 다른 매력이 있어 참 좋습니다이 집은 밥만 먹고 갈게 아니라 다음에 제대로 날잡고 아침술이든 낮술이든 해야겠습니다재방문 의사 : o",맛있다
119,닭진미강원집,푸딘싸,직원도 손님도 포스가 장난 아니다. 1962년 문을 열었다. 가게와 손님이 함께 나이 먹은 느낌이다. 잠시 이방인이 된 기분이다. 다행히 자리에 앉아 풍경이 되면 익숙해진다. 낯선 풍경은 잊고 있던 향수임을 알게 된다.날이 추워지면 따뜻한 국물이 생각난다. 겨울왕국 아니다. 겨울엔 국이다. 국물은 기름기 하나 없다. 숭늉이 생각날 정도로 깔끔하다. 막걸리도 생각 안 할 수 없다. 메뉴판에는 막걸리가 없다. 용기 있는 자만이 막걸리를 차지할 수 있다.닭은 노계를 사용한다. 닭 다리 빼고 살을 발라 주신다. 특이하게 닭 껍질도 큼직하게 함께 주신다. 으아. 이게 뭐야. 하고 맛을 보면세상의 모든 편견과 맞서 싸우고 싶다.존맛탱이다. 쫄깃함과 담백함이 미쳤다. 노계를 사용해 껍질까지 쫄깃하다. 양념간장에 찍어 먹으면 감칠맛이 더 깊어진다.평일 저녁 여섯시에 갔는데 금방 만석이 됐다. 젊은 손님도 많다. 노포라고 쫄필요 없다. 내가 쫄았었다. 결국 세상사 고기서 고기다.#닭곰탕 8000원#장수막걸리 3000원#인스타그램 푸딘싸 @foodinssa,맛있다
120,닭진미강원집,Luscious.K,"#남대문 #남창동 #닭진미강원집""남대문 갈치골목의 독야청청 60년 닭곰탕""1. 서울에 닭국물 잘하는 집들이 좀 있다.아마도 가장 유명한 집이 을지로의 부흥과 맞물려 젊은 층에도 대중적인 <황평집>일 것 같고, 푸짐함으로 사랑받는 <사랑방칼국수>도 굉장히 유명하다.유명함으로 이에 뒤지지 않는 남대문시장 갈치골목의 <닭진미강원집> 역시 한상 잘 먹었다는 인상을 주는 곳으로 많은 사람들에게 60년 세월 동안 사랑을 받아오고 있다.2. 1962년에 개업한 닭진미강원집의 원래 상호가 <강원집>이였다.노포전문가이신 홀릭 권오찬님의 잡학다식에 의하면, 원래 남대문의 갈치골목은 여러가지 메뉴를 복합적으로 팔았던 음식골목이였는데 닭곰탕 백반이 주메뉴인 강원집도 그 중 하나였다고 한다.86아시안게임과 88올림픽을 계기로 정부에서는 외국인에게 내세울 서울의 랜드마크를 고심하다, 남대문 시장을 내세웠고 많은 관광객이 좋아했던 메뉴가 갈치조림이였다고....그 후로 장사 잘 되는 갈치조림집이 하나 둘씩 늘면서 갈치골목이 형성이 되었는데, 강원집만이 메뉴 변경을 하지 않고 유지한 결과 오히려 갈치골목의 군계일학으로 더욱 유명해 졌다고 한다.비슷한 이유로 같은 골목에 있는 70년된 진주집도 유명하지만 비싼 꼬리곰탕이 주메뉴이기 때문에 강원집에 비해서는 대중적이지 못했다.3. 그 후 강원집이 상호를 ‘메뉴를 특화할 수 있는 이름’인 <닭진미>로 바꾸었지만 단골손님들은 익숙한 이름인 <강원집>으로 계속 부르기 때문에 할 수 없이 간판에 <닭진미 旧 강원집>으로 표기를 해서 현재 이름인 <닭진미강원집>으로 더 널리 알려져 있다.4. 메뉴는 닭국물과 고기로 양분된고 이 둘을 어떻게 구성하느냐에 따라 다르다. 고기가 국물에 섞여 나오는 ‘닭곰탕’고기가 한 접시 따로 나오는 ‘고기백반’닭고기만 나오는 ‘닭고기’닭 한마리를 동째로 주시고 국물을 주시는 ‘통닭’이 전부다.5. 노계를 사용한 국물은 닭의 누린내가 나오지 않으면서 닭의 감칠맛과 시원함만 우러나올 수 있는 단시간으로 조리를 했고 그 고기를 손님들에게 제공을 한다.영계도 함께 사용을 하시는데, 역시 국물을 내는 용도 및 손님들에게 닭다리를 하나씩 제공하는 용도로 사용을 하시는 것 같다.6. 고기의 구성은 닭다리 하나와 가슴살과 붉은살 위주로 주시는데, 가슴살은 재빨리 국물에 넣고 온도와 부드러움을 유지하는 것이 관건이다. 식으면 빨리 굳어지는 단점이 있기 때문이다. 국물은 맑으면서 시원한 감칠맛이 있는 국물인데, 황평집이나 사랑방칼국수의 국물과 유사한 맑은 국물이다.함께 내어주시는 고기 한점 소금에 찍어 먹고, 김치 먹고, 밥 한술 먹고 국물을 들고 마시면 끝장이다.마무리로 고추장 찍은 생마늘 한점으로 와룡점정7. 대단한 미화도, 대단한 맛도 아닌 닭고기 백반인데, 이런 강렬한 끌림을 주는 이유는 아마도 닭이 주는 무한한 보양감과 맛, 그리고 가격이 아닐까?시장에 위치한 것도 그렇고 예부터 고된일을 하시는 상인들에게는 든든한 고기 밥상이 가끔 누리는 호사와 소확행이 아니였을까?그 이유가 무엇이건 60년의 노포에는 사람 사는 냄새와 무한한 매력이 넘쳐 흐른다.9,000원이면 그 느낌을 직접 체험할 수 있으니 궁금하신 분들은 닭진미강원집으로 빨리 오시기 바란다 ㅎㅎ#동네식당응원프로젝트",맛있다
121,닭진미강원집,AlexTheFood,"#ALEXatNOPO #알노포#회현역맛집 #남대문맛집 #닭진미강원집⠀* 업력 60년 (50년 이상✔️)* 블로그 리뷰 366개 (500개 이하✔️)* 해시태그 #닭진미강원집 500+개 (5000개 이하✔️)___________________________________________⠀안녕하세요, 알렉스입니다.여섯 번째 #ALEXatNOPO 콘텐츠로 방문한 닭진미강원집!⠀사실 이전 은호식당 포스팅 때 은호식당보다 먼저 방문하려 했던 곳인데, 8월 초에 닭진미강원집이 휴무였어서 은호식당을 갔던 거였거든요. 드디어 제가 정말 기대하던 닭진미강원집을 다녀왔습니다!⠀남대문 시장 안의 갈치골목에 있는데, 손으로 직접 찍은 노계 반 마리와 닭곰탕을 함께 주는 고기백반이 시그니처래요. 소고기보다 돼지고기와 닭고기를 더 좋아하는 제가 기대했을만 하지 않나요...? 그럼 닭진미강원집의 고기백반 한 번 리뷰해보겠습니다 :)___________________________________________⠀#고기백반 9,000껍질 많이, 껍질 없이도 주문할 수도 있는데 우선 별다른 말 없이 부탁드리면 이렇게 두 번째 사진처럼 나와요! 제일 기대했던 게 껍질이라 기대감을 너무 가득 안고 먹어서 그런지 껍질은 저와 잘 안 맞더라구요. 집에서 백숙해먹을 때 먹는, 그 느끼하면서도 부드럽게 넘어가는 껍질을 기대했는데, 닭진미강원집의 닭껍질은 꽤나 두꺼워서 얇게 저민 돼지비계  같단 생각이 들었어요. 그래도 다른 부위들은 전부 먹기 편하게 직접 다 찢어 주시니 좋았는데, 솔직히 닭도 질긴 느낌이 좀 있어 전 조금 아쉬웠답니다. 닭곰탕은 여러분들이 아는 그 실패할 수 없는 맛인데, 개인적으로 여기에 닭을 넣어 먹거나 따로 나오는 고추장(사실 마늘 찍어먹으라고 주신 것이겠지만)에 찍어먹는 게 제 입맛엔 더 잘 맞았던 것 같아요! ⠀___________________________________________⠀☑️여태 제가 다녀간 노포들 중에서 망고플레이트/구글맵 평점도 굉장히 높은 축에 속하고, SNS에서 바이럴이 잘 안 되었을 뿐 수요미식회에도 나왔던 곳이라 꽤나 기대를 하고 방문해서 그런지 전체적으로 아쉬움이 많이 남았던 곳입니다. 역시 전체적인 평이 좋아도 제겐 아쉬울 수 있고, 평점이 낮아도 제겐 최고의 맛집이 될 수도 있다는 생각을 다시 한 번 하게 되는 계기가 되었던 것 같아요.⠀여러분도 가고싶은 곳이 생기신다면 저뿐만 아니라 다른 분들의 리뷰들도 잘 참고해서 본인의 입맛과 잘 맞는 곳인지 따져보고 방문해보시길 바라요! 저와 비슷한 초딩입맛분들은 제가 좋아하는 곳들을 믿고 함께 가주셔도 좋구요 그럼 전 또 다른 #ALEXatNOPO 콘텐츠로 돌아올게요! 앞으로도 잘 부탁드립니다‼️___________________________________________⠀[MangoPlate 4.0/5.0 | GoogleMap 4.1/5.0]⠀* 영업시간 | 매일 07:00-21:00* 쉬는시간 없음* 첫째, 셋째주 일요일 휴무",괜찮다
122,닭진미강원집,권오찬,"* 한줄평 : Since 1962, 서울 3대 닭곰탕의 진미1. 음식점에서 “음식의 참된 맛”을 뜻하는 <진미>라는 단어로 상호를 정했다면 대단한 자신감이거나, 그 자신감마저 뛰어넘는 실력이 있거나..2. 서울 3대 닭곰탕이라 하면 대다수 미식가들이 꼽는 첫번째 식당이 바로 남대문에서 1962년 개업한 <닭진미강원집>이다. 본디 강원집이라는 상호로 영업을 하다가 닭진미집으로 변경하였는데, 이미 단골들의 팬덤이 너무 크다보니 옛상호까지 뒤범벅이 되어 닭진미강원집으로 불린다.3. 남대문 갈치골목 끝자락에 자리한 닭곰탕집인데, 갈치골목에서도 주눅들지 않고 오히려 가장 성업 중인 식당이다보니 오히려 존재감이 돋보인다.4. 주문한 음식은 고기백반(9천원)으로 양은 냄비에 닭고기 국물이, 스뎅 접시에 손으로 직접 찢은 노계 반마리가 제공된다. 5. 태어난지 얼마 안 된 가축의 고기는 연하고 부드러워 무조건 좋다는 인식이 있는데, 이는 반은 맞고 반은 틀린 이야기이다. 닭곰탕은 닭은 오래도록 <고아서> 만든 음식이다. 닭을 푹 고은 <진국>을 먹으려면 우려낼 요소가 많은 노계를 사용해야 한다. 더군다나 고기백반 중 가장 맛있는 부위는 딱 한점 제공되는 <닭껍질>인데, 쫀쫀하면서도 고소한 이 부위는 연계에서는 이 맛이 안 나온다.6. 고기백반 한상차림을 받고 나서 처음 든 생각은 “제대로 된 한상이구나”를 넘어 “이 정성스런 한상이 겨우 9천원이라고?”일 정도로 비주얼에서 오는 아우라가 심상치 않다.7. 닭고기를 더욱 돋보이게 해주는 조연은 의외로 김치나 양념간장이 아니라 고추장에 찍어먹는 마늘이다. 담백한 고기와 알싸한 마늘 한점이 주는 콜라보가 굉장히 훌륭하다.* 본 글의 전문은 brunch.co.kr/@ochan/24 에서 확인하실 수 있습니다.",맛있다
123,닭진미강원집,꺄항,#깔끔한맛평일 점심 기준으로 웨이팅은 없으나 만석!주변직장인도 많으시고 맛도 있는걸 보니 확실히 오래된 맛집 느낌 폴폴깔끔하게 따뜻하게 먹기 좋은 집이었다김치도 맛있고 간도 세지 않아서 좋았다.,맛있다
124,닭진미강원집,조돼지,삼삼하니 무난합니다.,괜찮다
125,닭진미강원집,동티모르,"◼️말끔한 닭백반에 노포 느낌이 물씬하다 맛있는 김치는 덤◻️어르신들의 입맛에 딱이지만, 조금 삼삼하고 허전한 감은 미리 조리된 닭 때문인 감",괜찮다
126,닭진미강원집,기미상궁,"""이 시장엔 갈치조림만 유명한게 아니다""남대문시장을 대표하는 식당이라 하면 소인은 개인적으로 '부원면옥''갈치조림'과 더불어 이 곳을 삼대장으로 꼽을수 있지 싶은데. 그정도로 전통과 맛이 어우러진 집이고 오랫동안 많은 이들에게 사랑받아온 집이옵니다.1962년 부터라고 하면 60년 가까이된 노포이옵니다. 가게 입구에서 부터 산더미 같이 쌓인 닭고기가 단연 압도하는 집이옵니다.소인, 이번이 두번째 방문이온데 이전에는 닭곰탕을 먹어본지라 이번에는 고기백반을 주문하였사옵니다.주문을 하고 이른 시간안에 밥과 반찬을 내어주십니다. 깍뚜기와 김치, 양념장과 마늘..개인적으로는 배추김치보다 깍뚜기가 더 맛나더이다.고기백반의 닭고기는 일일이 손으로 살코기를 발라낸 닭고기가 부위별로 닭 껍질까지 구성 되어있사옵니다. 한상차림은 소국물이나 돼지국물과는 다른 닭국물만의 푸짐함과 가성비가 있지요.삶아진 뜨거운 고기가 조금 식으면서 쫄깃한 식감을 유지하여 보다 더 좋았고 단짠의 양념장과의 궁합은 당연히 좋사옵니다.소인은 이 곳 닭진미에서 밥을 먹으니 충무로에 '사랑방칼국수'가 떠오르지 않을수 없었사온데 가격과 곰탕의 맛이나 닭고기가 나오는 방식 모두 미묘하게 다르지만.. 이 집도 사랑방 만큼이나 훌륭한 집인것은 틀림이 없사옵니다.​​",맛있다
127,닭진미강원집,Hun.gry.gram,1962년 부터 시작해 올해로 58년된 노포 식당이 남대문에 있다.토종닭으로 쫄깃한 식감의 닭고기를 자랑하는 곳! 가격도 8000원으로 너무 너무 착하다. 손님의 대부분은 시장 상인들로 이미 검증된 맛집이다. 수요미식회 출연 했다고 하니 뭐...외국인 친구들 한국 올때마다 여기 데려가야지.이거 리얼 한식이지(코로나 끝나고ㅠㅠ).남대문 가서 만두도 포장해서 닭곰탕 먹고 호떡 디저트로 먹으면 딱딱이네,맛있다
128,닭진미강원집,칠구,쫄깃탱탱,맛있다
129,닭진미강원집,이국군(쎌카),"*재방문의사90%1962년부터 남대문 시장 한켠에서 푹 고은 닭을 재료로 닭곰탕,  닭고기백반을 판매 해온 남대문 시장 터줏대감 노포 밥집.일단 세월의 내공이 있어 실망시키지 않는 그런 집. 노포의 장점은 이것이다. 세월의 내공이 그냥 쌓이는것이 아니기에.노계를 이 집만의 노하우로 푹 고아서 쫄깃한 닭고기건더기를 먹을 수 있다. 함께 주는 닭껍데기 또한 별미. 닭다리와 닭살을 양념간장에 찍어 먹으면 쫄깃쫄깃하고 이제껏 맛보지 못했던 새로운 닭의 세계가 보일것임. 어느정도 닭을 먹으면 양은냄비에 파와 함께 나오는 닭국물에 소금후추 그리고 고춧가루 간을 한 후 밥을 말아 마무리하면 하루 종일 든든한 한 끼 완성. 깍두기가 매우 맛있고 배추김치는 짯음.(짜게먹는 본인입에도 짬..아쉽) 9천원의 행복이다.닭곰탕보다는 두 가지 맛을 볼 수 있는 고기백반을 추천.그리고 해장을 원하는 분들꺼 더더더 추천.세월이 쌓은 ((정직))한 맛 이라고 평가하고 싶다.남대문 50년노포 닭진미강원집.",맛있다
130,닭진미강원집,이승필,갈치골목 거리에서 꿋꿋하게 닭곰탕을 파는 집.쫄깃한 고기랑 맑고 깔끔한 국물이 좋다. 개운하게 한끼 먹고 싶다면 굿.,맛있다
131,닭진미강원집,기미상궁,"소인, 열흘만에 인사드리는 집은 ‘닭진미’라는닭곰탕 집이옵니다.명동안에 있는 많은 맛집을 리뷰하지 못한채 영역을 조금 넓혀보고자 남대문 시장으로 왔사옵니다.소인 국밥으로 분류하여 국밥 뿌시기 5탄으로 칭하겠사옵니다이 집은 외관부터 세월이 느껴졌사오며 한시반쯤에 들렀는데도 사람로 꽉차있어 자리가 없음에 처음 뵙는분과 한 상에서 밥을 먹게 되었습니다. (이런것이 로컬이구나~)김치는 배추김치과 깍두기가 있사온데 소인의 입맛으로는 달달한 깍뚜기가 아주 맛났사오며 닭곰탕이 나오니 앞에 계신분께서 무덤덤하게 고기먼저 소스에 찍어 드시는 모습을 보고 소인 곁눈질로 따라서 “이렇게 먹는거구나... “하며 먹었사옵니다..그 분은 모르시겠지만 저에게 닭곰탕 먹는법을 전수해주신 스승님이셨사옵니다. 고기도 푸짐하고  쫄깃함이 맛났사오며 국물도 담백하고 심심함이 아주 좋았사옵니다. 소인 조금씩 국물을 먹어가면서 후추, 소금, 깍두기 국물을 단계별로 넣어 먹어봤지만 곰탕의 특유의 맛을 해치는 것이  깍뚜기 국물은 무리수 였사옵니다.스승님께서 소금으로만 살짝 간을 하신건 다 뜻이 있었거늘..이 집은 8000원이라는 닭곰탕치고는 살짝 비싼감이 있사옵고 시장안에 있는 집이라 식사 하실때 시끄럽고 다소 산만한 분위기를 싫어하는 분들께는 단점이 될 수 있겠지만 소인 충분히 한번 쯤 들러보시길 추천하는 맛집이옵니다.소인 다음엔 남대문 시장의 다른 맛집으로 인사 올리겠사옵니다.",맛있다
132,닭진미강원집,눈누난나,"육수가 깔끔, 시원하다. 이 이상 표현이 없다. 닭냄새도 없고 맛있게 먹었다. 세월이 가득 지난 공간이라 그런게 꺼린다면 살짝 지나가도 좋다. 어르신들이 많았고 내 부모님도 좋아하실 것 같음!!",맛있다
133,닭진미강원집,미콩,"1962년부터 영업했다는 노포 구 강원집, 닭진미강원집에 다녀왔어요 ""미원"" 티슈케이스가 제겐 마치 근대 박물관 전시품처럼 느껴져 재미있던 곳저희는 닭곰탕과 고기백반을 주문했어요닭곰탕은 담백한 맛이 돋보이는 곰탕이었어요 순수하고 맑은 곰탕. 곰탕이어서 닭을 오래 고아 생기는 냄새가 날 것 같았는데 전혀 안 그렇더라고요 함께 맛본 친구는 한 입 먹어보고 바로 소금을 투하하였습니다ㅋㅋㅋㅋ 저는 넣지 않은 것도 나름 좋았어요 닭곰탕 속 닭고기는 더 부들부들하고 따뜻함이 오래가서 좋았어요고기백반은 닭껍질 붙여서 주문했는데 요즘 닭껍질의 맛을 좀 알아서 도전할만 했어요 백숙치고 많이 질기지 않아 괜찮았고 다음에 또 가게 된다면 빼고 주문할래요처음에는 와 담백하고 맛있다! 였는데 먹을수록 차게차게 식어버려서 고기가 다 굳었어요 ㅠㅠ 이게 너무너무 아쉬운 점계신 분들 모두 술을 당연스럽게 곁들이시는데 이렇게 쉽게 차가워지는 술은 제 스타일은 아닌 것 같았어요,,,주먹만한 공기밥이 정말 귀여웠어요가게 곳곳에서 배어 나오는 사람냄새가 정겨운 곳이었어요 노포도 카드 결제 되는군요,,,제가 편견 덩어리인 사람이라 좀 놀랐어요",괜찮다
134,닭진미강원집,준영,임시휴무 때문에 실패했었는데 이번에는 성공했어요! 비어있던 가게가 점점 어르신들로 가득차고 너무 신기하게도 다들 소주를 꼭 챙겨드시더라구요.  저희는 닭곰탕이랑 고기백반 하나씩 주문했어요. 껍질 붙여주실지 떼주실지 물어보시길래 당연히 붙여 달라고!! 야키토리집에서 먹는 닭껍질이랑 비슷할줄 알았어요..ㅎㅎ 생각보다 소가죽 마냥 두껍고 질기더라구요ㅋㅋㅋ 몇입은 먹을만 했는데 반마리의 껍질을 다 먹기는 조금 어려웠어요. 고기백반과 닭곰탕의 차이는 그냥 따로 나오냐 말아져서 나오냐 차이인 것 같은데 개인적으론 말아져나오는 닭곰탕을 추천드려요. 백반은 너무 금방 식어서 안그래도 질깃한 느낌의 닭이 금방 푸석해지더라구요ㅜㅜ 처음 먹을때는 탄탄해서 맛있다!의 느낌이었는데 갈수록 질깃하다... 국물은 살짝 기름기가 있었지만 그래도 맑고 맛있었어요! 한번 와본걸로 만족해요!,괜찮다
135,닭진미강원집,EJ,"#남대문시장맛집 #닭백반남대문시장 중간에 있는 닭백반집. 입구에서 닭을 찢고 계시는데 김이 폴폴나는걸 찢으시니 정말 달인이다 싶다.백반을 주문하면 먹기좋게 찢어진 백숙반마리와 뽀얀 닭국물, 공깃밥이 서빙된다.테이블위 김치는 알아서 떠먹는 시스템. 백숙을 간장에 찍어먹는 스타일이라 간장베이스 양념장을 주는 여기가 맘에 들었다.맨고기에 밥 한숟갈먹어도 국물에 고기 넣어서 먹어도 맛남.혼자 오는 사람이 많아 합석이 자연스럽고 어르신들이 많이 오시는데 한분도 빠짐없이 반주를 하시니 넘나 부러운거 . 뜨끈한 닭국물 먹으니 추운날씨도 좀 견딜 수 있을 것 같은 기분",맛있다
136,닭진미강원집,메론매롱,언제가도 맛있어요,맛있다
137,닭진미강원집,집사,닭육수가 정말 맛있는 닭곰탕집!,맛있다
138,닭진미강원집,LeeYoungmin,맛은 둘째치고 정신 사나워서 밥을 못 먹겠음. 밥 먹으면서 종업원들이 치고 지나가거나 내 테이블 밑 쓰레기통에 쓰레기투척해서 밥 먹다가 놀람. 손이 쑥 들어와서 휴지 교체하는데 다신 안 가고 싶음.,별로
139,닭진미강원집,메론매롱,영혼까지 따뜻해져요https://m.blog.naver.com/arrogant0803/221287947265,맛있다
140,닭진미강원집,머큐리 ,시장통 안쪽으로 들어가면 다 비슷비슷해보이는 음식점들이 있다 그 중 하나였던 닭진미강원집가자마자 닭뼈를 발라주시고 있는 사장님이 계셨다. 생각보다 큰 식당이어서 2층으로 올라가서 두문했고 음식이 빨리 셋팅되었다닭곰탕 8000 닭백반 9000제일 큰 장점은 쫄깃함. 간장에 찍어먹고 고추장에 찍어먹고 김치랑 같이 먹고. 머큐리가 말을 많이 시켜서 살짝 방해됐는데 그렇게 많은 양은 아니라 빨리 다 먹고 경청했다. 가격은 부담스럽진 않으나 굳이 8000원까지 내야하나 싶은 느낌. 물이 시원해서 맛있었다. 물통에 물때는ㄴ 애교. ㅎ참고로 닭의 육즙이나 기름을 기대한다면 비추. 그냥 담백.  By.S,맛있다
141,광화문 몽로,iamwhatieat,맛있는데 양이 적어요,맛있다
142,광화문 몽로,르웬,이 일대에서 제일 분위기도 괜찮고 맛도 평타이상하는집! 파스타도 맛있고 밥이 나오는 메뉴도 맛있고 스테이크 류도 맛있고 특히 시그니처인 닭튀김이 매우 맛있다!예전에 트러플 감자튀김있을땐 퇴근하고 엄청 자주가는 단골집이었는데 가격도 어느정도 괜찮긴하지만 몇번을가도 불친절한 느낌때문에 조금 망설여지는 가게 분위기가 아쉽다.,맛있다
143,광화문 몽로,삐약삐약뺙,옛~날에 수요미식회에 닭튀김 소개되었을 때 넘 궁금했었는데 어쩌다보니 한참 후에야 방문하게 됬네요 ㅎㅎ   기대를 많이해서 그런가 생각보다는 쏘쏘한 닭튀김이였어요…! 라이스페이퍼를 튀긴부분은 바삭했지만 닭은 살짝 질긴듯한 부분도 있었어요. 그리고 이날 술을 안해서 그냥먹기엔 좀 짭짤한 느낌이 들었어요 ㅎㅎ 안주용 염도!   뇨끼도 조금 실망스러웠어요.. 저는 쫀쫀한 뇨끼가 좋은데 그냥 감자뭉쳐놓은 듯한 느낌…? 소스도 원초적인 체다맛이였구요 ㅎㅎ 크리미한 느낌을 살릴 수 있게 생크림을 더 많이 넣어주셨으면 좋았을것 같네요…!,괜찮다
144,광화문 몽로,달리자크롱,"수요미식회에도 나온 박찬일 셰프가 운영하는 곳이다. 가게 앞에 무국적술집이라고 써있는데, 알고보니 국적을 가리지 않는 다양한 종류의 주류가 준비되어있다는것을 의미했다. 타이틀에 맞게 정말 다양한 술이 준비되어있었다! 매장이 넓고 테라스같은 공간도 있어서 사람이 많았음에도 불구하고 탁 트인 느낌이었다. 어두운 편이고 배경음악도 옛날 노래가 많이 나와 취향저격. 편하게 얘기하기 좋은 곳이다!• 마른안주 4종 18000원 배불러서 간단한 안주로 시켰다. 견과류, 아귀포, 바나나칩, 건망고, 블루베리같은 건과일이 나왔다. • 고스트파인 멜롯 2013 USA 캘리포니아 와인. 고스트파인은 아침마다 포도밭에 낀 안개 사이 비치는 소나무의 모습이 유령처럼 보여 붙여진 이름이다.  맨 처음에 먹을땐 오크 향이 났는데, 점점 먹을수록 사라지고 포도향을 느낄 수 있었다. 당도가 낮고 무겁다고 느껴졌다. 맛이 별로 없었다. 미국은 역시 까르베네 쇼비농..?• 크레스만 그랑 리저브 메독 2018  메독은 보르도 내 세부지역으로 대중적인 와인이다. 이탈리아가 아닌 프랑스 와인에 그랑이 붙어있다는건 그냥 그저그런 와인이라는 뜻. 처음 먹었던 와인보단 가벼웠지만, 무거운 느낌도 있었다. 이것도 당도가 낮았음. 딱히 별로 맛이 없었다.• 제주 위트 에일  가볍게 먹기 좋은 탄산감 있는 맥주. 안주랑 잘 어울렸다. 아직 와인의 세계는 배워야할게 너무 많다..파이팅! +_+",괜찮다
145,광화문 몽로,박상현,"가장 좋아하는 와인바. 와인 리스트도 다양하고, 특히 음식과 궁합이 매우 좋은 편. 와인바의 정석이라도 해도 될 정도로 갖춰진 와인마다 잘 어울리는 안주 메뉴가 다 구비돼 있어요. 와사비가 들어간 살치살 스테이크가 가장 애정하는 메뉴입니다 !#망고하이",맛있다
146,광화문 몽로,전보람,왜 사람들이 몽로몽로 하는지 알았음와인 리스트도 훌륭하고 음식메뉴 걍 미쳤음..광어된장무침 진짜 대박…,맛있다
147,광화문 몽로,Yoondied,맛나 ... 근데 가지는 둘이 먹기 양이 넘 많아서 좀 뒤에서 물렸던?,맛있다
148,광화문 몽로,YJ,오픈되어있는 테라스 자리 굿,맛있다
149,광화문 몽로,영구빵,여기 바깔라 너무 먹고 싶었다규 그리웠다규ㅠㅠ 근데 뭔가 예전에 내가 기억하던 맛이 아닌거 같..? 원래 이렇게 감자맛이 많이 났었나ㅋㅋㅋㅋㅋ 그래도 맛있음 빵이랑 먹으니까 넘나리 행벅 요새 밥에 미쳐가지고 이렇게 빵에 뭐 올려먹는 양식을 많이 안 먹어서 그런지 신선함 만족도 모두 최상위여따 그리고 무슨 탄두리치킨 같은 것도 시켰는데 이거도 맛있음 요새 관리한다고 단 음료는 잘 안 마시려고 하는데 여긴 꼭 음료를 시켜야 한다고 해서 분다버그랑 아잉거 맥주 시킴 여긴 확실히 술을 즐길 줄 아는 사람들이 와야 더 맛있게 잘 먹을 수 있는 집인거 같당,맛있다
150,광화문 몽로,잇펜,뇨끼 항정살구이 가지치즈구이일단 분위기는 진짜 엄청 좋고 쾌적해요그런데 음식 세가지 모두 그냥저냥 했어요가격이 살짝 있는 편이라 기대한탓인지위 메뉴중에 그나마 뇨끼가 가장 나았구요 ~견과류가 많이 뿌려져 있어서 고소하지만 견과류맛에 엄청 치우쳐서 아쉬웠어요...맛있었지만 그냥 평균의 맛있음.이엇어요항정살구이는 조굼 짯구요가지치즈구이는 조금 질척하고 물컹거러서먹다 질렸어요 ㅠㅜ,괜찮다
151,광화문 몽로,한줄요약,"분위기 좋음, 위치 좋음, 직원분들 친절함, 근데 맛이 너무 별로임# 닭튀김밖은 짜고 안에는 간이 안된 맛이었어요.윗쪽애 모양을 내려고 붙인 하얀색 부분(?)은 기름을 너무 흡수해서 먹자마자 느끼해졌고 저거 먹은 이후로 아무것도 못먹음# 감자뇨끼뇨끼는 원래 쫀득쫀득 한걸로 알고있는데 매시드포테이토 먹는것 같았어요. 그래도 같은날 시켰던 음식들 중에서는 가장 나았음",별로
152,광화문 몽로,Sevil,분위기 좋고 와인리스트가 다양함비싼게 흠,맛있다
153,광화문 몽로,모라,존맛탱!!!! 가장 맛있었던 건 감자뇨끼랑 이베리코가브리살구이...ㅠㅠㅠ 감자뇨끼가 무슨 구운 치즈마냥 엄청 부드러워요!!! 가브리살구이도 엄청 부드럽고 한입 먹자말자 감탄하게 됨ㅋㅋ 트러플감자튀김도 향 진하고 짭짤해서 좋았고 박찬일식닭튀김 왜 유명한 지 알것 같아요! 명란파스타가 제일 쏘쏘했어용. 분위기도 좋고 같이 주문한 와인도 좋고 재방문 의사 있음~~!,맛있다
154,광화문 몽로,브라운라이스,"맛과 분위기 때문에 이따금 즐겨 찾는 광화문몽로. 첫 방문 때나 지금이나 똑같이 느끼는 부분은 정말 잘 관리되고 있는 생맥주의 맛이다. 음식도 입에 찰싹 달라붙는데 맥주가 너무 맛있어서 그 순간부터 기분이 더 좋아지는 곳. 아이리쉬펍보다 기네스가 더 맛있다, 최적의 차가운 온도에서 서빙되기도 하고. 솔직히 말하자면 홍대에 있는 로칸다몽로가 음식은 쪼금 더 맛있는 듯 하다 :)",맛있다
155,광화문 몽로,*,"#가지치즈구이 19,000 #닭튀김 18,000맛있고, 메뉴다양하고, 분위기좋고 여러모로 참 좋았어요! 간단하게 와인한잔 하려고 방문했는데 여자 2명이서 와인 2병을 마셔버렸음... 시그니처메뉴인 닭튀김은 그럭저럭 바삭하게 맛있었는데(닭튀김이 맛없을수도 없으니까) 가지치즈구이는 기대이상으로 더 맛있었다. 다른 메뉴들도 기대된다. 분위기 자레가 데이트하기에도 참 좋은 것 같다. 비록 금요일 저녁 웨이팅 30분정도 해야했으나 재방문의사 있어요 :)",맛있다
156,광화문 몽로,YSL,저녁때 처음 와봤는데 진짜 간판에 무국적술집이라는 말이 딱 와 닿는다 ㅋㅋㅋ 메뉴마다 컨셉이 오락가락. 시그니처 닭튀김은 처음 먹엇을때도 맛있다는 못느꼈는데 오늘도 역시 특이하단 생각은 들지만 맛있다는 아니엇음. 명란파스타는 짰음. 사람들의 의외에 호평은 트리빠엿는데 소의 위인 양을 손질해서  만든게 매콤하니 좋았다고 한다. 난 내장류 못먹어서 패스 ㅠ 채끝 스테이크는 국내산 육우였는데 생각보다 퀄리티가 괜찮았음. 그리고 어디서 시켜도 실패없는 트러플 감튀 ㅎㅎ 에딩거? 무알콜 맥주 마셨는데도 뭔가 취하는 느낌이네요 기분탓인가,괜찮다
157,광화문 몽로,집니,"*먹은거:매운 닭다리살구이와 맛달걀 덮밥*총평:본래 술집으로 유명한 곳이나 점심식사로 갔습니다. 일명 아재느낌이 물씬나는 시청, 광화문 일대에서 보기드물게 갬성 인테리어와 식기를 갖추고 있습니다. 맛도 평균이상으로 깔끔한 점심식사를 할 수 있습니다. 닭다리살이 생각보다 큼직하고 부드럽습니다. 돈까스만한 닭갈비가 나온다고 생각하면 됩니다. 양념은 생각보다 안 맵고, 매콤?정도이며, 아래에 잘게 썬 양상추와 양념이 거의 안 된 밥이 있어 그나마의 매움도 중화시켜줍니다. 된장국과 단무지를 같이 줍니다. 화끈하고 강한 매운 맛을 기대한 분들은 다소 아쉬울 수도 있습니다.",맛있다
158,광화문 몽로,김지나,"닭튀김, 명란파스타, 가지 요리 먹었는데 가격 때문에 재방문의사는 크게 없다.",괜찮다
159,광화문 몽로,돼식가,치킨이 다 떨어져 먹지 못했지만트러플 감자튀김으로 충분히 내공을 느낄 수 있었어요!,맛있다
160,유림면,다냥,"서울미래유산으로도 지정된 오래된 시청 맛집으로 알고 있어요~! 워낙 유명한 곳이어서 기대를 안고 갔습니다. 웨이팅은 조금 있는 편이고 선불로 결제하고 자리에 앉습니다. 비빔메밀, 메밀국수, 냄비우동 3개를 사람들이 많이 먹더라구요! 비빔메밀이 인기가 많다고 하던데 제 입에는 간이 좀 쎄다고 느껴져서 메밀국수가 더 맛있었어요~!",맛있다
161,유림면,볶음밥,"광화문 미진, 여의도 청수, 북창동 송옥 같은 컨셉의 음식점입니다. 판모밀이 주력이면서 동시에 우동도 같이하는 한국식 모밀국수집이라고 하면 될것 같네요 시청역에서 나오면 바로 있어서 접근성도 좋고 미진 청수 송옥이 3대메밀집이라고 해서 많이 유명하지만 이곳도 아주 업력이 대단한 곳입니다냄비우동을 먹었는데 풀지 않은 달걀이 들어가는 전형적인 한국식 우동이었습니다 저는 아주 맛있게 먹었어요ㅋ",맛있다
162,유림면,하몽이,별그대에서 도민준이 2인분 포장해서 송이 갖다 준 집입니다. 2인기준 냄비우동(10000) 비빔메밀(11000)먹으니 적당히 배불러서 좋았어요. 냄비우동이라니 좀 생소한 메뉴였는데 다른게 아니라 그냥 뜨거운 우동맛이라 호불호 없을 맛이었고 무난하게 한 끼 하기 좋은 집으로 추천드립니다.,맛있다
163,유림면,Cherry1012,⭐️⭐️⭐️⭐️ (4/5)유림면 냄비우동 ㅠㅠ 진리에요근처에 주차 정말정말 힘들지만 아빠랑 한달에 한번은 가는 단골맛집이에요❤️냄비 비빔 둘다 맛있구 저는 냄비 강추합니다!!!매주 일요일 휴무니까 요일 꼭 확인하고 가셔요!!,맛있다
164,유림면,정뱅이,메밀 소바를 먹으러 간다면 이해가 되지만딱 거기 까지 인거 같다;;;;날씨가 살짝 쌀쌀해서 냄비우동을 주문 했지만…거시면 소바를 드세요~찍어 먹는 쯔유가 괜찮은거 같아요 ~쯔유 추가시 1000원이 붙지만…한번은 추천 합니다 ~,괜찮다
165,유림면,풀롱옹,돌냄비우동 10000원겨울이라 뜨뜻한게 땡겨서 돌냄비우동 먹었어요! 냄비국수랑 거의 비슷한데 돌냄비는 안에 재료가 더 다양하게 들어간다고 하더라구요! 새우랑 어묵이랑 은행이랑 대추가 들어있었어요! 면이 보들보들했고 국물이 감칠맛이 나서 좋았어요! 양도 부족하진 않았어요 같이 반찬으로 나오는 하얀 얇은 무도 상큼하니 맛있었어요! 뜨뜻한 국물 땡길 때 또 갈 것 같아요그리고 담에는 메밀도 먹어보고 싶네요!,맛있다
166,유림면,해띠,냄비우동 동절기에 먹기 좋다.비빔은 밸루,괜찮다
167,유림면,YNZ,여기 대체 왜 유명한 지 누구 가르쳐주실 분... 판 모밀 소스는 마트에서 파는 시판 소스보다도 더 달고 맹맹한 맛이고 비빔모밀도 들큰하기만 한게 아쉽기 짝이 없다. 도토리 키재기지만 둘 중 굳이 고르자면 그나마 비빔이 더 나았다. 재방문 의사 절대 없음..,별로
168,유림면,클로드,우리가 흔히 먹는 메밀과는 디테일이 달랐던 맛이었습니다. 국물이 달짝지근한 느낌이 메밀의 향을 극대화했습니다. 메밀면이 다른 곳보다 식감이 더 훌륭했습니다. 아쉬웠던 점은 국물이 시원하지 않았다는 점입니다.,맛있다
169,남대문야채호떡,ustar,남대문 시장에 가면 일단 호떡 한장 사들고 시작한다. 놀이공원에서 츄로스 사들고 다니는것과 비슷한거라 생각하면 좋겠다. 요즘 길거리 음식을 파는곳도 별로 많지않기도 하지만 이집 호떡은 옛날에 먹던 호떡과는 좀 다른버전이지만 반죽도 짭짤해서 맛있고 속은 달달하게 맛있다. 호떡 속은 무지하게 뜨거우니 항상 조심하도록 하자,맛있다
170,남대문야채호떡,유옐,"진짜 맛있다. 줄이 길어서 이렇게 줄서서 먹을정도인가 했는데 정말 줄서서 먹을 정도로 맛있었고, 안에 내용은 잡채처럼 당면이 있어서 맛있고 발라주는 간장도 너무 맛있다. 튀김도 너무 바삭하고 맛있다.",맛있다
171,남대문야채호떡,세히또먹,야채호떡 도전하기 위해 줄 서본건 처음이였어요. 오랜 기다림 끝에 야채호떡 꿀호떡 시켰는데 진짜 너무 맛있었엉요. 확실히 야채호떡이 양도 많고 발라주시는 간장에 간이 딱 조화로워서 후 후 불면서 먹으니까 어느세 순삭이더라고요.,맛있다
172,남대문야채호떡,돼후니,#돼훈맛집 #솔직돼훈개인적으로 제 입 맛은 아니였어요 .. (안 어울렸어요)*정리-맛 : 2점 /5점 (주문한메뉴: 야채호떡)-인테리어&분위기 : 길거리에서 파는 호떡입니다-웨이팅 :  평일 점심시간 기준 20분 정도 기다렸습니다*총평 : 호떡 안에 잡채가 있는데 어울리는 느낌도 아니고다 따로 노는 느낌이라서 줄서서 먹었는데 안 맛있었어요20분(?) 정도 기다린 것 같은데 저는 먹다가 다 못 먹었어요 ㅠㅠ차라리 그냥 일반 호떡 먹을걸 그랬나봐요,별로
173,남대문야채호떡,꼬미언니,야채호떡 꼭 드세요!!호떡 반죽 자체가 맛있어요 야채호떡에 발라주신 간장이 신의 한수에요!!꿀호떡도 맛있어요!,맛있다
174,남대문야채호떡,기매,"이 자식 완전 호떡의 이름을 빌린 잡채만두다분식집 저가 잡채만두 맛에 환장하는 나에게이보다 더 반가울 수 없는 천상의 조합임쪼온득하면서 겉은 고소하게 지져낸 호떡에삼삼하게 간 잘해놓은 잡채까지 더해져이거야 말로 k 길거리 만두의 끝판왕이 아닌가 싶음가격도 고작 천원이니 이건 너무 반칙인데....?줄이 길긴 한데, 줄 설 만 하다고 느껴졌음한 겨울에 이만한 간식이 없는것 같다",맛있다
175,남대문야채호떡,혀니,"이렇게까지 줄을 서서 기다려야하나, 고민했는데 한 입 먹자마자 기다릴만 했구나 싶었습니다.가격도 1000원밖에 안하는데 정말 내용물이 너무너무 맛있고 실했어요! 호떡 반죽도 버블호떡처럼 너무 헤비하지 않고 겉은 바삭바삭했습니다야채호떡 한개 꿀호떡 한개 했는데, 꿀은 좀 별로였어요ㅠㅠ 야채호떡은 내용물이 꽉차있었는데 꿀은 먹다보니 꿀이 없는 부분이 꽤 많더라구요 꿀 자체는 설탕 입자도 씹히고 맛있는 편입니다무조건 야채호떡!! 과일, 야채를 담갔던 간장소스도 발라주시는데 이 소스도 정말 맛있었어요. 팥호떡은 안먹어보긴 했지만 야채가 진짜 맛있었기에 야채를 능가할 수는 없을 것 같아요. 정말 줄 서서 대량포장해갈 가치 있습니다",맛있다
176,남대문야채호떡,아녜스,노점이라 당연히 망플에 없을줄 알았는데 망플인기맛집스티커 보고 호다닥 리뷰를 올리게됐다. 줄을 서고 있는데 앞에 계신 어르신들이 뭐 먹을지 고민하고 계셨는데 야채요!!를 외칠뻔 했다. 여긴 꿀호떡파들도 야채를 먹어야하는 곳이기에...다행히 앞에 계신분들은 야채와 꿀을 고루 구매하셔서 아주 마음이 놓였다 :) (편안) ㅎㅎ 사실 엄마랑 남대문에 놀러올 때마다 야채호떡을 먹었던 추억때문에 더 맛있게 느껴지는 것 같기도 한데 남대문에 오면 습관적으로 이곳을 들른다. 야채호떡이라기보단 잡채만두에 가까운 맛이고 하나만 먹어도 넘나 푸짐한데 무려 1000원이라 정말 가성비가 최고다. 꽤나 포근해진 날씨에 야채호떡 먹으면서 걸으니 세상 행복해진다. 1개 는 당연히 포장이 안될거라 생각했는데 넘나 당연히 포장을 해주시는 사장님 덕분에 꿀호떡도 싸왔다. 넉넉하신 마음 덕분에 장사가 더 잘되시는 게 아닐까 뭐 그런 생각을 해보았다.,맛있다
177,남대문야채호떡,HanDongheon,세상에이 한여름에 뜨거운 호떡 먹는 줄이라니,맛있다
178,남대문야채호떡,Seyeon.Y,"야채호떡, 꿀호떡 주문일단 이곳 야채호떡은 내가 먹어본 야채호떡 중 가장 맛있었다. 혜화쪽에서 예전에 야채호떡을 사먹었던 적이 있었는데 굉장히 느끼하고 별로였던 반면 여기 야채호떡은 되게 빠싹하고 덜 느끼했다. 바삭한 반죽 속 잡채가 들어있는 느낌. 꿀호떡은 비추! 야채호떡이랑 똑같은 튀김 옷인지 기존 꿀호떡이랑 맛이 다르다. 엄청 빠짝한 식감이고 꿀도 흐르는 꿀이 아니라 흑설탕 맛! 시나몬 맛도 많이 났다. 약간 느끼하기도 해서 여긴 꿀 호떡보다는 야채호떡을 추천.근처면 한 번쯤 먹어볼만한 호떡",맛있다
179,남대문야채호떡,역삼동먹짱,줄을 으마으마하게 서서 먹었어요후기를 보니 두개 이상은 느끼해서 못먹는다길래 딱 하나만 사서 먹었어요후기대로 느끼해서 두개는 못 먹겠더라구요근데 간장도 맛있고 속도 당면이며 잘 채워져있어서 맛은 괜찮았어요하지만 다시 그 줄 서서 먹으라면 안 먹음...,괜찮다
180,남대문야채호떡,아~~휴,남대문시장 구경갔다가  스키장리프트 대기 줄모양이 그곳에서도 보이면 아~호떡집이구나 생각하시면 됩니다. 두곳정도가 보이며 그중 스키장 초급자코스에서 보일듯한 줄이 더 잘나가시는 호떡집입니다. 두곳의 맛은 비슷했고 같은집에서도 굽기정도가 차이났어요. 제가 먹은건 호떡안까지 잘익어 잡채맛호떡 맛있었는데 친구껀  겉바속찐덕물컹 이었나봐요.,맛있다
181,남대문야채호떡,신인선,기분 잡침오만원 짜리 안받는곳..줄 다 기다리고 돈내려고 내미니까 거절당해서 기분 상함.거스름돈이 없다기엔 만원짜리 많이 받으시던데?돈 많이 버시는것 같은데 세금은 내려나?,별로
182,남대문야채호떡,기미상궁,소인은 이제껏 맛없는 호떡을 본 적이 없사옵니다.맛이 없다고 하는 사람도 본 적이 없사옵니다.고로 이 집의 호떡은 당연히 맛이 없을 수가 없사옵니다.소인 지나가다 뜬금없이 긴 줄을 보고는 놀라 줄서계시는 할머님께 “이게 호떡 줄이옵니까?” 라고 여쭈니 할머님께서 웃으시며 “그렇다” 라고 하셨사옵니다. 평범한 인도에 스무분 가량 줄을 서계시니 따로 줄을 통제 해주시는 이모님이 계실 정도였사옵니다.이렇게 유명한 집 호떡인데 가격이 조금 비싸겠지?라는 생각을 가지실 수도 있사온데 개당 천원이니 일반 길거리 호떡보다 저렴한 가격이옵니다.소인은 야채호떡과 꿀호떡 하나씩 포장해서 먹었사옵니다. 솔직히 다른집과 비교해서 엄청 맛있다! 는 아니옵니다. 다소 평범한 맛이지만 아주 바삭 하다는점과 꿀호떡은 계피맛이 강하고 안에 꿀이 수분기가 많이 없다는점 야채호떡은 안에 속이 잡채이온데 심심하니 나쁘지 않았사옵니다.다른 호떡과 비교하여 그렇게 특별한 맛은 아니지만 시장 구경을 하신다거나 지나가다 궁것질삼아 한번쯤 드셔보셔도 괜찮을듯 하옵니다.,맛있다
183,남대문야채호떡,*,기대 1도 안했는데 맛있네여.... 호떡안이 아주 실함ㅎㅎㅎ,맛있다
184,남대문야채호떡,코코아코,"남대문시장.비오는 아침인데도 줄이 길었다ㅜ양파,당근, 부추, 당면이 듬뿍 들어간다위에 간장을 발라줘서 간장찍은 만두 같은 맛이 난다꿀호떡은 비추",괜찮다
185,남대문야채호떡,예랑,"한줄평: 호떡이 아니라 튀김만두 같지만 맛있음ㅋㅋ워낙 길거리음식 좋아하는 사람인지라...특히 떡볶이 호떡 튀김 이런거 완전 잘 먹는데, 남대문 근처 온김에 야채호떡 하나 먹었다. 그랬더니 유명세 덕분에 외국인들까지 합세해서 줄서서 먹는집이 되어있었다 ㅋㅋㅋㅋ오랜만에 먹으니 진짜 맛있음*_* 바삭바삭한 겉면과 달콤짭짤한 맛이 매력적. 호떡이 아니라 튀김만두 같다는 생각이 잠시 들었지만 맛있당 크크크",맛있다
186,남대문야채호떡,유누,호떡 별로 안좋아하는데 이집 야채호떡은 정말 인정... 안에 들어가는 야채잡채가 정말 맛있고 바삭한 겉이랑 조화롭다.,맛있다
187,남대문야채호떡,꺄항,#세상에서 제일 속이 알찬 호떡!!!꿀호떡도 괜찮지만 메인인 야채호떡이 넘 맛있고 두툼하니 알차고 1000원이라는 가격이 믿기지가않는 호떡이다당면과 야채가 그득 들어있어 정말 맛있게 먹었다! ㅋㅋㅋ혼자 하나 다 먹으면 약간 물리거나 음료가 땡길거같은데 셋이서 두 개를 나눠먹었더니 딱 좋았다!!다음에 가면 꼭 또먹어야지..♡,맛있다
188,남대문야채호떡,미콩,"호떡을 겨울에만 먹으란 법이 있숨미까?????여름에 먹어도, 땀을 뻘뻘흘리며 먹어도 맛있는 것을♡이름은 호떡인데 왜 군만두 맛이나죠 ( ๑ ❛ ڡ ❛ ๑ )❤바삭바삭한 겉반죽 튀김 속 알찬 당면과 야채들을 오물오물. 평소 당면 진짜 싫어하는데 여깄는건 왜이렇게 맛났을까요 특히나 소스가 새콤달콤 짭조롬하니 정말 잘어울리더군요 흐흐남대문시장은 여윽시 야채호떡이다~~",맛있다
189,남대문야채호떡,묘성연,야채호떡을 묵음그냥 요기하기 괜찮은 정도난 꿀호떡체질인가보다.그리고 이거 사먹고 남대문 길거리에서 지갑 잊어버림ㅠ,괜찮다
190,남대문야채호떡,benedetta,"/야채호떡/남대문하면 갈치골목, 손만두, 야채호떡,닭곰탕정도?가 대표 먹거리가 아닐까생각. 나에게 그중에 제일은 손만두고.. 야채호떡이 가장 뒤지지않나 생각했다. 야채호떡이라기엔 잡채당면의 비중이 너무크고 기름이 많다. 항상 관광객+한국사람들이 섞여서 서있는 줄이 길따라서있어서 이게무슨줄인지 쳐다보지않을수없게한다. 6시마감인데 그전에 가는것이 재료가 떨어지기전에ㅋㅋ사먹을수있어보임.다소 느끼한 기름맛 때문인지 주변커피숍도 장사가 꽤되는편이고. 워낙 긴 줄때문에 한번정도는 갈만하지만.. 두번은 좀.",별로
191,남대문야채호떡,끼룩끼룩,"호불호가 조금 나뉩니다. 방금 튀긴 것을 받아 들고 먹으면 고소한 맛을 느낄 수 있습니다. 단, 튀김 기름 냄새를 싫어 하는 분들은 다른 것을 드시는 것이 좋습니다. 한가지 알려 드릴 사항으로 한 여름 이른 아침에 출근할 때 호떡 재료 준비하는 것을 보았는데, 언듯 볼 때 길가에 늘어 놓고 하시는 것을 보았습니다. 깨끗하게 재료를 보관 및 준비하시겠지만, 여름에는 더 조심해주셨으면 하는 바램이.. 저도 지나갈 때마다 자주 사먹어서요. 방금 구워낸 호떡은 정말 정말 맛있거든요.",괜찮다
192,남대문야채호떡,베어빈이히,날이 추워 손이 시리고 마침 입도 심심한 상태로 남대문시장 지나가다가 줄이 긴 호떡집을 발견. 유명한 집인 줄은 몰랐는데 리뷰 쓰려고 검색하니까 이미 리뷰가 많은 집이네요 ㅎㅎ야채호떡 꿀호떡 두 개 파는데 야채호떡은 먹어본 적은 없었으나 호떡부치는 아주머니 앞치마가 야채호떡이라고 되어있어서 저게 주메뉴인가보다 싶어서 야채호떡을 시켰어요.위에 살짝 바른 간장이 잘 어울립니다. 당면이 많이 불어 있기는 한데 뜨끈뜨끈 짭쪼름 한 것이 커다란 만두호떡 같은 느낌이었어요. 천원의 행복!일행은 꿀호떡을 시켰는데 꿀은 한참 먹다보면 나온다네요ㅋㅋ한줄평 야채호떡집에서는 야채호떡을 드세요.가성비 굳재방문의사 근처 지나갈 때 무조건추천 아직 안먹어봤다면 추천!,맛있다
193,남대문야채호떡,고기로케,크냥 줄이 길어서 사먹어봤는데 웨 줄스는지 모를...,별로
194,남대문야채호떡,예쁜소나무,꼭 원조라는 곳에서 먹을것을추천한다. 한번먹고 야채호떡에반해 일부러 찾아가서먹었다. 어느날 원조라는집이 문을닫아 그옆에있는 야채호떡을 사먹었는데..그후론 야채호떡 생각도안남..느끼하고 짜고 그맛이생각나 질림.. 남대문에 가면 꼭 원조집에 다시찾아가 다시 야채호떡의 맛을 느껴야겠다,맛있다
195,남대문야채호떡,Nov09,잡채가 다했네!! 호떡 싫어하는내가 다먹음. 바삭하고 짭짤하니 맛있다. 생각보다 느끼하진 않음. 엄청 뜨거움 주의,맛있다
196,남대문야채호떡,무나&뎅,야채가 깡패. 남대문갈때마다 탐내던 호떡인데 드디어 겟! 당면과야채가 대부분이다. 물론 먹다보면 느끼하긴한데 천원호떡치고 아주아주 훌륭하다. 하나먹으믄 배부름. 겉에살짝발라주는 간장도 맛있고.. 근데다먹으니콜라땡김ㅠ남대문별미호떡이니 줄서보시길. 금방줄은빠진다.,맛있다
197,남대문야채호떡,김건우,저는 꿀호떡 먹었는데요 다음에는 야채호떡 먹어봐야겠어요!!꿀호떡이 다른 일반적으로 먹는 호떡이랑 다르구 바삭하구 정말 맛있어요..호떡으로 배채워보고싶네요..야채호떡 먹엇슴당 이거이거 별미네요 ㅋㅋ,맛있다
198,남대문야채호떡,투비써니,"ㅋ남대문 가면 들리는 흔하지 않은 당면이 가득 들은 야채 호떡!! 맛있지만.. 하나 다 먹기 조금 느끼하고, 늘 줄 서 있어서 20분은 기다리는듯ㅠ 네시쯤이면 이미 다 팔리고 없으니 참고하세요~",맛있다
199,농민백암순대,당그니,사청 근처에 괜찮은 순대국 맛집이 있다고 해 방문했다. 점심시간이었는데 평소보다 일찍 갔는데도 이미 대기만 20팀. 그래도 빨리 대기가 줄어드는 편 같아 기다렸다 먹었다. 약 30분을기다리고 들어 간 곳. 주문 후 음식은 금방 나오는 편이었다. 맛은 괜찮았고 깍두기가 맛있었다. 기다림만 덜하다면 점심 먹으러 자주 올 듯 한데 기다리기 어려워 자주 방문은 어려울듯 하다.,괜찮다
200,농민백암순대,대구 촌놈,흠.. 결론주터 말하자면..본점에서의 강렬한 첫인상과는 사뭇 달랐다. 국밥 정식으로 시켜야 수육 한 접시가 포함되어 나온다. 보통 수육정식이라는 메뉴..본점에서는 다대기가 그렇게 많이 들어간 것 같지도 않고 자극적이지 않았음에도 깊고 감칠나는 국물 맛이라서 극친을 했었는데..여긴 본점에 비하면 뭔가 좀 부족하다. 너무 매워 추가 국물을 달라고 하니 아준머니깨서 다음에는 미리 다대기를 빼달라고 하란다. 처음 주문할 때 설명해줬으면 하는 바람이..어쨌든 국물은 그럭저럭이었는데 역시 수육은 최고다. 살코기도 맛있고 비계가 딸린 고기도 맛있고 역시 정식으로 시키길 잘했다. 그래도 직영점답다는 생각은 들었다. 하지만 본점만큼 되려면 깊은 국물맛과 순대와 부속고기와의 조화를 더 신경을 써야 할 것이다. 비오는 날이니 소주랑 반주하는 아재들도 많았다. 아직 초저녁이라 반주는 무리겠거니하고 나와버린게 아쉽긴 하다.,괜찮다
201,농민백암순대,기린,오~! 진짜 맛있어요! 순대국이 국물도 순대도 맛있는데 줄서서 대기해야 해서 자주는 못먹어서 아쉬워요.,맛있다
202,농민백암순대,안재석,"실하긴 한데, 들큰하게 단맛이 너무 남. 원래 그런감?",괜찮다
203,농민백암순대,뇸뇸,순대국 ₩9000순대국밥 웨이팅하는 곳.확실히 지금까지 먹어본 순대국밥과 다르게 맛있다.안에 있는 고기도 야들야들하고 내용물도 많다.바쁜 와중에 이모님들이 말하지 않아도 김치나 깍두기를 가져다 주신다!,맛있다
204,농민백암순대,놀이대장,너무 맛있는 순대국! 그냥 다른 말은 필요 없는거 같아요.,맛있다
205,농민백암순대,또롱,"나 순대국밥 좋아했네...언니가 강남역만 가면 여기 숙대국밥을 먹고,포장까지 해오길래ㅋㅋㅋㅋ 많이 맛있는갑다 싶다가시청 온 김에 한번 먹어봤어요. (포장이랑 홀에서 먹는건 또 다르니까)일단 저는 울며겨자먹기로 먹은건데생각보다 너무 맛있게 먹어서 민망할 정도.. ㅋㅋㅋㅋ국물 얼큰하면서 진하고 백순대 내용물도 알차게 들어있어요. 순대는 3점 정도 있었고 고기가 진짜 많았어요고기 너무 많이 주셔서 먹다가 남김.아쉬웠던 점은 고기에 지방 부위가 많다보니먹다보면 국에 지방 기름이 섞여서 조금 느끼해진다는 것.. (깍두기가 필수)차라리 고기를 좀 덜 주시면 더 깔끔하게 먹기 좋을 거 같은데ㅠ사장님 인심이 오히려 안 좋게 작용할 수도 있구나 싶고..저말고는 고기 푸짐한 걸 좋아하시는 분들도 있을테니 뭔가 딜레마네요.다데기도 많이 넣어주시니 처음에 좀 덜어놓고,간 보면서 더 넣어먹는게 좋습니다 *웨이팅 조금 있었어요. 근처 직장인들이 많이들 먹으러 오는듯*언니 피셜에 따르면 시청점보다는 강남역점이 조금 더 맛있었다고 하네요",맛있다
206,농민백암순대,야미야미,평일 점심 시간에 직장인들로 엄청 붐비는 집. 궁금하기도 하구 비오는날 배는 고파서 들어가 봤다. 냄새도 심하지 않아서 냄새에 민김한 나도 먹을만 한~ 가격도 그렇고 진짜 직장인들이 좋아하겠구나 싶었던 집,괜찮다
207,농민백암순대,zzzzzo!,점심시간에는 무조건 웨이팅을 해야하는 맛집입니다. 저한테 순대국집을 맛집이라 표현할 수 있는 집은 농민백암이 유일한것 같아요된장베이스의 순대국인데 국물이 정말 진합니다. 고기랑 순대도 정말 많이  들어가있어 다 먹을때 쯤에는 약간 물릴 정도에요. 순대도 시판 당면 순대가 아니라서 좋았어요.이번에는 수육도 시켰는데 정말 알맞게 삶아서 고기도 야들야들하고 부드럽습니다. 추천!,맛있다
208,농민백암순대,내일뭐먹지,"앞으로 순대국집을 다닐 때 기준점으로 삼을 집이 될 것 같다. 꼬릿하면서도 진한 국물에 잡내 없이 깔끔하고 고소한 부속고기와 속이 꽉 차있는 순대. 밑반찬으로 나온 것들까지 모든 점이 만족스러운 집이었다.밍숭하니 멀건 국물에 다데기와 들깨가루 맛으로 먹는 순대국을 선호하는 편은 아니기에 들어있는 다데기도 건져내고 들깨가루도 넣지 않았음에도 진한 국물이 절로 힐링을 부르는 맛이었다.디테일도 참 좋은데, 새우젓도 일반 하얀 새우젓이 아닌 추가적인 양념이 돼 있고, 쌈장이 아닌 토종식 된장이다. 부속고기들을 밥위에 올려놓고 새우젓을 조금 찍어 올려서 밥과 함께 먹는 맛이 일품이었다.고추는 좀 말라 있었는데도 맛있는 된장을 찍어 먹기 위해 고추와 양파를 먹게 되었다. 특이 아닌 보통임에도 건더기 양이 많아서 밥을 다 못먹었다.점심시간 내내 가게앞에 웨이팅이 생겨 있었지만 홀도 넓고 회전도 빨라서 그리 오래 기다리는 것 같진 않았다.본점과 맛이 다를지는 모르겠으나 이 정도로도 충분히 만족스러워서 순대국 1픽으로 저장.(21.08.10 국밥 8,000)",맛있다
209,농민백암순대,요니,"국밥 특(10,000) 주문.국물 한입 먹고 아 역시 다르군 싶었다적당하게 걸죽한 느낌의 국물이 인상깊다. 고기도 유난히 부드럽고 유명한데에는 이유가 있는듯",맛있다
210,농민백암순대,기미상궁,"""많은 이들의 인생 순댓국""몇 천원 대비 극한의 포만감을 선사하는 국밥은 흔히 가성비의 음식이라고들 하는데 정말 정말 잘하는 집의 국밥.. 순댓국은 극한의 깊은 맛을 선사하온데..​소인에게는 이곳  '농민백암순대'가 그렇사옵니다. 이런 맛을 선사하는 집을 어찌 가성비라는 단어로만 포장하오리..""국밥은 특으로"" 라고 배운지라.. 전날의 약간의 과음도 한몫하여 특으로..자리가 치워지는 동시에 밑반찬이 세팅되옵니다. 이모님들의 빠른 손으로 일궈낸 극한의 회전율이랄까..묵직~한 국물에 취향껏 새우젓으로 간을 하면 맛이 쭈욱 올라옴이 소인의 입맛에는 찰떡이더이다.소인도 이제껏 그저 평범한 프랜차이즈 순댓국의 맛이 당연하다 싶었었는데 이 집 국물을 한입 하고는 진짜임을 알게 해준 집이옵니다. 그리고는 입맛이 높아져선 웬만한 집에서는 그저스읍 하며 고개를 갸우뚱하게 되는..",맛있다
211,농민백암순대,그린파파야,"회사 앞이라 종종 찾아갑니다. 맛도 있고 양도 많고! 깍뚜기 등 반찬도 입맛을 북돋아 줍니다. 더운 여름에도 코비드 19 중에도 사람많은 이유가 있습니다. 저녁에는 술과 순대국 그리고 순대와 한다면 딱일 것 같아요! 남대문 시장에서 가성비, 청결함 그리고 만족스러운 식사를 찾으시면 단연코 여깁니다.",맛있다
212,농민백암순대,머큐리 ,"쌀쌀한 바람엔 국물이. 북창동 <농민백암순대 시청점>. 정식/13000 주문.평일 1시 넘어 방문해 30분정도 웨이팅, 혼잡한 홀 분위기에 매우 혼란하다 ㅋㅋ다양한 순대고기들이 적절히 익혀져 들깨와 양념장이 든 채로 나오는 국밥은 꽤나 괜찮다. 망플 1위를 굳건히 지키는 이유를 알겠다. 누가먹어도 맛있을, 하이퀄리티에 순대국. 정식으로 주문해 고기등이 나왔는데 식은 순대는 잡내가 도드라지기에 국물에 넣어 따뜻하게 먹었다. 끝까지 맛있으려면 그냥 순대국만 즐기는 게 더 좋을 듯. 5-6000원하는 집도 있는 판에 13000원? 과한 게 아닌가 싶었는데 이정도 디테일에 깔끔함과 맛이라면 충분히 지불할 만 하다 생각한다.",맛있다
213,농민백암순대,chanwook_ie,돼지 특유의 잡내가 없이 깔끔한 순댓국이다. 순대는 큰 특징은 없었고 고기와 내장이 푸짐하고 맛있으며 국물이 누구나 거부감 없이 먹을 수 있을 맛이다.,맛있다
214,농민백암순대,Noah,상당히 맛나게 먹음,맛있다
215,농민백암순대,또바기,"본점을 늘 가고 싶었는데, 북창동에 직영점이 있다는 걸 알고 저녁시간에 방문했다. 그 결과는 대만족이었다. 곰탕 국물처럼 중독성 강하게 땡기는 국물이 일품이다. 정식",맛있다
216,농민백암순대,JhY,국밥 최애 중 한 곳이다 더 말할 필요가 없음ㅠㅠ유일한 단점은 사람이 넘 많아서 대기가...그리고 그만큼 많이 시끄럽고 정신없긴 하다. 그래도 시청쪽에 매장이 있다는게 행복.,맛있다
217,농민백암순대,왕앵무,점심시간에는 항상 사람이 말도 안 되게 많아서 가보고 싶다 얘기만 했었는데 드디어 가봤다! 맛있었지만 웨이팅을 하면서까지 갈 만한 곳은 아닌 것 같기도?!,괜찮다
218,농민백암순대,해띠,인생 순대국 갓민갓암갓대..,맛있다
219,농민백암순대,찌나,난 쏘쏘돼지수육 존맛. 순대국은 얼큰하면서 밥말았을때 궁합이 너무좋다. 맛있네~,맛있다
220,농민백암순대,마중산,"늘 옳은 농민백암순대.본점이 수요미식회에 나오기 전부터 다녔었는데, 본점은 이제 줄이 너무 길어 엄두도 안난다.시청점은 처음 갔는데, 맛과 서비스 모두 본점 명성에 비해도 부족함이 없었다.이 집은 돼지국밥과 순대국 퓨전 같은 느낌인데, 국물이 걸쭉한 점이 특히 그렇다. 굳이 흠을 잡으라면 기대치보다 약간 묽은 느낌리 있었는데, 저녁 시간에 사람이 몰렸기 때문인 듯.아무튼 푸짐한 고추와 양파, 맛있는 김치, 무엇보다 최고의 국밥! 추천!",맛있다
221,농민백암순대,플렉서,너무기대를 해서일까? 뭐 먹을만은했는데 그렇다고 줄슬정도는 아니였다 순대국 보통 8000  간이 좀 짜고 국물이 진득했다 매운소쓰는 적게 얹는편 같다 단맛이 강한편은 아니다신의주찹쌀순대가 나에겐 딱인것같다,괜찮다
222,농민백암순대,기미상궁,이제는 다른 프렌차이즈 순댓국은 입에 대지도 못할 것 같사옵니다... 이는 어나더레벨의 순댓국이였사옵니다..기미상궁의 국밥뿌시기 3탄은 이곳 농민백암순대 시청점이옵니다.  소인 오늘은 하동관에 가볼까 고민하다가 순간적으로 순댓국이 끌려 이곳으로 이끌려 왔사옵니다.너무 배고픈 마음에 특으로 시켰사옵고 가격은 보통8000원 특은10000원으로 망플에 메뉴판사진보단 가격이 올라있었사옵니다.다른집들은 김치만 주는곳이 많았는데 양파와 고추를 보니 반가운 마음에 순간 기분이가 좋았사옵니다.순댓국은 특을 시켜서 그런지 고기와 순대가 아주 푸짐하였고 국물을 한입 스윽 하고 새우젓 넣고 고추 넣고 부추를 탈탈 털어 넣고 한번 휘이 저어 다시 국물을 한입 하는순간 아.. 이제까지 먹었던 순대국은 다 가짜였구나를 느꼈사옵니다. 곰탕이나 설렁탕과는 베이스가 다른 국밥이온데 소인은 이집의 돼지국밥이 애성회관이나 미성옥의 설렁탕과 비교한다면 이곳이 단연 일미였사옵니다.본점과 다른 분점도 모두 들려보고싶을 정도이니 다음엔 친구들과 이집 순댓국에 소주도 한잔 하고 싶었사옵니다. 대감들께서도 꼭 이집의 순댓국을 잡숴보시길 간곡히 청하는 바이옵니다.,맛있다
223,농민백암순대,EJ,아구 카메라를 좀 닦았어야는데...! 순댓국이 반짝반짝.  회사 가까운 곳에 직영점이 있길래 서둘러 갔는데 여기도 대기가 장난이 아님.혼밥이니까 푸짐하게 정식 주문.수육 진짜 부들부들 맛있다...! 씹을때마다 고소함이 쫄쫄.개인적으로 순대국을 기름진 스탈과 담백한 스탈로 나누는데 여기는 두군데 모두 속하지 않는 줄타기 느낌. 국물이 진한데 기름지지않고 담백함. 그래서 인기가 많나보다. 다음에 팀장님과 왔는데 드실때 끄덕끄덕 하셔서 뿌듯했음사장님과 일하시는 분들 다 친절하신 것도 좋음.,맛있다
224,농민백암순대,JhY,"그 유명한 농민백암순대의 시청점! 사람이 너무 많아서 대기가 생기고 넘 시끄럽다는 것 빼면 다 좋은 곳. 찐한 국물에 푸짐한 고기, 고기와 순대도 매우 부드럽고 잡내 없음. 가까운 곳에 있으니 포장해와서 먹어도 좋았다. 순대국집 중 최고 인기.",맛있다
225,농민백암순대,위생 안좋으면 밴,"순대는 쏘쏘(너무 기대해서 실망ㅜ) 수육이 아주 맛있었던 집입니다. 강남본점은 어떤지 모르겠지만 시청점은 순대가 너무 아쉬웠습니다. 그저그렇거나 오히려 살짝 순대가 흠이라 느껴졌습니다. 수육이 굉장히 맛있어서 순대만 괜찮았더라도 진짜 자주올텐데 순대가 너무 아쉬웠습니다. 정식을 시키면 국밥과 수육,순대가 따로 또 나오는데 이 수육을 먹기위해 정식을 굳이 시킨다해도 과언이 아닌것 같습니다.",괜찮다
226,농민백암순대,Sugar & Thin,"북창동 새로 생긴 순대국밥집내용물이 푸짐하고, 순대는 별로 없는대신 다른 부속물이 많아 돼지국밥 느낌임점심시간 약간의 웨이팅 있음초심을 잃지 않고 내용물 푸짐하게 계속 주면 좋겠다.",괜찮다
227,닭칼원조집,자덕식객 (自德食客),"닭한마리 + 손만두 + 국수사리 오래간만에 찾은 닭칼국수집. 그동안 닭칼국수 하면 종각에 있는 백부장닭한마리만 찾아가 먹었는데 좀 색다른 맛이 없을까 하여 이곳을 찾게 되었다.이곳 역시 대기가 기본인 맛집이여서 조금 늦게 가보니 자리를 잡을수 있었다.닭한마리는 닭육수에 감자, 파 그리고 닭으로 구성되어 있는데 육수는 자극적이지 않은 아주 깔끔한 맛이여서 좋았다. 여기만의 특징인 손만두를 주문하였는데 할머니께서 주방 한켠에 가셔서 바로 만두를 빚기 시작하셨다. 왜 미리 주비하시지 않으시냐고 물으니 할머니께서 만두를 바로 빚어 먹어야 맛있다고 하셨다. 우린 잠시 후에 그 이유를 알 수 있었다.만두를 닭육수에 투하하여 익힌 후 한입 먹으니 부추로 가득찬 만두 속이 입안을 가득 매우며 우릴 놀라게 했다. 할머니, 할아버지께 간판에 '닭한마리와 만두'로 하시는게 어떠냐고 건의 하였으나 웃음으로 회답하셨다. 마지막으로 닭육수를 추가하여 국수사리를 주문하였다. 그냥 먹어도 괜찮았으나 우린 김치와 다데기를 곁들여 걸쭉한 국물에 약간 칼칼한 맛을 내어 먹었다.사실 죽으로 마무리 지어야 하는데 너무 무리인듯하여 오늘은 여기까지. 오래된 맛집이지만 할머니와 할아버지 두분이서 식당을 운영하시는 것을 보니 정겹게 느껴졌다. 메뉴판에 확 끌리는 것이 있어 다음엔 저녁에 와야겠다는 생각을 했다. 과연 그 맛은 옆에 있는 호수집에 견줄만한 맛일까...#닭칼원조집 #닭칼국수 #부추만두 #중링동맛집 #충정로역맛집 #박종원3대천왕 #노포 #오래가게 since 1980s",맛있다
228,닭칼원조집,EJ,* 맑디맑은 국물과 귀여운 만두꾸밈없어보이는 맑은 국물의 닭전골 비주얼에 끌려 방문함. 기름지고 진한 맛은 아니고 보이는 것처럼 맛도 굉장히 맑고 시원한 육수이다. 평냉같은 느낌이랄까 닭조각이 조그매서 귀엽다. 한 입에 쏙쏙 먹기 편하고 고기도 담백한 맛이다.하이라이트는 이 귀여운 만두다. 부추가 많이 들어서 익으면 피가 투명해져서 귀엽다가 청순해진다. 소스도 라이트하고 새콤한 편이라 처음부터 끝까지 깔끔하다.,맛있다
229,닭칼원조집,빠샤,닭한마리+감자+파 넣은 육수탕이 2인분 2만 2천원여기에 칼국수 먹으려면 국수사리 2천원 추가만두 먹으려면 5천원 추가...닭칼국수 파는게 아니라 닭탕파는거면서 그깟 면사리도 따로 사게만들다니...맛도 그냥 딱 기대되는 맛.재료만 있음 똑같이만들듯요.,별로
230,닭칼원조집,먹방꼬북,담백하고 깨끗한 닭한마리특히 만두!!! 가 정말 맛있었다,맛있다
231,닭칼원조집,세현,세상 사람들 여기 닭국물맛 미쳤어요.... 뽀얗지 않고 맑은 닭국물은 처음인데 국물만 따로 사가고 싶었음ㅠㅠ닭한마리(20000) 손만두(5000) 시켰어요. 닭이 작은 편이나 먹잘것없는 게 아니라 살이 차 있고 부드러워요! 닭 찍어먹는 소스 직접 만들어주시는데 별거 안 넣으시던데 왤케 맛있져....손만두는 갓 만든 상태로 나와서 닭 끓는데에 넣어서 익혀먹어요. 부추 등등이 들어가있는데 향이 강해서 닭이랑 같이 먹으면 맛있어요ㅎㅎㅎ 그리고 주인 아주머님들 완전 좋으세요ㅎㅎ 소스만드는데 개인 취향 고려해서 만들어주시고 사진찍는 타이밍 다 기다려주시고(죄송..) ㅋㅋㅋㅋ무튼 국물 짱임 여기 무조건 다시 간당,맛있다
232,닭칼원조집,Colin B,"<서울의 노포를 찾아서>궁금했던 중림동. 한국 최초의 고딕식 건물이라는 약현성당을 중심으로 조금씩 젊음이 태동하고 있는 서소문로 6길과 오래된 시장과 식당들을 품은 청파로가 있는 곳.호수집과 함께 고민하다 선택한 닭칼원조집. 노포 간지 나는 간판이 인상적이다. 인상 좋으신 할머니께서 닭 한마리에 부추 만두를 넣어 먹고, 나중에 칼국수나 죽을 끓여먹는 순서가 이 집의 참맛을 알 수 있는 정석 코스라 하신다. 또 김치는 절대 국물에 넣지 말고 꼭 맑은 닭 국물을 그대로 먹어야 한다고 신신당부하신다. 저 처음 왔어요 하며 불쌍한 척을 하니, 못 이기시는 척 손수 양념장도 만들어주셨다.이 집의 특징은 우선 국물이 가볍다! 맑고 기름기가 적어 부담 없이 시원하게 들이킬 수 있다. 그리고 작은 닭을 써서 육질이 딴딴하다는 느낌이 든다. 기름기를 쪽 뺀 느낌인데, 그래서 국물도 그리 깔끔한가 싶다. 그리고 이 집의 킥은 부추 만두. 닭 국물에서 익혀, 양념장을 올린 후 국물과 함께 호로록하고 먹으면 아주 별미다.동대문 쪽의 닭 한마리와 비교해서 뭐가 더 낫다 평하기는 어려울 것 같고, 취향에 따라 선호가 나뉠 것 같다. 묵직하고 보양하는 느낌이 드는 것을 원하면 동대문으로, 깔끔하고 시원한 느낌을 원하면 이 곳으로.",괜찮다
233,닭칼원조집,홍콩오리,옆에 호수집을 가고싶었는데 너무 줄이 길어서 시간이 촉박했기에 들어간집. 알고보니깐 3대천왕 출연맛집이라는데 매우 한산하여 놀랐다.닭을 주문하면 옥수역에서 먹었던 이북식 닭요리와 아주 비슷한 요리가 매우 재빠르게 나온다. 미리 익혀놓지 않았다면 불가능한 속도로...망고에서 만두를 추천하여 만두사리도 시켜보았다.옥수에서 이미 이북식 닭요리를 먹어보았고 나는 만두를 매우 좋아하는 사람으로서 만두를 많이 먹고다녀서 그런지 놀랍지는 않은 맛이었다. 부추가 많이 들어있긴 함그래도 깔끔하니 괜찮았고 배부르게 먹고 나왔다.호수집 너무 줄 길면 갈만함..,괜찮다
234,닭칼원조집,benedetta,/닭칼국수/죽/부추만두/추운겨울에 창문에 김이 서리고 따끈한 닭육수 한숟갈에 소주한잔이 생각나는맛.나는 비록 여름에갔지만 겨울에 뽀드득한 눈밭을 밟고 다시오고싶은 그런 맛이었다. 국물이 부드럽고 맛있어서 뭔가 칼칼한 소주도 생각이나고. 다른집보다 닭의 조각이 작고 감자같은것도 슬라이스로 썰어져있다. 양념배합이 쉬우면서도 참맛있다. 부추를 송송 넣어도맛있겠더라.만두를 추가하면 부추만두를 그때그때 빚어서 나오는데 귀엽고.. 맛있다! 부추가 엄청많고~ 부드러운맛. 반드시 추가해서 먹어야한다!!! 오래끓이면 퍼질수있으니 익으면 오래두지않는걸로-칼국수보다는 죽이 좀더 맛있었고. 두가지다 먹을수있다. 예약이 가능하고. 오래된 서울길에 두고두고 가고싶은 30년된 맛집이다.,맛있다
235,닭칼원조집,Luscious.K,"중림동 닭칼원조집30년 넘은 내공과 시장의 운치가 혼합되어 있는 정감있는 딱 닭한마리집 분위기..3대천왕에 나오면서 더욱 유명해 지기도 했습니다#국물이 집 국물은 유명한 동대문 원조소문난닭한마리와는 완전히 달라요원조집이 진하고 진한 국물이라면이 곳의 국물은 맑고 개운한 투명한 국물입니다한 숟가락 먹으면 '아~~ 시원해'.. 라는 말이 절로 나오는 산뜻한 국물이 특징이지요#양념장특별할 거 없는 특별한 양념장이 좋습니다테이블에 양념장 제조방법을 친절히 설명한 설명서가 이색적이고, 그 방법대로 만드는 것이 제일 맛있다고 하세요저도 그 방법대로 만들었을 때 톡 쏘는 겨자맛이 좋은 맛있는 양념장이 됐습니다#만두이 집의 최고 별미.. 직접 만드신 예쁜 '부추만두'아마도 이 집은 이거 먹으러 가는 집이죠예쁜 포자처럼 생긴 만두를 국물에 넣으면 투명한 비취색의 예쁜 보석이 됩니다살짝 조미료맛이 나지만 전체적으로 담백한 만두가 닭고기의 퍽퍽함을 위로해 주죠 완전별미이 곳 한 가지 재미있는 것이 다른 집에서 다 하는 김치넣고 끓이지를 못하게 하세요김치넣고 국물 끓이면 국물맛이 변한다고 절대 못하게 하시네요아마도 국물에 대한 자부심이 있으셔서 그런 듯 합니다전 말 안듣고 김치 넣고 끓였는데...말씀 하신대로 김치 않넣고 끓이는 게 더 맛있네요(어쩌면 김치가 부족했을 수도.. ㅎㅎ)맛있는 닭한마리집..기억해 두시면 좋을 듯 합니다",맛있다
236,닭칼원조집,안재석,닭한마리에 만두넣고 칼국수먹고 죽만들어 먹고. 그야말로 뼈빼고 다 먹는다. 단지 닭이 좀 작다는거. 괜츊다.,괜찮다
237,현대칼국수,르웬,"국물이 끝내줘요! (이거 알면 최소 나랑 같은 세대)평소 칼국수를 즐겨먹지만 엄청 좋아하는 음식은 아니라서 나름 칼국수 평가에 깐깐한 편인데, 이 집은 찐맛집이다!또 국물도 별로 즐기는 타입이아니라서 엄청 맛있는 국물이 아닌이상 국물을 다 먹은 적은 거의 없는데 이 집은 찐국물이다!!김치도 칼국수 맛집답게 칼칼하고 찐한맛으로 입맛을 돋우고,섞어 칼국수를 시키면 칼국수에 만두 3점을 넣어주는데 그게 또 그렇게 맛있다. 조만간 퇴근길에 만두 포장하러 와야겠다. 면과 밥은 말씀드리면 무제한 제공해주시니 칼국수면 다 먹고 밥을 꼭 말아서 먹는것을 추천한다!",맛있다
238,현대칼국수,사과맛다시,"찾아갈 정도는 아니지만, 주변에서 가볍게 먹을 식사를 찾고 있다면 괜찮은 정도입니다! 멸치육수가 진해서 좋고, 만두도 무난하니 맛있어요. 너무 얇은 피가 아닌 이런 투박한 만두가 먹고싶을때가 있죠...! 면이 동그란 우동느낌이라 좀 아쉬웠지만 이건 취향차이일듯. 노포 느낌이라 좋고, 김치겉절이가 괜찮습니다.",괜찮다
239,현대칼국수,야미야미,굉장히 오래된 가게고 인터넷 보니 인기도 많은 듯 했다. 가볍게 한끼 먹으려고 간 가게인데 진짜 그냥 가볍게 한끼 먹을만한 무난한 맛. 내 취향의 부드러운 면과 진한 국물은 아니었지만 딱히 불평할만큼 맛없지도 않았다. 오래된 가게인만큼 추억의 맛을 즐기는 분도 많은듯.,괜찮다
240,현대칼국수,끼룩끼룩,"메뉴는 단촐합니다. 칼국수, 칼국수만두(일명 섞어), 물만두.. 여름에는 콩국수가 있습니다. 사리 추가 무료, 공깃밥(양은 반그릇) 무료 입니다. 반찬은 직접 담그신 겉쩔이와 깍뚜기만 나옵니다. 양념 다대기, 후추, 청양 고추 다진거(?)가 준비되어 있습니다. 점심 시간에는 십분에서 십오분 기다립니다. 두분이나 한분 이시면 자리가 금방 나올 수도 있습니다. 국물 맛이 시원합니다. 가격은 칼국수 7천원, 섞어 7천5백원, 물만두 한접시 4천원(?)하는데, 그냥 물만두 보다는 칼만두를 시키는 분들이 많습니다. 여름 콩국수는 8천원인가 했습니다. 주변의 가계에서 파는 어설픈 칼국수들 보다는 국물이 정말 끝내줍니다. 마른 멸치와 많은 야채 재료들을 넣고 끓였는데, 비린내는 확실히 없고 맛이 정말 깔끔합니다. 바지락 칼국수나 닭한마리 칼국수, 샤브샤브 육수에 넣고 끓이는 다양한 종류들이 있는데, 역시 마른 멸치를 넣어 끓여낸 국물이 정말 좋습니다.",맛있다
241,현대칼국수,클로드,"정말 맛있는 칼국수를 먹었습니다!! 누가 봐도 칼국수 잘 하는 곳임을 보여주는 현대칼국수에 들어서니, 친절하신  어머님들이 맞이했습니다. 그 곳에서 먹은 칼국수는 정말 최고였습니다. 멸치 육수의 감칠맛이 정말 강하게 제 혀에 때려박는다는 표현을 하고 싶습니다. 면도 조금 우동같은 느낌이 들어 다른 칼국수보다 좀 더 쫄깃했습니다. 살짝은 가볍다고 느껴지지만, 맛 하나는 정말 최고인 칼국수였습니다.",맛있다
242,현대칼국수,권오찬,"* 한줄평 : 시청 앞 40여년 노포 칼국수1. 한반도의 전통 국수 재료는 끈기가 없는 메밀이기 때문에  반죽을 분통에 눌러 면을 뽑아내는 방식을 택한다. 칼국수는 도마와 칼이라는 도구가 생기고 나서 반죽을 얇게 밀어 <칼로 썰어내 만든 국수>라 하여 이름 붙여진 것이다.2. 찬바람 부는 겨울의 인기 메뉴인 칼국수가 이 땅에 정착한 것은 한국 전쟁 이후 구호물품으로 밀이 들어오고 나서이다. 미국산 밀이 대량으로 국내 유입된 것은 칼국수가 서민음식으로 자리잡는 계기가 되었지만, 아이러니하게도 농부가 직접 경작하여 경제성 열위였던 <우리 밀밭>을 사라지게 한 원인이 되기도 한다. 3. 지금이야 칼국수의 자리를 짜장면과 라멘 등의 대체재가 많이 잠식했다지만 우리 어머니 세대만 하더라도 집에 재봉틀과 제면기는 필수 가정용품 중 하나였다.4. 이 식당은 시청 근처 소공동 골목에서 무려 40여년을 자리지킨 칼국수 노포이다. 칼국수 레서피가 삶았다가 찬물에 행군뒤 넣는 것이 아니라 끓고 있는 육수와 함께 조리하는 것이다 보니 근간이 되는 재료에 따라 음식명이 바뀌는데, 이 집은 <멸치 칼국수>이다.(바지락, 팥, 멸치 등 육수의 주요 재료에 따라 음식명이 달라진다)5. 개인적으로 라면은 꼬들, 칼국수는 부드러운 식감을 선호하는데 이 집은 칼로 쌀어낸 납작면이 아니라 동글 통통한 우동면 스타일이다. 칼국수의 맛평가에 가장 큰 영향을 주는 것은 아이러니하게도 면과 국물보다는 <김치>가 우선인데, 이 집은 합격이다.바람은 차고 몸은 으슬한데 식도를 타고 넘어가는 칼국수와 입안에 스타카토를 찍어주는 김치의 조화가 꽤 훌륭했다.# 추가잡설재미있는 것은 동아시아 한중일 3국이 유교 문화권으로 음식문화는 큰 틀에서 대동소이하지만, 국수 제조 방식은 각기 다르다는 것이다.앞서 설명했듯 우리나라의 국수는 <눌러서> 면을 뽑아내는 방식이고, 중국은 반죽을 꼬아 <쳐대며> 길게 늘려나가는 방식이다. 일본은 펴낸 반죽을 여러장 겹쳐 <자르는> 방식이다. 결국 동일한 재료인 밀을 사용하더라도 사용하는 <기구>에 따라 국수를 제조하는 방식이 서로 다른 것인데, 이래서 요리기술은 도구의 발달과 정비례한다고 하나보다.",맛있다
243,현대칼국수,기미상궁,"""짙은 멸치향에 매료된다""소인이 이 집을 처음 알게 된 건 이 집의 어마 무시한  웨이팅 줄을 보고이옵니다. 직장인들이 얼마 없는 시간을 쪼개 줄을 기다리면서까지 먹는다는 것은 찐 맛집이라는 얘기이지요.가게에 들어서자마자 짙은 멸치 향이 코끝을 자극하는 곳이옵니다.단연 칼국수가 대표 메뉴이고 소인은 만두 맛도 볼 겸 섞어 칼국수를 주문하였사옵니다. 칼국수가 나오기 전 아주 맛깔난 김치가 나옵니다. 깍두기와 김치 세트로이 집은 투박하지만 묵직하고 깊은 멸치 육수가 아주 매력적이옵니다. 개인적으로는 만두는 감흥이 없더이다. 평범한 시판 만두 느낌이 들었사옵니다.그저 맛난 김치와 짙은 멸치육수와 뚝뚝한 면발의 조화가 좋은 집이니. 멸치 베이스 칼국수가 떙긴다하면 고민 없이 떠올릴수 있는 집이옵니다",맛있다
244,현대칼국수,JJ,서울 멸치육수 최고의 칼국수집몰려드는 손님 합리적인 가격을 생각하면 둥근면은 아무렇지 않다단연 A,맛있다
245,현대칼국수,포포,그냥그냥...찾아가기 조금 어려웠고 싱거웠음.,괜찮다
246,현대칼국수,민지,김치도맛있고 국물도 맛있고 만두도 넘 맛있어요~~~ 시청역오면 꼭 가야할 맛집!!,맛있다
247,덕수정,르웬,"정동길 대표 가정식 밥집!오동통탱글탱글하고 빛깔도 영롱한 오징어볶음이 유명한 집으로, 평일 점심에는 줄이 엄청나게 길어 최소 20명 이상은 눈이오나비가오나 항상 줄서있는 가게다!저녁에 삼겹살을 먹을때는 밑반찬이 맛있는것 외에는 특별한 매력을 못느꼈었는데, 오징어볶음과 삼치구이, 순두부찌개를 먹어보니 확실히 맛있는 밥도둑이었다!삼치구이는 사실 구이라기보다 튀김에 가까운데 개인적으로는 학식같은 튀김생선구이를 워낙 좋아해서 특 호!였지만 취향에 따라 부담스러워하는 분도 있을듯하다. 순두부찌개도 칼칼하니 바지락도 많이 들어있어 다음에와도 꼭 시킬 메뉴로 찜해놨다. #항상함께해",맛있다
248,덕수정,gammadong,"외강내유의 오징어볶음덕수궁 돌담길 끝에 있는 식당이다.평일에 직장인들을 상대로 영업을 하는 식당이지만, 주말에도 사람이 상당히 많다. 심지어 웨이팅도 있다.파는 메뉴는 다를게 없다. 오징어볶음, 제육볶음, 삼치구이, 부대찌개…. 흔히 점심 저녁으로 먹는 메뉴다.오징어볶음(10,000)과 부대찌개(8,000)을 주문했다.밑반찬이 깔리고 밥이 깔리고 부대찌개에 넣을 라면사리가 깔리고 나면 오징어볶음이 테이블 가운데 들어 앉는다.오징어볶음은 아주 빨갛고 반짝반짝거린다. 비주얼만 보면 아, 강하겠네…라는 생각이 든다.그런데, 다르다. 오 생긴 것하고 다르게 적당하다. 비주얼이 강하면 간이나 맛도 강할 거라는 생각이 들기 마련인데, 전혀 그렇지 않다. 오히려 불맛이 강조된 그런 오징어볶음이다. 밥에 비벼먹는 오징어볶음이 아닌, 밥이랑 밑반찬이랑 같이먹기 좋은 그런 오징어볶음이었다. 부대찌개는 딱 가격에 맞는 그런 부대찌개였다. 가격을 생각한다면 정석적인 부대찌개에서 벗어나지 않는, 딱 기대한만큼의 그런 부대찌개였다.삼치구이도 맛있다고 하는데, 그건 못 먹어봐서 진짜 아쉽다.다시 오징어볶음을 먹으러 갈래라고 물어보면 두말하지 않고 가고 싶은 그런 곳이다.그리고 계산하고 나면 사장님께서 한 사람당 하나씩 요구르트를 주시는데, 그게 너무 좋았다.아 밑반찬들도 다 좋다. 오이무침, 김치, 콩나물, 어묵볶음. 다 맛있다.든든하게 한 끼를 채우고 나올 수 있는 그런 곳이다.",맛있다
249,덕수정,왕앵무,"오징어볶음이 유명한 곳으로, 광화문/시청 근방 내 최애 밥집 중 하나이다. 촉촉하게 볶은 오징어볶음은 특이하지는 않지만 딱 정석 같은 맛이다. 제육은 잡내가 쬐에에끔 나는 편이라서 오징어볶음을 더 추천한다. 이번에는 부대찌개는 안 시켰지만 보통 두세명이서 오면 오징어볶음과 부대찌개를 시키는데 부대찌개도 나쁘지 않다.",괜찮다
250,덕수정,live laugh love,+ 오징어볶음이 맛있는 백반집+ 옛날부터 오징어볶음 먹으러 가족끼리 왔던 곳인데 평일 저녁에 가면 삼겹살이나 부대찌개에 한 잔 걸치러 오는 직장인들이 많이 오는 곳이었는데 요즘은 무슨 루트로 알려졌는지 젊은 분들이 늘어났더라. + 오징어볶음은 소스가 자박자박한 타입이 아니라 밥을 비벼먹는 느낌은 아니지만 반찬으로 밥 한공기 뚝딱하게 만드는 별미다. + 식사를 하고나면 야쿠르트 하나를 주신다. 입가심으로 딱!- 주차가 어렵다! 유일한 단점,맛있다
251,덕수정,"자유, 책, 꽃, 달이 있다",덕수궁 근처로 약속장소를 잡아서. 리뷰를 보고 친구랑 갔다가. 야채는 거의없이.오징어에 짜기만한 집고추장 버무려 볶은 맛을 보고. 피차간에 입장난처해서 식사도중에 나올수는 없고. 오래간만에 만난 친구한테 너무 미안해서 리얼후기 꼭 남겨야 나같은 피해자 없겠다 싶었습니다. 저 입맛 까다로운 사람 아닙니다.,별로
252,덕수정,chanwook_ie,연신내 두꺼비집의 오징어볶음은 어른스러운 맛이라면 이곳 오징어볶음은 대중적이다. 양념은 제육볶음과 상당히 비슷한데 불향이 강하게 느껴지고 많이 달지 않다.요즘 오징어가 금값인데 양이 푸짐하니 역시 직장인들이 줄 서는데 이유가 있다. 저녁에 삼겹살을 구워드시는 손님들이 계셨는데 오징어볶음과 조합이 좋을 것 같다.,맛있다
253,덕수정,Hynorii,정동길 덕수정오징어볶음은 맛나지만 부대찌개는 쏘쏘해요,괜찮다
254,덕수정,_encer,덕수궁 돌담길에 위치한 유명한 식당. 삼치는 평균적인 맛인데 양이 다른 곳 대비 많아서 배불리 먹었고 오징어는 그냥 베스트..,맛있다
255,덕수정,Wandering Consultant,"평일 점심 방문.  이번 프로젝트 시작하고 처음으로 (8개월만에) 방문한 백반집. 정동길 한 가운데에 있어 접근성이 좋은 편은 아닌데, 점심시간에는 항상 직장인들이 바글바글하다. 11시 40분이 안 되어 도착했을때도 이미 줄을 서있어 당황했으나, 회전율이 빨라 금방 자리가 나서 앉을 수 있었음. 모든 식사는 1인분 주문이 가능하다고 한다. 식사류가 아닌 것들은 공기밥 별도 주문해야함.  ✔오징어볶음, 제육볶음, 삼치구이 주문. 오징어볶음은 탱글탱글한 살이 적당히 맵고 단 양념에 버무려져 나온다. 큰 기대를 하지 않았던 제육볶음이 의외로 맛있어서 재방문한다면 다시 먹고싶은 메뉴임. 제육볶음 하면 생각나는 맵지만 달콤한 한국 양념이 아니고, 중국식 블랙빈 칠리 소스맛이 나서 매콤한 고추기름향이 지배적이다. 여기 깻잎만 있으면 쌈싸먹어도 맛있을 듯. 삼치구이는 굽지 않고 튀겨나와서 그닥 내 취향은 아니다.   - 오징어볶음 8,000원  - 제육볶음 10,000원   - 삼치구이 8,000원  - 공기밥 1,000원",맛있다
256,덕수정,반말했다존댓말했다,2011년부터 꾸준히 다닌집점심이든 저녁이든 항상 부대찌개 오징어볶음 삼치만먹었음삼겹살꿉는 아재들보면 담엔 나도 삼겹살먹어야지 하면서도..이날은 9년동안 품던 생각 실행한 날결론적으론 실패ㅜ일단 삼겹살은 요즘 유행인 냉삼과 메뉴판상 생삼겹의중간단계로 나옴 살얼음이 살살그리고 다 짤려나옴  반찬 큰특징은 없고 기름장은 좋았음여긴 불판이 테이블위에 잇어서 기름이 겁나 잘튐삼겹살 맛은 평타였고 구냥 밥먹으러 왔을때 반찬이랑고기시킬때 반찬이랑 존똑임 이것도 참고!아 사진은 없지만 순두부찌개 진짜 별로임둘이와서 부대찌개1인만 시킬수잇는거랑 (점심만 가능)달달큼직한 오징어볶음만으로 꽤 오래 다닌집인데 이날 저녁은 매우 아쉬웠다담엔 다시 먹던걸로 돌아가야지,괜찮다
257,덕수정,효로록,"》 오징어 볶음이 요물인 집절친의 남친을소개 받기 위해 직접 시청역으로 향했다!장소는 내가 정했는데ㅋㅋㅋ그러고보닠ㅋ왜 내가정했디..긁적예전부터 가보고 싶었던 덕수정!이곳 외부는 굉장히 나에게는 대학시절을 떠오르게 했는데ㅋㅋ 우리 학교 앞에 꼬불집(고추장불고기)이 있었더랬다. 그때 그 꼬불집과 외관이 비슷하고, 이곳에서 파는 삼겹살 또한 부탄가스 위에 은박옷을 입은 팬에 꿔주는뎈ㅋㅋㅋㅋ추억이 송글송글이었다. 그래서 삼겹살이 존맛일줄 알았더니, 음..? ,.그냥 맛있다 정도였다.사실 이곳의 대존맛은 오징어 볶음인데.. 삼겹살 익는 동안 밥이랑 순삭!+_+캬캬 저엉엉말 맛나니까 꼭 추천 꼭꼭~~옆에 술드시는 분들이 많았는데.. 분위기가 맴놓고 편히 먹다가는 취할것만 같아서 간단히 맥주1병만 적셔줬다. 다음에 친구랑 오면 오징어볶음이랑 많이 마실테얏#아무리뷰",맛있다
258,덕수정,작뾰,오징어볶음 맛집.이상하게 오징어볶음 맛나게 하는 집이 별로 없어서 좋아하는 집이다.,맛있다
259,덕수정,베어빈이히,황량한 거리에 다 낡아가는 간판을 달고있어서 평일 저녁 가게 안에 사람이 이렇게 많은 줄 몰랐다;; 완전 시끌시끌 이런 분위기 소주한잔 걸치기 딱 좋은데!! 걍 밥먹으러 간 거라.. 삼겹살은 못시키고 삼치 오징어 조합이 맛있다는 리뷰에 따라 삼오 주문ㅠㅠ 리뷰대로 오징어볶음은 나쁘지 않았다. 매콤달콤 오징어도 적당히 큼직큼직했다. 삼치는 근데 내가 워낙 생선구이집을 많이 다녀서 그런가.. 공덕 ㅈㅌ생선구이의 3분의 1크기의 생선에 한차례 실망하고 기름에 튀기다 싶이 해서 건강식에 거리가 먼 게 아쉬웠다. 밑반찬도 밥집치고 조금 부실한 느낌이었다. 전체적으로 그냥저냥 괜찮은 느낌의 오래된 밥집! 한번의 방문으론 맛집까지는 모르겠다.,괜찮다
260,덕수정,김재경,괜찮다,괜찮다
261,덕수정,ㅎㅗㅇ연주,맛있음,맛있다
262,덕수정,Foodi,여길 왜 이제 왔나 싶네요기본 밑반찬부터 그냥 밥 한그릇 뚝딱할 수 있을 정도로맛있는데 오징어볶음은 진짜 예술이었어요더이상 긴말 필요 없을거 같아요한번 꼭 가보세요,맛있다
263,덕수정,감자고동,여기 덕수궁 일대에서 제 최애 식당인데 그럼 저 아잰가요..? 그냥 아재할래요....봄에 한번 가을에 한번 일년에 두번씩 꼭 가는 덕수정.오징어볶음이 유명해요! 희한하게 제육맛이 나거든요.달짝지근하고 오징어가 연해요. 가을엔 쌀쌀해서 오징어볶음과 뜨끈한 부대찌개를 먹었었는데 이번엔 {오징어+제육}으로 시켜봤어요.달짝지근한 오징어볶음 먹다보면 가끔 돼지고기가 나와요. 그걸 보고 역시 모든 맛의 비결은 고기인가..하면서 다음엔 제육을 먹어보리라 다짐했거든요@.@비교해보니 제육하고 오징어볶음은 그래도 뭐가 쪼꼼 달라요. 오징어볶음에는 제가 모르는 플러스알파가 또 있나봐요. 오징어 가격이 많이 올랐다던데 덕수정 오징어볶음은 여전히 양도 많고 건재합니다! 제육은 엄청 특별한 맛은 아니었어요. 특징이라면 얇은 고기 사이로 양념이 구석구석 배있다는 거..?양파가 이상하게 맛있어요. 왜인지는 모르겠음. 그런데 식으니까 아주 조금 돼지냄새 날라구 하구요. 저는 콩깍지가 제대로 씌여서 담에도 또 먹겠지만 처음 오셨다가 드시면 실망하실 수 있으니 제육은 덕수정에 애정이 생기고 나서 드시길..가면 항상 주인 아주머니가 단골 손님들과 반갑게 얘기하시는 모습을 보는데 정말 훈훈해요. 토박이 단골들이 오래도록 꾸준히 찾는 그 모습. 여쭤보진 못했지만 단골된지 10년은 족히 되어보이는 손님들. 다 먹구 계산할 때 야쿠르트(요구르트 말고 야쿠르트!) 하나씩 챙겨주시는 귀여운 센스에 미소를 띠지 않고 나올 사람이 누가 있을까요... ㅎㅅㅎ히히 저도 아주머니랑 라뽀 쌓고 싶어용!!,맛있다
264,덕수정,머큐리 ,삼치구이+오징어볶음 추천. 부대찌개도 평타. (구)학생사 시절부터 정동을 지키는 터줏대감.정동극장 옆 정동교회 건너편.추어탕으로 유명한 남도식당과도 가까움,맛있다
265,덕수정,Je Park,도톰하고 말랑한 오징어볶음(7000원)에서 카라멜처럼 달콤한 맛이 살짝 난다^ ^ 1인분으로 먹기에 양도 적지 않다. 매콤한 오징어볶음만 먹어봤었는데 마지막엔 단맛이 물렸지만 신기한 맛이었다. 한 끼 맛있게 잘먹었다.,괜찮다
266,덕수정,YSL,정동길에 있는 오징어볶음이 유명한 맛집~! 비주얼 보면 뭔가 굉장히 맵고 간이 쎌거 같지만 그렇지 않아서 계속 손이 가는 중독성 있는 밥도둑이다ㅋㅋ 젤 맛있었음! 그리고 삼겹살은 아시는분은 알겠지만 이태원에 나리의 집이랑 컨셉이 비슷한데요. 여기는 고기도 냉동아니고 생삼겹이고 고기도 훨씬 두꺼워서 맛있답니다~~(다만 환경호르몬은 역시나 여기도 걱정됩니다ㅠ) 그리고 모든 메뉴를 다 먹어보자해서 부대찌개도 시켰는데 이건 그냥 쏘쏘,맛있다
267,덕수정,감자고동,오징어볶음 강추,맛있다
268,가메골손왕만두,연건동맛동산,⭐⭐⭐⭐☆고기만두 (1.0).남대문의 명물! 천원의 행복!.솔직히 여기 유명한거는 말해서 입아플 정도... 남대문 시장 초입에 줄이 길-게 늘어져있고 그 안쪽에서 스팀이 무럭무럭 피어나고 있으면 바로 알 수 있어 위치가 어딘지 지도 앱을 켜볼 필요도 없다..더군다나 주먹만한 왕만두가 하나에 천원. 끊임없이 안에서는 만두가 빚어져나오고 바로바로 찜기에서 나오자마자 기다릴 틈도 없이 완판되기 때문에 신선도를 걱정할 필요도 없다. 어마무시한 속도로 빚어지고 팔려나가는 만두를 보며 과연 하루에 몇개의 만두가 팔릴까...계산해보다 포기함ㅋㅋㅋㅋ.맛은 우리가 아는 왕만두 맛인데 개인적으로는 여기의 매력은 만두 피에 있다고 생각한다. 대게 왕만두를 먹으면 찐빵에 소만 고기소인 경우가 많은데 여기는 피가 굉장히 얇고 쫀득쫀득하다. 쫀득한 식감의 피가 안의 소를 꽉 잡고 있으면서 동시에 밀가루맛이 강하지 않아 더 맛있게 즐길 수 있던. 고기 소는 후추 향이 강해 잡내를 잡고 당면과 야채들도 조화롭게 들어가 있어 맛이 좋다..찜기에서 바로 나온 만두...무지무지 뜨거우니까 입천장 조심하시길. 골목에서 만두 후후 불어 먹고 쇼핑에 나서니 한결 힘이 솟아나는 느낌이었다. 남대문시장 방문하면 꼭 한번 들려보시길 추천하는 곳.,맛있다
269,가메골손왕만두,EJ,남대문시장 내에서 워낙 유명한 만두집. 일층에서 만두를 엄청나게 빚고 계신다.포장은 해서 먹어봤어도 자리 잡고 식사를 한거는 처음인데 이층 삼층에 좌석이 있다. 칼국수와 만두로 식사 가능. 역시 왕만두가 맛있음. 갈비만두는 쏘쏘. 칼국수도 진한 맛이다. 점심시간에 너무 바쁘셔서 주문도 식사도 정신이 없다.,괜찮다
270,가메골손왕만두,이욱,"시장 통에서 파는 만두 전문 가계인데요. 좀 오래된 가계라서, 인테리어가 좀 허름해서 호불호가 반으로 나뉩니다. 자리에 앉아서 식사하려면 가계 2층으로 올라가야 하는데 만두를 제조 공장(?) 한복판을 거쳐 지나가는 번잡함을 잠시 견뎌야 하는 것도 있습니다. 칼국수는 시키지 않으셔도 됩니다. 주문하시겠다면 2명이서 1개만.. 유명한 ㅎㄷ칼국수와 ㅅㅇ모밀이 기업은행 바로 맞은편 북창동 먹자골목에 있습니다.",괜찮다
271,가메골손왕만두,당케쉔,엄청 유명해서 1층에 가면 공장처럼 만두를 끊임없이 빚어내는 곳이 있다길래 회사분들 쫄래쫄래 따라가서 먹고 왔어요.만두만 조지고 싶었는데 칼국수를 시켜주심... 그래서 정작 만두는 새우만두만 먹어보았... 만두 먹고 싶다니까ㅠㅠ근데어딘가 이 새우만두는 중국의 창자만두같이 생겼어요.맛은 괜찮은데 그 만두피 겉이 오래 두면 마르는 식감 아시져. 그런 상태더라고요. 고기만두도 김치만두도 다 먹어보고싶었건만.별 관심 없었던 칼국수가 맛있었어요. 국물에서 진한 멸치의 향을 느꼈어요. 저 멸치로 육수 낸 국수 진짜 좋아하그든여. 잔치국수도 그래서 찾아먹는 편인데 그런 맛이 나서 좋았어요.,맛있다
272,가메골손왕만두,일찍일어나는새,칼국수랑 만두 반반으로 시켰어요! 칼국수에 다대기가 들어가있는걸 몰랐어요 ㅠㅠ 완전 맵찔이인 저에게는 저 하찮은 양의 다대기도 너무 매워서 힘들었어요 ㅠㅠ 다대기 빼면 최고!!! 만두는 저 저런 찐빵같은 만두 싫어하는데도 진짜 맛있었어요! 김치만듀는 역시 제입에 매워서 콧물 터짐 ㅠㅠ 담에 가면 고기만두만 먹을래융,괜찮다
273,가메골손왕만두,야구소년,유명한 이유는 싸고 오래되서 그런게 아닐까 했지만 세상 존맛. 내 앞에 n박스로 사가던 사람들이 이해 된다. 만두 찐빵 둘 다 너무 맛있다. 특히 김치만두는 볶음 김치처럼 둥글게 새콤한게 특징. 평소 자극적인거 좋아하는 나는 단연 김치였고. 삼삼한거 좋아하는 친구는 고기가 짱이라고.이정도면 남대문 놀러 가 봤다는 외국인 친구들에게. 두유노 가메골 해도 된다. 선물로 사들고 KTX타도 괜찮을 듯.,맛있다
274,가메골손왕만두,UDOEE,만두 좋아해서 사봤는데 별로 .. 그리고 정말 저세상 위생.. 만두 빚다 청바지 뒷주머니에 있던 핸드폰 만지다가 다시 만두 만들고.. 오픈 키친 인데 .. 다 보여요… 재방문의사 없음,별로
275,가메골손왕만두,기미상궁,"""만두도 잘하고 칼국수도 잘하고""남대문시장에서 유명한 음식이라고 하면 갈치조림, 부원면옥과 더불어 '가메골손왕만두' 이 세 집이 가장 유명하다 사료되옵니다. 추운 날씨에 만두를 밖에 내놓으면 만두 식는 거 아니냐.. 하실 수 있는데 이 집은 만두 식을 겨를도 없는 집이니 쓸데없는 걱정.. 소인은 이 집의 만두는 먹어봤지만 아직 칼국수는 몬먹어 본지라.. 만두를 빚는 1층 안쪽에 계단으로 2층으로 올라가서 칼국수를 먹어보았사옵니다.이 집이 만두가 워낙에 유명했던지라 생각보다 훌륭한 칼국수에 놀랐사옵니다. 시원한 멸치칼국수와 포장마차에서 먹는 가락국수 스타일의 중간이온데. 정말 요즘 같은 날씨에 찰떡인 칼국수이옵니다.",맛있다
276,가메골손왕만두,chanwook_ie,만두는 어디서 먹어도 맛없기 힘든 만큼 이곳이라고 특별히 맛있지는 않다. 요즘 만두는 대부분 피가 얇고 속이 가득 찬 스타일이라면 이곳 만두는 피가 두툼한 찐빵 같다.,괜찮다
277,가메골손왕만두,밍밍,인생 최고 만두!!!!!! 꼭 포장해 가세요!!!!!!칼국수는 별롭니다 ㅎ,맛있다
278,가메골손왕만두,슈빙,"코로나때문에 외식하기 좀 그러니까 오로지 버드스틱 디저트 포장해올 생각으로 처음 가본 회현역! 가기 귀찮은 곳이라 간 김에 유명한 가메골 만두도 포장해왔어요고기만두, 김치만두, 찐빵 포장해와서 먹어봤는데 이게 만두와 찐빵피 사이의 질감이에요 얇고 쫀쫀한 피를 좋아해서 제 취향은 아니었어요. 찐빵피보다는 얇고 폭신한 피 안에 소는 가득 들어있어서 육즙으로 피가 금방 축축해지더라구요. 그래서 김치만두가 매콤헤서 덜 느끼하고 맛있었어요. 찐빵은 팥소가 고소하고 은은하게 달아서 좋았어요.아 김치만두 하나가 거의 다 터진 상태라 그건 서비스로 주셨어요. 터지면 어떤가요 샤오롱바오도 아니구 맛은 똑같은뎅ㅎㅎ맛은 그냥 시장에 파는 만두수준인 것 같아요~",괜찮다
279,가메골손왕만두,나영이,"약간 취향탈 것 같은 느낌의 왕만두. 간만에 남대문 시장 갈 일이 있어서 딱 하나 고른 곳이 이 집이었어요! 고기, 김치만두에 찐빵 하나 포장해왔는데 다행히 뜨끈한 상태에서 먹을 수 있었어요. 일단 크기는 정말 크더라구요.. 만두 몇 개만 먹어도 뭔가 배가 든든한 느낌! 다만 제가 좋아하는 스타일의 만두는 아니었던 거 같아요. 소도 그렇지만 피가 너무 두껍고 전체적으로 큰 감흥은 없던 만두라 아쉬웠어요. 찐빵은 정말 크기 말고 기억이 남지 않는 느낌.. 팥도 많이 안 들어있고 굳이 안 시켜도 될 것 같았어요!다시 사 먹을 거 같진 않지만 꽤 푸짐한 편이라 배는 든든해서 괜찮다로!",괜찮다
280,가메골손왕만두,릴리리,"왕만두가 다 비슷하지 뭐 하고 방문한 내 편견을 깨부숴준 가메골.평일 낮 11시 30분 경 도착. 가게 안쪽으로 들어가면 2층으로 올라가는 계단이 있고 위에서 식사를 할 수 있다. 3층까지 있는듯.칼국수와 고기만두, 김치만두를 한 접시씩 주문. 두 명이 갔더니 알아서 반반씩 접시에 담아 주신다. 피가 너무 두껍지 않아 텁텁하지 않고 너무 얇지도 않아 쫀득하게 적당히 씹히는 맛이 좋다. 한 입 베어물면 고기, 당면, 파, 양배추, 양파 등을 큼직하게 썰어넣은 만두소가 입안 가득 들어찬다. 육즙이 흘러 손에서 놓지 못하고 와구와구 한 번에 다 먹게 된다. 간장을 찍지 않아도 좋을 만큼 간은 낭낭한 편. 김치만두는 고기만두에 김치가 섞여있어 매콤한데 계속 먹다보면 기본적인 고기만두 맛도 난다. 개취로는 역시 고기만두. 칼국수는 상대적으로 평범한 편. 거의 우동 수준으로 굵직한 면은 직접 만들어 면을 즐기기 좋을듯. 직장인 점심시간은 피해야겠다. 먹는 동안 계속 손님이 왔다. 왕만두는 정말 맛있어서 생각나는 맛. 택배 주문도 된다고 하니 한번 사볼까 싶다. 과연 이유있는 맛집!",맛있다
281,가메골손왕만두,Seyeon.Y,"만두 5개 고기반김치반, 호빵 포장근처 호텔로 호캉스 간김에 가보고 싶었던 가메골에서 만두 포장해서 먹기. 평일 저녁이었는데 사람은 항상 많은 것 같다. 김치, 고기 모두 생각보다는 담백한 맛! 김치도 맵지 않았다. 그리고 둘다 약간의 단 맛이 느껴진다. 왕만두인데 겉피가 맛있는 것도 인기비결인듯. 호빵은 생각보다 평범하다. 팥이 많은 편은 아니고 앙금같은 단 호빵.5개만 포장해서 인지 만두를 비닐에 포장해주셨고 단무지, 젓가락 안넣어주신게 아쉽긴하다. 그래도 맛은 있었다.",맛있다
282,가메골손왕만두,Luscious.K,"#남대문 #가메골손왕만두""외강내허(外剛內虛)의 아쉬운 왕만두""1. 출퇴근길 단골 루트에 남대문 시장이 포함되어 있다. 그 곳을 지날 때면 항상 망플 지역 맛집 순위에 최상단 위치를 차지하고 있는 가메골만두집인데 항상 먹고 싶었지만 먹으러 갈 기회가 생기지 않아 안타까왔던 집이다.마치 손 뻗으면 닿을 듯 하지만 닿지 않는 그 애절함처럼...2. 무역센터 현대백화점 식품관에는 유명 중소맛집이 입점해 일정 기간동안 팝업스토어를 진행하는데, 이번에 남대문 <가메골손왕만두>가 입점해서 주저없이 골고루 담아와 봤다.그 자리에서 반죽해 바로 만들어 파는 모습을 보니 참을 수가 없기도 했거니와 지난 번 리뷰했던 신사동의 왕만두집에 비해 만두 종류가 다양하니 끌리지 않을 수 없었다.고기만두, 김치만두, 고기새우만두, 김치새우만두... 11개 합쳐 15,000원에 구입.아무리 새우가 한 마리씩 들어있는 통새우만두가 5개 포함이라지만,  봉식이만두가 10개 9,000원 이란걸 감안하면 꽤 비싼 가격이다. (백화점 팝업이니 그렇다 치고..)3. 만두는 조금 식어 있었고 집에와서 먹어본 만두는<대단히 많이 실망스럽다>만두피는 두껍고 단단해서 폭신한 느낌이 아니라 단단하고 갈라지면서 부서지는 느낌이다.왕만두의 특성은 잘 발효된 두껍고 폭신한 만두피가 주는 탄수화물의 단맛인데, 이집은 그 맛이 없다.설마해서 찜기에 쪄먹어도 봤는데, 역시 실패한 만두피다.4. 만두속은 나쁘지는 않지만 특색이 없다. 평범한 고기만두속, 살짝 매운맛을 강조한 밋밋하면서 샤프하게 매운 김치만두속.게다가 만두속도 꽉차있지 않고 듬성듬성하다. 그런 만두속에 통새우 한 마리씩 넣었다고 대단한 퀄리티로 업글이 되지는 않는다. 게다가 강한 만두피와, 특히 김치만두속의 풍미 때문에 새우는 맛도 식감도 전혀 느껴지니 않는다. <흔적은 새우 꼬리뿐>5. 전체적으로 꽤 실망스럽다. 만두피도, 만두속도 맛이 없다. 11개 사온 만두 중에서 6개는 먹지 못했다.최근 본인이 극찬했던 그 왕만두와는 굉장히 큰 차이가 있었다. 가격부터 맛까지 모두~~",별로
283,가메골손왕만두,seul,인간만두는 만두집을 지나치지 못하고 또 들렀습니다. 허허전에 비해 만두소가 약간 부실해졌다는 느낌을 받긴 했지만 여전히 맛있는 곳.찐빵같은 만두 중에선 탑급이라고 생각한다.,맛있다
284,가메골손왕만두,정은,비빔국수 / 고기왕만두 / 김치왕만두,맛있다
285,가메골손왕만두,히호,항상 줄이 길어서 한번 꼭 가보고 싶었는데 남산갔다가 저녁시간이라서 들어가봤어요 ㅋㅋㅋ가게앞에 긴 줄은 다들 만두포장하려고 기다리시는 분들이신데 2층에 소규모로 한 10테이블이내로 협소하게 좌석이 있더라구요~칼국수하나 만두반반 1인분 주문했고 홀에서 먹으면 만두갯수가 하나 적었던것 같아요.... 무튼 포장이 더 쌌음!만두는 너무 기대해서 그런진 모르겠지만 그냥 흔히 시장에서 먹는 왕만두 맛이었어요의외로 다른분들은 혹평하셨던 칼국수가 면이 쫄깃쫄깃해서 너무 맛있게 먹었어요! 국물도 깔끔하고 가격대비 만족!그냥 지나가다가 한번정도 들러본만한집?인것 같아요,괜찮다
286,가메골손왕만두,기미상궁,만두 맛집으로 항상 손 꼽히는 집!언제나 많은 인파로 북적이는 남대문 시장이지만 그 안에서도 계속해서 만두를 빚고 수많은 사람들이 사가는 집 ‘가메골손왕만두’이옵니다.언제한번 먹어봐야지 하고 있다가 무슨 일인지 “오늘이다 !”하고 뜬금없이 포장해왔는데.. 정말 무슨 일인지..줄은 길어도 그만큼 회전율이 빨라 금방 포장해 올 수 있습니다.소인 8천냥에 10개를 포장해왔사오며 먹어본바 감히 아뢰온데 최소 김치6에 고기4 비율로 포장하심이 적절하지 않나.. 혹은 그 이상.. 그만큼 고기보다는 김치가 훌륭하더이다.흔히 얇은 만두피가 아니고 찐빵처럼 두껍고 둥근 모양의 모양이 특징이옵니다. 점점 쌀쌀해져가는 날씨에 찐빵처럼 낱개로 먹기에도 제격이더이다. 명성만큼이나 긴 줄만큼이나 맛난 만두!,맛있다
287,가메골손왕만두,hedonist,전부 먹어봣습니다. 갈비만두가 제겐 제일이네요. 칼국수는 평범한 편입니다.,맛있다
288,가메골손왕만두,amber,[⭐️⭐️⭐] 3.5/ 재방문 의사 60%3.3 정도? 생각보다는 그저 그랬다. 기대했던 만두도 특색있는 맛은 아니었음. 재방문을 한다면 다른 만두를 주문해봐야겠다. 종업원분이 친절하셨던 기억이 남.- 2019.07.18,괜찮다
289,가메골손왕만두,마이부엉,"착한가격의 칼국수에 만두에 찐빵 모두 너무 맛있는남대문 시장 맛집입니다.1층에서 만두장인분들이 열심히 만두를 빚으시고 진짜 직접만든 만두를 먹을 수 있는곳.테이블은 2,3층에 있는데 장소가 협소하고 손님은 많아서 좀 정신없지만 그만큼 맛집이니 감수해야죠.만두도 반반으로 시켜먹었는데 사진 못찍었어오 ㅋㅋ디저트로 찐빵을 포장해서 나왔는데 팥도 진짜 맛있고 자리에서 시키면 1,500원인데 포장하면 1,000원!",맛있다
290,가메골손왕만두,띠밍,"남대문에 가면 꼭 먹어야 할 가메골 김치만두,,배가 부르면 포장이라도 해와야 하는 김치만두,,정말 맛있습니다만두피보다는 두껍고 찐빵피보다는 얇은 적절한 피의 두께에서 중도의 미가 느껴져요간이 딱 맞고 먹고나서 입에 조미료 기운이 남지 않아서 좋아요 주말에 갔을때는 줄이 엄청 길었는데 평일 저녁에 가니까 한산하네요 10개 샀는데(8,000원) 서비스로 김치만두 2개나 더 주셨어요고기만두는 예전에 먹었을 때 그럭저럭 맛있었던가같은데 김치만두의 맛있음때문에 맛이 어땠는지 기억이 잘 안나네요 이번엔 고기만두는 스킵했습니다재방문의사 100%입니다",맛있다
291,가메골손왕만두,마이부엉,칼국수 + 만두로 배가 불러도 따끈한 찐빵까지 3단콤보로 ...아... 메뉴 사진만 찍고 음식사진은ㅋㅋㅋㅋㅋ,맛있다
292,가메골손왕만두,seul,피가 두꺼운 찐빵같은 만두 중 가장 맛있는 만두를 여기서 만났다.두껍고 투박하다기보다 쫄깃하고 쫀득한 느낌의 피라서 부담스럽지 않게 먹을 수 있었고 무엇보다 속이 정말 맛있었다.김치와 고기 모두 약간 달달한데 그것대로 매력있고 맛있다.한 입 딱 먹었는데 와 나 왜 이만큼만 샀지? 후회할 정도로 취향저격이었다.앞으로 남대문필수코스가 될 듯.,맛있다
293,가메골손왕만두,김나물,"남대문 사장 가면...사 가는 만두~~~!!매운 맛5개, 순한 맛5개, 찐빵2개♡언제나 맛있어요~!!1~2개만 먹고 싶어도 5개 부터 구입 가능하니까  5개 이상 구입하게 되고~~~ㅎ맛있을 때 먹을려고 많이 먹게 되네요^^;;",맛있다
294,가메골손왕만두,파이리,"단호하게 말할게요. 오지 마세요. ㅡㅡ 그냥 만두는 만두입니다. 만두가 만두지 별 거 없습니다. 대체 왜 줄 서는건지? 오히려.. 전 비비고 만두가 나아요.. 줄만 오지게 길고... 저게 만원인데...(홀 기준 왕만두4개, 새우만두 8개) 진짜 최근 쓴 만원 중 가장 아까웠음ㅠㅜ.. 이곳의 새우만두에서나는... 롯데리아 새우버거 만큼의 새우의 그 어떤 것도 느낄 수 없었다. 동네 만두였으면 각각 3000원 4000원이면 살 만두고, 줄만 안 길어도 사람 저렇게 많이 올 만두가 아녜요;; 서울역 근처에 먹을 거 없단 건 알지만.. 저 돈 쓸 바에 그냥 서울역 안 쪽에 가서 2층 가면 KFC에 세트 5500원 짜리 푸짐한거 먹어요. 그거 먹고 남은 돈으로 카페가서 아메리카노까지 먹으세요.. 진짜 내 소중한 한끼를 이런 걸로 채웠단 게 너무 아깝고 억울함. ㅠㅠ... 화나..",별로
295,가메골손왕만두,머큐리 ,"남대문시장에 위치한 “가메골손왕만두”.시장에서 만두 지나치는 건 너무 힘드료...바로 먹고싶었는데 뜨거워 봉지 꼭 쥐고 다니다 서울로 노을 밑에서 먹었다. 특별할 건 없는데 그 날에 분위기와 옆에 있는 사람 덕분에 맛있게 먹었다. 날 추워지면 더 맛있을 듯만두 다섯개 3500,김치와 섞어 가능!",맛있다
296,가메골손왕만두,기르,만두공장같다 종류를 다양하게 못먹어봐서 아쉬웠다,괜찮다
297,가메골손왕만두,benedetta,"/만두반반/칼국수/그냥그런데? 하고먹었다가 몇년째 사먹고있는 나를 발견하게되는 곳ㅋㅋ 요즘에는 백화점팝업스토어로도 많이 들어가더라.만두 속은 약간 단편이고 간장이 필요하지 않을정도로 간이되어있다. 만두피는 한국식보다는 찐빵에 가까운 중국식 만두스타일.워낙 테이크아웃 줄이 길어서 테이크아웃만 되는줄알았는데 위로 2,3층 칼국수를 판다. 칼국수는 단돈 4,000원. 시장이라그런지 저렴. 단, 만두는 테이크아웃가격이 좀더저렴. 칼국수는 인상적이지않다. 온다면 만두만 테이크아웃하고 지척의 부원면옥 평양냉면을....에헴..암튼 만두는 '맛있다'임ㅋㅋ",맛있다
298,가메골손왕만두,이아영,"칼국수, 고기반 김치반, 새우만두를 주문했다.가격-두명이서 14000원. 시장 가격치고 저렴한 편은 아니나 한끼로 무난한 가격! 그리고 맛있는걸서비스- 친절하시다. 아주머니 아저씨 분들이 친절하시다. 그래서 더 정감가고 기분이 좋아짐!분위기- 1층은 만두 테이크 아웃과 만두를 빚으시고 2층에서 먹을 수 있다. 시장에서 한끼 먹을 때의 딱 그 분위기! 테이블 꽤 많음엄청 추운날 덜덜 떨면서 방문했는데 그래서 더 맛있었다.칼국수는 맑은 국물에 다데기가 올려져서 나오는데 우리는 반만 풀어 먹었다. 그래도 적당히 매콤! 매운가 못드신다면 다데기는 피하시길! 무난한 칼국수의 맛이였는데 양이 꽤 많고 국물이 시원하다.고기반 김치반으로 주문한 만두! 나는 고기만 먹었는데 맛있었다. 두꺼운 빵같은 만두피와 만두속의 비율이 적절했다.새우만두는 만두소 안에 탱글탱글한 느낌에 확실히 새우만두군! 스러웠다. 피가 얇아서 더 잘어울리고 진짜 맛있었다 ㅠㅜ 새우꼬리가 없어서 걸리는 것도 없었음!전체적으로 겨울에 가면 너무 좋은 곳이였다. 만두 자체도 맛있고 아래층에서 만드시는 모습 보이고 복작복작 시장의 그 느낌이 좋다. 모두 친절하시고!! 전체적으로 따뜻해지는 방문이였다.재방문 의사 95",맛있다
299,가메골손왕만두,최고의한끼,이마트 팝업스토어로만 먹었던 가메골 왕만두! 약간 갈비맛이 나기도 하고 크기도 빵양도 적당한 페이버릿 왕만두 홀에서 먹으면 4개 3500원,맛있다
300,가메골손왕만두,먹사랑,딱히 엄청 맛있는지 모르겠음 겨울에 먹기 좋은음식가격이 착해서 가성비 괜찮음 만두는 가게에서 먹는것 보다 포장하면 한개 더준다고 쓰여있음,괜찮다
301,가메골손왕만두,GABY,"만두가 엄청 맛있는 건 잘 모르겠고, 맛있긴해요!포장하면 5개에 3500원이고, 가게에서 먹으면 1인분에 4개로 개수가 줄어요. 두 박스 사니까 만두 조금 터진거 서비스로 2개 넣어주셨어요ㅎㅎㅎ그냥 고기만두랑 매운 버전이 있는데 매운 버전 안매워요! 저는 김치만두보다 고기만두를 좋아해서 그냥 고기만두가 더 맛있었어요:)여기 참고로 칼국수는 그냥 그렇다고 하니 칼국수 먹지 말고 차라리 만두 먹는 게좋을 것 같네요.이집의 최대 장점은 가격대비 맛있다는 것 같아요~",괜찮다
302,가메골손왕만두,고기로케,"지나가다가 봤는데 영국남자 유튭에서 올리가 엄청 맛있게 먹엌ㅅ던거였다! 나도 사먹어봄ㅇㅇ하 이거 머햐 넘 마싯다..!!아마도 하나씩은 안파는듯?사실 잘 모름크냥 5개에 3500이래서 그렇게 삼ㅇㅇ그럼 하나에 700원인데 넘 맛있어서 왠지 대ㅎㅖ자롭게 느껴지는 기적사실 뭐 엄청나게 새롭고 기상천외한 맛은 아니고 그냥 만듀맛인데 맛있는 만듀맛입니다그러치만 후회하지 아늘고에오,,김치가 더 마싯슴,, 섞어달라구 하시오,,,",맛있다
303,송옥,NIWOOW,"광화문 미진, 시청역 근처의 유림면과 더불어서이 부근에서는 유명한 곳이라 듣고 들렀습니다.우동도 맛있다는 인터넷 후기가 많이 보였으나날이 너무 더워서... 판메밀, 유부 초밥을 시켰어요. 메밀면의 식감이 꽤 색다른 편이었던 것 같아요.제가 지금껏 먹었던 메밀면은 보통 잘 끊어지던데,툭툭 끊어지지 않고 다소 쫄깃한 식감이 났거든요.독특했던 식감과 달리 맛 자체는 무난했습니다. 개인적으로 쯔유가 맛이 진해서 마음에 들었어요.파, 오로시를 많이 안 넣어도 맛이 진한 편이었네요.다만 쯔유에서 가쓰오부시 or 멸치같은어패류 비슷한 향이 계속 느껴지더라구요.먹는데 불편할 정도는 아니었지만 개인적으로는이 향 때문에 조금 빨리 물린다는 생각이 들었어요. 유부 초밥은 무난해서 괜히 시켰나싶기도 했어요.다른 재료 없이 밥만 들어갔고, 크기가 작았거든요.더구나 집에서 만드는 것과 맛 차이가 없었구요. 재방문해서 또 먹고 싶다는 생각이 들 정도는아니었으나, 면과 쯔유가 독특해서 [맛있다]로.혹시 재방문하면 우동을 먹어 보고 싶네요.",맛있다
304,송옥,LeeSteven,불친절까지는 아닌데 약간 빨리 먹고 나가 느낌은 나는데 평생 그리 장사하실 것 같으니 불평해봤자 아무 의미 없음요. 단골들에겐 아주 약간 친절하신 듯 합니다.너무 달거나 짜지 않아 좋고 식감 좋은 단무지와 궁합이 훌륭한 편입니다.,맛있다
305,송옥,dlwldms,추운날 먹는 판메밀추운날 먹어도 이렇게 맛있는데 더운날은 더더 맛있을것 같다오래된 노포답게 어르신들과 근처 직장인들이 많다면이 맛있고 쯔유도 굉장히 감칠맛 난다파는 조금 매운편,맛있다
306,송옥,태승,"판모밀, 유부초밥 3pcs여러 리뷰들처럼 불친절하다는 인상은 받지 못함.대단한 맛이나 서비스를 제공하는 곳은 아님.그러나 기본에 충실한 음식과 저렴한 가격은 동네 식당으로써 매우 훌륭한 수준.하나의 식당으로 충분히 완성된 맛집.그러나 너무 큰 기대치를 갖고 갈 필요는 없다.근처에 들릴 일이 있고, 메밀이 땡기는 날이라면 가볼만하다.",괜찮다
307,송옥,플렉서,먹을만은했는데 기대만큼 특별하진않아 별로로설정 겨울이라 유부우동 65랑 심심해서 초밥 쓰리피쓰 20을 주문 단무지가맛있고  우동국물이 시원했다 초밥은 기대이하 단초밥을 기대했는데 집에서 만든 간덜된 초밥같았다 의외 우동국물은 시원하고 그릇등도 그럴듯했는데 면발은 특색있지않았다,별로
308,송옥,볶음밥,장어향이 나는 육수가 일품인집 진짜로 찍어먹는 육수에 민물장어구이 맛이난다 생강이랑 생선베이스로 육수를 우려서 그런듯가게 안에들어가면 드르르르르르 하는 제면하는 소리가 계속 들린다 자가제면 하는 곳이란거지 면에서 나는 메밀향도 좋다 냉모밀집 답게 우동 유부초밥 등도 판매하지만 역시 난 판모밀이 제일 나은 것 같다,맛있다
309,송옥,도치맘,"노포의 경우 맛에 비해 별점이 후하다는 인상을 받을 때가 있는데, 개인적으로는 망플 별점이 맛에 비해 높다는 인상을 받았습니다.저는 우동을 먹었는데 우동은 일반적인 포차 우동 st 와는 좀 다른 맛이에요. 살짝 짭짭한데 간장 맛이 느껴지고, 유부가 많이 들어 있습니다. 그런데 젓가락으로 집으면 면이 계속 끊어졌어요.가격이 저렴하고 푸짐하여 괜찮다 로 평가하겠습니다. 저는 재방문 의사는 없었고, 남자친구는 더울 때 지나가다 한 번 들릴 것 같다고 말했습니다.",괜찮다
310,송옥,쓰피겔,엄청은 아니고 걍,괜찮다
311,송옥,오종원,킹직히... 미진보다 맛있어요... 친절하기 보단 쿨한 분위기인데 그것마저 힙하게 만드는 맛이에요.. 달달한 판메밀이 드시고 싶다면 여기만한 곳이 없어요. 그리구 비빔메밀은 처음엔 자극적이지 않고 무난한거 같은데 먹다보면 매우니까 추가적으로 안넣으셔도 될거 같아요. 그리고 여기 단무지... 단무지가 최고... 직접 만드신거 같은데 진짜 맛있었여 ㄹㅇ 보장함.,맛있다
312,송옥,마시쪙,호오 맛있습니다.사실 면이나 쯔유에 다른 곳과는 차별점을 못느끼겠습니다만..간이 잘되어있어서 적당히 맛있단 생각은 드네요,맛있다
313,송옥,*,"#판메밀8,000맛있다..!!!시청역 인근 모밀맛집인 유림면이랑 송옥 둘 중 어디가 더 맛있을까 항상 궁금했는데......둘 다 맛있네.....개인적인 입맛으로는 송옥이 아주 조금 더 감칠맛 나면서 육수가 좋았음 크으사장님도 친절하시고 모밀 이외에 돈까스라든지 다른메뉴들도 판매한다. 다만 이 곳을 가려면 점심시간을 피해서 가야겠다. 여름에 자주 방문하고 싶을듯!",맛있다
314,송옥,기미상궁,"소인..메밀국수는 거진 다 똑같다고 생각했사옵니다.이 집 메밀을 먹기 전에 말이옵니다..소인,  메밀국수를 평소에 찾아 먹어본 기억이 없었습니다. 그저 사이드 정도로 접하고 그런 일반적인 맛이 메밀이구나 라고 생각을 해왔던거 같사옵니다.그런 와중에 명동에서 가까운 북창동에 메밀국수 맛집이 있다하니 한번 들러봤사옵니다.먼저 비빔메밀국수를 맛보았는데 첫 인상은 그저 쫄면의 모습이어 새콤달콤한 초장의 맛이날까 했는데 쫄면과는 비교할 수 없는 맛이었사옵니다. 고소한 기름과 비빔소스도 강하지 않아 그 조화가 아주 좋았습니다. 가끔씩 쫄면이 생각날때면 오히려 이 집의 비빔메밀이 생각나지 않을까 싶습니다.판메밀은 파,간무,쯔유와 메밀면 두판의 구성으로 나오는데 쯔유가 단짠의 정도의 조화가 참 좋았습니다. 크게 자극적이지도 않고 소인은 시제품의 쯔유의 맛만 봐와서 그런지 확실히 어나더 레벨 얍얍얍 이었사옵니다.소인 이 집에서 메밀국수의 참맛을 배웠사옵니다.",맛있다
315,송옥,문용석,"""전통의 한국식 모밀국수 맛집으로 이제는 이곳저곳에 분점이 생겼지만, 역시 맛집은 본점으로 가서 성지순례를 하는 것이 최고""남대문에 들릴 일이 있으면 꼭 와서 먹고 가는 곳이 바로 이 모밀 맛집인 송옥이다.이제 가로수길에도 분점이 생기고 해서 사람들에게 많이 알려졌지만, 뭐니뭐니해도 맛집은 원조 본점에 가서 먹는게 인지상정 아니겠는가.역시 맛있다.  여기서 별미는 비빔모밀인데, 이게 또 끝내준다.혼자서 두개 다 시켜먹고 싶지만, 두분이서 가셔서 하나씩 시켜서 나눠드시는게 최고 선택이다.",맛있다
316,송옥,Yoondied,너무 맛있다 너무 ......... 찐이다,맛있다
317,송옥,EJ,적당한 단맛와 적당한 짠맛이 딱 좋은 판모밀.면도 좋고 육수도 좋다. 유부초밥도 맛있다.뭐하나 거슬림 없이 후루룩 흡입되어버림.,맛있다
318,송옥,Yoominyy,"8.5/10 어릴적부터 남대문부자재시장을 가면 항상 엄마 손잡고 제일 먼저 들렸던 집. 언제가나 맛있고, 여전히 맛있는 곳. 좁은 가게때문에, 합석을 해야하는 상황이 자주생기는데, 점심시간 직전이여서 아직 한산했다. 난 항상 먹던 것 처럼 판모밀 두판. 육수에 취향따라 적당한 무와 파를 섞은다음, 모밀을 적셔먹으면 그야말로 환상. 면은 메밀맛이 풍부하게 느껴지고 탄력이 있고. 육수는 달달하지만 감칠맛이 깊어, 전혀 물리지가 않아서 끝없이 들이켜진다. 아무리 고급진 곳을 가도, 결국 돌아오게된 곳은 송옥. 청송하늘냉면이 내 함흥냉면의 뿌리라면, 이곳은 내 메밀면의 뿌리. 나중에 딸 낳으면 삼대모녀가 와서 먹으러 오고싶다.",맛있다
319,송옥,프리즘,"비오는 날 먹는 메밀이 을매나 맛있게요~? 하면서 룰루랄라 들어갔는데 인사도 없어, 대답도 없어, 자리 안내도 없어... 결국 아무 자리나 앉아 메밀국수(8,000원) 주문. 역시나 대답은 없었다. 메밀은 곧장 나왔지만 역시나 말 없이 메밀만 툭 내려놓고 가셨다. 이 곳은 소리를 내면 안 되는 곳인가...?  국수에서 순한 느낌?이 들었다. 간이 심심하다고 해야하나 암튼 간이 쎄지 않다. 같이 넣어먹는 파가 너무 매웠다. 다 먹고 나서도 입 안에 파맛이 남는다. 좋게 말하면 소바가 깔끔한 맛이고 나쁘게 말하면 파 맛 밖에 안 난다. 사실 괜찮다와 별로 중에 고민했다. 맛은 있는데... 맛이 없는 건 아닌데... 또 가고 싶지는 않은 곳.",괜찮다
320,송옥,SSAM,메밀 워낙 좋아하는데요 ^^ 면이 밝은 색이고 쫀득해요 3대인지는 모르겠는데 판모일 2판에 유부초밥 3알 뚝닥했네요 ^^ 왠지 오랜 맛집이고 단골들은 많고 무뚝뚝한 서비스로도 변함없는 가게인듯해요 ^^ 유부메뉴빼고는 다 8천원이네요 ^^ 혼자오면 겸상은 기본이에요 ^^,맛있다
321,송옥,룰루랄라,갑자기 더워져서 찾아갔던 송옥!!결론은 굿초이스였습니다ㅎㅎㅎㅎㅎ유부초밥도 맛있었구...비빔메밀도 꿀맛이었슴다그리고 점원분이 신하균닮으셔서 깜놀(더위먹어서 잘못봤을 수 있음)앞으로도 자주가게 될것같아요!,맛있다
322,송옥,BMK,육수랑 무랑 파를 원하는만큼 계속 넣어먹을수 있어서 인심이 넉넉하다는 생각이 드는곳입니다. 국물은 약간 달달하고 얼핏 수정과 맛도 나는데 계속 면발을 부르는 맛이었습니다.,맛있다
323,송옥,챠은(안맛있으면리뷰안쑴),이층인데도 사람이 많아서 모르는 분들과 마주앉아서 먹게 되었어요 ㅋㅋㅋ뭔가 시장통에서의 복작복작한 맛집 느낌이라 기대많이했습니다저는 메밀우동이 신기해서 그걸로 했구 같이간 지인은 판메밀 했어요메밀우동은따뜻한것만 되는데 국물도 맛있고 면도 맛있었지만 그냥 메밀은 메밀만 우동은 우동면으로만 해서 먹는게 더 좋을것같아요 ㅋㅋㅋㅋ판메밀도 맛있었어요 국물이 다소 자극적? 달고짜다고하면 맛없는느낌이라 뭐라고 표현해야할지모르겠지만 여튼 맛있습니다 올여름에 전형적인 한국메밀이 땡겨서 먹으러갈때마다 계속실패했는데 이번에 드디어 맛있게먹었어서 너무기뻐요 돈까스도 같이팔면 더좋았을텐데.. 여튼결론은 맛있었습니다!,맛있다
324,송옥,|||||||||||||,메밀 전문점인데 우동이 끝내준다.,맛있다
325,송옥,ssong,국물도 진하고 무와 파를 계속 넣어 먹을 수 있어 좋았습니다만 먹는 중에 말도 없이 그릇을 막 치우셔서 서둘러 먹다 체할 뻔... (손님도 없는데...)그래도 얘기는 하고 치우시는데 맞지 않냐 좋게 말씀은 드렸지만 원래 여긴 그런다 하시네요ㅜㅜ최근에 중구에서 혼밥을 몇번 하면서 느낀건데1인 손님에게 어떻게 대하는지가 그 가게의 서비스행태를 정확히 보여주는 것 같다는 생각이 듭니다.송옥보다는 근거리에 있는 유림면 추천입니다!!,별로
326,송옥,Luscious.K,서울 3대 메밀국수 (송옥 미진 청수)라 일컬어지는 곳 중에 한곳이죠..요즘엔 워낙 메밀국수 소바 잘 하시는 곳 많아서 한국식 고전형 메밀국수가 좀 달고 유치한 분식스럽게 느껴지실 수도 있지만 여전히 여름에 사랑받는 곳들이 아닐 수 없습니다송옥은 북창동이 본점이고 이제 가로수길 분점도 있는 걸로 알고 있어요. 최근 판교 현백에도 들어간 것으로 알고 있구요.. ㅎㅎ송옥은 판모밀 메밀비빔국수 냄비우동 등이 아주 유명한 56년 전통의 노포입니다이 곳 메밀국수의 특징은 부드러움일 것 같아요불어서 무른 느낌이 아니고국수 고유의 부드러움이 참 좋습니다메밀향이 부족한 단점은 있지만..적당한 달기와 가쯔오부시 맛이 솔솔 나는 쯔유는제가 아는 메밀국수집 중에서 최고 중에 하나가 아닐까 생각이 되요과일향의 가벼운 쯔유 좋아하시는 분들은 조금 거슬릴 수도 있가는 생각이 들긴 하지만요국수는 사랑입니다^^,맛있다
327,송옥,쮸이,엄청나게 푸짐한 양과 깔끔한 맛~ 메밀도 우동도 다 맛있어요~ 그런데 가격도 저렴!,맛있다
328,송옥,Sugar & Thin,여름이 끝나서 사람이 없어서 좋다온메밀의 계절이 다가온다.,괜찮다
329,중림장설렁탕,아수진,김치가 맛잇고 미서옥보다 낫다,맛있다
330,중림장설렁탕,써니♡,"맛 : 3 / 5위생 : 2.5 / 5분위기 : 3 / 5 노포 느낌이 폴폴~ 재방문 의사 없음지금까지 노포는 저리 가라~! 중림장이 진정한 노포이다. 49년 동안이나 영업한 맛집이고 들어서자마자 문 앞의 큰 가마솥이 이 가게의 연륜?!을 말해준다. 또 가게에서 젊은 사람은 짝궁과 나 밖에 없고 가게 앞에는 할아버지들과 40~50 남성들이 담배를 피고 있어서 (이 부분이 재방문을 주저하는 결정적인 이유 1) 나 이 지역 터줏대감 식당이요 하는 느낌이 있다. 메뉴는 꽤 다양하지만 (설렁탕, 도가니탕, 꼬리탕, 종류별 수육 등등) 여기서 먹어야할 메뉴는 설렁탕! 주문하면 금방 나온다. 설렁탕에는 밥과 소면이 들어있고, 국내산 고기 (메뉴판 피셜) 도 꽤 들어있다. 국물은 노포집 답게 얼큰하다. 반찬은 김치와 깍뚜기 딱 2개이지만 더 이상의 반찬은 필요치 않다.  그런데 썰어놓은 파가 무방비로 뚜껑도 없이 식탁에 노출되어 있는데 그 부분은 아쉽다. (재방문 주저하는 결정적 이유 2)멀리서 찾아와서 먹기엔 무리가 있지만 근처를 지나간다면 들러보길 권한다.",괜찮다
331,중림장설렁탕,따따따따,"입구에 들어서면서부터 강하게 밀려오는 꼬릿~한 냄새!충분히 호불호가 나뉠 수 있겠다 싶어요. 꼬릿한 냄새가 저는 좋았는데, 다행히도 짝꿍도 나쁘지 않다고 해서 성큼성큼 들어갔습니다.꼬릿한 냄새에 비해서 국물은 의외로 그렇게 진하지는 않은 느낌이 들었습니다. 나중에 다시 한번 와봐야겠다는 생각이 들 정도로 좀 의외였어요.김치는 약간 매콤한 편이고요. 근처에 있으면 점심식사로 좋을것 같아요.",괜찮다
332,중림장설렁탕,Woody,충정로 부근의 노포. 도가니탕은 여기서 처음 먹어봤는데 정말로 맛있었다. 시설은 좀 노후된 면이 있다.,맛있다
333,중림장설렁탕,user,특별한 맛은 아닌 거 같습니다.,괜찮다
334,청송옥,EJ,국밥 한그릇 시원-하게 말아먹고 갈 수 있는 장터국밥.가게 이름 그대로 진짜 장터스타일 국밥이다. 얼큰한 육개장 스타일 국밥- 간 찐하고 생각보다 소고기 건더기도 쏠쏠하게 있는 편.국밥에 말아먹는 국수사리를 같이 주시는데 리필가능이라 면 좋아하시는 분들 좋아함.점심시간에 어르신들 바글바글 정말 장터같은데 넓고 자리 많고 회전 빨라서 후딱 국밥 말아먹고 갈 수 있다.,맛있다
335,청송옥,르웬,"서소문 근처에서 직장인용 점심 웨이팅으로 나름 선방하는 집!가게가 위치한 곳에 카페가 워낙 많기도 하고, 생각보다 간판이 눈에 띄지않아서 과장님이 데리고가기전까지 1년간 이곳을 지나며 이런 가게가 있는줄도 몰랐다!가게안에 들어서면 한옥기와로된 천장아래 초록색 옛날식 테이블보(?)가 깔려있는 사장님 전용 카운터가 구수한 전통을 느끼게 해준다!점심엔 이모님들이 인원수 몇명!! 다 국밥이죠??하고 앉자마자 면과 공기밥을 내어주시고 수저를 셋팅하기도 전에 국밥이 나와있는 초스피드를 체험해볼 수 있다. 개인적으로 국밥에 면을 넣어먹는걸 그다지 즐기지않지만 이 집 국밥엔 참을수없이 면을 넣어버리게된다!!면을 말아서 즐기고 그다음 밥과 김치를 함께 먹으면 제대로 한뚝배기하고야마는 직장인용(aka 아재) 국밥 완성!",맛있다
336,청송옥,zzzzzo!,"굉장한 맛집일 것 같은 외관에 기대 만땅이였지만 생각보다 그저 그랬던 집 입니당.일단 밥공기를 인원수보다 1개씩 더 주시는 것 같은데용, 양이 많으신분들 좋을 것 같습니다.장터국밥을 시키면 소면도 접시에 가득 담아 주셔서 푸짐하게 먹을 수 있습니다. 근데 국밥 고기에서 냄새나요!ㅠ ㅠ 육회비빔밥도 파는 만큼  고기질에 기대가있었는데 실망입니다 ㅠ 육회비빔밥은 일행이 시키셨는데 맛있다는 평이 있었습니다.가성비는 좋아보이나 재방문은  안할 것 같습니다",괜찮다
337,청송옥,작뾰,생각보다 훨씬 맛있어요. 삼겹살도 장터국밥도 맛있고 특히 물김치가 전혀 안달고 맛나요.,맛있다
338,청송옥,슈빙,냉삼에 장터국밥에 육회를 먹었는데 다 그냥 그랬다. 쏘맥이 제일 맛있었다.여기 냉삼 보다시피 절반정도가 지방층이라 부드럽다. 지나치게 얇지 않아 적당히 씹을거리도 있고 살짝 구워도 금방 익어서 육즙 많이 안 빠지고 나쁘지 않다. 그치만 두터운 프리미엄 삼겹살 맛에 길들여진 나는 냉삼을 찾아 먹을 것 같진 않다. 냉삼의 가장 큰 장점은  배가 천천히 불러와서 술을 더 많이 마실 수 있다는 거?라고 생각ㅎ오히려 기대했던 건 장터국밥인데 기름기가 너무 많아 당황... 기름이 너무 잘 보이니 손이 잘 안 가서 무슨 맛인지 제대로 못봄. 나중에 소면 넣고 먹어봤는데 고기 먹으랴 술 마시랴 다 식어버려서 노맛됨.... 이건 나의 불찰ㅠ 식고 소면 넣기 전엔 매콤한 육개장같은 느낌이라 그래도 괜춘했던 것 같다.육회는 안 좋은 고기일 때 보통 양념에 버무리는 걸로 아는데 여기 양념육회였다.... 양념은 고추장 설탕 들어간 익숙한 맛인데 역시나 육회 자체의 맛이나 식감이 별로였다.,별로
339,청송옥,준영,이런 고급(?) 냉삼은 처음이에요! 냉동이어도 가격이 비싸니 생고기를 사먹는게 낫지 않나?하는 생각이었는데 냉삼만의 매력이 너무 좋은 것 같아요ㅎㅎ 다 익었을 때 느껴지는 크리스피함 같은거?!  공간도 되게 널찍하고 생각보다 쾌적했어요. 다만 장터국밥이나 육회 같은 사이드는 좀 아쉽다ㅜㅜ,맛있다
340,청송옥,미콩,"냉동삼겹살의 추억을 잊을 수가 없네요.매장이 꽤나 넓은데 금세 손님으로 꽉 차버려요. 고기를 칙-칙- 굽는데도 옷에 냄새가 많이 안 배요. 신기해요.삼겹살은  두꺼워서 육즙이 흘러넘치는 베이컨식은 아니지만 냉동생고기에서 느낄 수 있는, 한국 술과 잘 어울리는 전형적인 맛이 납니다. 특히 소주요. 특히 소맥이요.  양파와 마늘과 다함께 칙-굽다가 주문한 장터국밥이 나오면 호로록 먹어줄 준비를 해야해요. 말아먹기 위한 밥이 함께 나오지만 밥은 국이 조금 식은 다음 넣어줘요. 간간하면서 살짝 얼큰한 국밥은 마시고 있는 술을 당장이라도 해장시킬 것 같은 비주얼이지만 한 숟갈씩 퍼먹을 때마다 술도 함께 들이키게 되는 마법을 경험하게 됩니다. 고기와 해장국이 살짝 질려갈 때쯤 육회를 주문해줘요. 시원한 배와 쫀득한 육회의 식감은 입 안을 다시 헹궈주는 듯한 착각이 들어요. 착각 맞아요. 혹여나 호기심에 육회를 굽지는 마세요. 참기름 때문에 고소하긴 한데 육회만의 매력은.. 반감돼요.손님과 함께 나이먹어가는 가게를 좋아해요. 이모를 정겹게 부르는, 함께 나이드신 아저씨 손님들. 어리숙하게 이모를 부르며 눈치보는 젊은 손님들. 다양한 연령층을 한 가게 안에서 만나볼 수 있다는 것은 두루 좋아할 수 있는 매력이 있는 곳이라는 거겠죠. 편안히 술마실 수 있어 좋아요. 그렇다고 편안히 마시고 죽으면 안 되겠어요. 연말 간 건강 조심하시길 바랍니다.",맛있다
341,청송옥,Jo.,허름한 집인데 2층까지 있음. 점심에 근처 직장인들이 돼지국밥 먹으러 오는 곳. 별 거 없는데도 그게 인상깊게 맛있었다.,맛있다
342,청송옥,benedetta,/돼지국밥 빨간걸로/리뷰가 없다는것이 놀랍!서소문동에서 맛집을 두개꼽자면 강서면옥과 청송옥. 돼지국밥과 깍두기 배추김치 소면 흰밥 이렇게 나오는데 별거없는 맛에 입맛을 빼앗김...ㅜㅜ!!고기가 꽤나있고 많이 맵지않으며 밥은 달라는대로 계속나오고 김치가 입안을 응근히 개운하게 만들어준다.빨간버전과 흰버전 두가지가 있지만 흰버전은 그냥 뭇국같은 느낌이어서 임팩트가 부족했다.. 빨간버전은 후루룩후루룩들어가는맛^^가게입구가 넘나 허름한 건물사이 문 하나이기때문에 쉽게 지나칠것같아 보이지만 들어가면 꽤 넓고 심지어 2층까지 있어서 한번 더놀람ㅋㅋ냉동삼겹살도 맛있다고하는데 언제한번 꼭 가봐야지!!그래도 국밥은 시켜야지!!ㅎㅎ,맛있다
343,북창동순두부,Yeonhwa,오 드디어 소문으로만 들었던 북창동 순두부를 영접했어요 그전날 과음하고 ..쓰린속을 부여잡고 간곳 최고의 선택이였습니다 ㅎㅎ위치는 서대문-시청 그사이 어느쯤이였던거 같네요 가게가 이층에 있었어요! 10시쯤 갔더니 웨이팅도 없었습니다 ㅎㅎ 제가 주문한건 기본순두부 친구는 곱창순두부 그리고 계란말이 주문했어요~매콤하진 않았고 부드러운맛이였습니다. 자극적이지 않은?그런맛! 곱창순두부가 더 맛있는거 같아요 ㅎㅎ 밥이 솥밥으로 1인1개 나오는데 너무 좋았어요 이렇게 나오는 밥 정말 사랑합니다❤️뜨끈한밥이랑 맛있는 순두부 ..아침으로도 손색 없었어요 많이 맵지 않아서 외국인들도 좋아할듯 합니다 ㅎㅎ 전라도가면 화심순두부 서울에는 북창동순두부ㅎㅎ두부 러버들이라면 꼬옥 방문 해보세요 ~,맛있다
344,북창동순두부,EJ,다양한 종류의 순두부찌개를 돌솥밥과 먹을 수 있는 북창동 순두부(본점).솥밥은 꼬들꼬들 맛있긴하다. 순두부는 얼큰하고 진득하긴하지만 뭐 무난하게 다른 곳에서도 먹을 수 있을 것 같은 메뉴인데 왠지모르게 순두부 먹으려면 여길 가게되고 대기도 길단 말이쥐… 본점이라고 뭐 특별한 것도 없는데 …이유가 분명친않지만 순두부찌개 먹으러 가자하면 생각하게 되는 곳,맛있다
345,북창동순두부,해띠,도대체 북창동에서 어떻게 살아남았는지 모를 맛..,별로
346,북창동순두부,모라,테이블마다 놓아진 계란이 들어가자말자 눈에 띄네요 ㅎㅎ 저는 소고기 순두부를 시켰을 뿐인데 정식처럼 솥밥에 가자미튀김?구이?까지 나와서 놀랐어요! 맛은 우와 맛있다 라는 말이 나올 정도는 아닌데 싹싹 먹은 걸 보면 맛있었나봐요 ㅎㅎ 소고기도 많이 들어있어서 좋았어요아쉬웠던 건 차돌박이라고 해서 주문했는데 고기가 두꺼워서 약간 질겼다.. 야들야들한 차돌박이를 기대했는데 그렇지 않더라구요..ㅎㅎ,맛있다
347,북창동순두부,혀니이,"요새 광화문에서 자주 배달음식을 먹는데, 쿠팡이츠 치타배달이라서 주문해봤어요. 여기가 북창동 순두부 본점이라고! 그냥 순두부랑 밥 오겠거니 했는데 꽤나 밥다운 것이 오더라고요! 꾹꾹 눌러담은 밥에 나물 젓갈, 생선도 구성에 있네요. 뚝배기에 나오는 순두부보다는 양이 적었지만 뜨끈뜨끈하게 와서 좋았어요. 북창동순두부는 뜨거운 순두부에 생 달걀 깨서 넣어먹는 재미인데 ,, 배달은 달걀이 이미 들어있어요! ㅎㅎinsta: @hhhynie",맛있다
348,북창동순두부,ethanghymn,"어제 저녁에 코스트코에서 사 온 크레페케익을 먹고 나니 속이 편치 않은 느낌이어서 예전에 걸그룹 여자친구가 KCON LA 2016에 참석했다가 LA 한인타운 Wilshire Blvd에 있는 유명 음식점인 LA 북창동순두부에서 매콤한 순두부찌개를 먹으면서 V앱 하던게 생각나 매콤한 순두부찌개 영상을 보면 속이 좀 가라앉을까 영상을 찾아봄.한식을 좋아하는 가족인원 때문에 LA에 갈때면 여러 갈빗집 외에 LA 북창동순두부에도 거의 들르는 편인데 난 사실 순두부찌개는 거의 먹어 본 적이 없어서 어떤 순두부찌개가 맛있는 건지 모름.우리집에선 멸치 베이스의 김치청국장찌개나 김치찌개는 자주 먹었지만 엄마가 순두부찌갤 안 좋아하셨던 건지 할 줄 모르셨던 건지 순두부찌개는 먹었던 기억이 없음.그래서 김치청국장에 들어간 순두부는 좋아하지만 정작 순두부찌개는 몇 번 먹어본 적이 없고 뭔 맛으로 먹는 건지도 잘 모름.난 아마도 바게트 빵 같이 담백한 건 괜찮지만 달달하거나 특히나 생크림이 듬뿍 들어간 케익류는 나랑 안 맞는 느낌이어서 그런 케익류를 즐기지 않고 그런 가게에도 가지 않는 느낌인데 아침에도 남은 크레페케익을 먹고 나니 역시나 속이 좀 편치 않은 느낌이어서 어제 걸그룹 여자친구의 LA 북창동순두부 영상도 생각나고 정작 우리나라에선 북창동순두부에 들러본 적이 없어서 들러보기로 함.네이버지도에서 보니 북창동순두부 본점이 호텔더프라자와 삼성본관빌딩 사이 대로변에 있었는데 자주 다녀본 길인데 그런 가게가 있었나 했는데 다가가니 진짜 있었음.2층에 위치해 있어서 1층에 가게로 직접 이어지는 출입구를 통해 가파른 계단을 오르니 순두부찌개의 냄새가 나서 이미 좋은 느낌이었고 카운터에 계신 이모님이 자리를 안내해 주셔서 테이블에 앉으니 테이블 아래에 있던 메뉴를 꺼내주심.메뉴는 LA갈비 콤보 메뉴 등 LA 북창동순두부와 비슷한 느낌이었는데 난 아직 우리나라 찌개류에 들어가는 고기엔 확신이 없어서 해물 순두부를 주문하려고 했는데 이모님께 해물 순두부가 제일 유명하지 않냐고 여쭤보니 아무래도 제일 인기있는 건 소고기가 들어가는 대표 메뉴인 북창동 순두부라고 하심.메뉴의 설명을 보니 들어가는 고기가 다행히 큰 덩어리가 아닌 차돌양지라고 되어있길래 차돌양지면 얇을거 같고 해물 순두부에 들어가는 굴이나 오징어보단 새우, 바지락은 똑같이 들어가면서 차돌양지가 들어가는 게 나을 것 같아 북창동 순두부를 부탁드림.테이블 위엔 순두부찌개에 넣는 용도인 것 같은 날계란이 놓여있고 먼저 찬물이 든 플라스틱 피처와 스테인리스 스틸 피처에 든 보리차를 가져다 주심.왜 두가지를 가져다 주시나 하며 스테인리스 스틸 피처에 든 보리차를 따라 마심.곧 이어서 반찬들이 세팅되는데 좀 달달해서 좀 덜 달달했었으면 더 좋았겠다고 생각됐던 봄동 무침과 달진 않았지만 배추 자체에서 은은한 단 맛이 나던 겉절이, 생 김과 밥을 생 김에 싸서 찍어먹는 간장, 은은히 달달하면서 견과류가 들어가 고소달달짭짤해서 감칠맛이 좋아 리필도 해 먹었던 오징어 젓갈 그리고 앞접시가 나옴.조금 더 기다리니 돌솥밥과 북창동 순두부가 나오고 LA 북창동순두부에선 조기구이가 나왔던 걸로 기억하는데, 조금 더 있다 은은한 카레의 향 때문에 KFC 오리지널 치킨이나 아무튼 치킨 향 비슷하기도 해서 희한했던 튀김옷 같은게 씌워져 튀겨진 작은 사이즈의 고등어 자반 반마리가 대신 나옴.먼저 왜 그러는 건진 잘 모르지만 팔팔 끓는 순두부찌개에 공식처럼 들어가는 것 같은 날계란을 깨서 넣고 돌솥밥 뚜껑을 열고 밥을 먹으면서 순두부찌개를 맛을 보니 역시나 은은히 칼칼짭짤해서 적당히 자극적인 아는 맛이어서 케익으로 불편했던 속이 가라앉는 느낌임.날 계란을 깬 껍질과 고등어 자반도 가시를 발라서 앞접시에 덜고 먹고 있는데 순간 유튜브 등에서 봤던게 떠오름.이런 돌솥밥은 앞 접시에 밥을 덜고 돌솥 바닥에 남은 밥에 스테인리스 스틸 피처에 든 보리차를 넣어 뚜껑을 덮어두고 밥을 다 먹고 나서 숭늉으로 변한 걸 디저트처럼 마무리하는 거였음.다시 한 번 나의 낮은 한식 레벨에 개탄을 함.급히 앞 접시에 덜었던 고등어 가시와 계란 껍질을 덜어내고 돌솥에서 밥을 덜고 돌솥엔 보리차를 붓고 뚜껑을 덮으니 이제야 제대로 된 느낌임.봄동 무침이나 겉절이 등은 꼭 내가 좋아하는 맛은 아니었어도 다 신선하게 매일 무쳐서 준비해서 내놓는 느낌으로 좋음.순두부찌개엔 작은 사이즈의 새우 한마리와 역시나 작은 사이즈의 바지락 네마리가 들어있었고 특별히 맛있는 건 아니었지만 속이 불편했어선지 속이 진정되는 느낌이어서 맛있게 순삭함.순두부찌개를 다 먹고 돌솥 뚜껑을 여니 밥이 숭늉으로 변해있었고 수저로 떠서 맛을 보는데 순간 소름이 쫙 끼침.순두부찌개를 먹으면서 어느정도 속이 가라앉았지만 숭늉이 들어가자 속이 완전히 정화되는 느낌으로 너무 편해져 내가 이 정도까지 한국인이었나 하는 생각에 지림.너무너무 속이 편해져 감탄을 함. 역시나 난 완전 한국사람이었음. 숭늉이 이렇게나 좋은 줄 처음 느낌.그렇게 속을 완전히 정화하고 자리에서 일어나 계산을 하면서 이모님께 LA 북창동순두부와 어떤 관곈지 여쭤보니 다른 음식점이라고 하심. 헐..전체적으로 생크림이 들어간 케익을 먹어선지 속이 편치 않아 LA 북창동순두부에서만 순두부찌개를 맛보고 정작 한국 북창동순두부에선 맛본 적이 없어서 속을 편히 하고자 겸사겸사 들러봤는데 순두부찌개 자체는 특별하지 않았지만 나름 정성이 느껴지는 신선한 반찬과 특히나 불편한 속을 순식간에 정화해 준 숭늉이 좋았었어서 맛있다로..",맛있다
349,북창동순두부,moooo,얼큰하니 맛있어요. 소고기는 별로고 바지락이 맛있었어요. 생선구이도 기본으로 나와서 좋았습니다.,맛있다
350,이북만두,Jㅐ,"을지로입구역에 위치한 ""이북만두"". 원래도 근처 직장인들 사이에서 유명한 맛집인데, 최근에 쯔양님 유투브에도 나왔다!! 이름은 만두집인데 유명한 메뉴는 김치말이밥!! 여름에 별미다!! 추천 : )'김치말이밥'. 뭔가 생소한 이름ㅋㅋ 김치 말이 밥이 뭐란 말인가ㅋㅋ 비주얼도 매우 생소함!! 어떻게 보면 김치 국물에 밥을 말아먹는 느낌인데.. 처음 딱 먹었을 때도 맛이 굉장히 생소한데ㅋㅋ 이상하게 먹다보면 맛있다ㅋㅋㅋㅋ 이게 왜 맛있나 싶은데 맛있음.. 그래서 여기가 맛집인건가ㅋㅋ 아무튼 신기하다.. 어떻게 먹으면 먹을 수록 맛있지ㅋㅋ '접시만두'. 슴슴해서 김치말이밥이랑 같이 먹기 좋다!! 만두집에서 만두 안 먹어보기는 또 아쉬우니!! 분위기도 생소해요ㅋㅋ 아니 여기 찾아가기가 진짜 힘듦ㅋㅋ 스피크이지-김치말이 바 인가ㅋㅋㅋㅋ 진짜 말도 안 되는 골목에 있고, 심지어 전 두번째 가는 건데도 근처 건물 두바퀴 돎ㅋㅋㅋㅋ 점심시간에는 직장인이 많아서 웨이팅할 수 있느니 시간을 잘 맞춰 가야함!!",맛있다
351,이북만두,왕앵무,평양냉면 처음 접했을 때 이게 뭐야? 하고 충격 받았던 기억처럼 처음 접하는 이북 음식은 늘 낯설다. 이북식 김치말이밥과 만두국도 그랬다. 김치말이밥이면 새콤달콤한 맛을 상상하는데 이 곳의 김치말이밥은 시큼고소한 맛이었다. 신김치로 국물 간을 하고 안에다 참기름에 비빈 밥을 넣은 것 같은 맛이다. 만두국은 평양냉면 육수 같은 슴슴한 고기육수에 후추 맛이 더해진 느낌이다. 두 메인 메뉴 뿐만 아니라 반찬까지 모두 슴슴하다. 내가 이남 음식에 너무 길들여진 건지 밍숭맹숭하니 나트륨이 부족하게 느껴져서 그나마 그 중에서 제일 짠 만두 찍어먹는 간장을 반찬처럼 먹었다. 이북식은 모두 간이 심심한 게 특징인걸까... 아직은 이북음식과 친한 것 같진 않지만 재밌는 있었다.,괜찮다
352,이북만두,서울푸디,- 한줄평: 오래된 업력을 자랑하는 리북식 슴슴한 만두- 주문 메뉴: 만두국,괜찮다
353,이북만두,우이리,"만두국 먹으러 갔다가 김치말이밥을 보고 바로 변경.김치말이밥 9000.막 시원하다는 느낌은 뒤에 오네요. 국물이 처음부터 차갑지는 않아요. 참기름 향이 강하고 설탕 단맛도 좀 나는듯한게 정겹네요. 전체적인 맛의 느낌은 묵 없는 묵밥 같은데, 표현하기 힘들지만 이집만의 끌림이 있네요. 아쉽다면 따뜻한 밥이라면 잘 풀렸을텐데 찬밥이라 뭉치는거 깉아요. 살짝 매콤함이 있네요.아뿔싸, 국수 먹을껄하는 생각이 막판에 들었어요. 옆테이블 분이 국수 먹고 공기밥 추가하시네요. ㅡㅡ",맛있다
354,이북만두,까마귀의 맛집 저장장치,다 개발된 시청 주변 건물들 사이에 떡하니 있는 일층짜리 오래된 주택(?)과 같은 형상의 가게호불호가 있는집인거같지만 만두전골 너무 맛있게먹음 ㅜㅜ 만두개수대비 가격은 조금 사악..만두는 두부맛 중심의 슴슴한맛전골국물은 고기와 마늘 미나리 베이스로 술을 부르는맛♥️,맛있다
355,이북만두,Yongman,전통적인 김치말이국수의 맛을 느껴보고 싶다면 추천하는 곳! 찾기가 어려우니 잘 찾아가세요!,괜찮다
356,이북만두,Sam,옥수수면인가? 고소하고 씹을수록 단맛 나는 면에 고소한 참기름이 동동 떠있어서 괜찮았어요. 참기름이 갓짠듯 참 고소함근데 면이 간혹 떡져있었고 제입맛에 국물이 많이 단편(같이 온 형이 평소보다 단 것 같다고 함)이라 괜찮다 정도.,괜찮다
357,이북만두,YSL,김치말이 국수는 안먹어봐서 평가를 못하겠지만.. 슴슴한 만둣국을 예상했음에도 불구하고 너무 맹맹한 맹탕물이라 조금 충격적이었다... 만원에 만두 5개 들어간게 한그릇이라 만두로만 봐도 싸진 않은 가격인데 국물이.. 평냉처럼 슴슴하지만 깊은 맛이 나는 느낌이 아니라 맹물에 후추가루만 왕창 뿌려서 간을 내려고 한거같다. 만두 자체만 먹으면 맛없지 않은데.. 국물이 진짜 후추말고는 아무 맛도 안난다.. ㅠㅠ,별로
358,이북만두,EJ,찾느라 주변을 뺑글뺑글 돌았다. 분명 저쪽에 간판이 보이는데 들어가는 곳을 모르겠으니 눈을 크게뜨고 찾아야함 ㅎ바람이 차니 뜨끈한 만둣국 생각이 나서 찾아갔는데 김치말이 국수도 겨울에 좋다는 것을 느낌.이북만두국(1만) 만두 슴슴하고 실해서 좋다. 큰-만두가 다섯개나 있어 양이 꽤 있는 편.김치말이국수(9천)는 되게 빨개서 엄청 시큼할 줄 알았는데 참기름맛이 많이 나서 시큼하기보다는 고소한 편. 면이 쫀쫀하고 고소한게 좋다. 마치 옥수수면 먹는 듯 탄력이 느껴짐. 둘다 후룩후룩 잘 들어가는 맛이다.,괜찮다
359,이북만두,먹방꼬북,푸짐하고 맛있는 만두국후추맛이 살짝 세서 아쉽다. 만두는 아주 튼실함!,맛있다
360,이북만두,Saejun,예전에 광화문에서 일하는 친구 따라 갔던 기억이 있던 곳. 오랜만에 재방문. 높은 건물에 둘러쌓여 골목 안쪽에 위치해있기 때문에 초행길이면 찾아가기 좀 힘들 수도 있다.나는 김치말이 국수를 시켰고 같이 간 일행은 만두국 주문. 김치말이 국수는 흔히 보는 소면이 아닌 밀면에  참기름이 첨가돼서 국물에서 고소한 맛이 난다. 호불호가 갈릴 순 있겠지만 개인적으론 괜찮았다. 아직은  날씨가 덜 풀려서 그런지 여름에 와서 먹으면 훨씬 맛있을 것 같다.만두는 전형적인 이북 느낌의 슴슴한 맛. 순한 간의 만두국에 후춧가루가 넉넉하게 뿌려져 나온다.전체적으로 무난하다. 멀리서 찾아올 정도까진 아니고 주변에 있다면 레트로 감성 느끼며 점심 한 끼 먹으러 오기 괜찮은 곳.,괜찮다
361,이북만두,먹방꼬북,"정겨운 분위기의 꼬불꼬불 골목 속 숨겨진 맛집김치말이밥, 새콤한 국물에 꼬들한 식은밥을 말아먹으면 꿀맛,, 만두는 하나만 먹어도 배가 부를 정도로 실하다. 슴슴하지만 술술 넘어가는 맛.",맛있다
362,이북만두,benedetta,"/김치말이국수/광화문 근처 로컬직장인들만 알법한 곳. 오래된 한옥건물을 개조해서 마당자리에는 테이블을 놓고 ㄷ자형태의 방에는 좌식테이블을 가져다놓은 오래된 집이다. 찾아가기 힘들수있는데.. 버거킹을 끼고 꺽어들어가는 것만 기억하자. 어디가는거에요??싶은골목을 주욱 따라가면 나옴ㅋ 카운터근처에는 블루리본서베이가 2012년도부터 붙어있다.만두집이지만 김치말이를 먹는 사람들이 더 많은곳.면성애자에겐 국수가 밥을 좋아하시는 분들에겐 김치말이 밥을 추천. 깊은맛, 숙련된맛이라기보다 시원한 국물에 참기름떨어뜨려 후루룩 먹을수있는 맛이다. 다소 양이많으니 양적은분들은 사이드시켜서 나눠먹는것도좋을듯.친절도는 기대하지말자. 저녁8시면 문을닫으니 싸게싸게 가야한다 ㅋㅋ",괜찮다
363,이북만두,고바마,"[이북만두](구, 리북손만두)평양식 손만두로 유명한 곳이지만김치말이밥과 국수로 더 유명한 곳여름에는 시원한 것이 최고!만두피는 두껍고 만두소는 싱거운 편이나 제 입맛에는 딱 입니다.이곳은 친절을 기대하지 않는게 좋습니다.시청뒤 골목길 깊숙히 들어가야 합니다.버거킹 무교점과 제일가든 사이 골목입니다",맛있다
364,이북만두,Luscious.K,시청 리북손만두서울시내에 이런 숨겨진 장소가 있나 싶게 은밀한 골목 끝에 다서곳이 자리한 노포담백한 이북만두 만두국 만두전골도 유명하지만 가장 유명한 메뉴는 김치말이 김치말이국수 또는 김치말이밥 으로 즐기실 수 있어요우래옥 김치말이처럼 산뜻하고 기품있는 맛이 아니고 참기름향 가득한 고소한 서민적 느낌의 시원한 속풀이 아이템 입니다속 답답할 때 뻥 뚫어 주는 시원한 김치말이...추운 겨울에 드셔야 제맛입니다,맛있다
365,이북만두,기린성애자,만두도 맛있고 만두전골도 맛있어요~~별미인 김치말이국수도!! 물론 설탕맛이 나지만 ㅋㅋㅋㅋㅋ 국수는 15분정도 걸려용~/,괜찮다
366,제주산방식당,먹고자는하늘,제주 산방식당의 맛을 그대로!맛볼수 있다. 그것도 서울의 중심 대한 상공회의소에서. 나는 금방 찾아갔는데 같이 간 언니는 그 건물에서 일하면서도 살짝 헤맷다. 그리고 점심시간에 딱 맞춰가면 정말 복잡하고 웨이팅이 길 것 같다. 우리는 살짝 비껴난 시간에 도착해서 점심을 먹었다. 골고루 비빔 물 수육을 시켰는데 단연 수육이 정말 맛있었다. 비쥬얼은 아무렇게나 자른듯 멋없지만 부들부들 부드러운 수육 친구들. 제주 산방식당에 들렀을때도 비빔이 맛있었는데 이곳에서도 마찬가지로 비빔이 압도적 승리. 수육>비빔>물 순으로 추천.,맛있다
367,제주산방식당,기미상궁,"""제주의 그 밀면집이 서울에""소인 제주에서 갔었던 집이온데 서울에도 생겼다하여 다녀왔사온데 다녀온지는 꽤 된집이지만 묵은 리뷰를 올려봅니다.제주의 가게의 모습과는 다르게 모던하고 깔끔한 가게의 모습이옵니다. '제주식 밀냉면 8500' 그릇을 받자마자 묵직함에 만두까지 다 먹을 수 있을까 하는 정도의 푸짐한 양이었사옵니다. 고기와 오이 고명과 양념장 국물은 삼삼한 정도였사옵니다. 제주의 산방식당의 맛은 너무 오래되어 기억은 나질 않사오만.. 담백함이 큰 포인트인 듯 하옵니다.  쫄깃한 면발과 시원하고 삼삼한 국물'산방 김치만두 6000' 만두도 생각보다 크고 실함이 혼자서 다 먹기에는 상당히 버겁더이다. 매콤하고 담백함이 두 분 이상이 서 드실 때 시켜드시면 아주 제격일듯하옵니다.​제주에서 유명한 맛집이옵고 매장도 넓고 깔끔하고 양도 푸짐하니 밀면 좋아하시는 분들은 가보셔도 좋을듯하옵니다.",괜찮다
368,제주산방식당,melody623,"서울시청 대한상공회의소 지하에 위치한  제주산방식당은 김치찌개, 수육, 밀면 메뉴를 판매하고 있어요. 점심에 인근 직장인들이 많이 찾는 식당이었습니다. 김치찌개를 시키면 밑반찬으로 어묵볶음, 시금치무침, 깍두기가 나오고요. 반찬은 슴슴한 맛이었어요.김치찌개는 인당 국그릇에 따로줘서 위생상 좋게 느껴졌습니다. 두부, 돼지고기, 대파 재료가 풍부했고 기름지지않고 깔끔한 맛이었는데 칼칼한 김치찌개는 아니었습니다.",괜찮다
369,제주산방식당,고바마,"숭례문 옆 상공회의소 지하에 위치하고, 제주도 서귀포의 산방식당이 직영으로 운영하는 제주 밀냉면 전문점입니다.식사 메뉴로는 제주식 밀냉면과 비빔밀냉면, 산방만두온면과 돼지김치찌개가 있습니다. 사이드 메뉴로는 산방수육과 만두, 김치만두가 있습니다. 밀냉면은 부산밀면과는 달리 육수가 단 맛이 거의 없고 식초와 겨자로 적당히 간을 맞춰 먹습니다. 밀냉면은 양은 꽤 많은 편인데, 제주도에서 먹었던 맛과는 다소 다른 느낌이고 비빔밀냉면은 쫄면과 비슷한 맛입니다. 오히려 제 입맛에는 비빔밀냉면이 조금 더 나은 듯합니다. 제 입맛에는 제주 밀냉면 보다는 부산 밀면이 훨씬 더 맞는 것 같습니다. 김치만두는 가격도 싼데 양도 많고 맛도 괜찮은 편입니다.",괜찮다
370,제주산방식당,끼룩끼룩,"제주에선 유명하다고 하는데, 사람에 따라서 호불호가 있는 편이네요. 육수에 닭고기가 재료로 들어가 있어서 그런지 사람의 입맛에 따라서 닭 비린내가 좀 나서 먹기 어렵다고 하는 분도 있네요. 평소 먹지 않다가 처음으로 드시는 분은 국물을 살짝 맛본 후에 신중히 선택하세요. 입맛이 무난한 분들은 잘 모를 수도 있습니다. 조리된 음식의 정갈함과 메뉴의 구성은 중간 이상입니다.",괜찮다
371,제주산방식당,해띠,비빔밀면과 수육을 먹어봤다. 비빔 양념은 익숙한 팔도의 향이 나고.. 수육 무난하니 맛있다.,괜찮다
372,제주산방식당,Jolly,"제주도에서 맛있게 먹었던 산방식당이 서울에도 올라왔네요!! 상공회의소 지하랑 신촌 현대백화점 이렇게 두곳이 있나봐요 저는 상공회의소 지하에 있는 산방식당을 방문했어요 밀면 물,비빔 하나씩 시키고 수육은 무조건 시키고 제주점에선 없던 만두까지 시켜보았어요 기본반찬으로 무절임이랑 김치가 나와요 깔끔하고 맛있어요!산방식당은 비빔밀면에 수육이 최고인것같아요ㅠㅠ 수육이 진짜 촉촉하고 야들야들합니다 보쌈과는 다른 느낌.. 잡내도 1도 없습니당 돼지고기가 제주산이네요 13000원이라 양은 적은 편이에요 수육찍어먹는 소스 주시는데 쌈장도 아니고 고추장맛이 강한 빨간 양념장이에요 양념찍어서 비빔밀면이랑 같이 먹으면 환상!!!! 만두는 5000원인데 무난했구요 굳이 시킬필요는 없을듯!! 밀면은 물,비빔 각각 8000원인데 비빔이 훨씬 맛있었어요 아쉬운 점은 비빔밀면이 제주도에서 먹었던것보다 살짝 탄력이 없고 미지근한 온도감이 느껴졌어요 제주에서 먹었던 비빔밀면은 완전 차고 쫄깃탱탱했거든요 그래도 산방식당을 서울에서도 먹을 수 있다는 것에 감사하면서 맛있게 먹었어요!! 토, 일 휴무라서 꼭 평일에 가셔야합니당 수육 꼭 드셔보세요!",맛있다
373,소공동뚝배기집,jinee,간단평: 무난무난하다. 기사식당같다. 괜찮다...제육에서 불맛나서 좋다. 한식을 간단히 먹기 좋다. 사실 체인점이고 이 가격대인데 뭐.. 기대를 품는 거 자체가 흠.그냥 집밥느낌으로 밥먹고 싶을때 들리면 좋은 곳이다.,괜찮다
374,소공동뚝배기집,EJ,체인점이 꽤 있는 밥집인데 맛이 자극적인게 몸에 좋은지는 모르겠지만 딱 입에 넣으면 맛있긴하다ㅎ특히 제육이 매콤달달하면서 불맛이 많이 나서 여전히 맛이 좋았음. 볶음류와 찌개류 세트가 있는데 고정처럼 제육+순두부 조합을 시키게 됨. 둘다 맛있어서 밥 한공기 뚝딱이다. 회사들 밀집지역에서 나름 체인들이 오래 가는거 보면 직장인들 한끼로 충분하다는 증명인듯,맛있다
375,소공동뚝배기집,미콩,아무리 배고플 때 먹었다지만 너무 잘 먹은 거 아닐까요조미료 가득한 듯한 맛이지만 가끔 찌개는 이렇듯 자극적이어야 뜨끈한 국물로 든든하게 배채웠다는 느낌을 줄 수 있다고 생각해요 거기에 빵빵한 계란말이 한 입이면 진수성찬 부러울 게 없어요 찌개 싹 비우고 계란말이까지 끝까지 먹는 모습을 보고 놀라워했던 동행자가 생각나는군요,괜찮다
376,소공동뚝배기집,국물킬러,⭐️⭐️⭐️순두부찌개와 제육볶음 주문일단 가격이 되게 저렴해서 놀랐는데 먹다보니 어느정도 수긍이 됨뚝배기 크기가 다른 백반집에 비해 작고 제육볶음도 고기가 맛은 있는데 고기 양이 적다파를 엄청 많이 넣어주는데 고기 한점에 파 한뭉텅이씩 먹어도 파가 많이 남을 양물론 나는 고기만 골라 먹었다제육볶음은 빨간고추장양념이 아니라 고추기름?으로해서 불맛 나는 제육볶음인데 이게 생각보다 맛있었다순두부찌개는 보통 바지락을 넣는 곳이 많은데 여기는 굴을 넣어준다그래서 국물 맛이 시원하다기보가 촘 느끼한 편에 가깝다그래도 왠지 계속 먹게 되는데 찌개 양이 적어서 밥 반공기 먹을동안 찌개는 바닥이 나버림막걸리 한잔 하고 싶었는데 술을 아예 안팔아서 아쉽,괜찮다
377,소공동뚝배기집,benedetta,"/제육볶음/순두부찌개/자극적. 단맛. 직화구이. 세가지가 기억에 남는다.순두부찌개. 계란말이. 제육볶음이 주력메뉴.본점은 1962년에 명동 롯데 에비뉴엘자리에서 시작한, 메뉴도 간단한 밥집이다. 1975년 제육 직화와 오징어 직화를 메뉴로 두면서 직화구이가 유명해졌고 현재는 순두부와 더불어 소공동 뚝배기의 베스트다.점심시간에는 간발의 차로 줄을설만큼 항상 웨이팅이있고 그만큼 구내식당같은ㅋㅋ친근한 메뉴와 밑반찬을 먹을수있는 곳이다.가게내부는 좀 복작복작한편. 배불리 먹고나와서 정동길걷기좋다.",괜찮다
378,소공동뚝배기집,주아팍,"순두부, 된장찌개(각 5천) 먹었습니다.요즘같이 물가 비싼 때 반찬 4종과 함께 오천원으로 식사할 수 있는 곳이 흔치 않죠. 맛은 특별할 거 없는 우리가 아는 순두부와 된장찌개입니다. 그러나 푸근한 주인 아주머님, 아저씨의 따뜻한 맘씨때문에 유난히 더 맛있게 느껴졌었네요.개인적으로 저는 국물 킬러라서 순두부 찌개에 너무 국물이 없는게 아쉬웠어요.",괜찮다
379,소공동뚝배기집,Sugar & Thin,"소공동 근처 유명하고, 점심시간에는 사람 줄도 나름 서 있는 집 방문둘이가서 순두부 하나에 제육 하나 시켜서 밥 추가해 1.6만에 먹는게 스탠다드조미료를 너무 많이 넣어서 감칠맛이점심 먹고 4시간이 지난 지금까지 입속에 남아 있다.양치하고 커피를 두잔이나 먹어도 없어지지 않는 이 맛이 근처는 밥먹고 산책하기 너무 좋다",괜찮다
380,부원면옥,김자영,"남동이랑 근처에 볼일보러 갔다맥주한잔하자고 꼬시길래유명한 부원면옥 갔어요 ㅋㅋ주말점심이었는데 사람이막 많진 않았어요...코로나땜에시장상권 다 죽은듯ㅜ친구또는 커플, 두분씩 많이 오는곳같아요~닭무침이 첨먹어봤는데 여름에 입맛없을때별미로 먹기 좋을것같아요~빈대떡 바깥쪽은 바삭 안쪽은 쫀득해서완전 우리스타일!! 3개시켰나봐요 ㅋㅋ맥주한잔하기 완전 좋았어요~근데 생각보다 엄청 맛있고 그런집은아니었어요~ 제가 닭무침맛을 몰라서 그런가..일단 차가운고기를 좋아하질 않아서ㅜ가격은 정말 착하지만 재방문의사는 없어용~",괜찮다
381,부원면옥,악어새,"■ 1960년부터 자리를 지킨 역사깊은 평양냉면남대문 시장의 어느 한 작은 건물. 비좁고 가파른 계단을 올라가보면 아주머니들이 빈대떡을 부치고 있는 모습을 볼 수 있다. 식당 입구에서 빈대떡을 부치는 식당은 이 곳에서 처음 보았다 - 아직 식당을 들어가지 않았는데도 현대스러움에서 벗어난 수수한 옛날 감성이 얼씬 풍겼다. 그리고 오른쪽을 돌아서면 긴 시간동안 모아온 수많은 블루리본 스티커가 붙여진 입구를 볼 수가 있다. 유명인들의 사인도 빼곡히 전시되어있다. 그렇다. 이 곳은 확실히 긴 세월이 지나간 곳이다.작은 문을 통과하면 단골처럼 보이는 할머니 할아버지들이 옹기종기 모여 시원하게 식사를 즐기고 계셨다. 방문 당시 아직은 좀 쌀쌀한 2월 말이었는데도 불구하고 식당은 평양냉면을 드시는 손님으로 만석. 같이 간 회사 사람들과 나는 조금 기다리고 나서야 자리에 앉을 수 있었다.• 물냉면부원면옥의 대표 메뉴 중 하나. 그런데 조금 아쉽게도 평양냉면 치고는, 다른 리뷰에서도 언급되었듯이, 육향이 조금 약한 편이다. 육향이 강하지 않아 대신 약간의 단맛을 섞은 듯 하다. 일반적인 서울식 냉면을 조금 싱겁게 만든 버젼? 평양냉면이라는 키워드를 보고 방문한 평양냉면 매니아들은 조금 실망할 수도 있지 않을까? 그런데 그 부분을 떠나면 나쁘지는 않다.고명으로 올라가는 돼지고기도 조금 더 부드러웠으면 좋았을텐데, 고명보다 더 아쉬웠던 부분은 바로 면. 평양냉면은 보통 메밀 함량이 높은 면을 사용하는 것으로 알고있는데, 그렇다면 면에서 구수한 향도 나고 거슬림 없이 잘 끊어져야할텐데 이 곳의 면은 질기다. 탱글탱글하고 윤기있어서 시원하게 호로로록 들이키는 이 크~하게되는 찰진 맛(???)이 있지만 먹는 동안 많이 질겨서 불편했다.• 빈대떡3가지 중 가장 베스트였던 메뉴. 겉은 바삭하게 그을리고 속은 촉촉함을 유지시킨 ""겉바속촉"" 코리안 팬케이크였다. 간도 먹다보면 사람에 따라 조금 짤 수도 있겠지만 어쨌든 잘 베어있었고, 차가운 냉면과 잘 어울렸다. 그리고 보통 빈대떡은 살짝 도톰한 편으로 알고있는데 부원면옥 빈대떡은 얇고 넓게 부친다. 빈대떡이 아니라 김치전 같기도 하고... 녹두 대신에 밀가루를 사용한건가? 어쨌든 흔히 알고있는 빈대떡의 맛은 아니었지만 따뜻하고 고소하게 잘 먹었다. 가격도 4,500원. 저렴한 편이다!• 제육무침3가지 중 가장 아쉬움이 남는 메뉴. 달달한 고추장 소스에 버무린 돼지고기, 양파와 오이. 차가운 돼지고기의 식감은 딱딱하고 질겼다. 돼지고기향은 남아있지 않았고 그저 고추장 맛만 나는 제육무침이었다. 평양냉면 전문집이라 차가운 음식을 전문으로 하는 부분은 이해가 갔지만, 고기의 식감을 좀 더 살릴 수 있는 방안을 찾으면 더욱 더 맛있는 제육무침이 될 수 있지 않을까!각 메뉴가 세련되지는 않았지만 그래도 시원하고 약간의 정이 가는? 그리고 뭔가 세월이 느껴지는? 이런 감성이 바로 부원면옥의 한국 시장 감성이 아닐까. 남대문 시장 근처에 들릴 일이 있다면 한 번 즈음은 도전해보아도 나쁘지 않은 집이라고 생각된다.",괜찮다
382,부원면옥,최신환,"서울특별시 중구 회현동 남대문시장 내에 위치한 부원면옥에서 물냉면(8500원)과 빈대떡(4천원)을 먹었습니다. 이곳 부원면옥의 물냉면은 육수가 담백하면서 달달했고, 살얼음이 아예 없었는데도 불구하고 개운했고, 면발은 탄력이 좋고, 알맞게 끊겼고, 고소했고, 빈대떡은 기름기가 적당했고, 전혀 퍽퍽하지 않았고, 제사 빈대떡같이 구수하니 기가 막히게 맛있었습니다.   결제방식 : KB국민 직장인 보너스 체크카드 1만 2500원   영업시간 : 낮 11시 정각 ~ 밤 8시 정각 휴무일 : 1) 4월 ~ 11월 - 매월 첫째 일요일, 셋째 일요일          2) 12월 ~ 익년 3월 - 일요일",맛있다
383,부원면옥,Anthony.Choi,"평냉 매니아도 아니고, 입맛이 매우 고급스럽지도 않음을 미리 알리며..내가 느끼는 평냉은질기지만 무심한듯 투박하게 끊기는 구수한 메밀면과바로 코앞에서 느껴지지 않고. 저~ 멀리서 다가오는 육향과 면수의 조합인 국물. 그리고 심심하지만 심심하지 않을 정도로, 오소독스하게 올려진 고명의 매력이다. 많은 평냉집을 가 보진 않았지만, 개인적으로‘필동면옥’이 내겐 ‘영혼의 맛’ 이었다. 부원면옥은. 조금 심하게 이야기 해서. ‘소문난 잔치에 먹을 것 없다’ 는 생각이 들었다 (사장님 죄송)물론 맛있게 드시는 분들도 많겠지만. 내 기준에 그렇다(맛은 개취 니까요)메밀면 이라기 보다. 쫄면에 가깝게 느껴지는 면감 • 그만큼 미끌거리고. 메밀맛이 안 느껴졌음바로 코앞에서 느껴지는 짭자르한(소금?) 국물맛 • 저 멀리서 육향이 슬금 오길 기대했으나. 안옴 ㅜㅜ‘내가 못 느꼈나’ 싶어 그릇을 들어 벌컥 들이켜 보았으나배만 부름..더운 날 회사 근처 이기에 가볍게 한끼 하기는 머.. 나쁘지 않지만. 내 의지대로 다시 방문 하진 않을 듯#빈대떡도그냥그랬음#오히려신세계본점평냉집위상이느껴짐#가성비는말그대로가성비",별로
384,부원면옥,☆,남대문간김에 평양냉면으로 오래된집이라구해서방문했습니다 원래함흥파라 그냥 메밀맛으로 먹어야겠다싶었는데 여긴 메밀함량이낮고 밀가루 전분이 많이섞인면인듯합니다  쫄면면발같더라구요 이런면발 오랜만에  먹어봤네요ㅎㅎ 비빔하나랑 빈대떡주문했는데 양념맛도 깊은맛 하나도없고 동네분식집에서 먹는맛같더라구요ㅡ.ㅡ빈대떡은 돼지기름을 넣었는지 고소한기름맛이 나더라구요내용물도별로없고 그냥 바삭한맛에 먹었어요배가고파 먹긴했지만 다시는 안가고싶은집이에요ㅋㅋ 왜유명한지 알길이없네요가격이싼만큼 맛도 저렴했어요ㅜㅜ,별로
385,부원면옥,zmfkal,"육수가 달다는 말이 있어서 더욱 궁금했다일단 물냉면 8500원으로 맘에들고 전반적으로 다 평타는 친다단, 평양냉면 다른집도 많이 드셔보신 분들만!! 오이 고명을 별로 안좋아하는데 여기는 오이향도 덜하고 초 절임 맛이 덜느껴져서 냉면맛을 해치지 않는다  덜어놨다가 다 먹어버림ㅎ 빈대떡은 무난무난 좋아하면 시켜먹고 냉면을 더 음미하고프다면 안시키는것도?",맛있다
386,부원면옥,볶음밥,"평양냉면이 8~9천원대로 종로 유진식당처럼 저렴한(?) 평양냉면, 하지만 맛은 아주 훌륭한 냉면집으로 유명하다 코로나 시국으로 인해 외국인 관광객 비중이 높은 남대문 시장이 엄청나게 한산한데 그런 와중에도 평일 점심에 웨이팅이 있었다물냉면과 돼지기름으로 부쳐낸 빈대떡이 시그니쳐다만 비냉에도 엄청 신경을 많이 쓰신다고 한다 고춧가루를 가져올땐 사장님이 직접 방앗간에 가서 상태를 확인하신다고... (물론 신문에 그렇게 났을 뿐, 지금도 그러시는지는 잘 모르겠다ㅎㅎ) 먹어봤는데 괜찮았음전분이 좀 섞여서 다른 거친 메밀면보다는 약간 쫄깃한 감이 있고 육수도 익숙한 맛이 나는 편이라 초심자도 쉽게 다가갈 수 있는 곳이라 본다남대문시장 답게 접근성이나 주차는 힘든 편",맛있다
387,부원면옥,용관,"육수에서는 달달한 맛이 났다. 깊지않고 가벼운, 무난한 육수. 면은 매력이 없었다. 툭툭끊기고 메밀향이 강한 면을 좋아하는 나로선 미끌미끌 탱글탱글하고 향이 강하지 않은면이 그닥 매력적으로 느껴지지 않았고 평범했다. 돼지고기 고명이 맛있었다. 씹는식감도 좋고 고소했다. 냉면고명은 돼지고기가 오히려 소고기보다 맛있는것 같다. 전체적으로 특색없고 무난한 냉면. 다른 평냉집에 비해 가격이 싸다는 장점이 있지만 이 가격도 마냥 싼 가격은 아니라 이왕 기분내서 평냉을 먹는다면 비싸더라도 제대로 맛을내는 평냉을 먹을 듯 하다. 괜찮은 한끼였지만 다시 올 이유는 없는 집",괜찮다
388,부원면옥,.,남대문 악세사리 상가에서 십여년 넘게 장사하며일주일에 2~3여회 많이 갈땐 일주일에 10여회(하루에 세번 간적도 있었습니다) 를 갈정도로 좋아하는 집인데이 집에 아주 큰 단점이 있습니다.주인 아줌마직접 냉면을 만드는 분도 아니고 단지 가게 물려 받아서 카운터 보는분이손님 알기를 무슨 거지 취급하는걸 볼때가 한두번이 아니였네요본인보다 훨씬 어르신들한테도 다그치듯이 얘기하고 여름에 바쁠땐 내가 이 취급 받고 이걸 먹어야하나 했던적이 한두번이 아니였습니다그나마 최근엔 아들분이 나와있는 시간이 많아 계산할때 잘먹었습니다 하고 나오네요,맛있다
389,부원면옥,기미상궁,"소인, 오늘은 남대문 시장에 위치한 평양냉면 집인 ‘부원면옥’에 다녀왔나이다.먼저 소인은 평소에 평양냉면을 많이 접해보지 않았사옵니다. 냉면을 좋아하긴하나 유명한 집이라고 가보면 생각보다 비싼 가격에 또 생각보다 입맛에 맞지않아 “냉면은 참 어려운 음식이구나..” 라는 생각을 가져왔사옵니다. 소인이 주로 접해온 냉면은 가볍고 편하게 접하는 냉면이옵니다. 어머니가 별식으로 해주시는 냉면이나 여느 식당에서 먹을 수 있는 입가심용 후식 냉면 혹은 얇은면의 함흥냉면을 주로 접해온 터라 어느곳에 유명한 평양냉면이다 혹은 함흥냉면이다 하고 한 그릇에 만원넘는 돈을 내고 먹으면 괜히 평소에는 하지도 않는 음식을 평론 하게 되고 의외로 가격대비 입에 맞지 않은 맛에 의아해 하곤 하옵니다이 집 냉면도 그러한 느낌을 많이 받았사옵니다.먼저 국물을 맛보니 생각보다 단맛이 많이 느껴져서 그 맛이 소인은 반가웠사옵고 은은한 맛이 깔끔하고 담백하였습니다.허나 소인에게는 한없이 심심하고 간이 약하였사오니 최대한 그 은은한 맛을 느끼며 먹으려 노력했사옵니다. 이렇게 먹는것이 평양냉면을 먹는 재미이온지는 소인 아직 잘은 모르지만 나름 후루룩 후루룩 한그릇을 뚝딱 비워냈사옵니다.빈대떡은 냉면 보다 먼저 나왔으며 그 고소함이 젓가락질 마다 입맛을 돋우니 순간 이성을 잃고 막걸리를 시킬뻔 하였사옵니다.권오찬 대감마님께서 추천해주셔서 접한 집이온데 가격도 저렴하고 나름 평양냉면의 매력을 느낄 수 있는 집이였나이다.  이 집을 필두로 다른 평양냉면집도 접수하여 소인 ‘냉잘알’로 한번 거듭나 보겠나이다.",괜찮다
390,부원면옥,헤이컴온,매너리즘의 극치싼마이,별로
391,부원면옥,ethanghymn,"후암동에 온 길에 비도 부슬부슬 내려서 빈대떡이 생각나서 며칠전 권오찬님의 리뷰에서 봤던 부원면옥을 찾아봄.난 어려서부터 녹두빈대떡을 좋아했는데, 설날이나 추석등 명절날에 준비하는 여러 음식중에 제일 좋아하는게 녹두빈대떡이었음. 남들은 갈비찜이니 새우튀김이니 잡채니 하지만 난 빈대떡이 늘 최고였음. 빈대떡을 부칠때 옆에 앉아 바로 부쳐진 빈대떡을 맛볼 때면 너무 행복했음. 명절이 지나고도 냉장고에 보관해둔 빈대떡으로 엄마가 김치찌개같은데 빈대떡을 넣고 빈대떡찌개를 해 주시면 역시나 잘 먹었음.우리집은 내가 어렸을때 외식의 80-90%를 중식당을 갔지만 그 외에 무슨무슨회관이라고 불리는 갈빗집 같은 데를 가면 빈대떡도 시켜먹곤 했었는데, 어렸을때 서초동 지금 서이초등학교 사거리에 있던 은성회관에 가서 먹었었던 도톰하고 아무것도 안 들어갔던 녹두빈대떡을 아주 맛있게 먹었던 기억이 있고, 어디선가 은성회관 아들분이 경기도 어디선가 은성회관 이름 그대로 갈빗집을 하신다는 기사인가를 보고 반가워서 기회가 되면 한번 가봐야지 함.지금도 비가 오면 겉은 크리스피하면서도 도톰했던 은성회관의 빈대떡 같은걸 맛보고 싶어서 인터넷에서 사진을 뒤지곤 하지만, 아직까진 못 찾았음.난 술을 즐겨마시지도 않는편이라 가볍게 녹두빈대떡을 맛보고 싶은데, 빈대떡 한장에 만원이 훌쩍 넘어가거나 아니면 빈대떡안에 여러 내용물이 들어가던가해서 좀처럼 찾기가 쉽지 않음.물론, 가격도 저렴하고 유명한 광장시장 순희네빈대떡 같은데도 가봤는데, 비슷하지만 뭔가 달랐음. 그나마 어느정도 커서 아버지 친구분들 모임인가에서 따라갔었던 종로빈대떡이란 체인에서 좀 맛있게 먹었던 기억이 있는데, 지금은 로고도 변형된거 같고 뭔가 어떤집이 진짜 종로빈대떡인지 모르겠어서 안가봄.그러던 중, 권오찬님의 리뷰에서 내가 생각하는 도톰하면서도 노릇하고 크리스피하게 구워진 느낌은 아니지만 그래도 비교적 노포면서도 얇지만 크리스피하고 저렴하기도 한 빈대떡 사진을 보고 궁금했던차에 들렸던거임.가게는 남대문시장 어딘가에 있는건 알겠는데 가게 정면에 딱 서기전까지도 옆가게들의 어닝때문에 작은 부원면옥이란 간판이 안보여 여기가 맞는건가 했음. 어닝위로 간판을 확인후 계단을 오르니 바로 빈대떡을 굽는 곳이었고, 오른쪽 어깨 넘어 뒷쪽에 가게가 있었음.가게 분위기는 오장동 흥남집 같은 옛날가게 느낌이었음. 원래는 빈대떡만 먹으려고 했고 빈대떡만 먹고 가도 되는지 물었을때 괜찮다고 해서 들어간거였으나 냉면전문점이니 비빔냉면도 한그릇 주문함. 난 어른맛이라는 평양냉면 맛은 매력을 모르겠어서 비빔냉면만 먹다 죽을 계획임.12시를 조금 넘긴 점심시간이었는데 자리는 빈자리도 있었고 사진을 찍으니 주인분이신것 같은 여자사장님이 비오는 날은 꽝이라시면서 비가 와서 손님이 없는거라고 어필을 하심.자리에 앉으니 무절임과 냉육수, 빈대떡을 찍어먹는 간장과 면수가 나옴. 난 냉면집에서 나오는 육수인줄 알고 마셨는데 면수였음. 냉육수는 육수지만 깔끔한 맛으로 새로운 맛이었고 나쁘지 않았음. 면수는 아직 무슨 맛으로 먹는건지 모르는 초등입맛이라 할 말이 없음. 무절임은 살짝 시큼달큼한 익숙한 류의 맛이 아니고 거의 생 무를 살짝만 절인 맛어어서 낯설었음.아까 계단을 오를때 팬에 굽고 있던 빈대떡이 제일 먼저 나옴. 젓가락으로 적당히 잘라 간장에 찍어 맛을 보니 순간 우리집 빈대떡인줄.. 엄마가 명절에 부쳐주시던 빈대떡 맛과 거의 흡사했음. 내가 찾는 맛은 은성회관에서 맛봤었던 좀 도툼하면서 순녹두로만 지진 순녹두빈대떡인데 여기껀 숙주나 파가 조금 들어가고 얇았지만 뜻하지 않게 우리 엄마가 부쳐주셨던 빈대떡 맛이어서 찾던 맛은 아니지만 놀라고 한편 반가웠음.곧 이어서 비빔냉면이 나왔는데, 돼지고기 수육이 올라가고 절인 오이가 올라간 이렇게 생긴 냉면은 어디선가 본 적이 있는데, 식초를 조금 뿌리고 잘 비벼 맛을 보니 딱 이렇게 생긴 냉면에서 기대하는 맛이었음.면은 막국수처럼 약간 도톰하면서 툭툭 잘 잘라지고 한때 강남에서 유행했던 함흥냉면의 약간은 자극적인 맛과는 거리가 있는 좀 슴슴한 맛이어서 그런맛에 피로감을 느꼈던 나는 먹는 동안은 강원도에 온 것도 같고 좋았음.맛있게 잘 먹고 계산 후 한층 더 위에 있는 화장실을 다녀와 내려가는데 지금 굽고 있는 빈대떡이 더 맛있게 보이던..전체적으로 맛만으로는 괜찮다이나 강원도에 온 느낌을 줬었어서 맛있다로.. 내가 꼭 찾는 빈대떡의 맛은 아니지만 저렴한 가격에 노릇하게 구워진 빈대떡과 요즘 냉면집을 안가봐서 잘 모르는데 냉면 한그릇에 만원도 훌쩍 넘는다는데 냉면 역시 비교적 저렴하면서 강원도에 온 것 같은 느낌을 주는 덜 자극적인 맛의 비빔냉면은 나름 매력이 있어 근처에 왔을때 냉면이 생각나면 또 들를듯..",맛있다
392,부원면옥,권오찬,"* 한줄평 : 1960년 개업한 남대문시장 노포 평양냉면1. 얼마전부터 재래시장에 자리잡은 노포 냉면집을 다니며 남한의 냉면인 진주냉면은 <교방문화>에서 꽃피운 미식의 결정체이자 지배계층의 식도락이었던 반면 남한에 자리잡은 <북한의 냉면>은 서민의 일상 음식이 아니였을까라는 생각을 하게 되었다.그래서 시작한 것이 수유동 우이시장의 곰보냉면, 청량리시장의 할머니냉면, 남대문시장의 부원면옥 등으로 이어진 <재래시장의 노포 냉면 로드>이다.2. 내가 대학생 시절이던 20여년 전만 하더라도 냉면월드의 주류는 <함흥냉면>이었건만, 평냉에 관한 두터운 매니아층이 형성되며 평양냉면의 가격은 천정부지로 뛰어 이제는 14천원까지 오른 것으로 알고 있다.그러다보니 남대문 <부원면옥>을 이야기할때 항상 거론되는 것은 <가성비>이다. 그러나 60여년동안 4대째 명맥을 이어온 노포의 가치가 가성비로만 평가받는 것은 몹시 서운한 일이다.3. 다른 이들의 평가는 전분비율이 높아 면이 너무 매끈하고, 육수는 은은한 육향 대신 달달하다라는 평이 대다수이나 그 역시 노포가 60여년전부터 지켜왔던 이 집만의 레서피인지도 모른다.4. 우리가 흔히 알고 있는 <1군 냉면>집들은 불특정 다수의 대중의 기호에 알게 모르게 맞춰왔을 가능성이 높다. 재래시장의 냉면집들은 대중보다는 한정된 지역 안의 <시장 상인>을 상대로 해왔으니 본인들의 레서피를 고집했을 공산이 크다.5. 우선 자리에 앉으면 절임무와 면수를 주는데, 어두튀튀한 면수에선 메밀향이 꽤 진하게 난다. 평양냉면을 받으면 이 식당의 주방장은 어떻게 육수를 냈는가 싶어 면타래를 풀지 않고 두어모금 맛을 보는데 감초나 양파 등 단맛을 내는 재료가 들어갔는지 육수가 달달한 편이다. 6. 면은 우리가 익히 먹는 함냉과 평냉의 중간 굵기인데 매끈하다. 분명 면수에서 메밀향이 났는데 맛은 밋밋한데다 오히려 함냉에 가까운 매끈한 식감이다.아마도 이 부분이 <평냉덕후>들에게 아쉬운 평가를 받는 대목같은데 나보다 오랜 세월을 살아내온 노포의 레서피라 생각하면 아쉬울 것도 없다.7. 평양냉면은 결국 면과 육수, 고기고명의 조합인데 의외로 슴슴함이 지나쳐서 고개를 갸웃거리다보니 테이블의 간장과 식초병이 눈에 들어온다. 특이한 것은 간장병보다 식초병이 크다는 것이고, 확 들이부을 수 있도록 구멍이 크다는 것이다. (5st photo)주인장의 의도가 있겠다 싶어 식초를 과하다 싶을만큼 넣으며 간을 맞추다보니 좀더 맛이 또렷해진다.8. 이 식당은 불편하게도 2층 계단을 걸어올라가야 하는데, 그 끝에선 돼지기름에 튀기듯 <빈대떡>을 굽고 있다. 냄새를 맡고 식당에 들어서면 주문을 할 수 밖에 없는 구조인데 1장(4천원) 단위로 팔다보니 혼밥족도 부담없이 먹을 수 있다. 내가 방문한 시점엔 4대째 아드님이 빈대떡을 구우시던데 굽기 경력은 모르겠지만, 겉은 크런키하고, 속은 촉촉한 것이 손가락을 꼽을 정도로 맛있었다.# 추가잡설전쟁과 개발 시대를 거친 한국에서 노포라 불리려면 약 50여년의 나이를 가져야 하는 것으로 알려져 있다. 이도 뚜렷한 기준이라기보다는 노포의 가치를 발굴해온 <박찬일 쉐프>가 그리 말씀하신 것일 뿐 딱히 노포 업력에 대한 사회적 합의가 있었다고도 말하기 힘들다.난 노포의 기준을 좀더 너그럽게 30살로 본다.대를 물려 이어져온 식당을 노포의 사전적 정의라 한다면 한세대를 20년으로 보고, 2대째의 반을 더하면 30년이다.오늘 부원면옥에서 작고하신 <노회찬> 의원의 사인을 보고 노포는 그 자체로 식당과 고객과 그 지역의 역사가 묻어있는 <박물관>이기도 하다라는 생각이 들었다.정치적 성향은 그와 달랐으나, 그래도 내가 좋아하는 정치인 중 한명이기도 했다. 2005년 당시 작성한 노회찬 의원이 34년 단골이랬으니 이 식당은 그와 함께 세월을 보낸 곳이라고 해도 무방할터.. (10st photo)카운터 앞에 나경원, 심상정, 노회찬 의원이 응원메세지와 사인이 주욱 배치된 것을 보니 괜히 신기하다. (11st photo)",맛있다
393,부원면옥,맛집체험가,부모님이 좋아하시는 평양냉면집!만원이 넘지 않는 가격이 우선 메리트이다.면에 메밀이 많지 않아서 툭툭 끊기지 않는게 단점이다. 빈대떡은 얇고 작아서 1인 1빈대떡 할 수 있을 정도이다. 얇고 바삭하고 깔끔한 맛이다.비냉도 좀 자극적이긴 하지만 나쁘지 않다. 평양냉면을 못 먹는 사람이 함께 와도 먹을 수 있는 메뉴가 많아서 좋은 집이다- 위에 고명으로 돼지고기가 올라가는게 특이하다. 고명을 더 먹고 싶다면 물냉면(특)이 메뉴판에는 없지만 따로 주문이 가능하다. 기본에는 돼지고명이 2점 올라가는데 특은 한참 많이 들어간다. 적어도 10점은 넘는 것 같다. 그런데 가격은 기본에서 1500원 추가된다. 가성비가 진짜.. 특으로 먹어도 다른 평냉집 기본보다 저렴하다!다음에 와서도 특을 먹을 것 같다.,맛있다
394,부원면옥,김수현,"많은 평양냉면을 먹어본 건 아니지만 그중 내 입맛에는 가장 별로였다. 평양냉면은 슴슴한 맛으로 먹은다지만 이곳은 음... 숭늉인가요? 숭늉도 강한 숭늉맛이 아닌 아주미세한 숭늉같은 맛이었다. 원래 평양냉면을 먹을 때 국물에서 미세하게 느껴지는 고기의 향을 찾아내며 먹는 재미와 맛이 있었는데 이건 너무 찾기 어려웠다. 그리고 국물에는 기름이 하얗게 굳어 많이 떠있었고, 고기는 하얀 기름부위가 너무나 많았다. 식당에 사람이 가득 차있고 대부분 연령대가 높아 이곳은 진짜 맛집인가보다 기대했지만 내 입맛에는 맞지 않았던 곳이었다.",별로
395,부원면옥,휘영청,"저는 평양 냉면 입문자라서 익숙하지 않았어요 비냉이 더 맛있었던... 빈대떡도 두툼했어요 평냉 마니아는 삼삼하니 맛있게 먹었을 거같아요, 배고프면 곱배기!",괜찮다
396,부원면옥,B,"(먹기 전에 사진을 남긴 적이 거의 없다)남대문 시장 외곽 어디즈음에 있는 부원면옥. 카메라를 사러 갔다가 결국 못사고 나오는 길에 냉면이 먹고 싶어 들리게 되었다. 매장은 다소 작고 입구가 눈에 띄지 않아 찾기 힘들지도 모르겠다.물냉면, 비빔냉면, 빈대떡을 하나씩 주문한다. 면수와 비빔냉면용 육수를 내어주신다. 육수를 한 입 먹었을때 약간 갸우뚱 하는게 있었다. 다소 달큰하고 짭짤하다. 지금까지 먹었던 평양냉면 중엔 제일이다. 조미료향이 조금 나는 편이다 (본인은 좋아한다). 곧 냉면을 받았다.아, 이걸 무슨 맛이라 해야할까. 일단 면발은 서북면옥처럼 전분 함량이 꽤 높은듯한데 메밀 향 반과 전분 향 반이 섞여있다. 그 위에는 기본 베이스로 무절임과 오이절임, 계란 슬라이스가 올라가고 고기 고명이 압권인데 차슈를 연상케 하는 커다란 고기 두점이 올라간다. 상당히 특이했던 점이다.빈대떡은 4천원으로 단 하나! 내어주신다. 친구는 하나 시켰으니 하나 주는거 아니냐 해서 군만두도 하나 시키면 하나 주냐고 반문했다. 별개로 맛은 훌륭했다. 돼지 기름(라드)을 이용한 것 같은데 향이 압도적으로 올라온다. 익은 정도도 딱 좋아서 바삭함과 부드러움이 씹는 재미를 더한다. 즐겁다. 다만 가격은 여전히 조금 아쉽다.결론적으로 가격대비 상당히 잘 먹었다. 조미료 맛에 다소 거부감이 있는 사람이거나 심심한 평양냉면을 즐기는 사람이라면 어려울 수도 있으나 나는 이 정도 가격과 염도에 만족하련다. 그리고 빈대떡은 참 맛있었다.",맛있다
397,부원면옥,안재석,평양냉면이라기 보다는 달달한 국물에 쫄면에 가까움.,별로
398,부원면옥,|||||||||||||,이게 진짜 평양냉면 맞아요???,별로
399,부원면옥,조성진,국물이 너무 달다,별로
400,부원면옥,꿔버로우,딱 7500원짜리 평양냉면고기 퍽퍽합니다.오이말랭이(?)가 들어갑니다 개인적으로 비호라.. 국물은 담백하고 좋습니다재방문 의사없음2.7/5,별로
401,부원면옥,Luscious.K,"아쉬웠던남창동 남대문 부원면옥서울에 있는 유명한 평양냉면집 중에 꽤 이름난 곳이죠원래 시장에 있어서 근처에 계신 분들에겐 동네맛집으로 유명한 곳인데..평양냉면 붐이 일어나면서 서울시내 맛집으로 거듭난 것 같습니다마침 남대문에 갈 일이 있어 들렸다 저도 맛을 볼 수 있었습니다#육수첫 모금을 들이키면'아!! 달다~~'그리고 다시 음미하면 육향은 없습니다슴슴하고 단 느낌의 육수..원래 단 음식을 그리 좋아하지 않는 저에게는 반가운 느낌은 아니였습니다육향이 없는 것도 아쉬웠어요#면빨아주 비단결처럼 미끄러운 면빨이 신기합니다메밀을 사용하는 평양냉면에서 이런 미끄러운 면빨이 나온다는 것은 상상할 수 없습니다아마 전분의 혼용률이 높은 것 같습니다주방에 반죽덩어리 수십덩어리가 제면을 기다리는 걸로 봐서 메밀 이외의 가루가 많이 섞여있는 것을 알 수 있습니다메밀향은 당연히 없습니다#고명절인 오이고명과 무고명은 강하지 않고 잘 조리되서 냉면의 밋밋함을 살려줍니다문제는 '삶은계란' 인데..보통 셀러드에 사용하는 계란슬라이스 몇 장을 올려주시네요노란자로 냉면육수가 탁해지는 불쌍사도 발생합니다제육고명 중에 하나는 향정살 부분이 있어 맛있었습니다다리살 부분은 퍽퍽했습니다#김치전김치전은 아주 맛있었습니다김치가 너무 강렬하지 않고 녹두의 담백 고소함과 잘 어우러져서 아주 맛있게 먹었습니다#가격물냉면 7500원, 비빔냉면 8000원 김치전 4000원 아주 합리적입니다종합해보며 시장에서 몇십년을 진화한 메뉴이기에 이러한 세팅이 이해가 갑니다장사하시는 분들과 물건 하시러 오시는 분들이 가볍게 들러서 부담없이 한 그릇 시원하게 드실 수 있는 음식그러다보니 강한 육향보다는 살짝 달달한 맛의 육수가 나온게 아닐까요?면빨도 순면보다는 빨리 만들 수 있고 쫄깃한 전분혼합이 필요했겠구요..좋은 가격을 위해 고명에 대한 원가절감도 필요했겠지요당대에 유명한 평양냉면 한 그릇 잘 먹은 걸로 만족할 수 있었습니다다만 제 입맛에는 조금 무리가 있어서 저의 맛집으로 추천드리기는 어려울 것 같습니다",괜찮다
402,부원면옥,benedetta,"/물냉/비냉/빈대떡/여기가맞나? 싶은 골목에있는 남대문 상인들을 중심으로 성장했을 법한 식당. 4대째 가게문을 열고있다고한다. 빈대떡을 가게바깥에서 부칠만큼 내부도 생각보다 크지않다. 상대적으로 다른 평냉식당에 비해 덜유명한만큼 웨이팅라인도 길지않은편.빈대떡이4,000원이라 시켜보았는데 음!! 기름이막 녹아든 그런맛이아니고 깔끔하게 잘 부쳐져있다. 의외로 이게 맛있더라. 아저씨들을 보니 1인1빈대떡하시는 분들도 꽤보였다ㅋㅋ가장실망했던건 여기가 함흥냉면하는곳인가? 하는 오해를 할법한 면의 메밀과 전분비율! 6:4라고한다. 최소 7대 3은 되어야 평냉에게 가위질을 하지않을수있겠다...생각....ㅜㅜ하지만 국물은 맛나다! 약간 겨자를 넣으면 덜달고 맛있게 먹을수있다. 비냉을 시켜도 육수를 넣고 비비라고 주심. (하지만 비냉비추)고명으로 올라간 고기는 다른집보다 도톰하니 투박하게썰어낸느낌이다. 오이가 짱아찌처럼 들어있는게 응근히 씹는맛이있다ㅋ같이간 지인은 필동이 맛있다고했지만.. 난 면의 비율만 제외한다면ㅠㅠㅋㅋ여기도 갠춘했다. 요즘에 평냉이 혼자 만두랑 냉면만 먹어도 2만원 육박하는 시대에!!ㅠ 가성비좋은 식당을 발견했따!",괜찮다
403,부원면옥,춘,"4대째 이어지고 있는 약 60년 전통의 평양냉면 숨겨진 맛집. 다만, 평냉이 익숙하신 중수(?) 이상의 분들에게는 추천해드리나 평냉이 익숙치 않으신 분들이 가셨다간 평양냉면에 대한 트라우마를 얻고 오실 수 있는 위험한 곳. ^^;;이곳 냉면은 육수가 상당히 뿌옇습니다. 찾아보니 소고기 양지나 사태를 우려내는 다른 평냉집과는 다르게 사골로 육수를 우린다고 하네요. 그래서 그런지 진한 육향은 없었지만 담백한 맛이 참 좋았습니다. 고명으로 돼지고기가 올라가는데 사골만으로는 아쉬운 육수를 아마 돼지고기를 넣어 보완하지 않았나 싶네요. 그리고 육수 맛이 상당히 달큰합니다. 이유를 또 찾아보니.. 돼지고기를 넣었기 때문에 생길 수 있는 육수의 비린 맛을 잡기 위해 양파를 통으로 넣기 때문이라고 합니다. 양파의 매운 맛은 사라지고 달큰한 맛이 남아 장충동, 의정부 계열 평냉 메인스트림과는 또 다른 육수 맛을 선사하는 곳입니다. (강서면옥의 달달한 육수 맛 비밀도 왠지 양파일거 같다는.. )메밀과 고구마전분의 비율이 6대 4 정도라고 합니다. 요즘 메밀 100프로 평냉집들도 생겼는데 6대 4 정도면 전분의 비율이 다소 높다고도 할 수 있습니다. 참고로 우래옥, 평양면옥이 7대3, 봉피양이 8대2 정도라고 하네요. 그러다보니 면의 식감은 약간 부들부들하고 곡향은 다소 부족합니다. 면은 다소 아쉬웠네요. 참고로 이곳의 진짜 별미는 4천원짜리 빈대떡입니다. 돼지기름으로 부친 빈대떡은 겉은 바삭하면서 고소한 기름향이 화악 나는게 정말 맛있더군요. 그래서 저는 맛있게 먹고 왔지만, 참 부산스러운 시장통 밥집같이 시끄러워요.. 자리는 비좁아서 식사 시간대에 방문하신다면 합석은 필수 입니다.  그리고 저녁시간대에 가신다면 남대문시장 아재들께서 물냉면에 소주를 드시고 계신데 정말 시끄럽습니다 ;; 또한 위생에 민감하신 분들이 느끼시기에 다소 깨끗하지 못한 느낌도 받으실 수 있구요. 참고로 평일 저녁 6시 반에 혼자 방문을 하였는데 10분 정도 웨이팅 했구요 어떤 남녀커플과 합석을 했습니다. 식사하면서 합석한게 처음은 아니지만 테이블이 크지 않아서 상당히 뻘쭘하더라구요;; 가게가 좁은데 종업원 분들은 계속 왔다 갔다 하시고.. 술마신 아재분들 이야기 소리도 참 시끄럽고.. 그러다보니 빨리 후딱 먹고 나와야겠다는 생각이 컸습니다. 아마 평냉 맛을 잘 모르시는 분이 오셔서 드신다면 맛도 제대로 음미 못하시고 밍밍한 국수 한그릇 시끄러운 곳에서 기분 나쁘게 먹고왔다고 충분히 여기실 수도 있는 곳입니다. 그래서 이곳은 평냉이 어느 정도 익숙하신 분들에게만 추천하고 싶구요... 그래도 가신다면 빈대떡 꼭 같이 드셔보세요 :)",맛있다
404,부원면옥,키다리아저씨,"남대문 시장의 평양냉면 ""부원면옥""4대째 내려오는 전통있는 냉면집으로 다른 평냉집들에 비해 저렴한 가격이다.유명한 평냉집에 비하면 한등급 낮은 곳으로 해석이 되기도 하지만 가볍게 먹기에 무난하다.메뉴 주문을 하면 진하고 구수한 면수를 준다.물냉면 (7,500원)살짝 기름기 동동뜨는 육수는 고기삶은 국물과 면수를 적당히 섞은 느낌으로 부담스럽지 않다.고명으로 올라온 돼지고기는 기름진 부분과 살코기가 적절했고 누린내는 날듯말듯 아슬아슬 했으나 먹는데 거부감이 들진 않았다~ 절인 오이와 무는 심심한 식감을 조금 살리는데 도움이 되었으며 아주 은은하게 시큼한 맛도 느낄 수 있었다.아쉽다고 느껴진 점은 면의 상태가 생각보다 많이 매끄럽고~ 메밀과 고구마전분의 배합이 어느정도인지 모르겠으나 메밀의 느낌은 많이 약했다ㅠㅠ 쫀득한 식감과 탄력 면에서 약간 떨어지는 기분이 들어서 개인적으로는 아쉬움이 남는다.비빔냉면(8,000원)너무 자극적인 느낌은 아니였고 그렇다고 마구 입맛 땡기는 느낌도 아닌 무난한 맛이다.사람에 따라 약간 심심하다 느낄 수도 있으나 적당한 간의 수준이라 생각한다.면은 물냉과 마친가지의 기분이라 살짝 물린다.맛이 나쁜건 아니지만 약간의 정성이 부족한 느낌?이 살짝 들었고~ 나름 인기가 있어서 합석을 하거나 정신없이 빨리 먹어야 하는 느낌이 드는 점도 아쉬웠고~ 빈대떡을 먹고는 싶었으나...주방이 아닌 입구쪽 계단에서 만드는 모습을 보고;; 좀 아닌듯해서 패스~가벼운 마음으로 평냉 먹기에는 무난한듯.",괜찮다
405,진주집,몸짱그녀,근처에서 체육대회로 실탄사격 하고 찾은 남대문 맛집???? 밥+술 다 먹고 나니 어르신들이 미친듯이 줄서 계셨는데가격 생각하면 맛있는집은 아님용산에 있는 ㅇ씨양반 다녀가서 유명해진건가? 알수없다 대체 왜 줄서는지나같으면 차라리 돼지 수육 먹을래비싸기만 하고 안촉촉했던 육질…신논현에 혜장국 가세요,별로
406,진주집,마랑,도가니탕 먹을거라고 벼르고 갔건만배가 안꺼져서 설렁탕으로 우회...특별하지도 빠지지도 않는 보통의 맛한끼하기 좋았더라!,괜찮다
407,진주집,흔한 공대생,"사주신다면 감사히 먹겠습니다.꼬리찜(70,000원)을 먹었어요. 진짜 고오급 레스토랑에서 스테이크 먹는 것도 아니고 탕 하나에 7만원이라는 게 상식적으로 이해가 가지 않는다고 생각해요. 하지만 사주신다면 감사히 먹을 수 있죠.국물은 생각보다 맑다고 느껴졌어요. 엄청 푹 고아서 돈코츠라멘같이 되게 진한 고기 국물을 생각했는데 그런 건 아니더라구요. 대신 깊이는 좀 있는 거 같아요. 그리고 고추때문인지 약간 칼칼한 맛이 있어요. 처음 먹을 땐 그냥 그랬는데 먹다보면 계속 먹게 되는 그런 게 있긴 해요. 술을 좋아하는 편은 아니라 잘 모르겠지만 술 먹기 좋은 안주인 거 같다고 생각해요. 아무튼 사주신다면 감사히!!#냠냠",괜찮다
408,진주집,고독하지 않은 미식가,꼬리찜 꼬리곰탕 최고의 노포!!!,맛있다
409,진주집,Luscious.K,"#남대문 #남창동 #진주집""70년 역사의 꼬리 명인의 노포. 하지만....""1. 진주집으로 유명한 식당은 여의도에 있는 <콩국수>로 유명한 진주집이 가장 유명하다. 아마도 그 다음으로 유명한 진주집이 바로 여기 남대문의 진주집일 것 같다.70년 역사의 24시간 오픈하는 식당인데, 식사 때가 되면 언제나 손님으로 북적이는 곳이다.2. 위치가 남대문 시장통에 있어서 찾기가 쉽지는 않은데, 그 골목에 꼬리로 유명한 곳이 두 군데가 있다고 한다. 이집이 가장 유명한데 가격이 시장에 있는 집에 비하면 조금 과하게 비싼 편이기는 하다.이번 방문에 주문한 꼬리찜이 7만원인 것만 봐도 조금 비싼 느낌이 있는 것은 사실인데, 맛을 보면 이해가 가는 가격이기도 하다.3. 커다란 뚝배기에 진득하 국물과 함께 나온 꼬리찜은 보약같은 국물의 색을 띄고 있다. 푹 고아낸 꼬리국물에 여러가지 향채를 넣고 다시 한 번 끓여낸 국물은 정말 진국이다. 적당한 콜라게 끈적임과 진득하게 우러난 국물이 위를 편안하게 감싸준다.이 정도 국물이라면 70년 내공에 고개가 끄떡여지는 맛이다. 사실 이집 꼬리찜의 완성은 부추마늘소스일 것이다. 양념간장에 부추와 생마늘을 오려주는 소스인데, 꼬기고기를 찍어 먹으면 살짝 느끼할 수 있는 꼬리를 천상의 맛으로 바꿔주는 매력적인 소스다.4. 여기서 끝내면 7만원의 가치가 없다. 여기에 <소면>을 반드시 추가해 먹자. 부족한 탄수화물을 채울 수 있기도 하지만 진득한 국물과 어우러지는 부드러운 소면의 맛은 취객의 마음을 사로잡는 훌륭한 마무리다.5. 대신 이집은 김치가 아쉽다. 맛이 없는 것이 아니라 보관이 잘못됐다. 비주얼과 맛은 나쁘지 않은데, 발효 시 김치가 공기중에 많이 노출될 경우 나는 군내가 좀 심하다. 깍뚜기와 배추김치 둘 다 군내가 났던 거 보면 이집 김치 발효 방법이나 장소를 바꿔야할 필요가 있다.설렁탕, 곰탕을 하는 집에서 김치가 문제가 있다느 것은 50%는 잘못됐다는 의미와 같다. 단순히 내가 먹은 통의 김치만 그렇다면 괜찮겠지만 항상 그 정도 보관 수준의 김치라면 하루 빨리 개선이 필요하다.김치만 아니였으면 맛있다로 평가할 텐데... 좀 아쉬움이 남는다.",괜찮다
410,진주집,혜띠,"일단 일하시는분 한분이 좀 불친절해서 기분이 좀 상했구요. 내장곰탕은 만원인데, 맛은 괜찮았어요. 선지해장국은 정말 평범한 우거지해장국 맛 같아서 별로. 그리고 기본적인 평이 안좋은점은 공기밥을 무슨 반만 주는거에요.. 리필되는지는 모르지만 말도 안해주고 어디에도 적혀있진 않더라구요. 불친절해서 딱히 밥 리필되는지 물어보고싶지도 않아서 그냥 나왔어요. 일하시는분들이 다 불친절은 아니긴했지만 한분때문에 가게 전반적인 이미지가 불친절로 남는 집이었습니다. 딱히 맛있지도 않고 다신 가고싶진 않아요",별로
411,진주집,플렉서,오늘 2차방문 만족스러웠다 꼬리곰탕 22 000내장곰탕   9 000꼬리곰탕은 가격대비 고기양이 좀 적은게 흠이지만국물담백하고 속편하게 해주는 맛이였다 좋았음내장곰탕은 양이 주로 나오는데 설렁탕과 국물베이스는 같으나 양이 부드럽고 더 좋았던듯내장곰탕 강추,맛있다
412,진주집,플렉서,남대문 갈치골목 끝에있다 70년전통이란다남대문시장치곤 내부가 잘정돈되있다 사장님스타일?작은2층도있다 1층 14테이블,괜찮다
413,진주집,예쁜천재,돈 아깝다,별로
414,진주집,이주현,개업한지 70년이나 됐다는 꼬리찜&탕 가게다. 확실히 군대 꼬리곰탕과는 비교할 수 없는 묵직함과 느끼함을 맛볼 수 있었다. 문제는 가격도 상당히 묵직해서 재방문은 힘들겠다.,괜찮다
415,진주집,장희,맛이없는건 아닌데 상대적인 가격 만족도면에서는 글쎄.. 꼬리곰탕보다 2천원 더 비싼 꼬리토막 2.3만. 꼬리양 더 많은 꼬리곰탕이라고 들었다. 고기푸짐한건 좋은데 발라먹자니 손에 힘이많이들어간다.24시간은 큰 장점이지만 낮시간대면 근처에 애성회관을 갈듯. 고기맛도 거기가 더 낫고 가격도 싸니까.,괜찮다
416,진주집,맛집찾아삼만리,"맛집이네요. 남대문시장 갈치골목에 있어요. 네이뇬 지도가 정확치 않으니 잘 찾아가야 해요. 가격은 좀 쎄요. 통상 꼬리토막을 먹는데 23,000원 꼬리곰탕 20,000원 도가니탕 17,000원이에요.",맛있다
417,진주집,James,아직 이곳의 사진이 없다는게 놀라울 정도로 유명하고 맛있는집!기운없고 힘내고 싶을때마다 찾는 집!기름은 수시로 걸러내시고 한참을 푹 끓여서 내어 주시는데 담백한 국물과 꼬리토막을 부추마늘장에 찍어서 먹으면 최고의 조합! 강추!,맛있다
418,진주집,zepie,조미료가 덜('안'이라고 확신할수가 없으니)들어간 깔끔한 국물에 푹 삶아 부드러운 꼬리까지. 2천원 더주고 꼬리토막을 시키면 고기가 더 많이 나온다. 꿀팁.,맛있다
419,진주집,룡,가격이 좀 비쌈....먹을만하고 친절하심...,괜찮다
420,오징어풍경,왕앵무,엥 리뷰가 벌써 8개째네 방어가 물이 조금 더 올랐는데 아직도 미친듯이 기름진 맛은 아님. 가라아게는 그냥저냥 괜찮다. 일식 가라아게라기보다는 소스도 그렇고 중식 같은 느낌이다.,괜찮다
421,오징어풍경,왕앵무,아직 방어가 살이 덜 올랐다. 조금 더 살 오르면 묵은지랑 같이 내어주신다고 하니 그 때 재방문 소망! 오징어마늘칩은 완전 술안주다 중독성 미쳐버림,괜찮다
422,오징어풍경,왕앵무,오징어회가 짱이라는 걸 알면서도 기분에 따라 다른 걸 시켜보고 싶어진다 결론은 오징어회 짱!!,괜찮다
423,오징어풍경,왕앵무,이 정도면 동네 단골집 아닌지~~ 단연 오징어회가 먹어본 메뉴 중 최고다!,괜찮다
424,오징어풍경,왕앵무,벌써 세 번째 방문오늘은 가리비구이와 갑오징어찜을 먹어보았다. 가리비찜에 치즈 추가를 해서 치즈를 얹어먹었는데 마치 맛있는 녀석들이 된 것 같았다.,괜찮다
425,오징어풍경,왕앵무,여긴 오징어회가 제일 맛있는 것 같다. 튀김까지 하나 시키면 완벽,괜찮다
426,오징어풍경,왕앵무,여긴 오징어 관련 메뉴들이 다 맛있는 듯 오징어회 너무 싱싱하고 좋았다. 그런데 여기서만 먹으면 왜 이렇게 해물라면이 먹고 싶은지 모르겠다,괜찮다
427,오징어풍경,왕앵무,떡볶이 찍어먹고 싶은 튀김과 비린내 안 나게 잘 삶은 가리비 최고 또 오고 싶다,괜찮다
428,오징어풍경,먹방꼬북,매콤한 오징어불고기!! 폭신폭신 계란찜 짱맛이다튀김은쏘쏘다 오불을 먹읍시다,괜찮다
429,오징어풍경,뿌꾸빵,인생 오징어튀김,맛있다
430,오징어풍경,먹방꼬북,"매콤한 오징어불고기! 오징어불고기9000원, 돼지불고기8000원으로 2명이서 하나하나 시켜서 섞어먹었다. 양도 많고 매콤한 양념이 맛있었다. 같이 나오는 콩나물도 잘어울렸다. 요즘 점심도 가격이 꽤 비싼데 여기는 가성비가 아주 좋은것 같다! 그리고 가게가 넓고 깨끗해서 점심시간에도 많이 기다리지 않고 들어갈 수 있어서 좋았다.",맛있다
431,오징어풍경,YSL,"점심시간 회전율이 빠른 점이 좋았고, 가성비 나쁘지 않았음ㅋ 돼지불고기랑 오징어불고기 반반 시키는게 젤 맛있음. 매콤하면서도 양념맛이 달달한? 여튼 밥이랑 같이 먹으니 밥이 순식간에 사라짐. 옆테이블 일행이 새우튀김 시켰던데 새우가 큼지막한 왕새우튀김었어서 맛있을듯 ㅠ 오징어불고기 돼지불고기 점심특선으로 각 8천원, 왕새우튀김은 4피스 9천원",괜찮다
432,오징어풍경,고바마,오징어와 닭발의 만남!깔끔하고 오징어 안주들이 맛있는 곳오징어와 돼지 불고기의 궁합은 최고!,괜찮다
433,오징어풍경,영구빵,양 대비 조금 비싼듯 뭐 광화문 근처가 다 그렇지... 맛도 그냥 무난무난,괜찮다
434,오징어풍경,사랑해요~슈퍼파워,대치동이 본점인가봐요~ 테이스티로드에 나왔네요~시청주변에  신규 가게가 오픈하여 방문해봅니다~오징어 볶음 불향이나면서 맵고 맛있어요~불고기는 간장불고기여서 오징어가 맵다면 하나 하나 섞으세요~ 중화된다고 해야할지 ..고기까지 매워졌다고 할지 ㅋㅋㅋ 암튼 맛있어요~~오징어튀김도 실하고 괜찮아요~순대 몇개도 같이 튀겨나오는데요 ㅎㅎㅎ낮술환영이라고 써있는데 술땡기는 맛이긴해요~점심에 줄서서 먹는곳이라 시간조절해야할듯요12시30분에 갔는데도 대기가....,맛있다
435,전주유할머니비빔밥,기미상궁,나름 숨겨진 맛집을 찾아보겠노라 굳이 본 집이온데소인의 그런 노력이 무색하게도 소인이 느낀바로 장점이 없는 집이옵니다. 뭔들 고추장넣고 비벼먹으면 맛있거늘.. 이 집은 점심 주력 메뉴로 콩나물국밥과 비빔밥을 팔고 있사옵니다. 소인은 무려 가게 이름에 비빔밥이 떡하니 들어있으니 당연히 비빔밥을 시켰사옵고 다음엔 콩나물 국밥까지 먹어봐야지 다짐을 했사오만 그런 생각은 이내 없어지고 말았사옵니다.뭐 국밥이 더 맛있네 고기를 더 많이 먹는 집이네 뭐 이럴 수 있지만 굳이? 라는 생각이 들었사옵니다. 콩나물국도 김치도 느낌이 없었사옵니다. 위치상 농민백암과 애성회관의 고작 몇십미터 사이에 위치한 집이온데 전혀 메리트가 없는 집이옵니다.,별로
436,전주유할머니비빔밥,이경,해장이 필요해서 콩나물해장국 먹었지만 담엔 비빔밥 꼭 먹어야지,맛있다
437,전주유할머니비빔밥,Sugar & Thin,겨울한정메뉴굴콩나물국밥예술이다~,맛있다
438,전주유할머니비빔밥,Sugar & Thin,"상호명은 비빔밥이나 이 집은 콩나물 국밥과 삼겹살, 항정살로 더 유명한 집.실제 비빔밥 먹는 사람보다 점심시간에는 해장하기 위해 콩나물 국밥, 저녁에는 고기 먹고 후식으로 3명당 콩나물국밥 1개 시켜서 나눠 먹는 사람이 많다.저녁에 3명이서 방문했다.고기는 2종류를 판매한다. 1. 갈비삼겹살 : 물어보니 삽겹살을 갈비처럼 돌돌말아서 주기 때문에 저렇게 칭한다고 한다. 고기를 커팅한 방식도 특이함.2. 천겹살 : 삼겹 오겹은 많이 봐도 천겹은 처음인데, 알고보면 항정살. 3. 고기 질 : 이 집은 장사도 잘되고, 고기냉장고도 여사장님이 직접 관리하는 지 고기 질이 정말 좋다.반찬도 수준급이고, 고기도 직원분들이 다 잘라주는 것도 장점. 물론 바쁘면 안 잘라줌.처음에 주는 콩나물국도 시원함.쌈채소 매우 신선함.세명이서 가면 갈비삼겹살 2인분에 항정살 1인분 시키고, 나중에 보통 항정살 1인분 더 먹는 구조임.고기 먹고 세명이서 콩나물국밥 1개로 나눠먹으면 매우 좋다.멀리서 찾아오실 필요는 없고, 위치가 서울시청역 북창동 이므로 근처 직장인들 회식메뉴로 고기먹고 싶으시면 가셔요. 그리고 간판에 유할머니는 한번도 못뵈었다. 물려주신걸까..",맛있다
439,남해식당,쑤깅,"진짜..여기는나의인생칼국수집!!!거의8년째항상1위임ㅋㅋㅋ예전에는 비빔밥도 조금씩 주셨었당현재의 구성은 칼국수, 수제비 메인을시키면 맛보기냉면만 나오는뎅그냥 다 맛있당ㅜㅜ냉면은 큰 기대없이 그냥 서비스라고생각하면된당멸치육수를 좋아하는뎅, 여기는 진짜진하고 비린맛을 싹 잡으시고!울퉁불퉁 쫄깃한 칼국수면발 너무맛있당ㅠ아! 예전에 된장국도 주셨었다그것 또한 진짜 맛있당ㅠ내가 항상 칼국수 먹고싶다고 하면제일 먼저 떠오르는 곳!6.000원때부터 다녔던 남해식당 칼국수세자매분들이 오래도록 해주시길!!늘 칼국수만 시켰었는데, 수제비 또한너무 맛있다... 밀가루 냄새도 안나고,피도 얇고! 달인 인정!!!",맛있다
440,남해식당,❤️거네❤️,수제비가 땡겨서 남대문 칼국수골목에 있는 남해시장을 방문했습니다. 밀폐된 공간에 사람이 정말 정말 많고 지하철처럼 다닥다닥 붙어서 먹어야 하기 때문에 한여름에는 먹기 힘들 것 같은 분위기였어요. 점심에는 냄비를 따로 쓸수가 없어서 수제비는 안된다고 하셨는데 저희가 웨이팅을 해서 한번만 해주시는 거라구 하셨습니다. 사장님 카리스마가 엄청 있으셔요. 다음엔 칼국수를 먹어보려구요!주문하면 바로 반죽 썰어서 만들어주시고 국물이 정말 끝내줘요! 수제비 피도 쫄깃하고 정말 맛있는데 위생은 정말 저세상 위생.. 이런거 예민하시면 못 드실 것 같아요. 칼국수나 수제비를 시키면 비빔 냉면을 서비스로 주시는데 고깃집 서비스 냉면같이 달달한 맛이예요! 달걀까지 반개 올려주셔서 가성비 최고는 맞는 것 같아요. 찰밥 포함된 메뉴 시키면 포장도 해주셔서 어르신들이 엄청 많았습니다.다만 기다릴 수 있는 자리가 따로 없어서 빨리 먹어야 될 것 같이 눈치가 보이는 점이 좀 힘들었는데 더 더워지기 전에 재방문 의사 있습니다! 카드는 안되고 현금 결제나 계좌 이체만 가능해요. 근데 계산할때도 고무장갑 그대로 현금 만지셔서 흑흑.. #항상함께해,맛있다
441,남해식당,볶음밥,"남대문에는 칼국수로 유명한 곳이1. 칼국수 골목2. 한순자 손칼국수칼국수 골목은 여러칼국숫집이 하나의 길에 나열돼 있고 한순자칼국수는 조그만 가게 하나이다칼국수 골목의 가게는 여러개지만 거의 맛과 메뉴구성이 일치... 한순자칼국수는 좀 다르지만 역시 저렴한 가격에 보리밥과 냉면을 같이 내주는 푸짐함은 공통점사실 젊은층에게는 이 두 곳이 굉장히 안맞을 수 있다 사람은 많고 공간은 비좁아서 엄청나게 다닥다닥 붙어서 불편하고 비위생적으로 식사해야 한다 합석은 당연한건데 모르는 사람과 내 애인보다 더 가깝게 앉아 식사해야 함 요즘같은 코로나 시국엔 정말 꿈도 못꿀집다만 저렴한 가격에 보리밥(or찹쌀밥)+미니냉면+미니칼국수를 한번에 즐길 수 있는 가성비가 최고 장점이다 된장샐러드와 김치, 김, 우거지국도 같이 내어준다 저렴하다고 기성품을 쓰는 것도 아니고 멸치육수와 칼국수 반죽을 직접한다",맛있다
442,남해식당,찻집고냉이,"칼국수, 보리밥, 냉면. (1인분 6000) 솔직히 맛은 다 그냥 그런데, 나름 신경은 쓰신티가 난다. 칼국수는 직접 반죽해서 만든 손칼국수고, 냉면은 달걀까지 알차게 올라와있음. 좀 으르신 입맛 스타일임. 어머니가 어렸을적에 먹던 맛이라고 하셨다. 근데 생활의 달인..? 에 나올 급인지는 모르겠다 인심넘치고 푸짐해서 한번쯤은 가볼만하긴하다.",괜찮다
443,남해식당,볶음밥,남대문 칼국수 골목에 위치한 칼국숫집이 골목에선 이곳과 거제식당이 제일 유명한 듯칼국수를 먹으면 냉면이 한그릇 추가냉면을 먹으면 칼국수가 한그릇 추가보리밥이나 찰밥을 먹으면 맛보기냉면과 맛보기칼국수가 공짜저렴하다고 해도 칼국수는 멸치육수 직접 우리고 냉면도 공산품 냉면이지만 달걀도 반쪽 올라가고 아주 맛있다,맛있다
444,부추밭,예랑,"한줄평: 7000원에 부추와 된장찌개를 즐길수 있는 직장인 점심 스팟최근 화목금마다 을지로입구에서 신세를 지고 있는터라, 코로나19 유행에도 마스크를 쓰고 코로나를 뚫고 갔다지. 점심은 먹어야 하지만 조심은 해야하고. 나눠먹는 음식은 지양해야 하다보니 찾은 곳 중 하나가 여기 부추밭이다.⠀1980년 북창동 먹자골목에 문을 열었던 이곳은 위치는 조금 옮겨 현재의 센터플레이스 2층으로 옮겼지만, 40년째 부추비빔밥과 해물된장국을 선보이고 있다. 점심에 이 둘을 7000원이라는 혜자로운 가격에 파는지라 직장인 점심에 딱이다.⠀계란 후라이 올라간 밥에 부추 콩나물 무채를 적정량 넣고 고추장 뿌려 찹찹 비비면 완성. 신선하면서도 아삭아삭 씹히는 부추가 매력적이다. 같이 나온 해물된장국은 버섯과 모시조개 새우 한마리가 들어있는데, 추운 날씨에 딱 좋다. 양은 비록 많지 않지만, 가성비 좋은 편이다.⠀계란말이 추가해서 먹었더니, 양이 적당하니 좋다. 계란말이는 예쁘게 계란 말아보려다 실패한 느낌ㅋㅋㅋㅋ 그치만 위에 양배추랑 부추 잔뜩 올라가서 이또한 맛있음.",맛있다
445,부추밭,먹방꼬북,부추비빔밥+해물된장 7천원건강한 집밥 느낌! 특히 해물된장이 정말 맛있었다,맛있다
446,부추밭,휘영청,소박하면서 말그대로 재료에 부추밭입니다 ㅋㅋ 점심으로 부추비빔밥에 해물된장 + 계란말이 조아옹 ㅋㅋ 부추전이나 김치전도 추천,맛있다
447,효자손왕만두,쑤깅,"찐찐찐~~찐으로 좋아하는 곳!여기는 무조건 그 자리에서 먹어야 함!튀김만두 갓 나온거 너무 중독성이 강해서오로지 이거 먹으려고 인천에서 서울까지2번이나 갔당ㅎㅎ아이들 먹이려고 포장 한 거 집에와서에프굽 한 거(3번사진)사실,도너츠류는 별루다~만두만 먹는걸로ㅎㅎ작년에 포장해서 데피지 않고 그냥 먹었을 때그냥저냥 했었는데.. 그 자리에서 튀김만두나먹어보자 했는데! 잡채만두를 이기는 맛!!이었다... 주말만 되면 여기 만두가 생각나서 괴롭ㅋ피가 적당히 도톰한데 쫄깃~ 기름과육즙이 한데뭉친맛인데ㅋㅋ 단무지로 눌러 줌ㅋ서서 먹는 불편함을 감수하는 맛ㅋ김치맛두도 먹어보니 만두피가 약간 술빵재질의 향!이거 먹으러 가서 주차전쟁에 신랑과 안 좋았는데진짜 왕창 사올까 하다가 말았는데~ 또 가고픔ㅜㅜ",맛있다
448,효자손왕만두,문용석,"""남대문의 문이 열려서부터 닫힐때까지 끊임없이 줄을 서는 남대문 길거리 만두 명물이다""길을 지나가다보면 만두 쪄지는 냄새에 발길을 저절로 멈추게 하는 곳이다.  사람이 많은 남대문 안경골목 한 복판에 위치해있기 때문에 결코 지나치기가 쉽지 않다.찐만두가 크고 맛있는 편이고, 호빵류도 괜찮다.  딱 시장의 느낌인데, 여기는 대기업 시장 느낌.",맛있다
449,효자손왕만두,ㄱ.준오헤어 명동 4호점 이지우,인생최고 수준의 군만두 입니다! 정확하게는 튀긴만두에 가깝네요! 찐만두 역시 기본이상!,맛있다
450,효자손왕만두,헤더유으,남대문시장의 유명한 만두집 효자손왕만두~ 고기만두를 먹었어요. 만두피도 적절하고 안에 속도 실해요! 냉장보관해뒀다가 먹어도 맛있었어요. 남대문시장 구경 다니는데 곳곳에서 아주머니들이 드시고 계시더라구요 ㅋㅋ 한번 먹어보기 괜찮아요~,맛있다
451,명동칼국수,자덕식객 (自德食客),"난 비가 내리는 날이면 생각나는 메뉴가 있는데 바로 칼국수 이다. 칼국수 하면 종로할머니칼국수나 찬양집에 가서 한그릇 후루룩 뚝딱 해야하나 비기 많이 오는 관계로 사무실 근처 칼국수집으로 가기로 했다. 동화면세점 뒤편에 위치한 명동칼국수이다. 항상 직장인들로 길게 줄서있는데 회전율이 상당히 빨라 대기시간은 10분에서 15분 안쪽이다. 차례가 되어 칼국수와 왕만두를 주문하였다. 자리 배정받기 전에 선결제를 하는 시스템이다. 회전율이 빠른 식당의 특징 중 하나는 음식이 상시 대기 중이다. 그래서인지 자리에 앉자마자 왕만두가 바로 나왔다. 만두는 평양식 만두이며 만두피는 얇고 고기와 두부로 빚은 소가 가득 들어가 있어 편하게 두번에 나눠 먹을수 있었다. 이어서 바로 칼국수가 나왔다. 국물부터 글이키니 고기육수 베이스인듯 하나 깊이가 있지는 않았다. 고명으로 올린 다진고기와 부추 그리고 볶은 야채는 그렇게 큰 존재감을 주진 못했다. 물론 명동교자 처럼 과해서도 않되지만 비주얼적으로나 맛으로도 조금은 더 고명을 풍부하고 간을 더한 맛으로 하였으면 하는 아쉬움이 있었다.국수 면발은 손으로 빚은 굵은 면이 아닌 기계로 뽑은 국수를 사용했다. 살짝 가는 면을 사용해서인지 후루룩 넘기기에 좋았다.칼국수와 함께 나온 공기밥을 일부 남은 국물에 말아 먹으면  한끼를 제대로 마무리할수 있었던것 같았다. 그래도 마지막 국물까지 들이킨것을 보면 종합적으로 맛은 있었던것 같다. 명동칼국수 서울 중구 세종대로21길 48☎️ 02-737-3034⏰️ 월~금 11:00-20:00, 토,일 11:00-19:30 칼국수 8,000원      왕만두 8,000원 #명동칼국수 #광화문맛집 #왕만두 #대기기본 #자덕식객",괜찮다
452,명동칼국수,melody623,"검증된 맛집 명동칼국수입니다. 주변 직장인들이 점심시간에 많이 찾아서 붐비는 편이지만 그만큼 주문후 음식이 빨리 나왔습니다. 진한 육수에 칼국수도 맛있는 식당이지만 이날은 만두국을 주문했습니다.쫄깃한 떡이 듬뿍 들어가 있었고 큼직한 만두도 5개정도 들어가 있어서 한그릇 먹으면 배가 빵빵해집니다. 만두는 야채가 많이 들어가서 슴슴하니 맛있었고 달걀지단, 김가루, 파도 많이 있어서 좋았습니다.",괜찮다
453,명동칼국수, LJ,"#지금까지 먹어본 칼국수 중에 제일 맛없었던 곳     평가: 2.2/5.0조미료 맛이 너무 심해서 몇 젓가락 먹으면 입에 물리는 곳.간도 너무 짜디짜서 칼국수 먹는 내내 물을 들이키게 된다.손님한테 내놓기 전에 국물 간은 맞는지 확인은 하는지 모르겠다. 국물은 끔찍하지만, 그래도 면발은 쫄깃해서 좀 나았다.  #위생: 물컵에서 잡내난다.#분위기: 왁자지껄하고 사람이 많아 정신없다.#서비스: 그나마 서비스는 친절.평가: 2번 방문 했지만 2번 모두 극도로 실망 한 곳. 앞으로 다시 갈일 없을 듯하다.",별로
454,명동칼국수,YSL,개인적으로 진주집보다 콩국수 훨씬 맛있음. 여기도 물론 한 여름 점심시간에는 줄이 꽤 있지만 회전율 빠르다. 콩국수 국물이 진주집에 비해 조금 덜 걸쭉하지만 면발은 쫄깃하고 콩국물이 그만큼 고소함. 가격은 9천원.,맛있다
455,명동칼국수,YSL,서울에서 제일 맛있다고 써져있는데 서울에 있는 칼국수를 다 먹어보진 않아서 제일인지는 모르겠지만 맛있었음. 그리고 칼국수집에선 김치맛이 중요한데 김치도 괜찮았음. 여기가면 만두도 꼭 같이 시켜야 한대서 시켜먹었는데 만두가 맛있음!! 식사시간에 줄이 길지만 회전율이 매우 빠름.,맛있다
456,정원순두부,르웬,"찐한 국물에 솥밥까지!!이 근방 찌개 맛집중에서 탑5안에 항상 손꼽히는 정원순두부!웨이팅이 길다해서 11:40쯤 도착했는데 거의 마지막으로 들어갈 수 있었다. (예스!!)앉기도 전에 반찬이 셋팅되어있고 주문을 물어보시는 이모님들 덕분에 더 정신없었지만ㅎㅎ 인기있는 가게라 이해하고 일반순두부와 소고기순두부를 주문했다. 반찬은 깻잎지와 열무김치가 다였지만 둘 다 맛있었고,순두부는 여태 먹었던 순둥순둥한 순두부찌개와는 차원이 다른 깊고 찐한 맛의 국물로 되어있어 찐한육수덕후인 내 기준으로는 무척 좋았다!!솥밥에 찐한 국물 비벼먹으니 비빔밥은 따로 주지않으셔도 괜찮을것같았다. 서비스로 겨울에는 구운달걀을 주시고 여름에는 계산하고 나가는길에 아이스크림(아이스께끼!)를 주신다고해서 디저트까지 완벽한 맛집이었다!!",맛있다
457,정원순두부,EJ,순두부찌개가 삼삼-한 편. 보기에 빨간거치고 자극적이지않고 편안한 느낌으로 점심 가능. 굴순두부에 굴이 실했다.솥밥마니아는 쇠솥밥이 나오니 일단 만족.밥과 찌개를 비벼먹을 수 있도록 비빔밥대접과 비빔야채가 나오는게 특징적.,괜찮다
458,정원순두부,지키,진한 굴과 부드러운 순두부가 어우러져 정말 맛있습니다.,맛있다
459,정원순두부,*,#굴순두부순두부찌개가 먹고싶은데 아는 집이라고는 여기밖에 없어서 재방문했음! 돌솥밥과 함께나와 푸짐한 한끼가 될 수는 있는데 내가 원하는 순두부찌개 맛과는 좀 다르다. 뭐라고 말로 설명할 수 없겠으나 그냥 기대와 좀 다르다...ㅋㅋㅋ 다음에는 그냥 좀 더 멀더라도 북창동순두부를 찾아가야겠다.,별로
460,정원순두부,*,#김치순두부김치찌개와 순두부찌개가 딱 반반 섞인 맛~ 시청 근처에서 든든한 밥한끼 하고 싶을때 찾으면 좋을 점심장소. 다만 사람도많고 분주해서 너무 정신없는게 흠... 3인인데 2인테이블에 낑겨서 불편하게 식사함... 사람없는 시간에는 방문할만한데 혼잡한 점심시간에 굳이 가고싶진 않음,괜찮다
461,정원순두부,Sugar & Thin,"월 2회씩 1년에 24번 가는 집. 물론 타의로..쩌리 직장인인 나에게 메뉴 선택권이 없다..군대도 아닌데 참 나..강제로 끌려가지 않고 가면 맛있는 집뚝배기에 약간 꼬들밥 스타일로 밥이 나오고비빔그릇이 나오고순두부가 나옴생계란은 돈 주고 추가보통 계란말이도 시킨다순두부 종류는 그냥 순두부김치 순두부(그냥 +돼지)소고기 순두부굴순두부 다 먹어봣는데 된장찌개도 있지만 획일성을 좋아하는 우리나라 아재 직장인들은 저런거 시켜서 튀면 싫어하니, 아직 못먹어봄저녁에는 족발도 팜 평타1년에 6번 정도 먹으면 맛있다. 난 이미 물려서..",괜찮다
462,남대문생숯불갈비,달팽이,점심에 고기구었죠 ^^  라면 꼭 드셔야해요!,맛있다
463,남대문생숯불갈비,란난,"여기는 고깃집이지만 해물된장찌게 맛집입니다. 자렴한가격에 새우,개,홍합이 들어가 시원하면서 끝맛에 행긋한 냉이의 행을 느낄수있은 된장찌게예여!!저는 냉이를 별로 안좋아하지만 은은하게 끝맛을 잡아주는 맛이여서 안좋아시는분도 추천드립니다. 여기에 라면사리와 같이 먹을 야채비빔밥을 주셔서 양은 품지하게 먹을수 있어요. 참고로 갈비도 직접 재우시는 것 같아요 부드러워서 맛있어요 하지만 된장찌게만큼은 아니예욤",맛있다
464,남대문생숯불갈비,승걍,요즘 날씨에 딱 가기 좋은 장소입니다!퇴근 시간 이후에 바로 갔는데도 손님들이 엄청 많더라구요! 돼지갈비 먹었는데 적당히 달달하고 맛있었습니다.직원분들도 친절하게 빠르게 대응해주셔서 만족합니당!!!,맛있다
465,남대문생숯불갈비,플렉서,20년에서30년된 식당이다 남대문 롯데손보건물 바로뒷편 남대문시장자락에 자리잡고있어 다소 찾기가 어려울수있다 둥근 양철판에 회로구이 옛날 둥근 불판 내부는 다소 협소하나 환하고 술맛나는 분위기고기 야채 반찬 어느것하나 신선하지않은게 없고 깔끔하게 내온다 무엇보다 서비스와 맛이 수준급인데 아주머니 너덧분이 사소한 고객요구부터 큰 니즈까지 순식간에 처리해주신다 고기도 수시로 구워주시고 젓가락하나 떨어져도 순식간에 교체해주실정도로 서비스가 그만이다 맛은 어떤가? 찬 하나 음식하나 고객입맛을 무척신경쓴 티가 팍팍난다 소갈비살과 삼겹을 먹었는데 특별하다고 할순없으나 소쓰와 곁들이니 아주만족스러웠다 강추한다소갈비살 14  삼겹12 해물된장 7?8?라면사리 가능,맛있다
466,남대문생숯불갈비,SHP,"남대문시장에 뭘 먹으러 오는 일은 없지만.. 그래도 방문할 때마다 왠지 식사는 시장 내에서 해결하고 싶어 진다. 설탕 범벅 토스트나, 양념장 진하게 풀어 먹는 칼국수 같은 음식들이 감성을 자극하는 것 같다. 남대문 생숯불갈비도 약간 그런 음식이다.양념갈비라고 나온 고기는 대충 봐도 갈비가 아니다. 돼지 목살 부위를 양념에 재운 것 같다. 양념은 전형적인 단짠 갈비 양념이다. 사실 진짜 갈비가 나오길 바란 것도 아니고 이 정도면 만족한다.원래 돼지갈비라는 음식의 원형이 이랬다. 소갈비가 비싸니 대체재료들을 양념에 버무려서 굽기 시작했고, 이런 조리 방식을 갈비라 부르기 시작했다. 닭갈비도 그렇고 고갈비도 그렇다. 그래도 최근 들어서 생 돼지 갈빗살을 메뉴로 내는 집이 많아졌는데 이젠 어느 정도 구분이 필요하지 않을까 생각한다.고기가 두툼하고 양념이 잘 배어있어 반찬으로 먹기 좋다. 자주 당기는 음식은 아니지만 가끔 이런 달짝지근한 맛이 좋다.",괜찮다
467,남대문생숯불갈비,솔직하게 써보지,된장찌개라면이라니! 친구가 맛있다고 안 했으면 안 갔을 거 같아요. ㅎㅎ 해물된장찌개(7천원)에 라면사리 추가합니다! 함께 나오는 반찬들은 비빔밥 만들어먹으라고 참기름이랑 고추장도 함께 줘요.된장찌개에 라면사리 넣어먹을 생각을 왜 못했던 걸까요?!!! 만족스러운 식사였습니다.,맛있다
468,서울고깃집,이창현,여기 국내산 오겹살 맛있다. 가격도 준수하다. 일인분 200g. 김치찌개에는 삼겹살도 아주 많다.남대문에서 가성비 넘치는 오겹살 먹고 싶으면 여기로!,맛있다
469,서울고깃집,메론매롱,푸짐하고 엄청 맛있어요일주일에 한번 꼭 가요,맛있다
470,서울고깃집,메론매롱,가성비 좋아요돌솥밥 덕분에 숭늉 누룽지도 맛볼수 있어요진짜 맛있어요,맛있다
471,한국통닭,모진수,"가성비가 어마무시하다는 점에서 일단 합격인데 맛도 무지막지하게 좋았다. 여러명에서 치킨 회식이 있는 날이면 옛난 통닭이야말로 훌륭한 선택지인 것 같다!!마지막 사진은 닭똥집이었는데 이 또한 훌륭하다. 하루 빨리, 마스크 벗는 시대가 돌아와서 다같이 치맥하고 싶다 ㅠㅠ",맛있다
472,한국통닭,마이부엉,한국통닭이라는 이름보다는 1인 1닭으로 불리는 남대문 치킨 맛집. 1마리 4천원이라는 엄청난 가성비!닭은 아주 작은 사이즈의 닭이라 보통 1마리를 생각하면 안 돼요~너무 적어서 여러마리 시킬까도 싶지만 맥주랑 1마리 딱입니다. 닭똥집 튀김과 못난이감자는 기대보다는 그냥 그랬지만 소박한 맥주 안주~ 무와 양념은 무료가 아니지만 500원이니 쿨하게 주문 했구요.매력있는 이곳에 푹 빠졌네요^^,맛있다
473,보돌미역,고바마,"서울역앞 서울스퀘어 지하1층에 있는미역국 전문점입니다.담백한 맛의 가자미 미역국,시원한 맛의 조개 미역국,깊은 맛의 소고기 미역국이 있고여기에 각각의 미역국에 전복이 추가되는 활전복 미역국도 있습니다.자극적이지 않은 미역국이 먹을수록 당기며, 조개육수라해장하기에도 좋을 듯함니다.안주 단품 메뉴들도 있습니다.전복장은 너무 짜지 않고 맛있었습니다",맛있다
474,호남식당,맛집에 환장한 놈,"▶ 맛녀석에 나온 매운 갈치조림과 먹을게 없던 오래된 갈치구이#갈치구이 😟조림이 나오기 전에 기본 찬으로 밑반찬과 갈치구이가 나온다.갈치구이는 넉넉하게 주시는데 만들어둔지 꽤 되었는지 거의 식은 상태에 눅눅하면서 딱딱하고 먹을게 별로 없어서 한 조각 먹고 손이 가지 않았다.생각 한켠으론 이런식으로 나오는 구이라면 여러 식탁을 올랐다가 내려오지 않았을까 걱정되는 마음이 들기도 하였다.#갈치조림 🥵일단 양념을 첫 입 먹는순간 맵다는 생각이 들었다.2인분 기준으로 갈치는 4조각 들어 있고 맛은 매운맛이 강한 평범한 갈치조림이었다.다만 매운걸 즐기는 사람이라면 모를까 맵다고 설명을 해주지 않으니 아무것도 모르고 먹으로 온 맵찔이들은 먹기 힘들정도였다.더군다나 갈치조림 본연의 맛을 즐기고 싶은 사람에게는 매운맛이 갈치조림의 맛을 감추어버려 실망할 수 있을 것 같다.#계란찜 😍갈치조림과 함께 내어지는 계란찜은 조금 밍밍한 맛이었지만 갈치조림의 졸여진 양념과 밥을 함께 섞어 먹으니 만족스러웠다.#김 😷테이블 한켠 구석에 자리잡은 김은 식사를 하고 다음 사람도 사용하게 통에 넣어져 있다. 코시국을 떠나서 위생이 강요되는 요즘 시대에 양념장도 아니고 김을 이런식으로 두는 것이 위생적으로 불편함을 느낄 사람이 충분히 있을 것 같다.#남대문갈치조림골목1988년 일부 갈치조림을 팔기 시작하다가 이것이 인기가 많아져 현재 인근 골목 구석구석 갈치조림을 판매하는 상권이 되었다. 음식의 구성은 대다수 갈치조림(2인)+갈치구이+계란찜으로 내어주시는 것 같으며, 다음번엔 갈치구이를 미리 만들어 눅눅하고 딱딱해진 상태가 아니고 갈치조림도 맵지 않은 적당한 맛 정도로 찾아볼까싶다.먹은 메뉴 🥘#갈치조림 : 10,000원 (1인 기준 가격 / 2인 이상 주문 가능)",별로
475,호남식당,코랄,"예전에 제주도에서 먹었던 갈치가 계속 생각나서 대신 들른 남대문 갈치조림 골목. 원래 가려고 했던 곳은 망플에서 평이 좋은 중앙갈치식당이었는데 문이 닫혀 있어서 근처에 사람이 많아 보이는 이곳을 찾아 들어갔다.어쩌면 당연히 여기서 제주 갈치의 맛을 찾았던 건 나의 잘못이었는지도 모른다. 하지만 그래도 기대와는 너무 달랐다ㅠ9천원에 갈치조림, 갈치 튀김, 계란찜, 반찬이 나오는 건 구성이 너무 좋았지만 거의 손대지 않고 나왔다.갈치조림과 갈치 튀김이 뭔가 살이 촉촉하지 않고 다 말라비틀어져 있었다ㅠㅠ그리고 미리 그릇에 담아놨다가 내어준 나물 반찬은 다 쉬어 있었다ㅠ참고로 1층이 꽉 찬 것처럼 보여도 2층에 다락에서 먹으면 되는데 올라가는 길이 잘못 헛디디면 어디 하나는 부러질 것 같이 가팔랐다.",별로
476,호남식당,풀❤️,남대문시장 내 갈치골목에 위치한 호남식당! 1인분에 8000원으로 저렴하고~ 갈치구이에 계란찜까지 서비스로!일인분에 갈치 큰 두점씩이였지만 너무 빨리 흡입한 바람에다음에는 삼인분 시키기로! ㅎㅎㅎ,괜찮다
477,정든다락,EJ,뷰맛집이다. 다락이란 이름처럼 매우 작은 공간인데 정감있는 맛의 가정식을 주기때문에 점심시간에 주변 직장인들의 웨이팅이 있는 곳. 덕수궁 돌담길이 내려다보이는 곳으로 첫방문은 단풍철이었기에 창가에 앉아서 큰 감동을 받음.지금은 벚꽃철이니까 또 한번 가야겠다.곤드레밥을 기본으로 쭈꾸미볶음 또는 제육볶음을 주로 주문해 먹음. 개인적으로는 쭈꾸미가 더 매콤하고 깔끔해서 좋지만 동행이 있다면 골고루 시켜 나눠먹으면 좋다. 쭈꾸미를 되게 부들부들 조리를 잘하시는 느낌이다.여기 하이라이트는 곤드레밥인데 저어어엉말 고소~하고 곤드레향이 솔솔 나는게 밥만 먹어도 두그릇 가능일 느낌이다. 실제로 밥은 요청하시는대로 더 주시기때문에 남자분들은 밥을 두세번 받아먹기도 한다. 반찬도 정갈해서 집밥느낌으로 깔끔하게 먹을 수 있는 곳.,맛있다
478,정든다락,르웬,"정동길이 내려다 보이는 뷰맛집 정든 다락!곤드레밥과 제육볶음, 쭈꾸미볶음을 주력으로 하는 맛집이다. 공간이 많이 협소하여 점심엔 늘 웨이팅이 있지만 건강한 집밥의 매력이 있어 무척 좋아하는 식당이다!무나물, 깍두기, 김 등으로 구성된 밑반찬도 상당히 맛있다. 곤드레 밥을 시키면 시락국이 함께 나오는데 찐하지않아서 깔끔하게 먹기 좋다. 여러명이 갈때는 쭈꾸미, 제육을 각각 시켜 나눠먹는 것을 추천한다!가격은 곤드레밥과+ 볶음 세트로 1인분에 13,000원대!너무 점심시간 말고 사람 좀 없을때 창가에 앉아 정동길을 내려보며 먹는것을 추천!(근처 회사원일경우 정동길을 지나가며 썸타는 동료들을 우연히 보게될수도있으니 꿀잼예상ㅎㅎ 경험담인건 안비밀ㅎㅎ)",맛있다
479,올래분식,르웬,시청 주변 직장인 응급분식집 올래!시간에 쫓겨서 급하게 먹어야할때 한번쯤 들를수밖에 없는 비상용(?) 분식점이다. 분식점답게 떡볶이. 라볶이. 김밥(참치. 치즈. 야채). 어묵탕. 만두국. 쫄면. 비빔밥. 김치볶음밥. 제육볶음. 오징어볶음 등이 있고 특이한건 우거지갈비탕이나 황태국밥도 있어 김밥천국과 같이 다양한 메뉴가 있어 골라먹는 재미가 있다. 맛집용이 아닌 비상용 분식점인지라 맛은 평타이상하고 포장도 많이 해간다. 장소가 워낙 협소해서 요즘같은 코로나시국엔 포장이 더 많은 것 같다. 돌담길 걷다 가볍게 요기하고싶을때 방문해보는것도 괜찮을 것 같다!,괜찮다
480,올래분식,해띠,옆에 시청 공무원들 아니고서야 안갈 듯,별로
481,올래분식,usj,라볶이 김치볶음밥 존맛,맛있다
482,올래분식,연재니,"덕수궁 갔다가 간단하게 먹고 싶어서 들어간 분식집. 가게 내부가 엄청 좁아서 테이블이 빼곡하게 들어있다. 올래김밥, 라면, 만두를 시켰다. 김밥 2500원 라면 3천원 만두 3천원으로 둘이 저렴한 가격에 배부르게 먹을 수 있었다. 김밥은 쌀이 좋았지만 계란, 오이, 당근, 오뎅, 단무지 이렇게 5개 재료밖에 없어서 매우 심심했다. 라면은 얼큰하면서 꼬들하니 괜찮았는데 만두는 8개 나왔고 고기냄새가 좀 났다. 덕수궁 가면 이 곳은 안 가면 좋겠다.",별로
483,브라운돈까스,Yongman,"양도 많고 식전에 주는 빵과 딸기잼, 수프도 맛있음! 다양한 종류가 있어서 골라먹는 재미도!",맛있다
484,브라운돈까스,썸머쏭쏭,• 스트레스로 인한 과식..• 괜찮아요• 조금 눅눅한 게 특징인가..?• 옛날 논현동에서 브돈 맛있게 먹었던 기억이• 가끔 돈까스 땡길 때 가면 좋은• 옛날+왕돈까스 그 사이• 안심+등심은 잘 구분 못했어요..,괜찮다
485,브라운돈까스,Tiffajy,파채를 이리 듬뿍주는 돈가스집 처음봄. 참기름에 고소하게 무친 파채랑 느끼한 돈가스랑 잘 어울렸음!코스트코에서 파는 모닝롤로 추정되는 빵이 식전빵으로 나오는데 짜먹는 딸기잼도 같이 줌. 추억의 KFC 비스켓 먹는 기분ㅎㅎ 저렴하게 옛날식 돈가스 땡길때 먹기 좋은 곳이네요~,괜찮다
486,브라운돈까스,Sirena,"12,500원짜리 특식을 먹었다. 돈까스와 오징어튀김이 나오고, 식전에 스프와 빵과 딸기잼도 준다. 결론은 좀 느끼함. 튀김옷이 두껍고 기름이 많아서 위아래 다 붙은 채로 먹으면 너무 기름맛 나며 느끼하고, 그래서 더 두꺼운 위에걸 떼면 또 너무 퍽퍽함. 소스도 약간 느끼한 편임. 그나마 오징어는 덜 느끼하긴 했는데 좀 딱딱했음. 여의도 버블디와 비슷할 거라 생각했는데, 먹으면서 버블디 그리워짐",괜찮다
487,거제식당,000-,비냉시키면 칼국수가 서비스칼국수 시키면 비냉이 서비스,맛있다
488,왕십리순대국,❤️거네❤️,"점심특선으로 순대국과 제육볶음을 한번에 즐길 수 있는 곳! 직장인들의 소울푸드인 순대국과 제육볶음을 둘 다 주는 식당이 있다니.. 어찌 방문하지 아니할 수 있을까요.무려 점심특선 9,000원에 두 가지를 모두 먹을 수 있었습니다.순대국은 내용물이 다소 아쉽긴 했으나 다대기 넣고 부추 넣고 적당히 먹을만 했어요. 가격 생각하면 불만을 가질수가 없네요. 제육볶음은 단맛이 덜해서 첫입은 약간 물음표였는데, 밥과 함께 먹다보니 적당한 불향이 느껴지고 맛있었습니다. 오징어도 들어 있었어요!존맛가게는 아니었지만 가끔 순대국 땡길때 방문할 거 같아요. #직장인점심추천",괜찮다
489,왕십리순대국,메론매롱,저렴하고 맛있어요,맛있다
490,제일제면소,Taste10good,"서울역 #제일제면소.프랜차이즈는 잘올리지 않은데, 생각보다 괜찮았던 곳이라!.서울스퀘어점을 방문 했으며, 가게이름 대로 면요리 베이스의 메뉴들이 있지만, 특이한 한식메뉴가 많아서 인상깊었다..바삭감자전수란과 그라나파다노치즈가루를 얹힌 감자전, 치즈와 수란으로 조금 느끼하긴 했지만 이색적인 맛으로 환상적인 비쥬얼과 함께 막걸리와 궁합이 환상적인 맛!.씨앗 닭강정만석닭강정 저리가라할 정도의 간장베이스로 잘 버무린 순살 닭강정! 궁중요리 느낌의 고급스러운 비주얼과 함께 튀김옷 두께도 적당!.면요리는 soso! 가격대도 부담없어 반주하러 방문하기 제격인 곳!.메뉴정보바삭감자전 - ₩11,000 추천씨앗 닭강정 - ₩12,000 추천",괜찮다
491,고냉지,꺅콩,"원래 다른곳 가려다 갑자기 눈에 띄어서 즉흥적으로 들어간곳! 김치찌개 종류가 돼지고기, 참치, 믹스 등등 여러가지가 있는데 우리는 돼지고기 김치찌개로 시켰다. 시키면 밥+김은 기본으로 나옴. 돼지고기가 우리가 흔히 아는 통고기가 들어있는건 아니고 다 잘라진 (아마도) 냉동삼겹이 10점정도 들어있다. 맛 자체는 조미료 많이 들어간만..?ㅎㅎ 김치찌개인데 김치와 양념으로 맛을 낸게 아니라 매운 고추장같은 걸쭉한 양념이 잔뜩 들어가고 정작 김치는 별로 없었다. 요즘 김치찌개 맛있는곳은 많아서 굳이 다시 찾아올것 같지는 않고 근처에서 그냥 가성비있고 든든하게 한끼 먹고싶다 하면 가볼만한곳",괜찮다
492,고냉지,동그래밍,맛은 무난한 한식이고 양이 많아요!회사 분 소개로 방문했는데 두명이서 찌개1인분 계란말이 1인분 해도 충분히 먹네용밥도 무료리필이고 반찬으로 비빔밥 재료들을 주셔서 비빔밥 만들어 먹을 수 있어요..ㅋㅋㅋ든든하게 한끼 하기 좋아용,괜찮다
493,고냉지,브라우니,국내산 삼겹살 1인분(200g)에 만삼천원삼겹살을 주문하면 계란말이랑 된장찌개도 줌.가성비 괜찮음. 여긴 특히 김치가 맛있음. 다만 쌈장과 파채소스는 시판이 아닌가봄.단맛이 없고 신맛이 강하게 남. 평범한 입맛인 나는 시판을 더 좋아함. 그리고 매우 친절하심.재방문할 의사 10000%,맛있다
494,빌라 드 스파이시,JJICJJA,럭셔리 컨셉즉석 떡볶이집. 다양한 토핑 추가 가능하고 비싼 가격은 덤. 시내 한복판 꽤 넓은 매장이니 월세 생각하면 비싼 가격 이해됨. 메뉴가 떡볶이라 그렇지..맛은 여느 떡볶이들 처럼 짜고 매운건 기본. 떡은 옛날 학교 앞 녹색 접시에 비닐 끼고 먹었던 그 밀떡 식감이랑 비슷함. 맥주도 직접 브루어링 하는듯. 자동차 때문에 맛보진 못했지만 IPA도 있고 나름 구색 맞춘듯.,괜찮다
495,동화식당,해띠,"중앙갈치식당 닫아서 간 곳.정말정말 친절하시고 자극적인 갈치조림,서비스 계란찜과 갈치튀김 맛있다.사장님.. 모 남아요?",맛있다
496,동화식당,얼망고,"남대문에 유명한 갈치골목이 있다고 해서 방문했습니다. 갈치골목 안에서도 유명하다는 식당을 먼저 갔는데, 줄이 많이 서있어서 그런지 대응도 성의가 없고, 밖에서 조리하는 걸 가만히 보니 위생적이질 않았습니다ㅠㅠ 그래서 조리하고 있는거 비교해보면서 제일 맛있어 보이는 집 들어갔어요. 진짜 친절하심! 청국장이 맛있다고 직원분이 말씀하시길래 메인메뉴인 갈치조림과 청국장을 시켰습니다. 진짜 JMT아직까지도 잊혀지지 않아요 진짜 맛있음. 그리고 반찬도 재활용안하시는 것 같고(이런거 제일 중요하게 생각해요...) 서비스로 나오는 갈치튀김도 바로바로 튀겨주십니다. 계란찜도 부드러워요. 그리고 두분이상 가면 청국장 꼭 시키시길 바래요 진짜 맛있어요. 뭔가 너무 유명한 집만 가시려고 하는 것 같아서 속상하더라고요 여기 진짜 맛있는데.. 아쉽고..다들 갈치골목 가면 동화식당 가보시면 좋을 것 같아요. 추천추천!",맛있다
497,개성집,마이부엉,"매콤 명태조림이 주 메뉴보통 저희집에선 코다리찜이라고 하는데, 평소 즐겨먹진 않는데 이집 코다리 맛있음.좀 많이 매운편.. 그 매운맛에 먹는 느낌도 있지만 참 맛있게 매움. 돌솥밥도 굿!! 참고로 북엇국도 같이 나오는데.. 말씀드려야 주시네요.. ㅋㅋ",괜찮다
498,넥타이맨갈치동태,영광굴비,갈치조림 2인분 주문희락갈치 가려다가 안열어서 옆에 있는 이 집을 방문하였다. 기본적인 구성은 중앙갈치와 비슷하다. 개인당 갈치2덩이와 계란찜. 몇개의 밑반찬.차이점은 이 집은 갈치 꼬리튀김이 나왔는데 방금튀겼는지 그 맛이 일품이었다. 과장 조금 보태서 밖에서 사먹은 생선튀김중 가장 신선했던 느낌중앙갈치는 사람이 많아서인지 조금 탄맛도 나고 갈치보다는 무가 많은 느낌이었는데 이 집은 갈치도 크고 조리가 매우 잘되었다.김가루가 따로없는점은 아쉬운점,맛있다
499,라이스쉐프,zzzzzo!,"시청역 근방에서 휘뚜루마뚜루 먹기 좋은 집 입니당김밥이 딱 정갈한 맛이 나욥.맛도 참치, 새우튀김 등 딱 인기 있을만한 맛은 다 있어요.김밥이든 떡볶이든 약간 양이 적은 듯 하지만 깔끔한 맛에 종종 가고있어요.",맛있다
500,미자네닭전문점,해띠,공무원들 엄청 많다.자극적이고 무난하게 맛있는 닭볶음탕!,괜찮다
501,미자네닭전문점,*,#닭볶음탕풍년닭도리탕이 가고싶었는데 일행들이 좀 더 매콤한 닭볶음탕이 먹고싶다고 하여 이 곳으로-꽤 매콤한 편이다. 처음엔 양이 적은가 싶었는데 먹다보니 양도 적은편은 아닌듯. 매콤한 음식 먹고싶을때 방문하기 괜찮은듯 (개인적으로는 매콤달달 닭볶음탕을 더 좋아하기때문에 다음엔 풍년으로 가보겠다),괜찮다
502,미자네닭전문점,Steven,미자네 닭도리탕 (구 서소문 칼국수)맛 8.5가격 8.0서비스 및 친절도 7.0분위기 7.0재방문 의사 8.0시청 직장인들의 점심시간에 붐비는 곳마늘 베이스 육수가 살짝은 자극적이면서MSG배합이 적절하게 들어간 곳 같다. ㅋㅋㅋ꽤나 맛있어서 밥 한 공기 뚝딱하기 좋은 곳같이 일행들 맛있다 외치면서 잘 먹고 옴,맛있다
503,미자네닭전문점,benedetta,/닭한마리/일본사람들이 닭한마리 좋아한다고하던데일본사람또는 점심을 찾아헤매이는 근처직장인정도..가 오면 괜찮을만한곳. 이근처에 놀러왔거나 방문차?온 시간많으신분들에게는 비추할만한.닭한마리와 닭도리탕이 있고 서울시 건물뒤편쪽 매우 찾기애매한위치에 있는데 들어가보면 식당은 꽤크다.,괜찮다
504,순남시래기,해띠,가성비가 내려왂~~~!~!~!~!!맛도 무난한데 반찬이 뷔페식이라(그리 뛰어난 맛은 아님) 골라먹는 재미가 있다.메인인 시래기 국 맛있다!,괜찮다
505,순남시래기,Sugar & Thin,"순남시래기 시청역점이 생겼음오픈은 올해 여름쯤 한 것으로 추정점심시간 11:30분부터 웨이팅 있음메인 메뉴 시래기국 6000원으로 가성비 좋음시래기국이 뜨겁지 않아 회전율이 높을 것이라 추정했는데, 시래기국 메뉴를 선호하는 분들은 식사을 천천히 건강하게 해서 은근히 기다려야함반찬 3개는 식탁에 기본 제공, 기타 샐러드 도토리묵 셀프시래기국만 먹기 아쉬워 6천원 떡갈비도 곁들어 먹음웰빙 점심으로 추천시래기국이 슴슴하니 자극적이지 않고 좋음",맛있다
506,우림정,EJ,"점심시간에 부대찌개, 바싹불고기, 생선구이 등을 판매함. 이 날은 부대찌개가 너무 땡겨서 부찌하는 곳 중 가장 가까운 우림정으로 감. 양이 푸짐하다. 3인분인데 냄비가 크고 육수를 더 달라고하면 양념되어있는 육수를 주기때문에 아주 넉넉하다고 볼 수 있음. 맛도 무난. 스팸이 더 들어갔으면 하는건 항상 느끼는 바램. 무난하다",괜찮다
507,까치네,오늘도맛집,"까치네 대표메뉴 만두! 김치랑 고기만두인데 가격도착해서 3,500원인가해요. 피가 진짜 얇고 쫄깃한데 이모님들이 직접 빚으신대요. 굿굿",맛있다
508,찰스숯불김밥,취향저격수,점심때 간단히 먹기 좋은 김밥 전문점김밥 한줄에 4500~5000원여자둘이 (((김밥1+라볶이1))) 먹으면 적당함**크림치즈 견과류 김밥 맛있음!! 치즈 좋아하면 강력 추천. 한줄에 5천원정도 하는게 아깝지 않을 정도로 재료가 꽉차있음**라볶이는 김밥전문점이다보니.. 그냥 평범한맛✔️김밥천국맛임김밥5천원이라고 김밥이 왜이렇게 비싸냐고 말하면서 먹어놓고..후식으로 스벅가서 마끼아또 6천원^^~ㅋㅋㅋㅋㅋㅋㅋ...결론!!점심시간에 간단히 먹기 좋은 분식집이고 김밥5천원이 아깝지않을만큼 재료 많이들어있음!,괜찮다
509,전주식당,달려요달려,영혼이 없는 매운맛밥이 푸석하다.옆에 갈치가 막 굴러다닌다.,별로
510,이화수전통육개장,해띠,다른 지점에 비해 맛없다,별로
511,이화수전통육개장,요요,웨 안가세요ㅠㅠ저 진짜 광고 아니고 존맛탱,맛있다
512,신가원설렁탕,당그니,"설렁탕집인데 갈비탕과 부대찌개도 같이 판매하고 있는 곳이었다. 밑반찬은 종류가 몇가지 안되는데 깔끔하고 맛이 괜찮았다. 특히 멸치고추볶음이 괜찮음! 부대찌개(1인 11,000원) 육수는 맑은 느낌보다는 진한 국물맛이었고, 사리도 다양했는데 양이 많은 편은 아녔다. 그래도 맛있는 편이었고 라면사리는 추가로 1,000원! 전반적으로 맛이 괜찮아서 재방문 의사 있음!",맛있다
513,신가원설렁탕,챱챱탱,✔️설렁탕(본) 10000 중그냥 극도로 평범한 설렁탕. 깍두기가 맛있다. 사장님은 매우친절,괜찮다
514,신가원설렁탕,왕앵무,"우리는 평소에 한식을 잘 안 먹는데 감기에 걸렸으니 밥다운걸 먹어야 한다는 이유로 여길 오게 되었다. 메인 메뉴인 불고기를 시켰고, 나는 늘 그렇듯 입맛이 없다고 말해놓고 많이 먹었다. 잘 먹었습니다☺️",괜찮다
515,고려보쌈,브라더,먹어본 보쌈정식 중에서 원탑,맛있다
516,고려보쌈,우기,"시청 광화문 인근 직장러라면 다 아는 보쌈 찐맛집이다. 점심에도 즐길수 있는 보쌈정식이 있다.보쌈정식은 살코기만, 섞어 두 가지중 고를 수 있다. 나는 살코기에 비계가 적당히 섞여있는걸 좋아해서 섞어로 주문했다. 하 보쌈이 이렇게 촉촉하다고?.. 입에서 살살 녹는다. 김치도 맛있고 기본찬들도 맛있다. 뭐하나 부족한게 없는 집이다. 점심메뉴 치고 고기양도 푸짐하다고 생각이 드는데, 한점한점 사라지는게 아쉬울 뿐이다.",맛있다
517,청진만남,EJ,또잉? 청진식당이라고 간판이 있는 것 같았는데 청진만남이라니. 종로에 있는 청진식당이랑 다른건가…종로 청진식당을 가보진 않았지만 메뉴도 비슷하다. 오징어히나 불고기두개를 주문. 매콤한 오징어와 달달한 불고기가 섞이면서 좋은 밥반찬이 된다. 3인분에 양도 많다. 밥한공기 뚝딱할 수 있는 반찬이라 그런지 주변 직장인들이 끊임없이 들어옴.맛은 괜찮은데 개인적으로 이날 굉장히 짰음. 밥을 엄청 먹게됨.,괜찮다
518,청진만남,*,#쭈꾸미볶음 #닭갈비저녁 회식으로 방문한 곳.원래 점심메뉴로 오징어+불고기가 유명한 곳인데 저녁에는 다른 메뉴들을 판매한다. 쭈꾸미볶음은 생각보다 괜찮았고 닭갈비도 나쁘지않았다. 특이하게 카레를 넣어서 카레닭갈비 느낌이었음. 밑반찬도 몇가지 넉넉히나왔고 저녁식사 또는 반주하기 괜찮은 곳 같다.,괜찮다
519,심원,소미,회현에서 회사다니는 친구가 데려가 준 곳심원이라는 곳입니다. 회현역 바로 앞에 위치해서 찾기 쉽고요. 이 앞엔 삼겹살 냄새가 진동을해요~~~저는 삼겹살 삼인분먹고 된장찌개라면까지 먹었어요. 된장찌개주문하면 양푼에 밥이 나오는데 반찬과 비벼서 된장찌개랑 먹음 꿀맛된찌라면은 필수주문 메뉴입니다.,괜찮다
520,심원,당케쉔,"점심에는 단일메뉴, 된장찌개+라면!들어서자마자 바로 나오기 시작하는 밑반찬과펄펄 끓어 나오는 된장찌개와 라면사리.(사리는 추가해야 함)된장찌개에 라면 조합이라니 처음 먹어봤는데너무 맛있어요. 제 기준 부대찌개에 라면사리 넣는 것보다 맛있음 ㅎㅅㅎ함께 나온 밑반찬과 된장찌개를 비벼 먹어도 맛있네요.순삭하고 나오니까 20분도 안 걸린채 배는 땅땅.정기적으로 찾아갈 듯한 밥집이 생겨서 기쁩니다.",맛있다
521,춘천닭갈비,해띠,나는 그럭저럭 맛있게 먹는데~~~(볶음밥 맛있다)냄새 예민한 친구는 닭비린내 조금 난다고 하는 곳,괜찮다
522,서소문연탄구이,*,"#연탄고추장불고기15,000 #양념막창10,000덕수궁 가는길 지하에 위치한 식당.점심시간에 늘 사람이 많다고하는데 저녁으로 처음 방문해봄. 메뉴는 고추장불고기, 쭈꾸미, 막창, 꼼장어, 무뼈닭발등 많았는데 한개한개씩 섞어서 주문도 가능하다하여 우리는 고추장불고기+양념막창 하나하나 주문함.불맛이 확실한 편이라 좋았는데 크게 감흥은 없었다.개인적으로 양념막창이 더 맛있었음. 안주삼아 먹기에 양은 적당한 편.맛없지도 않은데 굳이 또 생각나서 방문하진 않을듯.",괜찮다
523,남산집,개굴,점심 때마다 나같은 직장인들로 사람이 바글바글하다김치찌개 차암 맛있다계란말이라고 메뉴에 써놓고 소시지를 썰어서 계란을 펴서 주시는데내 최애 계랸요리다[맛있는순서]1.계란말이2.오삼불고기3.김치찌개4.순두부찌개여기는 다 맛있다서울역 점심 강추..☺,맛있다
524,숭례회관,❤️거네❤️,"돌판에 삼겹살을 구워먹는 집이예요. 퇴근하다가 급삼쏘가 땡겨서 방문한 곳. 1인분에 15,000원이고 가게 규모가 꽤 커서 회식하러 많이들 오시는 분위기삼겹살이 맛없기 힘들지만 저는 요새 유행하는 통통하고 두꺼운 삼겹살을 선호해서 이런 기본 삼겹살을 오랜만에 먹는데 무난히 잘 먹었어요! 양이 많지는 않고 한줄을 1인분으로 생각하시면 될 것 같습니다. 고사리를 같이 주는게 특징이고 따로 구워주시진 않아요.기본 찬으로 미역국이 나오고 찌개 올려놓을 수 있는 미니 화구가 식탁에 붙어 있는데 식지 않게 먹을 수 있는건 장점인데 단체로 오면 오히려 좀 먹기 힘들었어요.점심메뉴가 다 인기가 좋은 것 같은데, 실제로 김치찌개가 맛있었습니다. 삼겹살 보다는 점심메뉴 먹으러 다시 방문해보고 싶어요! #항상함께해",괜찮다
525,고냉지,당케쉔,"된찌말고 김치찌개가 너무 먹고 싶어서 간 곳.원래 회현집이라는 찌개집을 정말좋아했는데 그 건물 지금은 부서지고 없네요. 이곳과 같은 건물 1층에 있는 심원의 된찌&라면 사리 조합도 엄청 좋아하지만, 이날은 전날부터 '무조건 김찌다;;'고 정해놨어요.삼겹살도 파는 곳이라 대낮부터 삼겹살 구워드시는 분들도 계셨는데 부럽기 짝이 없음.그냥 김찌도 만두김찌도 쭈꾸미김찌도 부대김찌도 순두부김찌도 왜인지 가격이 동일한 1인분 8,000원.종합김치찌개라는 메뉴 ('종합'이 여기 쓰이다니)만 9,000원.라면 사리 추가에 두툼한 계란말이까지.딱 요즘같이 찬바람 부는날 먹고 싶던 조합이었는데 칼칼한 맛의 김찌에 만두가 푹익어서 제가 한 9개중 6개는 먹은 듯ㅎㅅㅎ비빔밥 만들어 먹을 수 있게 비빔재료와 밥에 고추장이 있는 건 이 근방 찌개집 국룰인가봐요.계란말이와 찌개만으로 행복해진 하루.",맛있다
526,고냉지,*,"#김치찌개7,000 #계란말이6,000엄청 막 맛있다 하는건 아니지만 요새 이 가격에 한끼 든든하게 먹을 수 있다는 것만으로도 메리트있는 가게같아요. 큰 그릇에 비빔밥해먹을 수 있게 밥이랑 양념장 같이나와요. 가격대비 괜찮은 것 같고 계란말이는 별로에요. 김찌 종류도 다양하던데 다음에는 다른종류 김찌 주문해보고싶어요.",괜찮다
527,순희네빈대떡,Sugar & Thin,순희네 빈대떡 하면 종로 광장시장인데여긴 남대문 시장에 있는 곳둘 사이의 관계는 잘 모르겠으나...남대문에서 빈대떡 땡기면 무조건 가는 곳 값도 저렴다른 음식들도 맛있음,맛있다
528,황태가,benedetta,/황태국/황태비빔밥/숙취 또는 배가 더부룩한날먹으면 딱좋을.부드러운 황태에 속이편해지는 느낌이다.황태국이별거있어? 라는 마음으로 가서 별거없는데 맛있는맛ㅋㅋ을 느낄수있다건물 지하에있고 자극적이지않은메뉴라 선뜻 가게되지않을수있지만 한번가면 슴슴하니 자꾸 생각나는맛반찬 하나하나에 보색대비 디테일이 살아있다ㅋㅋ,맛있다
529,통통김밥,EJ,"남대문시장 안 유명한 김밥집이라고 듣기만 했는데 시장 밖에 분식집을 차리셨다. 메인인 김밥에 떡볶이, 국수 등 다양한 분식메뉴를 앉아서 먹을 수 있음.김밥이 엄청 크고 재료가 가득 들어있다. 입안에 꽉차는 크기. 맛은 커서 풍부하긴하고 떡볶이나 김밥이 깔끔한 편인데 특색이 있거나 하진 않음.",괜찮다
530,완산골명가,르웬,"콩나물국밥집이지만 종류가 다양한 한식계의 김밥천국?배재반점 지하에 분식집 옆에 나란히 있는 콩나물국밥전문점! 이라고 간판에 쓰여있지만 둘러보니 해장국부터 김치찜, 내장탕 등 다양한 메뉴들을 보통 드시고 계셨다. 전주식 콩나물국밥이라고 되어있는데 전주식의 핵심인 오징어가 빠져있어 일단 아쉬웠고, 콩나물을 엄청많이 올려주셨는데 콩나물이 너무 가늘고 질겨서 아쉬웠다. 밑반찬도 김치와 무말랭이, 마늘장아찌만 있어서 요즘 8천원대의 메뉴로는 이정도만 먹을 수 있는건가 체감하고왔다. 다음에 뼈해장국이나 김치찜 등을 먹어보고 어떤 메뉴가 제일 나을지 고민이 필요할 것 같다. 결론은 콩나물국밥은 그냥 평타정도였다",괜찮다
531,북촌손두부,안계은,"공기밥에서 머리카락이 나왔으나 주인 아저씨 사과한마디 없고 밥 다시드릴까요?ㅠ계산 후에 사과는 하셨냐니 밥값 빼드렸다.며 그제서야 죄송하다고ᆢ맛은 쏘쏘 직원도 퉁명, 위생상태는 불량. 다시는 가고 싶지 않은집.",별로
532,제일회관,플렉서,파전 세번 각 육천 막걸 두병 이를 토대로 평가하긴 그러나 양호했다서비스 굿 음식맛 비마나스 양호가격 저렴 담엔 고기먹으러 가볼생각한우갈비살이 백오십그람에 이만칠천원궁금하다,괜찮다
533,장칼국수뽈찜,묘성연,밑에리뷰도 그렇긴한데 사실 내가아는 장칼맛은 아님장맛이 심심하게 나서 담백한맛근데 뭔가 부족한가하는 생각도 들긴 하는데 안에 내용물이 들은게 많아서 퍼묵퍼묵하게됨주변상권대비 가성비 좋은듯저녁엔 술상으로 바뀌나보다 저녁엔 안가봄,괜찮다
534,장칼국수뽈찜,benedetta,"강릉지인이 장칼국수를 먹으러가고싶다하여 방문. 장칼국수또한 강릉에서 유명한 메뉴중에 하나다. 근데.. 강릉의 맛에 약간 서울때가 탔나보다ㅋㅋ 이맛이아니라고했다ㅋㅋ서울사람입맛에는 해장용으로 무난한 한끼였다. 계란, 김, 깨, 야채, 다진고기, 버섯, 호박 등 토핑이 엄청많이 들어가있고 자극적이고, 양이 정말 많다. 면 자체는 특별할 건 없었음.",괜찮다
535,우정식당,지나야,"점심먹으러 잠깐 들렸어요. 남대문 시장안에 위치해 있어서 오래되고 깔끔하지는 않아도 맛있고 친절해요.메뉴에는 없지만 계란말이, 비엔나 소시지도 주문 가능해요. 대부분 자반구이(고등어)를 먹는 편인데, 비리지도 않고 담백하니 맛있었어요.",맛있다
536,김명숙아지매순대국,*,#순댓국금요일 6시경 방문했는데 일반 순댓국집인줄 알았는데 맛집인가봐요. 조용히 혼밥하려고 간 곳인데 손님이 계속해서 들어오네요^^.... 일단 가격대비 양이 넘남 푸짐하고... 내용물이 알차서 좋았어요. 제 입맛에 백프로 맞는 순댓국은 아니었지만 알찬게 참 마음에 들었어요! 든든하게 한 끼 먹고 싶을 때 추천합니다~,괜찮다
537,진곰,*,#갈비탕시청역 근처에 갈비탕집이 왜이렇게 없는것인지...나는 또 갈비탕이 왜이렇게 먹고 싶은 것이었는지...메뉴 이것저것 다 파는 식당 안 좋아하는데 대안이 없어서 찾아감. 그래도 생각보단 괜찮았는데 간이... 너무너무 짜다ㅠㅠ,별로
538,명동칼국수,옴뇸뇸,망플하면서 리뷰 처음 써봄. 만두 참 좋아하는데 이렇게 맛없는 만두 처음 먹어봄. 떡만둣국 시켰는데 만두가 두개 있음. 근데 가격이 팔천원임. 밑반찬 김치도 엄청 짜고 국물 간도 하나도 안맞음. 물만 잔뜩 마셔서 배부름 채우고 양도 한참 적은 떡만둣국은 절반 넘게 남기고 나옴. 가격...팔천원....,별로
539,육쌈냉면,정은,물냉면 + 숯불고기,괜찮다
540,크앙분식,돼지냥,귀엽고 맛있는 분식점~ 짜계치 랑 매콤 크림파스타랑 치즈김말이튀김? 뭐 그런 메뉴들도 다 맛있어보여서 고르는 재미가 있엇음ㅋㅋ 떡볶이가 좀 매운편ㅠㅠ 순한맛 시킬걸 후회해따,괜찮다
541,두꺼비,*,#부대찌개지난번 방문때는 맛이 없었는데 이게 어찌된 일인지 이번엔 맛있게 먹었다. 다만 주문이 잘못들어간데다 주문내역도 누락되어 기분이 좋지 않았음. 변명하기 바쁘고 사과하지 않는 직원의태도... 손님 응대 교육이 필요합니다ㅜㅜ,괜찮다
542,두꺼비,*,부대찌개 별로이기도 힘든데 아쉽네요. 사실 먹을만은한데 맛있다는 생각이 안들어서 별로로 체크체크... 점심시간 이 일대 골목식당이 전부 만석인데 원래 가려던데가 역시나 만석이어서 이 곳으로 왔습니다. 라면 무한리필은 좋긴한데 왠만한 부대찌개 다 맛있던데 여긴 물음표?.?,별로
543,목화,묘성연,스테이크 부대찌개 김치찌개 파는 재밋는곳스테이크 쏘세지랑 베이컨 모둠해서 옛날 철판스테이크식으로 나옴고기가 메인이겠지만 한두번 재미로 먹어봄직 함난 부대찌개랑 김치찌개가 더 맛난거 같음2층에 바닥에 앉는자리 있다 시골집 같음,괜찮다
544,정담,부산아빠,굿,맛있다
545,주옥,초이랄라,"런치 먹고 왔어요난해한 음식 싫어하는 1인인데 여긴 모든 요리가 대중적인 맛이랄까 저같은 막입에게도 너무너무 맛있었어요메인으로 나온 소고기 버섯 스테이크 ,,, 배불러서 남긴 것 이 한ㅇ에요ㅠ탁 트인 뷰는 덤!조만간 다시 방문할 생각입니다",맛있다
546,주옥,스크트,오랜만에 제 값하는 파인다이닝이었습니다음식들의 레이어를 영리하게 잘 만든 느낌이었어요특히 장어막걸리빵 들기름전복소라 랍스터고추장구이 가 인상적이었어요전체적으로 한식의 색채가 가미된 컨템퍼러리 퀴진 느낌이었는데 맛있게 먹었습니다,맛있다
547,주옥,예랑,"한줄평: 1800 리뷰는 미슐랭 1➡2스타가 된 주옥같은 귀한 한식 파인다이닝 <주옥>에서! (TMI 주의❤)10월에 아버지 생신 기념으로 플라자호텔 2층에 위치한 미슐랭 1스타 한식 파인 다이닝 <주옥>에 다녀왔다. 최근 2022년 미슐랭 가이드북 발표되면서 미슐랭 2스타가 되었다!구슬과 옥 같이 정말 아름답고 귀한 음식을 담아내겠다는 포부를 내걸었다. 런치 예약이 어려워 디너로 방문했는데, 낮에 왔으면 경관이 참 좋았겠더라.주옥은 600년 고도 서울의 한 가운데서 한국 음식의 뼈대가 되는 '장(醬)'과 식초를 활용하여 한국의 사계절을 고스란히 담아내고 있다고 설명한다. 모든 메뉴 하나하나가 정말 기대가 많이 되는 곳이었는데, 그 기대를 저버리지 않고 훌륭한 식사와 접객에 감탄했다.디너는 17만원인데, 11월부터 22만원으로 가격이 올랐다. (런치는 9만원-> 12만원으로)1. 산사화채와 매작과새콤달콤한 화채와 바삭하고 새우맛이 나는 매작과가 기대감을 높인다.이후 트레이를 끌고와 입맛을 돋구워주는 음료를 제공한다. 아카시아와 사과청이 든 아이스 음료잔에 오미자 또는 솔잎 식초 중 택1해서 마실 수 있다. 둘다 마셔봤는데, 입안이 시원해지는 솔잎이 더 취향이었다.우리는 2명은 3 글라스 페어링(+9만원), 2명은 6글라스 페어링(+14만원)으로 주문. 와인1. Fleury, Blanc de Noir, Brut / Champagne, Pinot Noir, NV / France Champagne블랑드누아로 적포도로 만든 샴페인이다. 피노누아 품종인데, 예쁜 골든빛이다. 와인의 질감이나 향이 무거운 편이다. 브리오쉬나 너트의 고소함도 있고, 요거트같은 크리미함도 느껴진다.2. 한입거리로 3가지 요리가 등장. 첫번째 와인과 페어링해서 먹는데, 메뉴들이 간이 있다보니 가벼운 샴페인보다는 블랑드누아 같은 묵직한 녀석이 잘 어울린다.ㅇ 국내산 한우 고추장 육회와 계란 노른자 젤리 - 고추장 육회와 노른자 젤리 조화가 좋다. 고추장 맛이 너무 세면 다른 맛을 가리는데, 임팩트가 적당하다. ㅇ 간장 찜닭 크로메스키 - 러시안식 크로켓을 크로메스키라고 부르는데, 찜닭을 크로메스키처럼 튀겼다. 깻잎에 싸서 튀겼는데, 간장 양념과 깻잎 향이 잘 어울린다. 담음새가 크리스마스 선물 리스 같은 비주얼이다.ㅇ 제주산 가을 비트 말랭이와 잣 타르트 - 3일간 말린 비트 무말랭이 가평잣 타르트인데, 고소하고 씹는맛이 좋았다.3. 고흥산 홍가리비 회와 국내산 오세트라 캐비아이 메뉴는 조선간장 소스랑 참기름으로 간을 했다고 한다. 그리고 쪽파로 버무리고, 고수숨과 쑥갓숨, 아기금어초를 올렸다. 홍가리비가 달달하고 부드러우면서 신선했다. 조선간장 소스나 참기름 덕분에 한국적이지만 캐비아나 고수 등 포인트로 올라간 녀석들 덕분에 이국적인 맛도 느껴진다.와인2. Domaine Shoffit, Vieilles Vignes / Chasselas, 2016 / France, Alsace 스위스 제네바 토착 품종인 샤슬라로 프랑스 알자스 지방에서 재배한 와인. 코끝에서는 굉장히 아로마틱하고 살구 복숭아 꿀 아카시아 향이 강한 와인. 그런데 입안에서는 드라이한 맛으로 반전을 준다. 프루티한 향과는 달리 산도 높지 않고 미네랄리티가 풍부하다.산도가 높으면 간이 센 음식 때문에 맛이 써질 수 있어서 음식이랑 마리아주를 생각해서 고른 와인이라고 한다. 사실 이건 3글라스엔 포함되지 않은 와인인데, 친절하게 설명하면서 조금씩 먹어보라고 챙겨줬다.4. 세가지 제철나물과 해산물ㅇ 고추장소스 + 오이무침 + 구운 한치 : 아삭한 오이 식감에 한치가 쫀득해서 어울린다. ㅇ 된장마늘소스 + 깨순나물 + 익힌 홍새우 : 처음 먹어봤는데 깨순나물은 부드럽고 고소했고, 홍새우가 부들부들하다. 앞전것이 세서 맛이 죽을 줄 알았는데, 개성이 살아있다.ㅇ 풋고추소스 + 고춧잎나물 + 도미 : 약간 자극적인 느낌인데, 덜자극적이다(?) 이게 말인가 방구인가 하지만 먹어보면 이해할거다.5. 장어요리와 막걸리빵막걸리랑 단호박 이용해서 만든 빵을 숯불로 그을렸다. 위에는 붕장어구이에 쪽파와 캐비아 오세트라가 올라갔다. 비주얼도 정말 침샘을 자극하는데, 손으로 먹어보니 맛도 좋다! 겉바속촉 제대로인 빵과 진한 장어구이 맛이 잘 어울린다.와인3. Cos, Pithos Bianco / Grecanico, 2019 / Italy, Sicila그레카니코 품종으로 만든 내추럴 와인. 시칠리아에서도 레굴라라는 지역에서 나오는데, 과실향이 많이 나는 오렌지 와인이다. 와인을 항아리에서 숙성을 시키는데, 뚜껑을 열고 산화를 주면서 숙성을 시키기 때문에 꿉꿉하면서 지하향 같은 냄새가 난다고 한다. 이게 무슨 향인가... 고민하던 차에 소믈리에님이 '파마약 냄새'라고 하니 곧바로 수긍이 갔다. 금귤 베르가못 오렌지껍질 같은 향이면서도 파마약 같았다.재밌는게 여기도 반전이 있다. 향과는 달리 입안에서는 미네랄리티와 과실향이 가득하다. 타닌감도 적당히 있다. 다음 요리인 어만두국과도 참 잘 어울렸다.6. 가을 자연산 송이와 전복, 갈치 굴림 만두갈치와 송이버섯, 은이버섯, 전복, 은행구이가 들어간 어만두국. 생선으로 만든 굴림만두는 처음 먹어봤는데, 부드럽고 맛있었다. 앞서 말한대로 생선과 닭을 사용한 육수랑 와인이 정말 매칭이 잘된다. 7. 주옥의 맛 (첫번째 사진)5년동안 주옥에서 한 번도 변한적 없는 대표 메뉴. 한국적이면서도 주옥의 정체성을 드러내는 요리다. 셰프의 장모님이 진주에서 생으로 짜낸 들기름을 사용한다. 전복소라와 양파장아찌, 산초간장에 절인 메추리알에 캐비어 오세트라가 올라간다.일단 비주얼도 압도적이지만, 코끝을 자극하는 들기름 풍미가 엄청나다. 풍성하면서도 고소하면서 아주 고급지고 프레시한 맛이 난다. 요즘 들기름 유행이라 꽤나 먹어봤지만, 여기 들기름이 베스트다!와인4. Domaine des Diables, 'L'Hydropathe' / Syrah, Grenache, 2018 / France Provence프랑스 프로방스 지역에서 자란 와인으로 '히드우파트'라고 읽는다. 와인 품종은 쉬라 60% 그리나슈 40%. 포도알을 바로 압착해서 뽑아내 아로마틱하게 만든 로제와인이라고.딸기 석류 시트러스 자몽 복숭아 느낌의 향이 난다. 자세히 맡다보면 비온 날의 퀘퀘한 부싯돌 향도 난다고 하는데, 거기까진 느끼지 못했다. 실제 맛은 미네랄리티와 짭쪼름하면서 드라이하다. 이것도 3글라스 페어링엔 포함 안되는데 서비스로 마셨다.8. 랍스터와 랍스터 약고추장 소스주홍빛 소스는 랍스터랑 혼합하여 다져서 걸쭉하게 우려낸 비스크 소스고, 산초오일로 마무리했다. 애호박구이도 버터로 구워냈다. 구운 랍스터에서는 불향이 나면서 랍스터랑 홍합 해산물 맛이 강하게 느껴진다. 식감도 좋고 맛도 강하고 좋은 메뉴.와인5. Le Vigne di Eli, Etna Rosso / Nerello Mascalese, Nerello Cappuccio, 2019 / Italy, Sicila에트나 디 엘리라고 시칠리아 토착 품종으로 만든 와인.  화산토에서 자란 포도라 산도나 타닌감이 있다고. 여성스럽고 우아한 맛이다. 붉은 빛이 마치 루비같은데, 산딸기 라즈베리 체리 향이 나는 와인이다. 타임이나 로즈마리 향도 난다. 산도와 타닌감이 쪼이는게 느껴진다. 구조감이 단단해서 소고기 안심이나 양갈비와도 잘 어울린다.9. 숯불에 구운 냉장 양갈비와 닭한마리 소스양갈비는 닭 육수 소스에 만가닥 버섯을 올렸다. 훈연고추장퓨레와 단호박퓨레, 연근튀김, 송이칩이 가니쉬로. 올리브 참나물 민트소스도 있다.고추장소스가 불맛이랑 훈연한 맛이 참 좋고, 느끼할수 있는 양갈비랑 잘 어울린다. 참나물 민트 소스도 잘 어울리지만, 고추장퓨레 임팩트가 더 크다.10. 암소 한우 안심 숯불구이와 가을 버섯 잡채소고기 안심에 동충하초 만가닥버섯 표고버섯 잎새버섯 양파 등이 들어간 버섯잡채. 무난한 안심 숯불구이. 앞서 스와니예에서 먹었던 것보다 고급스럽고 잘 구운듯하여 가족들 만족도는 더 높았다.11. 솥밥메인 요리와 함께 밥이 나온다. 표고버섯밥에 소고기장이 함께 나온다. 소고기장을 다 털어 넣고 비벼보니 맛있다! 양갈비나 한우 안심을 함께 먹으면 더 좋음. 다른 밑반찬도 깔끔하니 맛있다.마지막 와인. Lambert Estate 'The Chocolatier' / Tawny Port / Shiraz, Zinfandel, Chardonnay, 2016 / South Australia 쉬라 샤도네이 진판델이 블렌딩된 포트와인 스타일의 레드와인이다. 오크통에서 숙성할 때 쉬라랑 같이 다크초콜릿을 넣고 숙성했다고 한다. 도수도 17도다. 헤이즐넛향도 참 좋고, 정말 포트와인 같은 풍미와 맛이 느껴지는 와인. 마무리하기에 딱 좋다.12. 밤꿀에 재운 설기와 가을 밤 무화과 무스디저트 등장. 이때 시간이 거의 9시다 (6시20분쯤부터 식사 시작함) 단풍모양 초콜릿이 듬뿍 올라간 밤 무스다. 익힌 밤이랑 무화과를 넣었고. 화이트초코 크림을 사용했다. 가장 아래는 백설기 떡으로, 쌀로 만들었다. 한식과 양식의 조화가 참 좋다! 단풍 모양 초콜릿과 밤 무스에서 가을을 담뿍 느낄 수 있는 달다구리였다.13. 얼음과일마지막에 입가심 하기에 딱 좋은 메뉴. 새콤달콤.14. 한국의 전통병과목련차. 연잎차. 작두콩차. 중 택1이었는데, 나는 한 번도 마셔본적 없는 목련차를 초이스. 목련차는 연잎차 같으면서 은은하게 꽃향기가 올라왔다.전통병과는 팥양갱. 개성약과. 호두강정. 현미강정. 이렇게 준비되었다. 팥양갱은 많이 달지 않고 탱글해서 좋았고, 강정들도 고소하면서 바삭해서 맛있었다.----무려 4명이서 120만원이라는 엄청난 비용을 지불했지만, 그 비용에 걸맞는 서비스와 음식을 맛볼 수 있었던 디너였다. 한국스러우면서 고급스러운 최상급 식재료를 섬세하면서 파인다이닝스럽게 해석한 메뉴들이 참 마음에 들었다. 무엇보다 정식당이나 밍글스 같은 곳들은 한식 베이스가 아니라 프렌치나 양식 베이스에 한식 테이스트를 가미한 느낌이었는데, 주옥은 한식 베이스에 모던 컨템포러리 테이스트를 가미한 느낌이라 더 좋았다. 한식 흉내만 내는게 아니라 진짜 한식같다는 의미다. 실제로 그런 부분에 부모님도 매우 만족하셨다.게다가 소믈리에님의 밀착 서비스도 참 좋았고, 와인에 대한 자세한 배경설명과 음식과의 마리아주도 완벽했다. 또, 와인이 내뿜는 향과 그 기대감을 뒤엎는 맛도 반전매력을 선사했다.마지막에 집에 갈 때는 한식 에너지 바 같은 선물도 챙겨주시는 센스. 부모님께서 재방문의사 200%, 다만 다음번엔 점심 때 오자고 이야기 하시더라는. 다음 계절에 꼭 와보는걸로!insta @yeh_rang #먹히영",맛있다
548,주옥,바야바,"직접 담군 식초로 입맛을 돋구기 시작해서 계절에 맞는 식자재들을 잘 조합한 전채요리가 정말 인상적이었다. 한식이라는게, 재료 하나를 돋보이게 만들어내는 요리가 아니라 다양한 식자재와 장들의 조합으로 맛을 이끌어내는 요리라는 점을 감안하면, 제철나물과 해산물 조합, 홍가리비와 케비어, 들기름에 버무린 전복 소라, 랍스터, 안심 등등 모든 음식이 훌륭한 식자재 조합의 요리들이었다.한식의 다채로움을 충분히 끌어올림과 동시에 프랑스요리 못지 않은 소스의 곁들임, 프리젠테이션 등 만족스러운 디너였다. 한 가지 아쉬운 점은 와인 페이링에 내주는 와인의 양이 너무 적어서 음식과 함께 즐기는데 아쉬움이 있었다. 왠만하면 하우스와인 따라주는 양 정도는 주어야하는거 아닌가 하는데, 그래도 디저트 와인을 서비스로 내주셔서 어느 정도 아쉬움은 달랬다.",맛있다
549,주옥,정이니,"시청광장 뷰를 보며 맛있는 음식을 즐길 수 있는 곳점심 코스 (90,000) 이용했고 예약은 전달 1일 오전10시에 전화로 예약했다.*예약할 때 창가자리로 배정해달라고 했음*메인 메뉴 선택에 따라 추가금액 발생맛       ★ ★ ★ ★ ☆서비스 ★ ★ ★ ★ ☆분위기 ★ ★ ★ ★ ☆퓨전 한식 코스라 부모님도 부담없이 드시기 좋았고코스 구성도 다양해서 만족스러워 하셨다.약간 간이 쎈 요리도 있었지만 전체적으로 맛있었고특히 직접 짠 들기름으로 만든 ‘주옥의 맛’이라는 메뉴가 기억에 남는다. 들기름 맛이 진해서 좋았다.서버분 설명이 능숙하진 않았지만 테이블에 음식을 흘려서 말씀드렸더니 조그만 천 가리개(?)를 갖다주시는게 센스있게 느껴졌고 가족사진도 먼저 찍어주신다고 하시고 최선을 다해주셔서 좋았다.꽤 오랜시간동안 코스가 진행되어 시간을 넉넉히 생각하고 가는게 좋을 것 같다. (12시 예약이었는데 다 먹고 나니 2시가 넘었음)아쉬웠던점은 완전히 독립된 룸 형태가 아니라 병풍?을 파티션처럼 둔 형태라 뒷 테이블의 말소리가 잘 들렸고 왔다갔다 할 때 서로의 식사 공간이 조금 보여서 아쉬웠다.전체적으로 분위기가 좋았고 통창으로 보이는 시청광장 뷰가 멋지고 사진찍기에도 좋은 곳이었다. 음식도 맛있어서 재방문 의사 있음!#먹어서응원",맛있다
550,막내회집,EJ,"워낙 남대문시장에서 후기가 좋은 횟집이라서 저녁에 한번 가보고 싶었지만 점심을 먹으러 방문해봄. 와우… 회정식 진짜 엄청나다 강추강추3명이서 방문해서 회정식 셋을 시켰는데 회가 저렇게 한접시 가득 나오고 아주 통통한 고등어조림에 밑반찬들, 인당 회덮밥 해먹을 수 있도록 야채와 밥, 매운탕 한 대접씩 나오는데… 진짜 양 푸짐에 회, 조림, 탕 뭐하나 빠.짐.없.이. 다---- 맛있다.탕 국물 진짜 끝내줌 배불러서 싹싹 못 긁어먹은게 안타까움. 회도 쫄깃쫄깃하고 고소해서 자체만으로도 충분히 맛있는 곳.인당 만이천원인데 정말 푸짐하게 먹을 수 있다. 회덮밥도 있는데 이건 무려 7천원.!!이러니 사람이 바글바글하는게 당연하다 싶고 들어오는 입구계단이 가파른데 이맛이면 저녁방문에 술이 콸콸되어 귀가시 본인의지와 상관없이 계단을 굴러 빠르게 내려가분들이 많을듯.  게다가 사장님이 계산할 때 “이쁘니까” 이처넌 할인을 해주신다 함. 할인해주시는 대박집 사장님의 여유에 감덩하여 속도 든든 마음도 따뜻해짐.",맛있다
551,막내회집,.,술마시는 손님들만 손님인가요… 둘이 가서 세개 넘게 시켰는데 불친절하고 반찬 추가하니까 얼른 먹고 나가라는 식으로 말하는데 정떨어져서 다시는 안가요.,별로
552,막내회집,해띠,가성비 내려오는 점심 회정식 좋다시장 내에 있어서모바일온누리상품권으로 결제하면 10%까지 할인되니 더 이득,맛있다
553,막내회집,써니♡,"가성비 끝판왕 점심 회덮밥! (점심 특선은 2인 이상부터!)평일 점심에만 먹을 수 있다는 점심 특선을 먹기 위해서 방문했다. 혼자 드시는 분들이 꽤 많다. 소심하게 점심 특선 하나요 하니 이모님이 점심 특선은 2인 부터 된단다ㅜ 할 수 없이 회덮밥 1그릇을 시키니 30초 만에 나온다. 고등어 조림 1접시, 매운탕 1그릇, 회덮밥 1그릇이 한 세트이다.회덮밥은 꽤 훌륭하다. 맛있다. 회도 꽤 큰 덩어리가 여럿 들었다. 하지만 혼자 와서 그런지 고등어 조림은 무 외에는 먹을게 많이 없고 매운탕은 조금 오래된 비린 맛이 살짝 난다. 그래도 회덮밥 하나에 7천원 받아도 가성비 굿인데 이렇게 훌륭한 플러스 알파라니ㅎ 그리고 사장님이 어르신들에게 너무 친절하게 대하시는 점이 너무 보기 좋아 보였다. (의외로 젊은 사람들에게는 퉁명스럽게 대하셨다ㅎㅎ)언젠가는 점심 특선 꼭 다시 도전해봐야지!",괜찮다
554,막내회집,젊어서먹으세,"점심 회정식과 회덮밥이 가성비 좋아요. 회도 두툼하지만 사실 회보다는 사실 매운탕, 고등어조림, 감자조림 먹으러 감ㅋㅋ남대문점은 좀 시크하시고 중림동점은 여사장님이 나이들지 않으신(?) 아주머니신데 성인된 지 한참된 제게 아가라고 하셔서 '대체 우리 테이블에서 누굴 지칭하는건가' 당황ㅋㅋㅋ 밥 떨어지면 2시 전에 품절된대서 달려갔는데 맞은편 돈까스라면집(충정로 돈까스가 땡길 때)만 직장인들 바글바글 줄 만땅이라 또 당황ㅋㅋ 단골손님들과 반말로 친근하게 만담을 나누셔서 재밌는 분위기였음.점심 물회, 회덮밥이 가성비 좋은 밥집!",맛있다
555,막내회집,shoo,"가성비는 좋지만!. 스끼다시도 잘 나오고 반찬도 맛있고오징어 볶음도 정말 제 취향이었어요. 근데 회가, 저녁 늦게 가서 그런지 그렇게 막 싱싱한 느낌은 아니었답니다.매운탕은 개별 국그릇에 1인분씩 주셔서 좋았어요.",괜찮다
556,막내회집,당케쉔,"여기서 잔뜩 취해서 평생 이불킥감 흑역사를 만들어버렸기 때문에 속상해서 리뷰를 안 쓰려고 했는데 솔직히 너무 좋았다....생각해보면 오지게 마신 것도 맛있다보니까 그렇게 된 것 같고 맛있던 건 맛있었다고 해야 맞겠다. 가기 전에 가본 적 있다는 다른 회사 으른들께 괜찮은데냐고 물어봤더니 '글쎄... 갈때마다 꽐라가 돼서 기억이 안나는데'라고 하셨다. 그럼에도 불구하고 몇번 갔다는 것은 괜찮다는 방증이 아니겠는가 싶어 가보기로 했다.6시반인가에 예약해서 찾아갔는데 와, 온통 사람들이 다 거나하게 취해있었다.  다들 몇 시에 와서 시작했길래...? 시장통인 줄 알 정도로 시끌벅적했는데 실제로 남대문 시장안에 있어서 시장통이 맞다. 끊임없이 몰려드는 손님때문에 정신이 없는데 자리에 앉아있으면 치워주신다고 하셔서 일단 앉았다.저번 사람이 남기고간 생선 뼈며 하는 것들이 너무 많아서 치우시다가 우리한테 튈까 봐 '조심해야겠다'고 작게 말했는데 기우였다. 여기 분들은 다 프로페셔널임. 한쪽 손을 테이블 끝에 대고 튀지않게 막으시더니 행주로 순식간에 쓰윽 하고 다 쓸어가심. 리스풱토패트로눔을 드립니다....메뉴에 광어말고 모듬회도 팔던데 막상 시키려니 광어밖에 안 된대서 광어 대자 하나 시키고 소맥이랑 같이 마셨다. 갈때마다 꽐라가 된다던 회사분 말씀 따라 나역시 또 하나의 꽐라가 된 이유를 생각해 보니, 시끌벅적한 분위기를 매우 좋아하는 일행 덕에 덩달아 흥이 금방 올라서 계속 마신게 화근인 것 같음. 여기에 '맛있다!'를 주는 이유 중 큰 퍼센티지가 분위기값인 것 같다.기본으로 나오는 감자 안주는 달달한 것이 MSG맛이 나서 계속 먹었다.광어는 두툼하고 나중에 엔가와는 내가 홀라당 먹어버렸는데 간장에 고추냉이 풀어 먹는게 난 역시 제일 좋다.막장같은 거에 찍어먹어도 맛있었음. 어린애기들왔다면서 고등어 조림도 주고 가시고, 미역국도 나오고 뭐 하나 더 나온것같은데 이때부터 기억이 희미하다....자꾸 주시니까 너무 놀라서 우리가 얼떨떨해 했더니 '첫 예약손님이라서 주는거야. 덕분에 오늘 손님 너무 많이와서 고마워서'라고 하시면서 주고 가셨다. 우리가 첫 예약손님이라고....?????? 이 수많은 사람들은 다 뭐여? 어리둥절했지만 하여간에 서비스가 너무 좋아서 감동먹었다. 여기서 소지품을 두고 온 줄 알고 다음날에 전화해서 물어봤더니 '어디다 두고 잊어버렸어 그래~~'라고 하시는데 있지도 않은 바닷가 사는 고모인 줄 알았다.엉엉엉 그러게말이에요 하고 괜한 어리광을 부리고 끊었다. 알고보니 세탁기 안에 있었는데 말이다.세상 최고의 광어회라고 하긴 어렵겠지만 여기서 받은 분위기나 서비스 이런것들이 종합적으로 참 좋았다. 창피한 에피소드의 기억이 희미해질 때까지 쿨타임을 길게길게 가지려고 마음 먹었기 때문에 당분간 갈 일은 없을 것 같은데 하여간에 좋은 건 맞다.",맛있다
557,막내회집,쿵치따,"우선! 원래 여기는 평일 점심 '회정식(12,000원/인)' 이라는 게 유명한 곳인데 토요일은 안된다고 하셨다. 그래서 추천해주신 모듬 회(중) 30,000원짜리를 주문하고 대신 밥을 서비스로 주시겠다고 하셔서 그렇게 먹었다. -근데 회가 나오고 얼마 안돼서 새로 들어온 단골 손님이 '회정식'을 주문하자 원래는 안되는데 해준다고.. 말씀하셔서 마음이 상했다. 우리한테는 안 된다더니!(시장 어르신들이 모두 그런 건 아니지만 남대문에서 흔히 받을 수 있는 젊은 사람들? 시장초짜들?을  무시하는 말투가 느껴져서 상당히 불쾌했다.)-맛: 회는 광어, 우럭, 숭어가 나왔고 두툼하게 썰려 있고 싱싱했다. 고등어 조림은 고등어 조림이었고 오징어볶음은 90%가 양파였던 게 아쉬웠다. 대신 감자조림은 소문처럼 엄청 맛났다. 빨간색이지만 맵지는 않고 포슬포슬했고 감자는 익힐 때 사카린을 넣는지 어릴적 먹던 그 감자맛이었다. 매운탕도 특별하진 않았고 비빔용 밥이 맛났다. 초장대신 막장을 넣어 비볐는데 단걸 좋아하면 초장, 고소한 게 좋으면 막장을 넣어 비벼먹길 추천한다.+가격대비 음식의 다양함과 양은 좋지만 위생이나 직원들의 태도, 모든 찬의 퀄리티를 따지는 분이면 비추하는 곳! 그런 걸 신경쓰지 않는 분이면 가성비 좋은 식사를 할 수 있는 곳이다!",괜찮다
558,막내회집,진선이,미리 웨이팅을 하게 되서 들어가게 된 막내횟집은 회도 오동통하니 너무 맛있었지만 그 중에 제일 최고였던 건 미역국이었어요 같이 간 친구들도 미역국이 너무 맛있다며 칭찬에 칭찬을 계속 했어요!!!,맛있다
559,막내회집,SKang,"한줄평: 광어회의 쫄깃함과 푸짐한 밑반찬이 있는 곳언제가도 북적거리던 남대문 시장이 코로나 영향인지 많이 한산해졌다. 한참 장사하는 상인들의 목소리로 시끌해야하는데, 지금은 듬성듬성 오픈한 가게에서 나지막히 흘러나오는 손님들의 대화소리정도만 들린다. 그래도 푸짐함으로 유명한 남대문 막내회집만은 손님이 바글바글하다. 모듬회를 먹고싶었으나 다 떨어져서, 광어회 소(40,000원)과 소주한병 주문했다.주문과 동시에 감자조림과 고등어조림이 나온다. 다른 식당가면 백반정식으로 팔법한 스케일인데, 여기선 그냥 스키다시다. 고등어와 감자는 포슬하게 양념이 잘 배어들어 회가 나오기전까지 간단히 잔 기울이기엔 안성맞춤이다.기본 미역국 역시 스케일이 남다르다. 어중간하게 리필할바에 들이키라는듯한 사이즈에 미역도 푸짐하게 들어있다. 기본 스키다시만도 한문단 가득 리뷰쓸정도의 횟집.광어회 역시 지느러미부터 몸통까지 알차게 썰려나온다. 사실 화려한 스키다시때문에 묻히는거 같기도한데, 회 자체도 신선하고 쫄깃한 편이다. 서울 한복판에서 3-4만원에 이정도 회를 먹는건 꽤 괜찮은 옵션일듯.남대문 시장에서 술한잔하고싶다면, 아무리 봐도 막내아니고 맏며느리일거같은 이모의 푸짐한 한상차림이있는 막내회집을 추천한다.",맛있다
560,막내회집,흔한 공대생,"감자가 진짜 맛있어요ㅋㅋㅋㅋ숙성회를 먹었어요. 어종은 모르겠네요. 회는 오랜만에 먹어서 좋았어요. 약간 두툼하니 식감도 느낄 수 있고 좋았어요. 맛있는 숙성회라고는 하는데 저렴한 입맛을 가진 저로서는 숙성회랑 활어회랑 무슨 차이가 있는지 잘 모르겠어요. 그냥 회니까 맛있게 먹었어요.스끼다시는 다른 가게랑 좀 많이 달랐어요. 우선 미역국을 주시고, 오징어 볶음이랑 고등어 조림, 감자 조림, 마지막으로 매운탕(개인당)을 주세요. 근데 감자가.. 감자가 진짜 맛있어요ㅋㅋㅋㅋ 횟집에서 감자가 맛있다는 게 어이가 없긴 한데 감자가 진짜 맛있었어요. 오징어 볶음은 나쁘진 않았지만 살짝 달았고, 매운탕은 맛있는 지 잘 모르겠어요.아무튼 감자가 진짜 맛있어서 기억에 남네요..!! #냠냠",괜찮다
561,막내회집,클짱,"점심시간에 방문하면 인원대로 주문할수있다던데 오후 3-4시쯤 애매한 시간에 방문하니 광어회 중자로 시킬수밖에 없었다. 광어회 맞겠지..?;; 암튼 흰살생선이었음ㅋㅋㅋㅋ회가 나오면 반찬으로 주는 감자조림이 있는데 이게 진짜 입맛도둑...달달하니 계속 먹게된다. 회는 두툼하니 씹는맛도 있고 괜찮았다. 매운탕도 무난. 회덮밥도 추가해서 먹었는데 너무 배불러서 추가한걸 후회했다. 둘이서는 회 중자면 충분하다.엄청 깨끗한 분위기는 아니지만 정말 오랫동안 남대문 대표 맛집, 대표 횟집으로서 그 연륜과 시간이 느껴져 좋았다. 아재입맛이라면 추천추천! 술꾼들의 성지 같기도 하다",괜찮다
562,막내회집,조냠냠,왜 막내에요... 맏이인 저는 잘 모르겠서요... 떡광어로 유명한 남대문 막내회집에서 쏘주 맥주 다 뿌셨서요... 테라 권하시길래 단호하게 거절요... 광어랑 우럭 시켜서 찝찝한 메뉴명 광우회 먹으려고 했는데 실패했서요... 우럭 왜 다 떨어졌서잉... 저 수많은 스끼다시들이 다 서비스인거 아시죠... 시국이 시국인데 스끼다시라 그러면 안되나요... 그래도 이런 횟집은 스끼다시라는 말이 참 잘 어울리죠... 거기다가 쏘주 미리 뿌수다가 내 간도 뿌서지고 사회가 무너지고... 가정이 무너지고... 이러한 현실속에... 으아아아... 아무튼 성인 엄지 굵기만큼이나 두텁게 썰어주신 살코기에 엔가와까지 먹으니 술이 술술 넘어갔서요... 어머니 왈 밥은 바빠서 못 먹고 죽은 죽어도 못 먹겠는데 술은 참 술술 넘어간다 하셨죠... 광어살은 단백질... 지느러미살은 지방... 쐬주는 탄수화물... 단탄지 완벽한데... 성인 남성 셋이서 쐬주 얼큰하게 뿌셔도 얼마 안 나와요...,맛있다
563,막내회집,메론매롱,남대문시장의 자존심늘 맛있어요https://m.blog.naver.com/arrogant0803/221380219543,맛있다
564,막내회집,아놀드,종류는 많지 않지만 회도 두껍고 실합니다,맛있다
565,막내회집,0°C,"메인보다 사이드가 맛있는 집이 있다. 막내횟집이다. 두툼하게 썰린 회는 입안 가득찬 식감을 준다. 사실 1년 전쯤 처음 갔을땐 회 자체도 신선했는데,,,최근엔 미리 썰어서 꺼내오는 느낌이 살짝 든다. 느낌일뿐.   하지만 사이드 메뉴만으로도 맛집 등재 가능. 오징어볶음, 고등어조림, 감자조림 하나하나가 퇴근길 종로아재들의 발걸음을 이끈다고해도 과언이 아님. 다만 반찬 나오는 타이밍은 이모마음대로. 독재ㄷㄷ함.  가끔 터프한 이모님이 막걸리뚜껑을 살짝 열고 병을 흔들어재끼며 테이블 사이사이를 활보하는 이상현상을 보이기도하는데, 이모님이 무서워서 막걸리가 튀어도 화도 안남. 좌식 구석 추천.  친구들 단체로 가기엔 부장급 아재들이 많이 출몰하는 가게라, 소규모 유닛단위로 가볼만한 곳.",맛있다
566,막내회집,노가리구운김,넘 아름다운 맛입니다 회덮밥 세계에 눈뜨게 해준 회덮밥계의 스승님,맛있다
567,막내회집,Sugar & Thin,두툼하게 썰어서 맛있다.광어+우럭 대자 6만원 3-4인에 적합자연산 같은 맛을 기대하면 안됌같이 나오는 것 중 감자가 젤 맛있네~~,괜찮다
568,막내회집,hohoni,"애정하는 횟집숙성회를 파는 곳인데 두툼한 회가 고소하고 씹는 맛이 좋음회도 회지만 다른 횟집들과 차별화되는 반찬들, 감자조림, 오징어볶음도 너무 맛있다터프하신 사장님 서비스도 잘해주시고언제가도 술맛나는곳!",맛있다
569,막내회집,Alex Kim,양이 많다...ㅎㅎ,맛있다
570,참숯골,ustar,비싸다는 말을 뺄 수 없다. 이 동네 한우집들이 다 비슷하겠지만 비싼 고기를 먹으러 왔지만 인테리어도 고급스럽진 않고 이집만의 특징적인 반찬도 없고 아주 평범한 (?) 한우를 먹을 수 있는곳다. 룸으로 된 공간에서 프라이빗한 식사를 할 수 있다는건 장점이나 직원분들이 한곳에 머무르지 않고 다른 방도 같이 오가며 서빙하면서 고기를 구워주셔서 뭔가 소홀해지는 느낌이지만 분명히 친절하시긴 하다. 하지만 내돈주고 방문하기엔 살짝 아까울 것 같다.,괜찮다
571,참숯골,까마귀의 맛집 저장장치,"- 12,000짜리 돌솥비빔밥인데 자꾸 생각나 ㅠㅡㅠ(만삼처넌인가..?)- 아주 특별할건없는데 한번가면 야채듬뿍들어간 실한 돌솥비빔밥을 항상 만족스럽게 먹고올수 있다- 회식으로 자주가는것 같고, 큰 가게인데도 항상 사람이 많다- 아주 특별한 맛집은아닌거같지만 내가좋아하니까 맛있다드림~~",맛있다
572,참숯골,YSL,원래는 고기 먹는 곳인데 점심때는 식사용으로 돌솥비빔밥 먹으러 종종 간다. 기본 세팅되서 나온 돌솥에 따로 접시에 담겨나온 달걀 노른자랑 고기(마지막 사진)를 넣어서 맛있게 비벼주면 된다. 엄청 맛있다는 아닌데 그래도 된장찌개 추가해서 비빔밥이랑 같이 먹으면 나름 괜찮은 한끼임 * 맛은 있는데 일반 돌솥비빔밥보다는 가격이 12천원이라 더 비쌈;,괜찮다
573,참숯골,돼지냥,"완존 맛잇ㄷ....!! 시청근처가면 비빔밥먹으로 또 갈듯. 버섯비빔밥(15,000원) 재료가 엄청 푸짐해서 잘 안섞일줄알앗는데 노른자랑 불고기를 넣어서 그런가 생각보다 촉촉하게 밥이 잘섞이고 전맛탱ㅠ",맛있다
574,참숯골,씅쓩,"고기 자체는 맛있다.... 근데 가격 대비로 보면 아니다. 안창살 1인분 기준에 140g 64,900원임. (내가 먹어본 고기 중 가장 비싸서 사진으로 남김)꽃등심도 같은 그램수가 53,900원임. 솔직히 너무 overrated다. 고기 맛도 다른 프리미엄한우집에 비해 크게 다른 것도 잘 모르겠고.. 가격이 그냥 일단 개오바임. 고기구워주시는 분들도 고기를 막 던지면서 굽는게 기타 프리미엄 고기집에서 느꼈던 고기 굽는 자세가 안됬다고 생각함. 내 돈 내고 고기 먹으면 진짜 아까웠을듯. 남이 사줘야 먹는데 솔직히 이것도 좀 아니다 싶었음. 된장찌개는 괜찮았음.. (가격은 모름) 여기는 점심식사하러 가야할듯.",별로
575,한와담,SOJANG,"광화문 TV조선 건물에 있는 한식당.점심메뉴로 차돌된장국(15000)이랑 성게알 비빔밥(15000)을 주문했는데~차돌 된장국은 차돌의 양이 많고 된장국도 맛났다.비빔밥은 야채가 너무 적어서 쫌 ~밑반찬으로 나온 메추라기와 장조림, 버섯볶음, 가지볶음 그리고 김치..다 좋았다.장충동에 있는 한와담은 고급스러웠는데~여기는 쫌 더 고기집 느낌이다.점심메뉴 대비 살짝 비싼듯 ㅎㅎ",맛있다
576,한와담,예랑,"한줄평: 한와담의 점심 메뉴는 대체로 간이 짜다.광화문에서 시청으로 내려가는 길에 조선일보와 TV조선 본사 건물이 위치한 정동길 골목. 요 안에 한와담이 자리잡고 있는데, 이곳에서 비즈니스 미팅 겸 점심을 먹었다. 강북에서 꽤나 오래 일했지만 한와담에서 점심을 먹은 적이 왜 없었을까.이날도 차돌+된장찌개 메뉴로 초이스. 담음새는 전에 갔던 포스코센터지점보다 훨씬 예쁘다. 사각 나무 칸에 김치 장조림 절임 브로콜리 등을 작은 반찬그릇에 담아 준다. 밥도 청자그릇 같은데 담아준다. 기분탓일까. 전에 갔던 곳보다 밥이 더 맛있다. 근데, 된장찌개는 간간하다. 그래서일까. 밥을 전부 다 먹었다. 다이어트 하려면 밥은 절반만 먹어야 하는데. 간간한 반찬들이 밥에 손을 가게 한다.선릉의 포스코 사거리 근처 포스코 건물 지하 1층의 포스코센터지점에서도 느꼈지만, 한와담의 점심 메뉴는 대체로 간이 짜다. 여기선 한우를 먹어야 하나보다.insta @yeh_rang #먹히영",괜찮다
577,한와담,정수현,맛있게 잘 먹었습니다.,맛있다
578,한와담,찻집고냉이,"망고플레이트 잇딜로 방문. ""한와담 특안심, 숙성 눈꽃등심, 차돌깍두기볶음밥"" 을 주문 하였습니다.총평: 전체적으로 친절하고 정돈된 느낌이 들어서 좋았음. 고기도 상당히 퀄리티 높고 맛있었다.- 안심: 기름기가 적어서 그런가 기름을 계속 추가로 부으면서 구워주심. 깨끗하면서도 감칠맛이 드는, 정말 왠만한 프랜차이즈나 스테이크 전문점과는 비교할 수 없이 수준있었다. 개인적으로 기름기가 많아야 안질기고 맛있는거 아닌가, 라는 생각을 확 깨부수게 되었음. 정말 맛있는건 지나친 기름기도 없고 깔끔한것을. 당연히 질김따위는 없고 오히려 후술할 등심보다 더 좋았다. - 눈꽃등심: 일부러 기름기가 좀 있는걸 골랐는데, 의외로 생각보다 기름기가 꽤 많아서 놀랬다. 물론 그런만큼 리치한 고소함은 있었으나 안심과 매우 대비되는게 신기하였음. 와사비와 곁들여 먹으니 딱 알맞았다. 다만 상당히 기름진편이라, 1인분만 먹는게 가장 좋다고 느꼈음. - 그외 밑반찬: 유자샐러드 맛있었다. 토마토 샐러드도 있는데, 약간 양식 느낌도 나고 와인이랑 곁들어 먹기 좋다고 느꼈음.- 차돌깍두기볶음밥: 살짝 탈듯말듯 그 바닥 약간 탄 느낌으로 볶아주셔서 너무 좋았다. 배부른 와중에도 싹싹 바닥 긁어먹을 정도로 맛있었음. 다만 깍두기가 매운 편이라 그런가 볶음밥도 먹다보면 좀 매움. 그렇지만 감수하고 먹을정도로 맛있었다. 한국인은 그저 웃습니다.여담으로, 서비스가 매우 별로라는 평이 많던데 아마도 주변에 회사나 기관이 많다보니 인원이 너무 많아서 그 인원커버하느라 서비스 질이 낮아진게 아닐까 싶음. 한적한 날에 다녀왔었을땐 매우 친절한편이었다. 옥의 티가 있다면, 이상하게 바닥이 덜그럭 덜그럭 거려서 별로 쿵쾅거리면서 걷는것도 아닌데도 바닥이 울려서 기이했다. 특정 자리만 그런건진 모르겠지만, 수준높은 음식에 비해 매우 아쉬운 지점이다.",맛있다
579,한와담,박성현,가격도 좋고 맛도 좋고 서비스도 좋습니다직원분들 대응도 좋았어요고가맛은 기본이고요,맛있다
580,한와담,풀롱옹,"점심메뉴 중 하나로 소갈비덮밥 13000원 먹었어요와사비랑 국이 같이 나오고, 야채들이 많이 나와서 거의 샐러드 볼 같은 느낌이에요 그리고 마요네즈와 간장 기반 소스가 밥에 뿌려져있어요점심메뉴인데도 약간 가격대가 있는 편인 것 같아요..? 김치찌개랑 된장찌개도 15000원 정도에요같이 나오는 반찬은 양도 많고 정갈해요고기맛은 어떤지 모르겠지만 점심메뉴는 가성비가 조금 떨어지는 느낌이에요! 맛은 무난해요",괜찮다
581,한와담,청춘거지,"맛있지만..사실 이돈주고 이정도 고기는 어디서든 먹을 수있지않나 싶다.친절한 직원들과 깔끔한 반찬들이 만족스럽지만,마음을 딱 사로잡을만한 특별한 뭔가가 없는게 아쉽다.",괜찮다
582,한와담,포포,"평범했어요 ㅎㅎ 도쿄등심이 훨씬 맛있었어요 저는 등심 평범하고 육즙이 좔좔 흐른다는 느낌, 숙성이 뛰어나다 이런 느낌은 없었어요새우살은 음 순대 허파? 같기도 하고 약간의 비린내도 나면서 말랑말랑 꼬들꼬들? 신기한 부위..다시 먹고싶진 않아요! ㅎㅎ같이 나오는 반찬도 짠지만 왜이렇게 많이 주는지 모르겠지만 ㅎㅎ 저는 한번간걸로 됬어요!",별로
583,한와담,YSL,점심에도 식사류 먹으러 종종 오는데 차돌된장 괜찮아요. 밑반찬도 같이 나오는데 그냥 무난해요. 근데 런치 메뉴 가격도 11~13천원 정도로 가격대비는 먹을만 한건지 잘 모르겠어요 ㅎ 여기는 역시 저녁에 맛있는 고기를 구워먹어야 하나봐요.  * 참고로 여기 지점 직원분들 되게 불친절함 ㅠ,괜찮다
584,한와담,먹방꼬북,또 점심먹으러 방문! 이번에는 소갈비덮밥을 먹었는데 시그니처 메뉴인 차돌보다 소갈비덮밥이 더 맛있었다. 차돌은 먹다보니 느끼해서 ㅠ 소갈비덮밥은 고기가 꽤 들어있고 부드럽다. 야채도 많아서 건강한 느낌? 너무 마음에 드는 메뉴였다!!,맛있다
585,한와담,먹방꼬북,점심메뉴가 다양하다. 가격대는 9000~13000원 정도. 점심 대표메뉴인 차돌밥&된장찌개 13000원. 살짝 느끼하긴 한데 가게 분위기가 깨끗하고 음식도 정갈하게 나와서 좋다,맛있다
586,한와담,*,#눈꽃등심 #안심 #임실치즈구이한와담은 대체로 직원들의 서비스나 태도가 별로인 것 같다. 고기도 구워준답시고 다 태우거나 신경 제대로 못써줄거라면 그냥 우리가 구워먹는게 나을지경.. 흠 콜키지프리 장점만 아니면 안갔을듯ㅠㅠ 안심보단 눈꽃등심이 개인적으로 더 맛있음...광화문점은 회전율이 무지 낮아서 한 50분 기다린듯? 환기도 안됨,괜찮다
587,달개비,모이모이짱,"중요한 손님과 함께 식사하기에 손색이 없을 정도의 단정한 분위기와 서비스, 그리고 널찍한 공간이 훌륭하다. 무엇보다 곳곳에 가득 걸린 미술 작품들이 자칫 건조할 수 있는 분위기를 부드럽게 풀어준다. 조용하고 정돈된 느낌으로 모던한 느낌의 식사를 원할땐 재방문 하겠지만, 음식에 더 비중을 둔다면 고민은 될 것 같다. 분명히 맛있는 편이긴 하지만, 깊은 맛이나 특별하게 손꼽을만한 포인트는 없었다. 그런데 마지막 쯤 밥과 국, 반찬들은 리필을 할만큼 진짜 맛있었다! 특히 김치볶음은 조리법이 궁금했을 정도.",맛있다
588,스타킹크랩,YSL,"맛이 없는것도 엄청 맛있는것도 아니다 ㅋ 가격을 고려한다면 만족하기 어려운 음식점인듯. 랍스타 1인 기준 49천원 대게 1인 59천원 킹크랩 1인기준 69천원인데 세명이서 각각 1개씩 시켜도 배가 안부르다 ㅋㅋ 랍스타는 셋중 가장 쫄깃하지만 양이 젤 적고 나머지 대게랑 킹크랩도 그냥저냥 먹을만 했음. 그나마 부족한 배를 같이 나오는 대게라면하고 대게껍데기볶음밥으로 채울수 있는데 라면은 생각한거보다는 라면이 평범하고, 새우 몇개 넣은 라면보다 국물의 시원함이 덜한것 같다. 오히려 볶음밥이 더 맛있었음. 부족해서 한마리 더 시키려다 한마리값 킵해서 2차로 치킨먹으러 갔는데 그게 현명한듯하다",괜찮다
589,스타킹크랩,Sugar & Thin,"시청역 북창동 음식점 중 하나인 스타킹크랩1년전 방문 때 그냥 그래서 재방문 의사가 없었으나, 비즈니스 약속 장소가 이곳, 메뉴는 대게라면으로 정해져서 어쩔수없이 방문함.점심메뉴는 모든 테이블이 인당 1만원 대게라면 먹고 있음.웨이팅은 필요없음.3인분을 시켰는데, 라면이 금방 퍼짐. 3개를 한꺼번에 끓여서 그런가 ㅠㅠ대게 다리와 머리 일부분은 인당 3개 정도 먹을수있음. 물론 다리는 1/3조각 기준. 조개찜을 애피타이저로 줌. SOSO대게볶음밥이라고 밥을 주나 대게맛은 잘 못 느끼겠음라면국물이 특별히 시원하다거나 그런것은 없음.가기전에 대게 라는 설레임이 더 큰 행복으로 다가올 음식점같이 방문한 분이 저녁 꽤 괜찮다는데, 인당 5-6만원은 내야하지않을까 싶은데 너무 비싸서 내 돈 내고는 먹기 힘들꺼 같다",괜찮다
590,금자네생등심,❤️거네❤️,"서울역에 위치한 단일메뉴 등심집이예요. 소고기는 언제나 옳습니다. 메뉴 고를 고민없이 깍뚝 썰기로 나온 등심이 나와요. 1인분에 4만5천원으로 가격은 조금 부담이지만 회사 돈으로 먹어서 괜찮았어요:) 무생채와 상추무침은 적당히 앞접시에 덜어먹으면 되는데 등심과 무생채는 환상의 조합이예요. 무국과 달걀찜도 서비스로 나오는데, 이 무국만으로도 소주 마실 수 있을 정도로 시원하고 푸짐해요. 마무리로 별미국수 먹었는데 멸치육수 베이스의 간단한 잔치국수 느낌이었는데 깔끔하고 좋았어요 :)다만 가게 자체가 오래되어 화장실이 굉장히 불편해요. 이런 부분에 예민하시다면 약간은 비추입니다.단일메뉴와 무생채, 별미국수의 조합이 장위유성집을 떠올리게 하는데 둘 다 매우 맛있게 먹었지만 둘 중에 고르라면 앞으로는 금자네를 갈 것 같아요! 재방문의사O#등심맛집 #회식장소추천",맛있다
591,금자네생등심,Wchelin,"눈녹듯 부드러운 생등심.소고기는 밖에서 먹기 부담스러운 음식이 아닐까싶다. 특별한 양념이나 조리를 하는것도 아닌데 집에 사와서 먹는것보다 훨씬 비싸다. 그래서 정말 상급의 고기가 아니면 외식으로 먹을 의미는 없다고 생각한다.서울역 인근에 위치한 생등심 전문점. 지하철 서울역 외곽에 이런 비싼 고깃집이 있는게 신기하다. 높은 가격에도 손님들이 바글바글하고 대기도 많다. 평일 저녁에 일곱시 넘어서 가면 자리가 없다. 이부근 지하보도나 거리에 노숙자나 걸인들이 많은데, 고깃집의 모습과 대비되고 참 아이러니한 풍경이다. 이집은 그러한 곳에 있다.생등심. 입에서 눈녹듯 부드럽고, 감칠맛이 좋다. 1인분 150g 38천원도 눈녹듯 사라진다.별미국수. 멸치육수가 비리지 않고 은은하다. 고기 먹은 후 식사로 적절하다.가격은 비싸지만 먹어볼만한 곳.",맛있다
592,금자네생등심,JoonKim,가격에 비해 양이 적긴 하지만 올 수 밖에 없는 맛집! 평일 저녁에는 예약없이 올 수 없을 정도로 사람이 많은 집인데 와인 콜키지 없어서 좋네요,맛있다
593,금자네생등심,고바마,"오래전부터 서울역 근처에서 가장 유명했던 한우생등심 전문점입니다. 점심 메뉴를 제외하고는 한우생등심 한가지 메뉴만 있습니다. 숯불에 구워서 무생채와 상추와 먹는 등심이 정말 부드럽고 맛있습니다. 고기를 주문하면 소고기무국과 계란찜이 서비스로 제공됩니다. 고기를 다 드신 후에는 멸치국물의 별미국수로 마무리 하면 됩니다. 점심 메뉴는 소고기무국, 소고기비빔밥 그리고 참치회덮밥도 있습니다.전에는 좌식으로 다소 불편했으나 추석 때 공사를 하여 의자식 테이블로 모두 바뀌었습니다.",맛있다
594,금자네생등심,묘성연,비싸고 맛있는 고깃집고기질 매우 좋당 알흠다운 마블링링외관이 무지 허름돋돋하지만 막상 들어가보면 허름함근데도 사람은 항상많은집대부분 회삿돈으로먹는것처럼보인다등심은 기름기 제거하고 잘라져서 나오는데 통으로달라고하면 통으로주심 허나 기름이 꽤 있어서 캠프파이어 하기 일쑤걍 주는대로 구워먹자후식으로 여러메뉴들이있는데 입가심으로 괜찮다그치만 난 고기가 더 좋아서 남의후식 뺏어묵음,맛있다
595,아리랑,당케쉔,잔뜩 기대하고 가서 그런가 이 돈 주고 먹기 좀 아까웠어요. 결국엔 법카찬스여서 제 손해는 아니었대도.... 한우 불낙전골 시켰는데 너무너무 너무너무 질겨서 다 먹고 났을 때 턱이 굉장히 아팠어요. 다 요리해주시는 건 좋습니다만 이 음식에서 맛있었던 건 대파와 면이 유일했달까. 국물 자체는 좋았는데 그걸 못 살리는 고기와 낙지라는 것이 안타까워요. 그것이 심지어 한우라는 것이.... 이럴 거면 한우 다른 데 써 주세요ㅠㅠㅠ 근처에 비슷한 분위기와 메뉴의 다른 곳이 있어서 차라리 거기를 가고 말 듯.,별로
596,아리랑,AlexTheFood,"#190417바나 #MD일기#아리랑 #arirang⠀2017 미쉐린가이드 빕 구르망,2018 미쉐린 더 플레이트에 선정된을지로입구역-시청역 사이 소공동 한식당 집★⠀근처 회사원들 사이에서는'노사연'님의 언니 '노사봉'님이 운영하시는한식당으로 더 유명한 곳이다 :)⠀가까운 데 위치한 국물 있는 한식을 찾다회사 점심시간에 방문하게 된 곳인데,생각보다 괜찮게 나와 좀 놀랐던.⠀개인적으로 한식에서는 무엇보다'밥'이 제일 중요하다고 생각하는데,밥이 잘 되어있어 일단 합격☺⠀갈비탕도 비싼 값을 충분히 한다.고기가 낭낭하게 들어가 있고 매우 부드러움!함께 나오는 간장에 찍어먹으니 느끼하지도 않고.⠀기본 찬도 정갈하긴 한데, 음...내 입맛에는 너무 건강한 느낌...뭔가 덜 자극적인 맛이라 조금 아쉬웠다.⠀근처에서 제대로 된 한식이 땡길 때면주저없이 재방문 하고 싶은 곳.은근 깔끔해서 외국인 친구 데려오는 것도 추천★-⠀#갈비탕 점심특선 20000 ★★★☆",괜찮다
597,아리랑,영구빵,"노사연 언니 노사봉이 운영하는 식당이래여 솔직히 일하시는 직원 분들이 여러모로 좀 별로이긴 한데 음식이 진짜 마시써여 여기 진짜 졸맛탱ㅠㅠㅠㅠ 돌솥비빔밥 불낙전골은 꼭 드세여 강추~~~~음식보다 직원 분들에 대해서 조금 더 얘기해보자면 종업원들이 약간 손님 말을 무시하는 경향이 있달까요? 먹다가 식탁이 좀 비좁아서 그릇 좀 치워달랬더니 좀 있다가 알아서 치울거라 그러고, 뭐 좀 갖다 달라 그러면 계속 까먹고, 계산할 때 조금 시끄럽게 했다고 지배인?처럼 보이는 아줌마가 아주 대놓고 눈굴리고.. 솔직히 음식 맛만 봤을 때는 꼭 다시 가고 싶은 식당인데, 직원분들 태도 때문에 또 가는게 주저돼요ㅠㅠ",괜찮다
598,아리랑,영구빵,대박 여기 진짜 대박!!!! 오랜만에 진짜 맛있는 한식먹고 기분죠음ㅎㅎㅎㅎㅎㅎㅎ 노사연 언니 노사봉이 하는 집이라던데 여기 ㅇㅈㅇㅈ 알고 보니 미슐랭 가이드에도 올라간 집. 외국인도 많았고 한국인도 많았음. 전에 외국인 친구들 놀러왔을 때 한식당 찾아 헤맸었는데 그냥 여길 데려왔으면 장땡이었을 걸 왜 이제야 알았나 꺼이꺼이... 돌솥비빔밥 불낙전골 해물파전 시켰는데 진짜 메뉴 하나하나 다 맛있어서 왕창 흡입ㅋㅋㅋ 돌솥비빔밥은 고추장이 다함 짱맛나 그리고 돌솥이 음층나게 뜨그와서 빨리빨리 비벼야댐 안그럼 다 누룽지댐ㅋㅋ 누룽지 맛있지만 다 딱딱해지면 턱이 아퐈.. 불낙전골은 고기도 낙지도 푸짐 근데 낙지 너무 오래 삶으면 찌끄마내져서 빨리 건져 먹어야대여 고기도 짱맛나 부내나는 육즙이 그득그득 끄앙 내가 늠나 죠아하는 우동사리도 들어있고 하 또 먹고프 많이 매울 거 같은데 그렇지 않음 딱 기분 좋게 매운 정도ㅇㅇ 해물파전엔 막 새우 홍합 막 들어감 새우도 생새우 쓰는듯? 옆에 진짜 파삭파삭해가지고 진짜 넘나 맛있는 것 양보못해 그리고 밑반찬들도 진짜 맛있어요 김치 진짜 공들여서 담근 게 딱 티남. 그리고 익기 정도도 딱 알맞고ㅜㅜ 거슬리는 거 하나 없이 다 좋았음ㅇㅇ 강츄,맛있다
599,오륙도,통통통배,한우등심구이 최고맛집,맛있다
600,오륙도,맛되디,"<다수를 따를 필요도 있다>이어지는 회사 인근 몰래먹기 리뷰 두 번째. 산불등심과 비슷한 느낌에 다루는 메뉴도 비슷하다. 가격대는 이 곳 오륙도가 살짝 더 있다. 산불등심처럼 아주 오래된 가게 느낌보단 그런 가게가 규모도 넓히고 한두번 리모델링도 거친 느낌이어서, 남포면옥과 비슷한 외관, 분위기였음 내 보기엔.방문하게 된 이유는 간단하다. 점심 시간마다 직장인들 발길이 끊기지 않는 산불등심에 비해.. 거의 완전 똑같은 점심메뉴(소고기된장찌개)를 취급하는 이집은 한산한 이유가 궁금했기 때문. '여기가 더 맛있는데 사람들이 가던 곳만 가버릇해 모르는 거 아닐까'하는 생각이 시작이었는데, 결론부터 말하면 아주 그릇된 위험한 생각을 한 거였다 나란 자슥.산불등심과 다른 점이 있다면 냉동등심 슬라이스 구이가 포함된 식사메뉴고 그런만큼 가격도 더 있는 21000원이라는 것. 산불등심에서만큼 맛있는 한끼를 기대하며, 맛있음 안 아까우니 괜찮아 하고 주저없이 주문 날렸다. 아..  이때로 시간을 거스를 수 있다면. 냉동고기는 돼지가 맛있는 게 맞나보다. 고기부터 별로였다. 불이 세팅될 때까지만 해도 기대감이 좀 있었지만 나온 고기들이 대부분 등심보단 차돌박 비주얼이었던 것ㅠ 그래도 얇으니까 괜찮을 거야..하며 살짝 불만 입혀 한입 해봤는데 느끼했다. 너무 느끼했다. 하나 깨달은 거! 얇게 썰은 고기일 때는, 돼지비계보다 소비계가 훨씬 느끼하다ㅠ 좋은 육향, 감칠맛 그런 건 느끼지도 못 한 채, 식사가 나오기 전 입엔 느글느글 소기름만 가득 찼던 듯..여기까지 읽으면 고기가 별로의 이유인가 싶을 수 있는데 아니다. 결정타를 가해 지금 내 손가락을 별로로 보낸 건 된장찌개였으니..보글보글 먹음직스레 나오긴 했는데 깡장에 가까웠던 산불의 것보다 훨씬 묽었다. 두부도 없었고. 그래도 맛있음 그만이지 하고 과감히 확 떠 비벼 넣었는데 윽;;;느끼해.. 처음 든 생각이 느끼해였다. 물이 기름물이 된 탓인지 어찌보면 고기보다 더 느끼했음. 덩이고기가 훨씬 듬뿍 들어간 산불등심의 것은 다 먹을 때까지도 뜨는 기름기가 없었는데 달라도 너무 달랐다. 식기도 전에 일본라멘마냥 방울방울이 시작되는 모습이라니. 레몬벌칙받고 싶어지는 느끼함의 이유도 금방 알 수 있었다. 숟가락으로 건져본 고기들이 전부 비계조각이었음..;;;  비프스튜느낌의 산불등심 찌개 속 고기들과 정말 비교되어두 너무 비교되더라... 이런 걸 이만천원이나 받을 생각을 하다니..ㅋㅋ요약하면, 을지로 라이프 시작 이후 한 식사들 중 거의 최악의 식사를 맛보았고.. 다수의 선택에 이유가 있다는 걸 새삼 느꼈다. 다수가 예라고 할 때, 자주 아니오 하고 싶어지는 삐딱한 성격인데, 예 하는 사람들이 바보가 그러는 게 아니라는 걸.. 나름의 이유가 있어 그런 흐름이 생기는 거라는 걸 깨달았음. 밥값은 그 인생수업값이었다 생각하련다.살다보면 그럴 때가 있다. 무리 누구와도 어울리지 않는, 혼자 있는 선배가 뭔가 괜찮은 군계일학일 것 같은 느낌이 들 때가. 그런 경우, 진짜 그런 괜찮은 사람일 때도 있다. 반면 닭보다도 못한 인간일 때도 있다는 걸.. 아 이래서 혼자 있구나 깨닫게 될 때도 많다. 불행히도 이곳 오륙도에서 받은 느낌은 후자다... 재방문 의사 제로, 누구에게도 추천하지 않는다. 새로운 맛집을 찾아보겠단 마음으로 과감한 도전을 하는 건 정말 신중히 하도록 하자. 다른 맛집왕분들이 깔아놓은 맛길만 따라걷는게 안전할 수 있다.",별로
601,진동횟집,benedetta,"/특잡어회세꼬시/1,2층으로 되어 있는데 1층은 의자석이고 2층은 룸 형태. 근처 직장인들에게 회식하기적당하다. 그도그럴것이 김영란세트가 있음ㅎㅎ세꼬시를 전문으로 하는집이고 메뉴를 시키면 오돌오돌 담백한 그 세꼬시가 절반정도, 그리고 키조개, 숭어, 농어, 방어, 연어, 참숭어, 새우, 갑오징어 등이 철에 따라 나온다. 북창동에서 이만한 세꼬시 먹을 수있는집은 이집밖에 없을듯.세꼬시는 아주 맛나게잘먹었는데 나머지 스끼다시와 매운탕, 마끼 등이 무난했기때문에 먹고난 뒤 느낌은 괜찮다로 마무으리.",괜찮다
602,해담채,플렉서,제일싼 고등어해초정식 14 000  먹어봤다 푸짐하고 맛있었다 고등어 큰거한마리 노릇노릇 잘구워내오셨다 보리굴비정식 31 000 먹어봐도될듯,괜찮다
603,멘무샤,인더맵,"돈까스와 라멘을 만원 정도 가격에 먹고 싶다면. 돈까스는 나쁘지 않은 무난한 맛, 라멘은 솔직히 맛있진 않은데 먹을 만은 하다. 매콤한 계열을 추천.",괜찮다
604,멘무샤,해띠,동네였어도 장사가 잘 됐을까...? 일식의 시청역화... 딱 그 맛,별로
605,멘무샤,라면이좋음,항상 먹던 끈적끈적한 돈코츠가 질린다면1만원선으로 라면과 돈까스를 한번에 먹는 것도 괜찮다고 생각한다.발전의 여지가 있는가게계란이 작음.(이건 괜찮)깔끔한 국물( 밋밋함)많은 숙주(면보다 많은듯?)세트 가격을 맞추기 위해 작은 돈까스개인적으로 접시 위보다는 튀김은 튀김 올리는곳에 주셨으면 좋겠음. 아랫쪽이 눅눅해짐,괜찮다
606,멘무샤,ㅇㅇㅈ,돈코츠는 물탄 사골돼지국밥육수. 소유라멘은 그냥 짬 ㅡㅡ 국물은 떠먹기조차싫고 면반 숙주반... 식사말고 술안주같음,별로
607,멘무샤,디케,문열고 11시정도 갔습니다. 기다려야 한다고 해서 15-20분정도 기다리겠다고 했는데 주인분 불친절한 태도는 둘째치고 제 옆으로 지나가면서 방구뀌셔서 입맛떨어져서 나왔어요.,별로
608,춘하추우동,란센,가성비 좋아요! 치즈카츠카레 맛있네요~,맛있다
609,춘하추우동,Wchelin,"정갈한 카레와 튀김.중림동에 위치한 카레, 우동 전문점. 서울역 인근에서 무겁지 않고 적당한 한끼 식사를 하기 좋은 곳이다. 춘하추동의 언어유희적 상호명이 언밸런스하면서 재미나다.에비치즈카레. 새우튀김과 치즈카츠는 튀김이 깔끔한 편이다. 카레는 향이 은은한 일본식 카레.가라아게는 염지가 되어있는 것 같고, 닭고기의 식감이 졸깃하다. 튀김옷도 약간 두꺼운 편으로 바삭하다기보다 졸깃한 튀김이다.깔끔하게 한 끼 식사하기 좋은 곳. 다음에는 카레우동을 먹어봐야겠다.",괜찮다
610,춘하추우동,sooooooy,"회사근처 가성비 좋고 맛있는 밥집!사케동(9.0->8.0) 먹었습니다! 원래 여기는 카레나 우동인데 천원할인이라서..(코쓱)밥양도 많지않고 연어도 탱글해서 끝까지 맛있게 먹었어요.사실 연어덮밥 너무좋아해서...근데 제가 밥을 '결코' 많이 먹는 편이 아님에도(?) 적당했어서, 남성분들은 좀 적을수도 있을거 같아요!추가로 우동이나 카레 시켜 드시거나 가라아게 시키시면 맞을거 같아요:-) 잘먹었습니다!",맛있다
611,춘하추우동,ethanghymn,"서울역근처에 왔다가 리뷰등을 보고 들려봄.워낙 일본카레를 좋아해서 리뷰에 보인 카레사진에 리뷰를 슥 읽어보고 망설임없이 방문. 매주 가는 보광동 어제의 카레가 이전관계로 당분간 저녁에만 영업을 한다고 해서 한동안 카레를 못먹어서 카레가 그리웠었음.가게외관은 일본느낌이 나는 약간 체인점느낌.여기는 주인분이 직접 운영하시고, 체인점도 내시는 듯.메뉴를 보니 우동과 카레류가 메인인데, 치킨카츠카레가 끌려 주문해 봄.일본느낌이 물씬 풍기는 그릇에 치킨카츠카레가 담겨나옴. 사이드로 우동국물과 김치, 단무지와 쥐똥고추가 나옴. 우동국물은 텁텁하거나 하지않고 실키한 느낌으로 전형적인 일본우동국물맛으로 맛있었음. 국물맛으로 볼때 우동도 괜찮을 듯. 반찬은 그냥 평범. 주방장이시자 주인분이신것 같은 남자분은 쾌활하시고, 카레나 밥이 모자르면 얘기하라고 하심. 카레는 간 고기와 다진 당근등이 눈에 띄고, 다진 쪽파가 조금 올라가 있음. 일단 카레 맛을 보니 다행히 한국식카레는 아니고, 일본식카레인데, 좀 짠 느낌. 카레는 향이 강한편인데, 어제의 카레처럼 뒷맛에 단맛이 느껴지거나, 뭔가 카레전문점의 맛이라기엔 살짝 아쉽지만, 가격대랑 체인점을 지향하는 가게라는걸 생각하면 좋은편이라 생각됨. 지난번에 갔었던 고씨네카레보단 훨 맘에 듦. 치킨카츠는 두툼하고 잘 튀겨져서 좋았음.밥의 양이 많지않아 밥을 더 부탁드리니, 밥과 카레를 둘 다 리필해주심. 카레전문점의 경우 매운맛의 정도를 기본맛이 아닌걸로 주문하면 리필이 될때는 주문한 매운맛의 정도가 아닌 그냥 기본맛의 카레로 나오는게 살짝 아쉬운데, 여기는 매운맛을 달리 주문하는게 없으니 리필할때는 편함.전체적으로 만족스러웠고, 근처에 들렸을때 카레가 생각나면 들려볼만한.. 재방문의사 있음.",괜찮다
612,춘하추우동,안재석,"2호점인 듯 보이는데, 본점 평처럼 가성비 우량함. >> 최근 다시 갔는데 텐우동 레시피가 바뀜.  튀김 없어지고 그냥 원오브뎀 우동집이 되어버림.",별로
613,행복한하루소바,왕앵무,띠용 의외의 닭도리탕 맛집 기대를 안 해서 그런지 생각보다 너무 괜찮았다. 단맛이 거의 없고 꾸덕한 스타일인데 닭고기에 간이 잘 배어있고 가격(3.0)에 비해 양도 푸짐했다. 다만 당면이나 떡 등을 조금 넣어주시면 더 좋을 것 같다는 개인적인 바람..,괜찮다
614,행복한하루소바,왕앵무,기대없이 갔는데 돈까스도 꽤 알차고 소바도 괜찮았다. 점심 시간에는 직장인이 바글바글함,괜찮다
615,행복한하루소바,유누,"가성비 좋은 세트 메뉴들도 많고, 그렇다고 해서 음식이 대충 만들어진 느낌은 또 아닌 맛집! 소바세트와 알밥세트, 꼬마돈까스를 시켜 먹었는데 소바 국물도 맛있었고 쯔유에 넣어먹으라고 제공되는 파나 갈은 무 등도 신선하고 잘 관리되는 것 같았다. 메밀 면도 괜찮음. 무엇보다 꼬마돈까스가 정말 맛있어서 돈까스 별로 안좋아하고 배부른데도 다 먹음...!알밥은 다진 오이가 담겨져 나와서 기겁... 알밥 좋아하고 먹고싶었는데 덜어내도 남아있는 오이비린내때문에 별로즐기지 못했다ㅠㅠ 사이드로 나오는 약간의 우동도 육수는 무난했는데 면발이 좀 탱탱하지 못해 아쉬웠다. 다음에 가면 모밀이랑 돈까스만 먹을듯..!",괜찮다
616,행복한하루소바,뉴뉴/새새,<무난한 직장인 점심 피난처> 2.5/5알 수 없는 혼종의 메뉴를 판매하지만 (점심부터 술자리까지!) 생각보다 소바 쯔유는 진하고 우동/찌개류도 괜찮다. 돈까스 같은 것도 얇게 무난하게 나온다.,괜찮다
617,행복한하루소바,먹방꼬북,무교동의 소바 돈까스 맛집. 점심때는 주변 직장인들로 항상 만석이다! 대표메뉴 소바는 가게에서 직접 면과 장국을 만든다고 한다. 그리고 작게 한접시 나오는 돈까스가 정말 가성비 최고! 고.퀄! 다양한 정식 메뉴가 있어서 이것저것 조금씩 다 맛볼 수 있어서 좋다 추천추천!,괜찮다
618,홍대돈부리,melody623,"시청역 상공회의소 지하에 위치한 홍대돈부리는 매장이 크고 좌석간 거리가 넓어서 좋았습니다. 근무하시는 직원분들도 친절했고요. 돈부리, 돈까스, 나베 등의 메뉴를 선택할 수 있고 체인답게 검증된 맛이었습니다.주문한 메뉴는 김치치즈돈부리인데 일단 돈까스가 두툼하고 잡내없이 맛있어서 마음에 들었습니다. 치즈도 듬뿍 얹어져 있었고 김치로 느끼함도 잡아줘서 맛있게 먹었습니다.",괜찮다
619,홍대돈부리,도치맘,"남대문 앞 상공회의소 지하 1층에 위치한 곳입니다.건물들이 커서 더운 여름에 밥 먹으려고 큰 길 건너가는 게 귀찮아서 가봤는데 상공회의소 지하에도 식당이 몇 개 있더라고요.근처 직장인들이 밥 먹으러 와선지 순환이 빠르고, 밥 양과 소스 양이 많다는 인상을 받았습니다. 제 입엔 조금 짰지만 밥 추가가 무료니까 소스가 많아서 짜신 분들은 그 부분을 들어내고 밥을 추가하셔서 드시면 될 것 같아요.호호식당이나 신촌 가츠벤또같은 사케동 맛집에 비할 것은 아니지만 만원 정도에 무난한 사케동이었습니다.",괜찮다
620,홍대돈부리,*,#김치가츠나베해장이 절실한 어느 점심김츠나베가 너무 먹고싶어서 찾아갔다.1시 넘어서 방문하니 점심손님이 거의 빠져 한적하고 좋았다. 주문한 김치가츠나베는 양이 푸짐해서 일단 합격.맛은... 음... 초딩입맛인 나에게도 너무나도 달았다. 정말 설탕을 들이부은듯. 얼큰하고 돈까스토핑도 푸짐해서 너무 좋았지만 조금만 덜 달게하면 참 좋을 것 같다. 역시 홍대돈부리에선 믹스동만 먹는걸루ㅠ,괜찮다
621,라멘담뽀뽀,당케쉔,"무난한 라멘집.면은 아쉬운 점이 많습니다만 일본라멘을 기대하지 않고점심 식사 메뉴를 고르기 애매할 때 나쁜 선택지는 아니라고 생각해요.쌀쌀할 때에는 따뜻한 국물이 먹고 싶고,그럴 때 이 근방에는 이렇다할 라멘/우동집이 없는듯해서요.나가사키짬뽕, 미소라멘, 탄탄멘 이렇게 먹어봤는데정말 좋지도 나쁘지도 않은 무난함을 느꼈습니다.",괜찮다
622,라멘담뽀뽀,마이부엉,회사근처라 점심때 가끔 가는데요~ 가쯔나베를 주로 먹어요. 가쯔나베가 좀 많이 짭조롬 하긴 한데 밥이랑 먹기 괜찮거든요~ 근데 어느날 입구에 붙어있는 방송나왔던 사진을 보니 라멘 맛집이더군요..ㅋㅋ 그래서 어제는 돈꼬츠라멘을 맛보았구요~ 라멘맛집이라는데 제입맛엔.. 그냥 앞으로 평소 먹던 가쯔나베를 먹으려구요. + 무인결제 주문으로 되어있는 선주문 방식,괜찮다
623,고레카레,반포동꿀꿀이,서울스퀘어에 있는 고레카레.서울역이랑 연결돼있는 통로로 가시면 바로 나와요!아비꼬랑 매우매우 비슷한 일본식카레를 파는 곳이에요.가격도 착하고 맛도 아비꼬랑 거의 똑같아서 맛있어요ㅎㅎ다만 양이 적어서 아쉬웠어요ㅠㅠ#아무리뷰,맛있다
624,고레카레,썸머쏭쏭,• 뭐지• 생각보다 맛있음ㅋ• 기대 0였는뎀• 카레맛 치킨수프 생각나욤• 매콤 2도로 하니깐 약간 매워욤ㅎ• 그러나 재방문은 잘 모르겠..• 친절함 :)• 사진 회전 못했.. ㅠ_ㅠ,괜찮다
625,금국,추억의도나쓰,연세 세브란스 빌딩 지하에 정말 오랜만에 갔는데 리모델링을 해서 내외부는 깔끔해지고 김치우동은 여전히 맛있더라구요! 살짝 얼큰하면서도 뜨끈뜨끈한 국물이 꼭 밥까지 말아먹어야할 것 같아요 ㅎㅎ 우동 정식으로 주문하면 김밥이랑 튀김도 나와요. 저는 김치우동이랑 미니 돈까스를 주문했는데 돈까스도 바삭바삭하고 고기 식감도 좋아요. 김치우동에는 새우랑 홍합도 들어가서 더 얼큰하고 맛있어요. 점심시간에 갔더니 웨이팅이 좀 길었어요. 그래도 회전율이 빠른 편이라 금방 먹을 수 있어요.,맛있다
626,오미식당,예랑,"한줄평: 아크앤북 시청점 안에 있는 마셰코 유동열 셰프가 하는 일본가정식여긴 을지로입구역 1-1번 출구로 나가면 부영을지빌딩 지하로 연결돼있는데, 여기엔 아크앤북이 있다.안에는 샤오짠이며 식물학카페 태극당카페 등이 있으며 우리는 내가 먹을 수 있는 메뉴가 많은 오미식당에서 식사를 했다.마스터셰프코리아에 나왔다는 유동열 셰프가 운영한다는 식당.  일본 가정식 식당인데, 주로 덮밥 메뉴가 많다. 나는 연어덮밥을 주문해서 먹었다. 연어야 실패하기 어려운 메뉴니까 무난하다. 사실 나는 일본 가정식을 좋아하지만, 왠만한 식당에서 먹어도 감흥을 못느낀다. 왜냐면 왠만한데서 먹어도 맛이 비슷한데다, 엄청난 정성이 들어가는 메뉴도 아닌 경우가 많으니까. 여기 메뉴도 맛이 없었던건 아니다. 그럭저럭 평범한 수준. 연어가 들어가면 다 똑같은거 아닌가. 뭔가 특별한 스킬이 필요한 것도 아니고. 이래저래 아쉬운 느낌이 드는건 어쩔수 없다.",괜찮다
627,다끼야,플렉서,작년 송년회때 이차장소로 우연히 방문했다 기억에 남는 안주가 생겼다 시사모구이.지금까지 먹어본 시사모구이는 모두 비실비실 했다면 이곳의 시사모구이는 통통 맛있다 꼬리말곤 입속에 넣고 씹으면 뼈채 맛있게 먹을수있다 최근에도 가봤는데 나에겐 여전히 더할나위없이 맛난 안주다 알도 꽉찬친구도 자주있다 다른안주는 사실 기억이 많지않으나 대체적으로 맛난던듯 싶다,맛있다
628,코코이찌방야,*,"대한상공회의소 지하에 있는 코코이찌방야.이 근처는 거의 한식위주의 식당, 밥집이 주를 이루어 일본식 커리나 돈부리를 즐길 수 있는 곳이 많이 없는데 그래서 대안으로 참 좋다.커리 생각날때 한번씩 가게된다! 가게 내부가 조금만 더 넓었으면 아쉬움ㅎㅎ",괜찮다
629,이나니와요스케,EJ,깔끔한 우동정식 점심을 먹을 수 있는 시청주변 인기 일식당.식당이 꽤 큰데도 웨이팅이 좀 있어서 예약하고 방문하는게 좋다. 우동의 뚱뚱한 느낌을 그닥 좋아하지 않는데 여기 우동면은 각지고 쫀쫀하고 날씬해서 본인에겐좋다.육수도 잔잔하게 단 간장맛이라 깔끔하다. 사이드로 나오는 튀김들도 매우 가볍고 바삭한게 맛있음막 인상적인 튀는 맛들이 아니라서 생각하는 그런 건 아니지만 주변에서 깔끔하게 먹기 좋은 메뉴.,괜찮다
630,이나니와요스케,초이랄라,"괜찮은 가격대에 맛있는 우동을 먹을 수 있는 곳!다만 점심 때면 직장인들이 너무 몰려서 예약 없이는 먹기 어려우니 미리 예약을 하자.사진은 치쿠와 우동세트(1.5만원)인데, 미역이 들어간 온면에 오뎅튀김을 곁들여 먹는 것이다. 여기 여러번 왔지만 거의 치쿠와 우동만 먹어본 것 같다.다음번엔 냉우동도 시도해보겠다!",맛있다
631,이나니와요스케,iamwhatieat,양이 적어요 그닥..,괜찮다
632,이나니와요스케,박계림,소유+미소 냉소바는 면이 찰찰하지만 양이 너무 적다미소는 된장보단 땅콩 맛이 강하다와규온소바는 양이 많고 고기도 부드럽다좌석이 넓고 편하다,맛있다
633,이나니와요스케,동그래밍,"차가운 우동, 따뜻한 우동, 덮밥 다 시켜먹어 봤는데찬우동이 가장 좋았어요!따뜻한 우동은 제가 방문한 날만 그런지 몰라도 육수가 많이 짜서 당황했네요 ㅠㅠ 그래도 모든 메뉴 전체적으로 맛있긴 합니다ㅎㅎ",맛있다
634,이나니와요스케,폴리,"더 레스토랑이나니와 요스케는 제가 자주 가는 식당이에요.익숙해진다는 건  어쩌면 객관성을 잃게 하는 것 같기도 하지만 또 정겨워진다는 뜻이기도 하죠.샐러드가 특히 맛있지는 않은데, 여기가면 꼭 먹어요.없으면 서운한 메뉴? 여기는 우동이 제일 맛있어요.말로슨 우동 먹으러 다닌다지만, 먹다보니 고로케도, 사시미도 다 좋아하게 되었답니다.",맛있다
635,이나니와요스케,큐그,금요일 퇴근길에 저녁을 먹으러 방문했습니다.대기줄이 있어서 대기 리스트에 이름을 적고 잠시 기다렸습니다.뭘 주문할지 고민하다가 세이로 간장 츠유&참깨 미소 츠유 를 주문했습니다.설명에는 우동을 다 찍어먹으면 짜니까 절반만 찍어먹으라고 했는데 절반만 찍어먹으니 좀 심심했습니다. 그리고 간장 츠유가 더 맛있을 것 같았는데 제 입맛에는 참깨 미소 츠유가 좀 더 맛있게 느껴졌습니다. 면은 굉장히 탱탱하고 쫄깃한데 찍어먹을 때 약간 따로 노는 것 같기도 합니다.그리고 면은 양이 진짜 적네요. 먹고 좀 배고팠습니다.일반적인 우동과는 달리 면이 좀 얇은데 제 취향은 좀 더 굵은 쪽이 좋은 것 같습니다.맛은 있으나 재방문 할 것 같지는 않습니다.#먹어서응원,맛있다
636,이나니와요스케,야미야미,"유명한 집이라고, 맛있다고 해서 간 건데... 영 별로였다ㅠㅠ 초밥은 회가 맛 가려는 거 같았고 우동도 별로고 튀김도 영.. 왜 내가 이 가격에 이걸 먹는걸까 싶은 기분. 옆 테이블 사람들이 우동 면만 먹어도 맛있다고 하던데... 1도 공감되지 않았다는........ 내 입맛이 이상한가 싶어서 우울.... 그치만 내 입엔 영.....",별로
637,이나니와요스케,CDS,가서 꼭 먹어볼만 함,맛있다
638,이나니와요스케,남자남자,우동맛집이라고 해서 왔는데 간단 안주 메뉴들이 너무 맛있고 특색있다 가볍게 한잔씩 하기에 너무 좋은 집이다,맛있다
639,이나니와요스케,강석,면발만큼은 최고. 최근에 생기는 왠만한 일본식우동집에 비할바가 아님. 주차가 좀 불편하다는 단점.ㅜㅠ,맛있다
640,이나니와요스케,달리자크롱,"미슐랭 맛집, 부드럽고 쫀뜩한 면 맛집 :-)[ 브레이크 타임 14:00-17:00 , 라스트오더 : 13:40]시청 근처는 직장인들 점심 위주로 하는 식당들이 많아서인지 브레이크 타임이 있는 식당들이 많다. 한시반에 예약을 하려다가 브레이크타임이 있는 걸 알고 한시간 앞당겨서 약속을 잡았다. 일본어로 맞이해주는게 인상깊었다.  • 세이로 간장츠유 8천원 그냥 제일 맨 위에 있는 기본 메뉴로 시켰다. 간장츠유는 냉모밀에 나오는 육수 맛이다. 사실 간장츠유보다 면이 부드러우면서도 쫀뜩쫀뜩하다. 소면보다는 좀 두껍고 우동면보다는 얇은데 입안에서 녹아내리면서 살아있다. 면맛집! 다음엔 참깨미소츠유도 먹어보고 싶다.• 새우 텐푸라 8천원 갓 나와서 따뜻할 때 먹어서 더 바삭바삭하고 안에 들어있는 새우도 쫀쫀하다. 고구마도 몇개 있는데 달콤했다. 튀김을 잘 하는 것 같다.• 연어 샐러드 8천원 얇은 연어와 시큼한 드레싱과 채소가 곁들어있다. 연어가 얇지만 싱싱해서 맛있었다. 깔끔하게 먹기 좋다. • 삿포라 맥주 8천원 * 2잔  엄청 특별한 맛은 아니었다. 같이 간 일행은 맥주를 많이 좋아하는데 탄산이 좀 빠져있어서 실망했다구 한다. ㅠ_ㅠ 다음엔 이건 안 시키는걸루!시청에서 먹기 괜찮은 맛집이다.",괜찮다
641,이나니와요스케,맛의 미학,"✨일본 3대우동인 <이나니와 우동>집-세이로 간장&참깨츠유 하프-사누끼우동이 질리신분들께 추천면이 가늘고 납작한 이나니와 우동,면발은 아쉬웠다그냥 목넘김이 부드러운면발.참깨츠유랑 간장츠유랑 번갈아 먹었는데나쁘진 않았다참깨츠유맛이 독특했다한번쯤 먹어볼만은 한데 또 먹고 싶진 않다",괜찮다
642,이나니와요스케,영구빵,정말 오랜만에 방문한 이나니와요스케!! 여전히 우동인지는 긴가민가하지만 맛있었당ㅎㅎㅎ 여긴 확실히 온우동보다는 냉우동이 더 맛있는 거 같당 온우동은 국물은 정말 맛있는데 이상하게 면이랑은 잘 안 어울리는 거 같당 냉우동은 간장이랑 미소참깨 둘 다 있는 메뉴로 시켰는데 간장이 더 맛있음 가츠오부시가 들어갔나 갱장히 감칠맛이 난당 고로케는 꼭 시켜야 되는 필수 메뉴!! 양 대비 좀 비싸지만 먹을 때마다 맛있당,맛있다
643,이나니와요스케,으히히,"✦ 맛 3/5    분위기 4/5    재방문의사 △✦ 350년 역사의 우동전문점✦ 주차가 지원되지 않아 차를 가지고 가면 조금 불편함이 있겠다.일본 3대 우동집 중 하나인 이나니와요스케,서울시청점은 2015년 개업했다고 한다.입구가 엄청 작아 지나치기 쉽다.매장은 생각보다 매우 넓었고, 매장 분위기는 일본 우동집 느낌이다!직원들도 일본어로 인사를 해준다….ㅋ우동의 종류가 엄청 많은데,제일 인기있어 보이는 간장&참깨미소쯔유 세이로라는 차가운 우동과  따뜻한 우동을 시켜서 하나하나 맛을 봤다.우동은 생각보다 금방 나왔고, 평소 알고 있던 우동의 면발이 아니었다. 약간 국수 면같은? 아니 메밀면 두께??약간 면이 탱글탱글 하다는 느낌보다는 뚝뚝 끊기는 느낌을 받았다. 차가운우동이 좀 더 맛있었는데 그게 아마 그나마 면발이 조금 더 탱글하지 않았나 싶다.평소 알던 익숙한 우동맛이 아니고, 그렇다고 일본에서 먹은 우동 맛도 아니었다. 조금 새로운 우동맛이라 호불호가 있을 듯 하다.",괜찮다
644,이나니와요스케,정세니,확신의 면 맛집!! 잔치국수 면처럼 얇은 면인데 어떻게 이렇게 쫄깃하지???? 간장 쯔유는 익히 아는 그 맛이니 반드시 참깨 쯔유를 시키자! 많은 리뷰에서 언급되었듯이 직원 한 명이 세상 무서울 만큼 불친절하다 아이러니하게도 젤 오래된 직원인 듯 함;,맛있다
645,이나니와요스케,머쉬룸트러플크림파스타,"미슐랭 스타 보고 무작정 가게 된 우동집인데, 우동 먹으러 갔다가 고로케만 왕창 먹고 나오게 되었습니다... 다들 왜 크림새우 고로케 드셨는지 알게 되었어요! 먹으면 입에서 녹고 겉은 바삭한게 황홀합니다..우동은 디너로 가서 냉온세트를 먹었는데, 은근 양이 많은 거 같아요! 가기전에 본 후기 여러 개에서는 양이 적다고 하셨는데 은근 배불렀습니다참깨소스는 진한 맛이고 간장 소스는 비교적 깔끔한 맛이었어요 덴뿌라는 그저 맛있음 다음에 고로케 먹으러 다시 갈 거 같아요..",맛있다
646,이나니와요스케,쩡쿠푸드,"[이나니와요스케]7.5/10⭐️ 재방문 의사⭕️[2인 - 세이로간장참께미소츠유 , 와규우동(+면추가), 가라아게]을지로 입구역과 시청역 사이에 있는 곳. 을지로 입구역보다는 시청역에서 오는게 접근성은 더 좋은 것 같다. 입구가 작아서 조금 찾기 어려웠음.맛은 깔끔하고 담백함. 맛있었다. 다른 곳 리뷰에서 보길 면이 좀 적은 편이라 면을 즐기다 보면 사라져있다고 하여 와규우동에 면추가 해서 시켰다. 참고로 면추가는 처음 주문시만 가능하다! 가라아게는 파싹파싹하기보다는 말랑말랑한 튀김옷이다. 취향탈거 같은데 개인적으로는 괜찮았다.한줄평: 3대 우동면인 이유를 모르겠다.. 왜 1대 우동면이 아닌지?",맛있다
647,이나니와요스케,목동너구리,깔끔하고 맛있다가게만의 특징적인 맛이 살아있다양이 많이 적다 추가 해도 많이 부족한 편이다그로 인해 가격은 저렴하지 않다,괜찮다
648,이나니와요스케,앨리스,면요리가 메인인듯 하다! 하루 10개밖에 제공되지 않는 스시정식이었는데 스시도 괜찮고 튀김도 맛있다. 하지만 스시정식에 나오는 우동이 진짜 최강 미친 맛이다. 얇으면서도 탄력있는 그 면발!!! 다음에는 우동 먹을 예정,맛있다
649,이나니와요스케,박혜,시청에 있는 이나니와요스케에서 우동을 먹어보았어요 ㅎㅎ여기가 예전에 수요미식회에도 나왔던곳이라해서 가봤는데우동면이 굉장히 얇고 특이하더라구요?그래서 식감도 특이했고 ㅎㅎ면이랑 국물이랑 따로나오는데 맛은 괜찮았으나양이 좀 적었떤게 아쉬웠던 곳이었습니다,괜찮다
650,이나니와요스케,민주,맛있다..국물도 좋고 면도 좋고,맛있다
651,이나니와요스케,망개떡,"별점_3.0/5.0재방문의사_X (미쉐린이라니깐 한 번쯤 가볼만)⚠️예약_점심시간 11시 40분쯤엔 웨이팅은 없었지만 다 먹고 나올 땐 웨이팅이 있었다. 예약추천!! 대신 그 시간내에 오지 않으면 강제취소당한다고 함.분위기_입구에 가쓰오부시랑 사케들 진열.. 일본같음 좁은입구와 넓은 홀. 좌석배치가 널찍해서 좋았다근처 회사원들 엄청 많다.앞에 안내해주시는 분... 너무 칼같이 하셔서 무서웠다...친절하진 않지만 일 잘하는 로봇느낌 맛_면 생김새는 소면같은데 쫄깃하고 우동이라는 게 신기함 특색인정...특히 참깨소스에 적셔먹는 건 생전 처음 먹어보는 맛이었다 하지만 두 소스 모두 면에 베이지 않고 겉도는 느낌이었다. 차가운 면을 먹고 소스를 따로 입에 부은 느낌양_여러 후기에서 보듯 양이 정~~말 적었다 저 사진은 양추가(3,000원)한건데도... 적어보이듯 양 추가 해도 적다..^^ 일행 모두 배가 안차서 후식 먹으러 갔다... 에피타이저 느낌이랄까 식욕만 돌고 더 먹어야 할 거 같은데 끝나는...",별로
652,이나니와요스케,해띠,한 번쯤 먹어봄직,괜찮다
653,이나니와요스케,간장계란,아니... 대체 왜 이렇게 사람이 많이 있는지 1도 이해 못하겠어요. 직원들도 친절하지도 않고 냉우동 온우동 같이 나온거 시켰는데 내 입맛이 아닌지 아니면 내가 먹는 방법을 몰랐던건지 그냥 이힌 우동면 먹는 느낌 같이간 분은 연어구이 먹었는데 신선하긴 했는데 비싸기만 하고 다신 안 갈듯,별로
654,이나니와요스케,당케쉔,"면이 얇아 특별한 우동집.가게에 들어서자마자 귀를 때리는 하마사키 아유미의 노래에 갑자기 일본으로 여행 온 느낌 ㅎㅎㅎ 크림고로케와 치쿠와 미역 우동 그리고 세이로 참깨 츠케멘같은 우동을 먹었어요.먼저 새우크림고로케가 나왔어요.뜨겁게 튀겨진 고로케 튀김옷 속에 부들부들하게 녹아드는 콘스프맛 새우크림이었어요.제가 먹은 건 치쿠와 미역우동이고 일행은 참깨츠케멘(?)스러운 우동을 먹었는데,치쿠와 미역우동은 국물이 진하거나 텁텁하지 않고, 소박하고 깔끔한 맛이 나요. 일본 슈퍼에서 자주 사 먹던 우동 국물 가루로 만들어 먹던 딱 그 맛이 나서 좋았어요.참깨츠케우동도 맛보았는데 딱 그 샐러드에 뿌려먹는 참깨드레싱 맛이네요. 디저트마냥 달달하게 먹을 수 있는 맛.참깨츠케멘스러운 우동은 면 양이 적다고 면 추가를해서 먹었는데, 미역우동은 치쿠와가 있어서 면 추가 안해도 배불렀습니다.흔히 아는 우동 면발과 다르게 약간 사각지고 얇은 면이 이 이나니와 우동의 특징인가 봅니다.추운 날이면 오사카에서 먹던 치쿠와 우동이 자꾸만 생각나는데 몸 따땃하게 데우고 맛있게 먹을 수 있는 집을 찾았네요.",괜찮다
655,이나니와요스케,이민수,"세이로츠유라멘 : 온 : 적당한 산미와 간장의 풍미가 아주 만족스럽습니다. 면의 식감도 만족스러웠습니다. 아쉬운 점은 토핑으로 올라간 어묵의 맛이 별로였다는 점과, 네기의 양이 좀더 많았다면 식감이 더 좋지 않았을까 싶습니다.냉 : 면의 식감이 아주 훌륭합니다. 찍어먹는 형태의 츠케멘입니다. 면의 식감이 뛰어난 것 말고는 특별한 점 없는 맛입니다.새우크림고로케 : 정말 녹진한 맛입니다. 바삭한 식감의 튀김옷 다음 혀를 감싸는 크림의 맛, 톡 터지는 새우의 식감은 아주 훌륭했습니다. 입가심으로 곁들여주는 샐러드를 꼭 먹어야 할 정도로 풍부한 맛입니다. 그러나 새우의 향이 부족한 점이 아쉬웠습니다.",괜찮다
656,이나니와요스케,왕앵무,현지 패치 좀 덜 된 맛이라 호불호 갈릴수도... 간장 쇼유는 단맛이 거의 없이 시큼 짭짤하고 참깨 쇼유는 고소하긴 한데 왠지 초콜렛 같은 맛이 나서 낯설다. 다만 면이 쌀국수와 우동면 그 사이 어디쯤의 두께라 특이하고 식감도 좋음. 새우고로케는 취향 타지 않고 모두가 좋아할 바삭+촉촉한 맛이다.,괜찮다
657,이나니와요스케,Julie,우동집인지 술집인지 정체성이 모호한 가게. 우동은 아주 맛있다. 면발이 쫄깃하고 국물은 맑으면서도 싱겁지 않아 만족스러웠다. 회나 튀김 등 음식은 평범한 이자까야 수준.,괜찮다
658,이나니와요스케,Ashley Jung,사주셔서 맛있게 먹었던 기억.. 이나니와요스케는 너무 유명하고 이제 오래돼서 나의 리뷰가 별 의미는 없을 것 같다 ㅎㅎ 혼란스러운 시청역 주변에서 길을 잃고 나는 도대체 무엇을 먹어야 하는가 길을 잃었다면 무난하게 추천할만 하다. 주변에 조선호텔이나 플라자 말고는 선뜻 갈마음 드는 곳이 별로 없음..이나니와 특유의 얇은 면이 매력. 찰기있고 쫀쫀한 면이다. 냉우동이었는데 만족하며 먹었다. 나는 사누끼우동을 더 선호하므로 내 강한 의지로 찾을 것 같진 않지만 오게되면 불만은 없음. 이제보니 우나기동이 함께 나오는걸 주문했었네.. 기억에 남지 않는다... 우동 드세요! 분위기가 별로 취향이 아니었음. 동네 특성상 칸칸이 나뉘어서 프라이빗한 느낌은 편했지만 뭔가 어둑하고 직원들 모두 바쁜 느낌.. 여러모로 무난!,괜찮다
659,이나니와요스케,이인호,일단 들어가자마자 일본여행에온것같은 일본스러운 분위기의 인테리어가 맞이해준다 자리마다 칸막이가 높이 설치되어있어 타인의 눈치보지않고 편하게 식사를할수가있다 직원들도 이랏샤이맛세~! 하면서 일본스럽게 맞아준다냉우동은 가히 센세이션이다 면발이 부드러우면서 동시에 시원하고 가히 말로표현할수없는 쫄깃탱탱한 식감이다 같이찍어먹는 소스도 감칠맛나고 아주 맛있었다. 개인적으로 간장보다는 참깨가 훨씬 맛있었다. 초딩입맛이라면 꼭 달달한 참깨로드세용 간장은 조금 삼삼합니다냉우동이 양이 적어서 오징어튀김을 시켰는데 아무기대없이 시켜서그런지 진짜맛있었다 역시 미슐랭선정된집은 튀김도 장인정신으로만드는구나 정말 일본여행갔을때먹은 짭쪼름하고 쫀득한 튀김의맛이었다 강추강추단 양에비해 가격이 정말비싸고 주차공간이없다. 주차요원아자씨가 옆에있는 웨스틴조선호텔에 주차하라고해서 거기에 주차했는데 한시간세워뒀다고 주차비 만천원나옴 ㅎ어이가없었다제점수는요 4.5 / 5.0,맛있다
660,이나니와요스케,Wandering Consultant,"평일 점심 방문.  The day I finally talked my colleague into trying this place! 내가 찍은 우동 사진이 잊혀지질 않았다고 한다ㅋㅋ 평일 점심, 그것도 당일 예약이 되서 미리 예약하고 천천히 걸어감. 날씨가 정말 좋아서 시청 뒤로 보이는 하늘이 참 예쁜 날이었다.  ✔️텐푸라 세이로 간장츠유와 수제 크림고로케 세이로 간장츠유에 면추가해서 주문. 크림고로케는 그냥 무난한 맛이어서 텐푸라 세트가 더 나은 것 같다. 그리고 면 추가한 게 두 배가 나오는 게 아니고 1.5배 정도 나오는 듯. 다음에는 면 추가를 두 개를 해야하나.. 궁금한게 왜 면 추가는 주문시에만 가능하고 나중에 하면 안 되는걸까?   - 텐푸라 세이로 간장츠유 12,000원  - 수제 크림고로케 간장츠유 12,000원 (면 추가 3,000원)",맛있다
661,이나니와요스케,르웬,우동은 세모. 분위기는 동그라미. 새우고로케 완전 추천!!,맛있다
662,이나니와요스케,안나라,냉우동은 그냥저냥 한번 먹어볼만한 정도.초밥은... 가격 생각하면 눈물이 나는 정도.,별로
663,이나니와요스케,둘기,"이전에 송도점에 방문하고 싶었으나 모르는 새에 폐업하여 다음을 기약하던 중, 을지로에서 친구를 만날 일이 생겨 드디어 방문하게 됐습니다12시까지 예약 가능하다 그래서 1시 약속도 12시로 당겨 갔지만 가보니 빈자리가 엄청 많았어요! 혼자 오바한것 같아 머쓱타드...ㅎㅎ 망고피플들이 추천해준대로 우동메뉴두개(차가운것 하나, 따뜻한 것 하나)와 고로케를 주문했어요. 튀김을 추천하시길래 덴푸라도 시킬까 했지만 전 연어처돌이라 연어샐러드를 주문했습니당옆에 남자두분은 우동 딱 두개 시키시던데 우리는 우동에 1인1사이드까지 시킨걸 보고 또 한번 머쓱타드...ㅎ연어샐러드는 그냥 상상 가능한 그맛! 연어는 냉동인것 같은데 훈제연어라서인지 하나도 안 비렸고, 새콤달콤한 드레싱, 아삭한 채소와 아주 잘 어울렸습니다. 딱 사이드로 먹을만 했어요.따뜻한 우동은 카케우동을 시켰는데, 파 외에 아무것듀 안 들어간걸 카케우동이라고 하더군요. 별다른 재료가 많이 안 들어가서인지 쯔유맛이 강하게 났습니다. 특유의 감칠맛과 짠맛이 신기했어요. 국물로 승부하는 요리라 그런지 면에 국물이 잘 밸수 있게 라멘처럼 얆은 면으로 만드나봐요. 평소에 먹는 오동통한 우동은 아니지만 쫄깃하고 맛있는 면이었습니다. 그래도 저는 아무리 국물이 맛있어도 은식의 풍미를 높여주는 고명이 없으니 너무 슴슴하게 느껴지더라구요. 차가운 우동 역시 얇은 면의 츠케우동. 소스는 참깨미소쯔유를 선택했습니다. 쯔유나 미소나 어차피 선조는 똑같아서 그런가 저는 두가지 맛을 다 느끼지는 못했고, 미소 맛과 참깨맛이 강하게 느꼈어요. 와사비도 들어가 있어서 카케우동보다 훨씬 더 풍부한 맛이었어요. 고소하면서도 짭쪼롬하고 쫄깃쫄깃한것이 넘나 제 스탈이었네요ㅎㅎ 그리고 충격적이었던 고로케. 진짜 너무너무 맛있었어요. 치즈+감자의 조합인가요..? 엄청 꾸덕하고 고소하고 맛있는건 너가 다해☆ 생각도 못했는데 그 안에 새우가 들어가있었어요ㅠㅠㅠㅠㅜㅜㅜ 고로켄데 익숙한 맛과 향이 느껴진다 싶었는데 이거였네요. 거기에 탱글탱글하게 씹히는 새우의 식감까지 완벽했습니다!! 두개가 나와서 하나씩 먹으니 딱 좋았어요ㅎㅎ 여기서 더 먹으면 느끼할듯!저는 고로케>미소츠유우동>연어샐러드>카케우동 순우로 맛있었어요ㅠㅠㅠㅠ 고로케 계속 생각나요..ㅙ",맛있다
664,이나니와요스케,나는배고프다 고로존재한다,시청역의 아주 유명한 일식집.면발이 특이하다나쁘지는 않지만 굳이 찾아가지는 않을 것 같다.,괜찮다
665,이나니와요스케,즐거운망고_2141,얇은 우동 굳,맛있다
666,이나니와요스케,쀼쀼,"면이 얇은데도 탱글탱글 아주살짝쫀득..? 하기도 하구요 일반 소면이랑은 확실히 다르더라구요저는 땅콩소스,간장소스 반반 나오는 걸로 시켰는데 땅콩이 물릴때 간장을, 간장이 심심할 때 땅콩을 찍어먹으니까 잘 어울리더라구요고로케는 기름지고 달고 꽉찬 맛이에요 대신 느끼한거 못드시는 분들은 한개도 질리실것같아용 맛있어요",맛있다
667,이나니와요스케,SHITGAZE,그냥 쯔유맛 참깨드레싱맛에 면 찍어먹는.. 그런 맛 면도 그다지 평범함 밥은 왜주는지 모르겠어서 물어보니 서비스라 함,별로
668,이나니와요스케,류청하,맛있긴 한데 비싸고 양이 적다. 식사를 하러간다기보다 한국에서 이런 우동을 체험해본다라는 마인드로 가면 만족할 수 있을듯. 츠케멘을 시켰는데 일반적인 소스랑 참깨 소스 둘다 나오는것으로 시켰다. 츠케멘 외에도 뜨거운 우동과 정식등등이 있고 면은 곱배기로 주문이 가능하다. 추가주문은 어렵다고 적혀있으니 주문할때 곱배기로 해달라고 하는데 나오는 양을 보면 곱배기도 부족할성 싶다. 어쨌든 면자체는 최상이다. 탱글탱글하다고는 하기 어렵지만 쫀득하면서 찰기가 넘치는 면을 소스에 푹 담궜다 입에 넣으면서 우동은 목구멍으로 먹는것이라는 일본만화에서 본 말을 이해할 수 있었다. 참깨소스도 고소하면서 입안에 남지않고 깔끔해 만족스러웠다......그래도 가격대비 너무 적은거 아닙니까.... 밥도 조금 주는데 츠케멘에 밥을 주면 뭐랑 먹으라는건지 이해가 안된다. 위에도 적었지만 일본우동을 체험시켜주는 박물관입장료라고 생각하는게 속편하다. 아님 면만 따로 파니 사서 직접 익혀먹는 것도 나쁘지 않을듯.#아무리뷰,맛있다
669,이나니와요스케,AlexTheFood,"#200103바나#이나니와요스케 #미쉐린빕구르망2020⠀""우동 면이 다 통통하지는 않다는 사실!이나니와 우동은 가늘고 납작하다구요~""⠀#미쉐린가이드의의견[일본의 대표적인 면 요리인 우동. 일본의 3대 우동이라 불리는 사누키, 미즈사와, 이나니와 우동은 각각 개성이 뚜렷한 면발로 사랑받아왔다. 이나니와 우동은 우리나라에 가장 널리 알려진 통통한 면발의 사누키 우동과는 달리 면이 가늘고 납작하며, 식감은 부드럽고 쫄깃한 동시에 기분 좋은 탄력을 자랑한다. 수작업으로 만들어지는 이나니와 요스케 우동은 건면으로 생산하는데, 사흘의 작업 기간이 소요된다. 일본 사토 요스케의 서울 분점으로 현지의 맛을 그대로 즐길 수 있으며 그중 참깨 쯔유와 간장 쯔유를 곁들여 먹는 차가운 세이로 우동의 인기가 높다. 저녁엔 좀 더 다양한 요리와 함께 사케를 즐길 수 있다.]⠀#첫인상입구부터 비싼 분위기. 명동에 위치한만큼 영어로도 응대가 가능한 것 같아보였다. 평일 점심엔 직장인들로 가득 찼지만, 11시 50분에 가니 웨이팅 없이 세이프. 자리 자체도 꽤 넓어 나쁘지 않았다. 일본 특유의 우디한 인테리어가 돋보였던.⠀#텐푸라세이로참깨미소츠유 12,500#우동면 추가 3,000미쉐린가이드를 믿고 왔다면, 미쉐린에서 맛있다고 한 것을 먹어야 맛이 없어도 미쉐린을 탓할 수 있으므로... 인기가 높다는 차가운 세이로 우동 중 참깨미소츠유에 텐푸라까지 나오는 105번 메뉴로 주문했다. 함께 간 바이어님께서 면 추가하는 게 좋다하여 우동면 역시 추가. 우선 얇고 납작한 면이 굉장히 곱더라. 입에 들어가는 순간의 식감이 굉장히 부드럽고 매끈한 반면, 씹히는 치감은 탄력있어 좀 놀랐다. 참깨미소츠유 맛이 정말 내 취향이었는데, 참깨 특유의 고소한 단 맛이 나 같은 초딩입맛에게도 딱이더라. 함께 나온 텐푸라는 오히려 평범해서 조금 아쉬웠다.⠀#카라아게우동 10,000오히려 내 입맛에 맞았던 메뉴는 따뜻한 이나니와 우동. 카라아게는 그냥 사이드처럼 같이 나오는 거라 따뜻한 우동만 맛볼 수 있었는데, 면이 뜨거운 국물에 풀어져있음에도 우동 면 특유의 식감과 치감이 잘 살아있어 오히려 세이로 우동보다 좋게 느껴졌던 것 같다. 카라아게 자체는 맛은 있었으나 앞서 언급한 텐푸라처럼 특별한 점은 딱히 느껴지지 않았던.⠀#끝인상사실 내게 이나니와요스케는 '맛집'이 아니었다. 그냥 새로운 경험을 선사해준 식당 정도? 다만 이번 경험을 통해서 확실하게 느낀 점이 있다. 한국의 면 요리가 국물이나 소스의 '맛'에 조금 더 무게가 실려있다면, 일본의 면 요리는 면 자체의 '식감'에 무게가 더 실려있다는 것. 우리나라 사람들이 맥주 마실 때나 말하는 '목넘김'이란 표현을, 이들은 우동 면을 씹지 않고 넘길 때 '노도고시'라며 표현할 정도니 말이다.⠀이전에 맛있게 먹은 한양대의 우동가조쿠(#181120바나 참고) 역시 난 국물이 취향이라 좋았던 거지만, 최근 미쉐린에 올라간 미나미(#191114바나 참고)의 소바, 교다이야(#191113바나 참고)의 사누키 우동을 먹어보니 비로소 이들이 '면 자체의 식감'을 얼마나 중요하게 생각하는지 깨달을 수 있었다. 부드럽게 흘러가면서도 뚝뚝 끊기는 소바, 흡사 떡 같은 식감의 사누키 우동, 그리고 이번의 매끄러우면서도 탄력있는 이나니와 우동이 갖는 면의 아이덴티티까지.⠀여전히 난 초딩입맛이라 상대적으로 식감에 중점을 둔 이런 집들이 엄청 맛있는지 잘 모르겠지만, 확실히 하나하나 경험이 쌓여갈 수록 그 차이가 점점 혀에 새겨지는 듯한 느낌이 든다. 언젠가 이런 식감에 감탄할 수 있을 정도의 미식가가 되길 바라며,",괜찮다
670,이나니와요스케,됵한미식가,여러분 이집은 세이로입니다면의 탱글함과 풍부함을 극대화시키는 찬 면을 꼭 먹어주세요. 함께 나오는 땅콩 소스는 감칠맛 +100000000* 물론 온면 육수도 훌륭합니다넉넉한 매장 크기에 여유로운 좌석 배치도 천천히 분위기를 즐기며 식사하기에 좋습니다근처 직장인들이 술 마시러도 많이 오는 모양고로케는 슴슴한 입안을 꽉 채우는 풍요로운 맛안시키면 바부야 바부하이볼은 달지 않습니다오리지널 하이볼을 좋아하시는 분이라면 추천 왕추천,맛있다
671,이나니와요스케,맛되디,"<믿고 먹는 가게>이 주변에서 가장 믿고 먹는 곳 중 하나인 이나니와요스케! 늘 먹던 기본 이나니와 우동, 깨쯔유 이나니와 우동, 게크림고로케, 가라아게 주문해서 먹었고.. 역시 이번에도 맛있게 잘 먹었네요ㅎ사실 맛, 서비스 모든 게 만족스럽지만 양이 너무 소식가양으로 주시는 게 유일한 불만이었던 곳입니다.. 그런데 이번에는 양이 늘어난 건지...? 제법 배부르게 먹었어요..ㅋㅋㅋ 양이 적게 느껴시지 않더군요 이번엔참깨 쯔유 우동은 여친 추천으로 처음 맛봤는데, 맛있어서 신기.. 지금까진 좀 안 어울릴 것 같아서 잘 주문 안 했던 메뉴거늘... 가느다란 이나니와 우동면에 깨쯔유, 됴흔 조합이었습니다 허허사이드 중에는 고로케가 괜찮았어요! 고로케는 어디서 시켜도 큰 기대 없이 시키는 편이라 더 맛있게 느낀 걸 수도 있지만ㅋㅋ 기본에 충실한 파삭부드러운 고로케였습니다.부모님, 연인, 친구 어느 조합으로 방문해도 욕 먹을 일은 없는 곳이 이나니와요스케죠. 붙어있다시피한 생선구이집 구이구이랑 함께 언제 가도 맘편히 좋은 식사할 수 있어 좋아요. 추천합니다 :)",맛있다
672,이나니와요스케,로컬플레이스러버,"태어나서 처음 경험한 면의 식감, 정말 부드럽고 탱글탱글하다. (처음 같이 먹은 사람들의 반응 ‘아니 이게 뭐야?!’ 그러게 말이다.)But, 양은 심히 작고 비싸다. 점심시간에 웨이팅은 좀 있지만 외국인 친구들이 시청역(내 오피스 동네)에 놀러오면 항상 데리고 가는 곳 (친구들은 항상 환장하게 좋아했었다.)",맛있다
673,이나니와요스케,Yoondied,냉우동이랑 오징어튀김 최고 맛있어 ㅜㅜ 현지 분위기 물씬임...,맛있다
674,이나니와요스케,효모,"맛 4/5 , 가성비 4/5 , 쾌적함 4/5총평 : 믿고 먹는 미슐랭. 맛과 가성비 모두 챙긴 행복한 데일리 우동집.시도한 메뉴 : 덴뿌라 냉우동(13.0), 소고기 온우동(15.0)믿고 먹는 미슐랭이라 써 뒀지만.. 사실 미슐랭 음식점 방문은 처음입니다. ㅎ 다만, 미식을 전문으로 하는 사람들이 맛있다고 칭찬한 집은 취향을 제쳐 놓고서라도 상당히 훌륭하다는 것을 다시 확인하였습니다. 명불허전일까요.평일 한 시에 가서 웨이팅이 있을 줄 알았는데, 직장인 점심시간 피크를 피해서 그런지 바로 들어갔습니다. 자리가 넓고 칸막이가 높은 편이라 아늑했습니다. 쿠션이 푹신한 것도 좋았습니다.우동 면이 흔히 접하는 것보다 훨씬 가늘고 굵은 소면(?) 느낌인데, 고소 + 쫄깃 + 잡맛 없음의 조화가 인상에 남습니다. 거기에 따뜻하게 먹어도 시원하게 먹어도 참 잘 어울려요.가볍고 깔끔한 풍미를 추구해서 부담 없이 먹을 수 있고, 소스나 튀김 등에서도 흠 잡을 데가 특별히 없는 완성도를 자랑합니다. 풍미가 깊고 깊어서 혀르가즘(!)을 느끼는 그런 맛의 방향은 아니지만, 입에 자연스레 미소를 머금고 행복해지는 그런 맛은 충분히 있었습니다.아, 그리고 덴뿌라는 정말 '고급스럽다'는 인상을 받을 만큼 깔끔하고 겉바속촉했습니다. 안쪽 재료의 신선도나 밑간도 정말 훌륭하고, 튀김도 다른 음식점에서 배워갔으면 할 만큼 맛있었습니다. 다음엔 튀김이 메인인 덮밥 쪽을 도전해 보고 싶어요.",맛있다
675,이나니와요스케,폴리,"소나기 내리는 저녁, 식도를 적시는 우동면꾸물꾸물한 여름 저녁, 슴슴하고 따뜻하고 후루룩 넘길 수 있는 것이 먹고 싶어서 갔어요.다른 요리들도 맛이 없진 않지만, 잘 훈연된 가스오부시를 넣고 만든 온우동은 제가 바라던 바로 그 슴슴하고 따뜻한 우동 한 그릇이었어요.간단한 재료로 만든 간단한 국수 한 그릇에 더위와 짜증이 날아갔답니다.",맛있다
676,이나니와요스케,앙냠냠,온우동은 짠편인데 못먹을정도는 아니구냉우동은 먹어보려고 참깨소스랑 쯔유같이있는거 주문함참깨소스는 고소하긴한데 달고 맛이 강해서 쯔유가 상큼하니 더 나았다. 면이 좋아서 맛있게는 먹었지만 재방문할 정도는 아님!,괜찮다
677,이나니와요스케,yes_bo2,7/10덴뿌라가 킬포.,맛있다
678,이나니와요스케,코가솜,"온우동 냉우동 고로케 중 고로케가 제일이고, 입맛에 맞지않고 디너라 가성비도 굉장히 떨어진다 느꼈다. 온우동은 개인적 입맛으로는 짜게 느껴져서 나중에 물 한통 다 비울정도..",별로
679,이나니와요스케,예랑,"한줄평: 두꺼운 우동면만 맛있다고 생각한 편견을 뒤엎어준 곳4월의 생일주간에 먹었던 이나니와요스케 시청점.전전날 예약을 시도했지만, 이미 예약자리는 풀로 꽉찼다. 일찍 가서 앉았더니 문제는 단체손님좌석 옆에 남은 테이블에 앉았...ㅠㅠ 그랬더니 조용히 식사하는 느낌은 1도 안났음.이게 시청점 두번째 방문인데, 처음 먹었을 때 두껍고 쫄깃한 우동면만 우동이라 생각하던 나의 편견을 뒤엎어줬다. 얇은 면도 제법 맛있다는거!이날도 이나니와우동 먹었는데 깔끔하니 맛났다. 다만 여기도 지대가 지대인지라 가격은... ㅠㅠ 얻어먹었으니 만족하렵니다.",맛있다
680,이나니와요스케,lijoongddak,냉우동 면발이 정말 탱탱하다면 추가는 필수인듯 양이 적다덴푸라는 굳이 안해도 될듯쯔유보다 미소어쩌고가 낫다맛있긴 한데 다시 가고픈 생각은 들지 않아서 '괜찮다' 정도,괜찮다
681,이나니와요스케,마중산,"우동집인가 술집인가?한국인가 일본인가?정체성 헷갈렸지만, 우동은 맛있었던 집.냉우동 즐기러 갔더니 생각보다 넓은 공간에 다양한 주류가 디스플레이되어 있어서 놀람.옆 테이블엔 일본분들이 사케를 마시고 계셨음.우선 우동은 면이 아주 인상적.윤기가 넘쳐 미끄덩거리지만, 쫄깃한 식감도 만족스러웠음.소스는 두 가지가 준비됨. 쇼유와 참깨 소스. 슴슴하다는 평들이 있던데 전혀 아니었다. 간은 되려 센 편.더워서 간 곳이고, 입맛 찾고 싶었던 지라 만족스레 먹었다.출구에 보니 면을 파시던데, 사고 싶은 마음이 잠시 들 정도로 면이 만족스러웠다. 인근에서 좋은 우동 옵션인듯!",맛있다
682,이나니와요스케,정윤영,다음을 기대하게 만든다.,맛있다
683,이나니와요스케,썸머쏭쏭,"• 너무 오고싶었던 곳• 저녁 방문 -> 노웨이팅• 깔끔한 우동맛• 쫄깃한 면발• 약간의 일본 느낌• 벝, 너무 기대가 컸는지ㅎㅎ• 기분이 좋아서 맛있게 느껴짐ㅎㅎ• 운동 후 왕창 먹기ㅎ• 적당한 정량으로 인해 사이드를 추가하지 않을 수 없는 똑똑한 식당전략• 이것저것 시키다면 2-3만원 훌쩍• 이 가격이면 다른 우동집도 많이 생각남• 홍대 가미우동• 역삼 진가와• 청담 호무랑• 갓포아키 우엉쇠고기면!!! (완전 추천!!)• 지금 없어진 가로수길 오비야 ㅠㅠ• 이촌 미타니아!!• 오모테산도 입구에 면완전맛집! • ‘맛있다’와 ‘괜찮다’를 좌우하는 그 ‘한끝’ 차이가 안 느껴짐 또르르 • 고로케 2개 8천원.. 이제와서 생각해보니 웁스!• 아 그리고.. 미소 소스?? 참깨 드레싱인줄;;• 진저 하이볼 굿♥️• 술 한잔 하기 좋은 곳• 그리고 왕예민 떨자면.. 약간 wear and tear, 사용감 및 물냄새가 있는 듯한 느낌.. >_<-끝-",괜찮다
684,이나니와요스케,Cho,"세히로우동, 시메사바(고등어초절임), 고로케 등을 먹었다. 1. 우동 찍어먹는 쯔유는 추가시 비용이 발생하는데 뭐든 다 용서되는 맛이다.2. 시메사바는 고등어초절임에 마 간 것을 올려먹었다. 마의 끈기와 고등어 풍미가 잘 어울린다.3. 고로케는 바삭하고 튼실하다.",맛있다
685,이나니와요스케,뿌꾸빵,걍 소소,괜찮다
686,이나니와요스케,미식한고독가,"열한시 좀 넘어서 가니 사람이 없어서 좋았다. 덴뿌라 정식이었나? 냉우동이링 (내가 안먹음) 가라아게 온우동을 시켰는데 가라아게, 우동 따로 나온다. 매사 바삭함 추구하는 찍먹강경파인 나는 우동에 튀김 담가져나오는것도 극혐해서 이 부분은 좋았음. 그러나 내 입맛에는 너무 짰고, 가라아게는 닭 튀긴거니까 당연히 맛은 있는데 희미하게 생강향이 나서 좀 거슬렸다. 일본에서 먹은 우동은 소금물 맛인걸 감안한다면 어느정도 현지의 맛인가 싶으나.. 나는 짠게 싫을뿐이고.. 두껍고 오동통한 면발을 좋아하는데 면이 얇아서 너무 실망했다. 그것과는 별개로 면이 탱탱하긴 했으나 나처럼 오동통면을 좋아하능 사람에겐 모르고 가면 실망할 일. 짝꿍은 맛있게 잘 먹는것같았다. 만약 다음에 가면 나도 냉우동을 먹겠다. 별로까진 아니지만 엄청 맛집까지도 아님.",괜찮다
687,이나니와요스케,Naimy,면면과 국물 쯔유 다 맛있어서 원샷면이 모자른 느낌이라 담번엔 추가해서 먹고싶다,맛있다
688,이나니와요스케,YSL,"탱글탱글한 면발 하나는 진짜 최고임. 쯔유우동(참깨미소/간장쯔유 반반 가능, 면추가도 가능한데 주문시에만 추가 가능!) 이랑 온우동(텐뿌라)이랑 두가지 다 먹어봤는데 각자의 매력이 있었움. 새우고로케가 맛있으니 사이드로 꼭 시켜야함! 근데 초밥은 그냥저냥 쏘쏘. 당연히 맛집이라 예약 안될 줄 알고 점심시간 빨리 나와서 웨이팅했는데 예약 되더라구여 ㅠ 요즘 같은 날씨에 딱 먹기 좋은데 미리 예약하고 가면 시간도 킵하고 좋을듯.",맛있다
689,이나니와요스케,dotori,"4/10식감이 중요한 나는 이 집 면은 괜찮고, 온우동은 별로, 냉우동은 참깨미소에 먹을만 했다. 어제 코가 예민했는지 가게에 들어가자마자 기름기가 맡아지고 메슥거려서 예상은 했지만, 템푸라나 가쿠니나 다 기름냄새를 못 잡아서 먹기 힘들었다.",괜찮다
690,이나니와요스케,작뾰,얇은면발을 선호하시는 분들이 가기에 좋은집비싸지만 양이 적어 1인 2메뉴가 적당할듯,괜찮다
691,이나니와요스케,ㅎㄱㄷ,[새우크림고로케]사이드메뉴인데 식사류보다 먼저 나왔다. 부드럽다 못해 약간 흘러내리는 질감임. 되직한 크림수프?같은데 사이사이에 새우가 씹히는게 포인트다. 두조각에 8천원이라 비싸다고 생각했는데 맛있어서 빠르게 수긍ㅎㅎ[세이로간장츠유]한입 먹는데 면발이 살아있는 줄ㅋㅋㅋ 면발이 탱글해서 기분이 막 좋아짐. 쯔유 소스는 평범했던 것 같은데 면이랑 조합은 괜찮음. 참깨도 맛있을 것 같지만 시원하고 깔끔하게 먹기엔 쯔유가 좀 더 나을듯[가케우동]따뜻한 우동이라 냉우동처럼 쫄깃하진 않지만 나름 매력있음. 가격에 대비해도 꽤 괜찮은 맛이다. 다만 얘만 먹으면 좀 심심할 수 있으니 다른거랑 세트로 시키거나 사이드메뉴 추가 추천[가쿠나 돈부리]고기가 쫀득하고 맛있었다. 근데 우동한테 밀려서 임팩트가 별로 안남음 ㅠㅠ 미안해 돈부리야정식류는 메뉴가 조금씩 바뀌는 것 같은데 내가 갔을 땐 우동이 들어간 메뉴가 별로 없어서 좀 아쉬웠다 ㅠ 여름에 냉우동 먹으러 다시 가야겠음!,맛있다
692,이나니와요스케,뉸뉴난나,면이 확실히 독특하네요! 쫄깃한 느낌보다는 탱글하면서 미끄덩한 느낌온우동보단 냉우동이 맛있었어요온우동은 평범한듯 좀 짜요냉우동은 면발이 온전히 느껴지고 간장이랑 참깨미소 번갈아 먹는 맛이 재밌네요새우크림고로케 입에서 사르르 녹고 튀김은 바삭하고 굿굿,괜찮다
693,이나니와요스케,❤️,간장츠유 카케우동 ⭐️⭐️⭐️✨참깨미소츠유 냉우동 ⭐️⭐️⭐️새우크림고로케 ⭐️⭐️⭐️⭐️확실히 냉우동 면의 식감이 좋았는데같이 먹는 소스의 맛이 그저 그랬다.온우동으로 먹은 가케우동은 면 식감이 일반 국수같은 느낌이었는데국물 맛은 처음에 살짝 탄맛같다가도 나름 매력있게 느껴졌다.플레이팅상 고명이 거의 없어서 매우 심심한 느낌이다.국수같은 느낌을 생각하면 괜찮지만일반 우동면의 부피감? 같은걸 기대하고 간다면 실망할 듯 하다.오히려 고로케가 가장 맛있는 메뉴였다.돈까스 소스같은 소스가 고로케 위에 얹어져 있었는데 덕분에 덜 느끼하게 느껴졌다.,괜찮다
694,이나니와요스케,hosun06,유명한 집이라 갔는데 음.....저는 그냥그랬어요일단 평소에 많이 먹던 우동맛이 아니기도 하고약간 밍밍한 느낌이더라구요깔끔담백한 맛 좋아하시는 분들은 맛있게 드실 것 같아요그리고 따뜻한면 차가운면 세트로 먹을 수 있어서 좋아요 ㅎㅎ,괜찮다
695,이나니와요스케,빵추니,"특별한 우동이다. 쫄깃하고 생생한 식감ㅡ 한올 한올 깨끗한 면발을 맑은 간장에 찍어 먹을 때마다 느껴지는 산뜻함 ㅡ 기분 좋다!  참깨소스는 생각보다 특별하지 않으며 외려 간장 소스가 좀더 나은 편이다. 먹고 난 후 후쿠오카 노코노시마섬의 히야시 냉우동이 떠올랐다. 사이드로 시킨 크림새우고로케도 매우 맛있다. (단, 스시나 튀김은 시키지 마시라.....)",맛있다
696,이나니와요스케,이효선,그냥 우동맛... 딱히 맛있다할것이 없음.. 우동보다 고로케가 더 맛있었어요..,별로
697,이나니와요스케,삼둥,참깨소스에 찍어먹는 우동이 인상깊엇다,괜찮다
698,이나니와요스케,히믈내요슈퍼파월,"재방문한 이나니와 요스케! 우동은 저번에 리뷰했으니 이번에는 새로 먹은 메뉴들을 리뷰할게요! 평일 런치로 방문했는데 매장이 안 쪽까지 정말 넓더라고요. 룸에서 먹었습니다.# 새우 크림 고로케 (2pc, 8.) : 친구가 고로케가 유명하다며 시켰는데 두 피스가 반으로 갈라져서 나와요. 쪼그만 칵테일 새우가 들어있어서 오동통하게 씹히는 맛이 나요! 크림도 느끼하지 않고 부드럽네요. 두 피스여서 좀 양이 적다고 생각은 들었어요ㅠㅠ# 가쿠니동 (9.) : 저는 차슈나 부타동 같은 거 생각했는데 오 이거 맛있네요. 약간 동파육처럼 야들야들하면서 짜지가 않아서 좋았어요. 결따라서 포스스 잘 갈라지고 폭신폭신해요! 밥을 좋아하는 저에게는 정말 좋았던 메뉴.우동 맛집으로 알았는데 다른 메뉴들도 다 맛있어서 즐겁게 먹었어요. 다른 메뉴가 오히려 더 기대되던 재방문이었습니다 :)",맛있다
699,이나니와요스케,헬리,땅콩소스와 츠유 두가지 소스의 냉우동. 쫄깃 탱글한 면의 식감이 좋았다. 땅콩소스는 맛있었고 츠유는 조금 짰음.. 면만 먹기에는 조금 허전한 느낌이 있었다. 덴뿌라 포함된걸로 시켰으면 더 좋았을듯. 일행이 온우동을 먹어서 맛봤는데 면의 탱글한 느낌이 확실히 퍼져서 없어진게 아쉬웠다. 국물은 냉우동의 츠유소스를 따뜻하게 물에 탄 것 같았다. 한번쯤 가보기 괜찮은곳~,괜찮다
700,이나니와요스케,니나노,그냥 우동 먹고 싶을 때 찾아가기 좋은 곳이다면발이 굉장히 특이하다굵은 면발이 아니라 굉장히 얅고 특이한 면발이라서 먹는 재미가 있었다그런데 맛에 비해 가격이 좀 있다이해가 되지 않는 가격..그리고 국물이 좀 짰음,괜찮다
701,이나니와요스케,히믈내요슈퍼파월,"을지로 쪽에서 일하시는 선배님께서 추천하셔서 같이 방문하게 됐어요! 평일 저녁에 예약하고 갔는데 안 했으면 웨이팅할 뻔했어요. 예약되는 우동집은 처음 봐요... 입구는 무지 쁘띠해보였는데 안은 깊고 넓더라고요.냉우동 간장츠유(하프 사이즈, 8.)를 먹었는데 저로서는 이런 얇고 탱탱한 면발이 처음이어서 넘나 신세계였어요. ‘우동은 따뜻해야 제맛!’이라고 생각했었는데 쫄깃하고 맛있어서 시원한 면인데도 후루룩거리면서 먹었네요. 원래 한 번에 많이 먹는 편이 아니라서 하프 사이즈가 그럭저럭 괜찮기는 했는데 배가 금방 꺼지더라고요... 핳제가 한국에서 먹어본 우동 중에서는 제일 맛있었어요! 통통 보들한 우동만 우동이 아니라는 걸 배우고 갑니당 ^^7",맛있다
702,이나니와요스케,SongPaul Byung Chan,고로케도 맛있고 우동소스가 맛있다!,맛있다
703,이나니와요스케,희희희,저같은 선택장애를 위해서 반반 선택할 수 있는 메뉴가 있어서 너무 좋았어요! 냉우동이랑 따뜻한 우동 반반 메뉴도 있었구 쯔유 두 종류를 먹을 수 있는 메뉴도 있어서 고민 끝에 세이로 우동(냉우동)이 유명하대서 세이로로 쯔유 두개로 먹었습니다.저는 참깨 소스가 더 맛있었어요! 그냥 간장 쯔유도 맛있긴 한데 다른 데서도 맛 볼 수 있는 맛이었다면 참깨 소스는 특이해서 더 맛있었던 것 같아요. 안 어울릴 것 같은데도 잘 어울리더라구요. 그리고 면이 보통 우동면이랑 다르게 얇아서 좋았어요. 진짜 면발 체고bbb분위기는 되게 정갈하고 고급진 일식당 느낌? 회사가 근처에 많다보니 전체적으로 손님들 나이대가 있어보이셨어요. 조용하고 좋더라구요,맛있다
704,이나니와요스케,Spidey,올해 이사가기 전 자주 방문했던 이나니와요스케..  시청 프레지던트 호텔 1층 구석에 위치해 처음 방문했을때 찾기가 힘들었지만 첫 방문 이후로 주변에 우동 맛집 및 시청에서 맛집을 추천하자면 이나니와요스케를 제일 먼저 추천한다. 최근들어 미슐랭 빕꾸르망에서도 선정되어  타카하시 타케후미 조리장이 오픈한 이곳은 대중적으로 아는 두꺼운 우동면이 아닌 직접 제조한 건면을 이용해서 우동을 판매하고 있다.  냉우동 ‘세이로 간장츠유’  온우동 ‘카케우동’ 두가지를 판매하고 있고 냉우동 같은 경우에는 판모밀과 비슷하게 따로 국물이 담긴 그릇에다 먹는다. 우동뿐만 아닌 다양한 종류의 일식 요리들이 있지만 이곳에서는 냉우동 온우동 두가지만 식사한다.최근 방문때는 한겨울이라 온우동을 시켰다.  부드러운 건면 과 따뜻하고 진한 국물의 조합은 최고라고 생각한다.,맛있다
705,이나니와요스케,달려요달려,일본 3대 우동인 이나니와 우동350년된 사토 요스케의 한국 분점세이로 런치면이 얇다 쫄깃하다!!일본 프렌차이즈 답게 쌀이 좋다.런치가 더 싼데 양이 너무 적다,맛있다
706,이나니와요스케,서박,"카라아게모리이와세랑 카케우동, 어린이세트를 시켰는데 오우 괜찮다~워낙 메뉴 가격이 저렴한건 아니지만 돈이 아깝지 않았다. 특히 카라아게~ 다양하게 나와서 만족스럽더라. 어린이세트도 아주 굳카케우동 양이 적었는데 배가 고프지 않은 우리들한테는 적지 않은 양이었고 일본음식 양 적네 이런 생각이 들 정도는 아니었다.여럿이 간다면 재방문 의사 있음 ㅋ한가지 단점은 화장실이 영~~",맛있다
707,이나니와요스케,Coldwhite,고로케를 꼭 드십쇼...진짜 두번세번네번다섯번 드십쇼 JMT입니다..그리고 소스는 간장말고 땅콩?소스가 더 맛있어욤,맛있다
708,이나니와요스케,파랑앤홍,"18-141우동, 냉우동 면 매니아인 나로서는 참 궁금했던 집이기도 하고 그 맛에 대한 기대감도 꽤 높았던 집입니다드디어 방문하여 다양한 메뉴들을 먹었습니다새우크림고로케는 여러 홀릭님들 말씀처럼 맛있습니다우동은 와규우동과 냉우동 세이로 참깨쯔유와 간장쯔유로 했습니다와규 우동은 평타세이로 참깨는 맛있긴 한데 기대가 너무 높았는지 그정도까지는 아니었고 간장에 찍어먹으니 참깨가 훨 났네 하는 느낌인데 면 하나는 일품입니다 적당한 탄력과 맛이 참 좋습니다비오는 금요일 심우들과 함께하는 자리에서 뭐든 맛이 없을까만은 여러가지 골고루 시켰는데 좋았습니다7시에 갔는데 웨이팅 좀 있긴 합니다만 식사위주의 손님들이라 금방 자리가 나네요평일 7시이전은 예약 가능7시 이후는 예약이 안됩니다방문추천 85%서비스 90%청결 80%주차는 안되니 롯데 백화점이나 프레스센타 주차장을 추천합니다",맛있다
709,이나니와요스케,집사,냉우동 맛있음! 새우튀김은 튀김전문점이 아니라 그런지 그저 그랬음. 하지만 전체적으로 만족.,맛있다
710,이나니와요스케,준영,항상 궁금하던 이나니와요스케! 주변에 갈일이 없어 그냥 이거만 먹으러 찾아갔어요ㅎㅎ 생각보다 입구가 너무 좁아 찾을 때 헷갈리더라구요. 가게는 넓은데 손님은 생각보다 적어서 아주 널찍하고 좋았어요! 우동은 냉온 우동 세트로 주문했어요. 둘다 얇고 탱글한 면발 맛있고 가케우동 국물도 깔끔했던 기억이에요. 튀김이 살짝 분식집 튀김 같은 느낌이 들어 좀 아쉬웠어요ㅠㅠ 친구가 주문한 치쿠와 튀김은 진짜 맛있다하더라구요!,맛있다
711,이나니와요스케,Capriccio06,오랜만에 깔끔한 냉우동 생각이 나서 재방문 했다. 아무래도 쫄깃하고 도톰한 면발인 우동을 더 좋아하는데 또 날이 더워지니 깔끔한 건면도 괜찮을 것 같아서 근처간김에 방문 했다. 여전히 깔끔한 식사를 내는데 양에 비해서는 가격대가 조금 높긴하다. 면은 부드러우면서도 적당히 잘 익혀서 쯔유에 찍어먹기 딱 좋다. 참깨 좋아해서 참깨미소쯔유로 선택하곤 하는데 기본 간장 느낌보다는 좀 텁텁하긴 하지만 더 고소하다. 가게도 쾌적하고 메뉴도 다양해서 저녁에 간단히 술과 함께 하는 모임도 괜찮을 듯.,맛있다
712,이나니와요스케,피나코테크,날이 너무 더워서 시청근처서 가볍게 한끼하려고 들름!냉우동에 게살크림고로케 세트를 시켰다냉우동은 면발이 플랫하고 얇아서 요즘같은계절에 시원하게 먹기 좋은 적당히 찰기있는 느낌? 이었고 같이 시킨 고로케가 굉장히 부드럽고 리치한 맛이어서 우동의 부족한 양을 딱 메꿔주는 느낌이었다. 고로케의 튀김상태도 좋아서 다른 튀김메뉴 먹어도 맛있을것같고 이자카야느낌의 다른 일식메뉴도 많아서 술마시러 와도 좋을거같다. 분위기도 깔끔하고 자리도 널찍한편. 다만 싼 집은 아니고 분위기만큼의 가격대라서 술과 안주를 마구마구시키면 꽤 나올거같았다 ㅋㅋ,맛있다
713,이나니와요스케,림,이 주변은 갈 일이 은근 없어서 지나다닐 때마다 꼭 재방문 해야지 하다 드디어 방문! 두꺼운 면을 싫어해서 우동 그닥인데 여기 면은 넓적하고 식감마저 좋아서 참 좋다 여름에 냉우동은 정말이지 넘나 맛있! 간장 소스와 참깨 소스 두 가지가 있는데 저번엔 참깨 소스가 압도적으로 맛있었는데 이 날은 간장 소스가 더 맛있더라같이 나오는 반찬도 감칠맛이 좋아 잘 어울린다 근처 살았음 여름 내내 출근 도장 찍지 않았을까,맛있다
714,이나니와요스케,Feelmiin,면도 쫄깃하고 전체적으로 다 맛있었어요근데 양이 적은듯 배부른듯 딱 아쉬운 느낌을 남기네요 !! 이게 매력인가 ㅋㅋㅋ,맛있다
715,이나니와요스케,Yoominyy,"8.8/10역시 명장은 달랐다. 일본에 가지않고서도 이런 우동을 먹을 수 있다니:) 너무너무 맛있었어요. 탱글탱글한 면발과 진한 감칠맛의 쯔유가 너무 좋았던 이나니와 요스케!면 자체를 맛보고 즐기기엔 냉우동이 제격인 것 같아요. 면이 얇아서 그런지, 후루룩 넘어가는 식감도 좋았지만, 밀가루 특유의 텁텁함이 느껴지지 않더라구요. 최고! 쯔유가 정말 압권이었는데, 이제껏 먹어본 것 중 가장 맛있었어요. 이게 마냥 짠것도 그렇다고 단것도 아니어서, 입에서 묘하게 감칠맛이 싹 돌더라구요. 제가 알던 쯔유와 확연히 다른데, 이게 말로 설명하기가 어렵네요ㅠㅠ가케 온우동 역시 우리가 알고있는 보편적인 육수와 매우 달랐어요. 가쯔오부시와 다시마가 국물에서 정직하게 느껴지는데 비린내가 싹잡혀 부드러운 바닷가의 향같기도 하더라구요. 면 자체를 즐기기엔 조금 아쉽지만, 국물만큼은 인정:)서비스도 좋았어요. 좌식 손님을 위해 화장실용 슬리퍼가 따로 준비되어 있는 점, 나갈때 신발을 꺼내주시는 점 등 조그만 배려가 돋보였어요. 따듯한 실내 라이팅과 채광도 분위기를 편안하게 만드는데에 한몫한 것 같아요. 쉽게 접할 수 없는 이나니와 우동을 먹어보는 색다른 경험이었어요. 부모님이랑 함께 조만간 재방문 해볼려구요:)",맛있다
716,이나니와요스케,호두꽈자,"뭔가 엄청나게 쫄깃쫄깃한 느낌을 바라면 실망할 지도.. 끝내주는 맛이라고 하기엔 대중적이지는 않아서 완전 맛있어!! 를 느끼기엔 힘듦온우동 (카케우동) , 냉우동 (세이로 참깨미소 츠유)새우 크림 고로케이렇게 시켜 먹던 중에 좀 당황했던 게, 냉우동 어떻게 먹는 지 설명도 안해주고^^;뭐 대충 소스 안에 파랑 깻잎 와사비 넣어서 섞어먹음 되긴 하니 이건 그렇다치고..찍어먹는 참깨미소 소스를 애초에 너무 조금 주기 때문에 아껴먹어야 하는데 서빙하는 직원들이 아무 설명도 안해줬음이걸 모르고 소스 모잘라서 좀 더 달라니까 2500원인가 추가로 받음. 서비스는 일본이 아닌데 추가로 뭐 먹는다고 금액받는 건 일본과 동일해서 좀 당황ㅋㅋㅋㅋㅋ면이 반절이 남아서 안시킬 수도 없음 ㅋㅋ일본 걸 가져왔다치고 이런 시스템 이해까지는 하는데 갑자기 먹다가 돈 내라니까 묘하게 기분 나빠지므로 서빙 시 미리미리 알려주는 게 나을 듯함.냉우동은 처음엔 맛있었는데 모밀소바 마냥 소스 찍다보면 묽어져서 맹맛화 되는 밋밋함이 있고,카게우동은 나쁘지 않았지만 인생 우동이라고 하기엔 애매했고,개인적으론 고로케가 젤 맛있네^^;이 가격은 면 때문에 받는 건가 자릿세 때문에 받는 건가 맛 때문이라기엔 잘 모르겠음 ㅠㅠ그리고 가격이 올랐음. 망플 1인용 가격이 저녁에는 half 기준으로 되어있어서 생각보다 돈이 좀 더 들었음우동 한 그릇에 13000 ~ 18000 정도 되는 듯.서비스나 내용물에 비해 저녁 가성비가 별로임근데 또 전체적인 평을 별로라고 하기엔 맛없진 않고 딱히 나쁘지 않지만 전반적으로 그냥 보통.글구 주차장 없습니다. 이래저래 잘못된 정보가 많네요.",괜찮다
717,이나니와요스케,pys,"맛은 아주 좋으나, 우동이든 정식이든 양이 상당히 적어서, 사이드 메뉴를 시켜야만 배부르게 먹을 수 있다는게 함정. 양을 늘리거나 가격을 낮추지 않는다면 다시 찾지는 않을 듯. 참고로 사이드 메뉴 중 초밥 5개가 1만원 정도이고, 인당 2만 6천원 정도 예산이 필요.",별로
718,이나니와요스케,모찌얌,요리가 다 맛있을거 같은곳! 우동이랑 가라야게 시켜서 먹었는데 우동보다 가라야게가 더 맛있었다ㅋㅋㅋㅋㅋ,맛있다
719,이나니와요스케,권오찬,"* 미식행 품평 : 실수투성이 (타산지석)이번 리뷰는 요리 품평이라기 보다는 내가 미식행에서 행한 실수 위주로.. 주문한 메뉴는 하루 10개씩만 주문 가능하다던 정식 메뉴 4가지 중 스시 + 덴푸라 + 우동을 한번에 즐길 수 있었던 164번 메뉴* 첫번째 실수테이블에 소접시와 반찬통이 있길래 열어봤더니만 김치.. 한눈에 보기에도 잘 익은 것 같아 양껏 소접시에 김치를 덜었는데, 어느 정도 절제된 이나니와 요스케의 음식과 궁합이 좋지 않다. 따뜻한 덴푸라의 바삭함, 우동면의 부드러움과 쫄깃함 등을 즐기는데 김치의 강한 산미와 향이 자꾸 방해를..궁합이 좋지 않다는 것이지 프리미엄 우동집답게 김치라는 반찬 역시 맛은 분명히 있다.* 두번째 실수선착순에 약한 사람이기에 아직 주문이 가능하대길래 냅다 이것 저것 먹을 수 있는 정식(18천원)을 시켰는데, ,우동 한 젓가락 먹어보고나서 후회가.. 같은 값이라면 온우동과 쯔유우동 2가지를 맛봤어야 했는데라는.. 일본 3대우동이라 일컬어질만큼 맛도 절제된 품격이 가득했지만, 양도 참 절제미가.. ㅋㅋ우동맛집답게 2종류 우동을 다 맛봤어야 했는데라는 아쉬움이 있다.* 품평입구에는 이 집의 조리장이 쓴 글이 적혀있다.<여기 나이든 늙은 요리사 한명이 남은 요리 인생의 마지막을 여러분과 함께 하려 한다고..>이 집의 우동을 먹고 계산하고 나오며 이 글을 봤는데, 그의 진심이 깜빡이도 켜지 않고 훅 들어왔다. 맛있다. 이 집 음식..",맛있다
720,이나니와요스케,benedetta,"근처로 직장을 이동하고 주변에 물어봤을때 가장먼저추천받았던집. 하지만 항상웨이팅이 있어서 못가보다가 드뎌가봤다. 생각보다 안쪽에 룸?파티션?이 많아서 자리가 꽤많더라. 그런데도 웨이팅이생기는걸보면 점심시간에는 정말 많은듯. 저녁에는 웨이팅없이 앉을수있다.다른분들이 워낙 구체적으로 리뷰를 잘 써놓으셔서 간단하게.. 내가 느낀점만 적자면송도점과 이곳다 방문해보았는데 난 사누키우동이 더 잘맞는듯하다. 약간 츠유에서 산미? 가 나는데 그게 나한테는 그리 유쾌하진않고 어짜피 색다른 경험을 할거라면 광화문에 나미시부키가 낫지않나 하는생각? 양이 적어서 우동만 먹으면 절대안된다. 정말적음. 워낙 면을 만드는데 공수가 많이 들어가는음식이라 가격대가 높지만 덮밥류도 가격대가 좀있음ㅋ 초밥, 튀김 이런것들은 머 무난한 맛이다.",괜찮다
721,이나니와요스케,우이리,간장소스와 참깨소스 두가지 있는거 시키는 것 부터 미스인거 같아요. 일단 양이 적다는 의견이 많은데 사실이 아닌거 같아요. 면추가 해서 먹었는데 모자란 느낌은 참깨소스나 간장소스를 충분히 맛을 못 느낀 것에 대한 불만인거 같아요. 면이 얇아 소스를 듬뿍 머금었는데도 더 먹고 싶다고 생각되어지더군요. 크림고롯개까지 먹었는데 더라는 생각이 스치더군요. 근데 좀 걸어다니니 포만감이 올라오더군요.한가지 소스에 면추가하세요.,맛있다
722,이나니와요스케,BINI,항상 만족스러운 우동집우동치고 가격이 좀 비싸지만 아깝지 않아요,맛있다
723,이나니와요스케,Woody,우동 전문점 <이나니와요스케> 시청점. 카케우동 하프사이즈는 맛있긴 하지만 가격(9천원)에는 의문이 들었다(보통 사이즈는 13천원). 새우 덴뿌라(8천원)는 훌륭했다.,괜찮다
724,해랑스시,고균,"서울역 가성비 최고인 해랑스시집이에요!! 여기 해랑에서는 회전초밥을 말도안되는 가격에 먹을 수 있답니당~ 서울역 세브란스 건물 지하1층에 위치하고있어요! 일단 기본 10접시에 17000원…이게 말이되나요 ㅠㅠㅠ 100접시먹을래여.. 진짜 저렴하고 기본 10접시 이후에는 접시당 1500원..더 싸져요..ㅋㅋㅋ 즉석으로 초밥을 만들어주시니 맛도 너무 좋고 정신없이 먹게되더라구요! 다른곳 가면 2,3배는 더 나오는데.. 진짜 가성비 최고 맛도 최고인 해랑! 추천드려요!!",맛있다
725,해랑스시,소미,"서울역 해랑스시 회전초밥 맛집입니다. 서울역 6번출구에서 걸어서 5분거리에 있어요. (주차 가능)다양한 초밥과 특모듬 사시미, 볶음우동까지 알차게 먹을 수 있습니다. 기본 10접시는 17,000원이고 추가 접시는 1,500원씩입니다. 서울에서 이런 가격 스시집은 없는듯해요. 가성비 맛집",맛있다
726,해랑스시,yoom,서울역인근 회전초밥맛집 해랑스시식사시간에 맞춰가면 웨이팅 있고인근 회사원들이 주고객층이 쾌적하고 깔끔합니다스시는 접시당 가격 책정되고기본 10접시 이후부터는 가격이 살짝 인하됨1인당 무조건 10접시 먹어야하는데필수적으로 10접시를 먹어야하는게 좀 아쉬워요양이 적은사람도 있는데 이부분은 살짝 그랬음스시맛은 전체적으로 무난하니 괜찮았습니다,별로
727,해랑스시,최정윤,가성비 매우 좋았음! 이치반보단 훠어어얼씬 낫다!! 접객태도도 좋으심 ㅎㅎ 고급진 스시를 바란다면 아쉬울 수 있으나 그래도 이 가격에 이 퀄리티라면 매우 만족,맛있다
728,이자카야금파,*,#고등어시메사바고등어회를 주문했다. 술이취해서 영 맛이 기억이 안난다. 기분탓인가 괜찮았던것같네...,괜찮다
729,이자카야금파,룡,금파금파 규동규동 맛남 ㅠㅜ,맛있다
730,이자카야금파,룡,새우깡 최고!,맛있다
731,후쿠오카모츠나베,yoom,서울로테라스에 있는 맛집 후쿠오카모츠나베모츠나베 대창의 원산지가 국산한우인것이 훌륭해요가격대는 있으나 역시 한우가 맛있어용!저염명란 나베로 주문해서 먹었는데고추가 들어가 느끼함없고 대창도 부들부들~명란도 맛있는데 저염이긴하지만국물맛이 베여있어서 살짝 짜게 느껴짐나베의 재료들 좀 건져먹고 밥 하나주문해 먹으면 좋아용,맛있다
732,후쿠오카모츠나베,당케쉔,"서울로테라스에 있는 후쿠오카 모쯔나베.추운 겨울엔 자고로 전골류를 먹어줘야 힘이 솟고 점심시간이 윤택해지는 것 아니겠습니꽈?맵기 조절 뿐만 아니라 토핑까지 자유자재로 고를 수 있어서 좋습니다.일찍 가야 자리가 있고 바로 웨이팅이 있어요.부추와 두부, 미소나베에 대창, 버섯, 양파, 마늘이 정말 잘 어울립니다.추워서 몸을 덜덜 떨면서 들어갔는데 모쯔나베를 먹고 있으면 어느새 뻘뻘 땀이 납니다.후끈후끈해지고 몸에 보양식을 넣어주는 기분이라 행복해져요.다 먹고 나면 면으로 설거지해 주는 거 잊으면 안 됩니다. 후후.회현역 근처에서 모쯔나베가 먹고 싶어지면 다시 찾아갈 곳!",맛있다
733,후쿠오카모츠나베,food enthusiast,"특수부위를 선호하지 않고 잘 안 먹는데, 곱창나베는 꽤 잘 먹었다. 유자 간장소스에 찍어 먹으니 곱창(?) 대창(?) 특유의 향도 묻히고 좋았음. 국물이 좋았고 라면사리 추가해서 먹는 것도 좋았음. 특수부위를 먹게된다면 이곳에서 먹을듯?",맛있다
734,후쿠오카모츠나베,Byong Hwa Kwon,낫베드 평범,괜찮다
735,후쿠오카모츠나베,Capriccio06,"한국에 체인으로 들어와있다고 해서 꽤 기대했던 곳. 기대만큼은 아니긴 했지만 대창 포함한 나베가 많이 느끼하지 않고 맛있었다. 부추나 야채가 많이 포함되어 있어서 기본은 심심하다는 평이 있어서 어묵이랑 함께 있는 메뉴로 시켰는데 잘했던 것 같다. 된장과 간장 소스중에 고를 수 있는데, 된장이 기본이지만 무난하게 간장으로... 적당히 짭짭할 간에 국물이 자박자박 있는 느낌이다. 맥주와도 괜찮지만 하이볼도 판매하니 조금 진한 술이 좋으면 이쪽이 좋을 것 같다. 차돌숙주볶음은 그냥 무난한 맛이었다.",맛있다
736,잉꼬,❤️거네❤️,잉세권이라서 행복한 직장인입니다. 점심엔 예약도 안되고 후토마키도 늘 품절이지만 초밥도 너무 맛있고 훌륭해요! 자리가 몇개 없어서 웨이팅 지옥이긴 합니다.사시미는 근소하게 구성이 바뀌는 것 같아요. 저번에 먹었을땐 아귀간도 주셨는데 이번에는 없어졌네요. 두께도 두툼하고 입에 넣으면 살살 녹는 식감이예요. 인당 2만원의 구성이라(3인 6만원) 가격이 저렴하진 않지만 그래도 필수로 시켜야 하는 메뉴입니다.잉꼬특초밥은 카이센동이랑 고민하다가 시켰는데 사시미의 구성이 초밥으로 거의 동일하게 나와요. 점심에 방문한다면 무조건 특초밥으로! 오마카세급 존맛초밥은 아니지만 이 근방 초밥집 중에선 원티어가 아닐까 싶습니다.저녁에 방문해서 차돌박이 탄탄나베와 바지락술찜(바질페스토&파스타면 추가)과 하이볼을 즐겼는데 둘 중엔 탄탄나베가 맛있었어요. 육수가 정말 진하고 차돌박이도 넉넉히 들어있어서 술이 술술 들어가는 맛! 하이볼은 달지 않아서 깔끔히 마실 수 있어요. 서비스로 주신 명란크림크래커도 너무 맛있어서 완벽한 마무리 :)저녁에는 조용한 분위기는 아니고 소규모 회식을 즐기는 직장인들이 많은 것 같았는데 그래도 메뉴가 다 너무 맛있기 때문에 또 가고싶어요! 재방문의사O#초밥맛집 #이자카야추천,맛있다
737,잉꼬,zzzzzo!,"서울역 근방에 있는 작은 이자카야입니다인테리어에 신경을 많이 쓰신것 같았어요, 군데군데 귀여운 소품이 있었습니다잉꼬초밥은 딱 2만원대의 맛있는 초밥이였습니다. 가성비초밥집 보단 맛있고 오마카세보단 덜한 정도였습니다.이곳에 차돌박이탄탄나베가 정말 맛있었어요! ""탄탄""이 들어가서 땅콩맛이 날까했는데 그렇진않았어요, 정말 진한맛의 고급짬뽕맛이 났습니다. 가격이 3만원 육박하지만 또 주문할 의향이있습니다.또 사장님이 굉장히 친절하시고 종종 서비스도 주십니다:)",맛있다
738,잉꼬,Saejun,"서울역 근처에 사는 지인의 소개로 알게된 곳. 가게 이름답게 간판에 잉꼬가 그려져 있어서 쉽게 찾을 수 있다. 2층에 위치한 아담한 매장으로 테이블은 4-5개 정도 있던 것 같다.인기 많은 곳이라 자리 잡기가 쉽지 않다고 않다. 금요일 저녁에 방문했는데 인기 메뉴라는 혼미구로 후토마끼는 이미 품절. 잉꼬초밥(17,000원) 과 차돌박이 탄탄 나베(25,000원)을 주문했다. 두 메뉴 다 괜찮았다. 특히 살짝 매콤하면서 고소한 국물의 나베가 만족스러웠다. 초밥도 구성이 알찼다. 생맥주가 없는 건 아쉬웠지만, 다양한 종류의 병맥주도 구비되어있다. 마감 전에 모든 테이블에 회무침(?)도 서비스로 주셨다 ☺️아담하고 조용한 분위기의 일식집으로 서울역 근방이라면 괜찮은 저녁식사 장소가 될 듯.",괜찮다
739,바닷가작은부엌,르웬,"뷰좋은 숙성회 맛집!덕수궁이 보이는 바로 앞 건물에 피자, 낙지, 중국음식, 한식 등 다양한 가게들이 많은데 이 곳은 회전문점으로 세꼬시와 보리굴비 등이 유명하다. 가격대가 꽤 있음에도 점심시간은 예약없이는 방문할 수 없고, 룸도 많아 손님 접대용으로 인기가 많다. 반찬으로 나오는 버섯조림과 파김치가 무척 깊고 진한 맛이 나서 입맛을 돋우고, 회를 시키면 해초와 다시마, 찍어먹을 수 있는 속젓을 함께 줘서 테이블이 다채로워진다.",맛있다
740,고담,야미야미,- 분위기: 가볍게 한잔 하고 싶어서 찾아간 이자카야. 깨끗하고 직원분들도 친절해서 편하게 술 한잔 하기 좋았다.- 가격: 평균적인 이자카야의 가격이랑 비슷한 듯. - 양: 양은 좀 작은 편이지만 2차로 갔을 땐 이 점은 오히려 좋은 점이긴 했다;; 근데 1차를 여기서부터 시작하기은 양이 좀 적지 않나 싶은..?- 맛: 2차로 간 곳인데 배가 불렀음에도 음식이 괜찮았다. 꼬치류가 확실히 부담 없이 술 한잔 하기 좋은 듯.,맛있다
741,고담,Ji-yoon Jung,장어덮밥으로 유명하고 연어덮밥두 맛있어요양은 여자가 먹기에 적당한편. 약간 양이 아쉽긴해요딱 깔끔하게 맛있게 먹기 좋아요점심엔 덮밥팔구 저녁엔 이자까야되는데 둘다 괜찮아요,맛있다
742,고담,꼬몽,"사케동은 훌륭!!장어덮밥은 장어덮밥집에 비해선 장어가 작은감이 있어요다음엔 새우튀김을 도전해볼거에요이 주변에 간단히 부담 없이 먹을 사케동이나 덮밥집이 많이 없어서 그런 면에선 좋았지만, 일부로 이걸 먹기 위해 오는 그 정도는 아니에용",괜찮다
743,고담,benedetta,/사케동/시청역 근처에 이정도 깨끗한?? 캐주얼한? 이자카야는 없는듯. 이런 캐주얼한 식당 불모지에 생긴지 얼마되지 않은 이자카야다.옥상에 있는 테이블도 이용할수있는데 시청역 교차로가 다 보이는 뷰다ㅎㅎ음식은 약간 가격대는 있지만 정갈한편. 난 사케동을 먹었는데 이동네에 사케동 같은거 먹을데 없다!! 내가 알기론 여기가 유일하다 ㅋㅋ그럼에도 깔끔하고고 갠추나다.여러가지 안주가있었다.저녁에도 퇴근길에 가볍게 들르기 좋은 곳인듯,괜찮다
744,송원스끼야끼샤브샤브,미식한고독가,"시청 플라자호텔 코앞에 되게 예전부터 있던 스키야키집.. 스키야키를 잘 안팔던 2000년대 초반에나 먹혔을것처럼 하수의 집이다. 송, 원, 그냥 스키야키가 있는데 원 스키야키와 그냥의 차이는 잘 모르겠고 송, 원은 국내산 한우와 호주산으로 갈린다. 우리는 1.9짜리 원으로 주문. 개인 팟에 알아서 해먹을 수 있고 육수를 부은 후 야채와 두부, 당면, 고기를 한번에ㅎ 넣어주신다. 알아서 계란 풀어서 먹으면 되는데 그냥 전체적으로 모든게 별로,, 엄청 한국식이고 사실 스키야키라기보다는 그냥 샤브샤브에 육수 조금 넣은 버전같다. 마지막엔 죽을 해먹으라고 밥을 주는데 김치가 들어있고 그 김치가 너무 별로라 한입 먹고 남김,, 두번다시 가지않겠다",별로
745,송원스끼야끼샤브샤브,주은혜,맛있음. 해물 시키면 전복도 나옴.그러나 살짝 비싼 느낌,괜찮다
746,송원스끼야끼샤브샤브,nn,깔끔하게 나오고 약간 달긴 하지만 맛있어요!,맛있다
747,송원스끼야끼샤브샤브,룡,맛남ㅎ,맛있다
748,히바리,이또먹,꼬치 하나하나 맛있고 매장은 일본 여행온 것 같이 분위기 좋고 직원분들 모두 친절하셔서 술이 술술,맛있다
749,히바리,숑아,"하이볼 & 꼬치맛집 히바리일본인 직원분들, 앉은 자리도 일본식 느낌이 나서 5초간 여기가 한국인가 일본인가 헷갈릴수 있는곳 ㅎㅎ여기는 진짜 하이볼 맛집인데, 땅콩소스 뿌려진 양배추 샐러드와 꼬치도 맛있었어요!코로나 터진뒤로 웨이팅 잘 안했는데, 여기는 평일임에도 불구하고 웨이팅이 있어서 놀랬습니당시청 근처에서 일하시는 분들 오시기 딱일것 같아요재방문의사 O",맛있다
750,히바리,몬다남,닛폰 그자체 코로나로 일본을 못간다면 여기를가라.,맛있다
751,히바리,해띠,회사 근처라 가끔 가는데 '회사 근처라' 괜찮다.,괜찮다
752,삼원,live laugh love,"TL; DR : 한끼 대용 샐러드, 포케 찾고있다면 여기서 회덮밥ㄱ 한국식 회덮밥만큼 가게마다 그 구성 혹은 기대치가 다른 메뉴가 있을까 싶기도하다.  들어가는 회며, 야채 그리고 초장까지 각 가게가 매우 다르기에 각자 취향의 회덮밥 장소를 찾기란 쉽지 않다. 이 곳의 회덮밥을 정의하자면 샐러드 혹은 포케(!)가 먹고싶을때 그 대안이 될 수 있을 정도로 야채도 많고 회도 많은 타입의 회덮밥이다.  + 회덮밥만 시켜도 미소장국과 생선무조림 그리고 자왕무시까지 나오기에 든든한 한끼가 완성된다. 마지막에 주신 매실차 잔까지 내가 좋아하는 옛날 위스키 잔 느낌이라 좋았다.",맛있다
753,스시트로,EJ,"점심메뉴로 회세트와 초밥세트가 있는데 그 중 초밥세트를 먹음주문하면 공통적으로 공유용 회 한접시와 생선구이 하나가 나옴. 생선구이 꽤 실하고 회가 쫀득한게 꽤 맛있다.초밥세트는 초밥과 튀김우동, 회세트는 초밥과 회, 공기밥으로 구성됨. 초밥 비중이 적긴하지만 나름 세트에 회, 구이, 초밥, 우동을 맛볼 수 있어 괜찮은 구성이라고 생각함. 초밥은 영… 밥이 영… 밥알이 힘없이 부서지는 스타일. 우동 국물 괜찮고 새우튀김 올라가있는게 괜찮음.식당 내부가 시끄럽지않고 예약이 되며 전체적으로 가성비 좋고 깔끔하게 나와서 윗사람과 회사 점심으로 먹기 무난하다고 생각.",괜찮다
754,스시트로,해띠,서소문에 얼마 없는 스시집.음식 되게 깔끔하게 나오긴 하는데 무엇보다 중요한 초밥이 맛이 없었다ㅠㅠ. 회도 너무 잘게 썰려나오고... 재방문의사 없음.,별로
755,비스트로H,뚜링이,"여기 많이 가던 곳인데점심때 근처 회사원들 많이가서 서둘러 일찍가야해요가격도 괜찮고 ,맛도 좋고,친절한데사람들 점심에 몰리면 음식나오는데 좀 걸려요",맛있다
756,회현식당,jinee,"간단평: 다양한 조리법으로 만든 일식들을 조금씩 한 번에 다 즐기고 싶은 분들께 추천※참고로 런치 세트를 먹었다.전복 게우밥전복이 부드럽고, 소스에서 게딱지 내장같은 고소한 맛이 났다. 다른 반찬 없이 이 소스만 있어도밥 한 그릇이 가능할 것 같다.(※ 밥은 리필이 가능하다)미소국다른 가게에서 파는황토색 미소국보다 맑은 편이었는데, 조개가 들어가서 그런 것 같다. 국 자체도 맛있지만, 각종 버섯이 잘게 썰어져 있어서 쫄깃하게 씹히는 식감이 즐거웠다.3종 튀김과 타르타르 소스고구마 튀김,표고버섯+ 새우 튀김,(이름이 기억나지 않는 튀김까지)총 3종의 튀김이 같이 나온다. 튀김에는 타르타르소스와 연겨자가 같이 나온다.연겨자가 추가로 나와서,느끼함을 잡아주었다.개인적으로 셱셱버거 셱스택의 버섯튀김+고기패티를 연상시키는표고버섯+새우 튀김이 가장 흥미로웠다. 메로조림과 생강채짭졸달달한 간장소스에 달콤하고 부드러운 메로살이 푹 조려지니,  밥도둑이 따로 없다.위에 잘개 썰린 생강채가 살짝 느끼할 수 있는 조림의 맛을깔끔하게 잡아줬다. 연근, 우엉조림도 곁들여 있었는데, 소스에 푹 조려서아삭하기보단부드러운 식감이었다. 사시미(생선의 이름은 기억이 안나는데,)붉은살 보다 흰살 생선들이 더 맛있었다. 쫄깃하기 보다 찰지게 씹히는 식감이었고, 내 입맛에 맞았다. 미소소스에 곁들인 두부, 미역미소 소스가 자극적이지 않고 부드러웠다. 메인 음식들을 먹다가, 좀 가벼운 음식을 먹고 싶을 때하나씩 집어먹었다. 디저트로 하겐다즈st 녹차아이스크림으로 마무리된다.",맛있다
757,회현식당,* Y _,"4/5요약 : ㅠ.. 날라간 리뷰, 그리고 맛있었던 것이 분명했던 기억. 예약만 되면 다시 갈텐데리뷰를.. 싹다 날려먹었다 ㅎㅎ;매우 정갈하고 잘 구성된 한상으로 기억에 남는다. 특히 사시미도 한점한점 신선했으며, 전복내장이 들어간 밥도 말그대로 밥도둑이다.문어가 질기다는 글이 있었지만 우리는 아니었음. 탱글거리고 맛있게 먹었다.절여져있는 생선도 부드러웠고, 고로케도 한점한점 맛있었다. 이걸 먹는데 마치 다른 네기의 이자카야에서 작은 안주들을 여러가지 먹은 느낌이랄까맥주도 한잔씩 했는데 넘모나 행복했던 시간과 공간같이 갔던 사람들의 웃는 모습도 다 기억남았던, 평일의 행복했던 시간",맛있다
758,회현식당,반말했다존댓말했다,음 기대보단 그럭저럭가격이 아까운 느낌은 절대 아님!!메뉴들이 결이 다 비슷해서 좀 물리는 느낌 ㅠ양은 좀 더 적고 퀄을 올렸음 하는 ^^잘먹었습니등,괜찮다
759,회현식당,Ray,"#다시먹어봄오랜만에 점심 정식 먹으러 방문했는데 구성은 거의 그대로이고, 가격은 살짝 올랐네요. 하필 대체된 요리가 유일하게 서양식 느낌이라 색다르면서, 일행들의 반응도 뜨거웠던 문어인 건 조금 아쉽지만요ㅠㅠ 그래도 여전히 맛있는 정식이라 기분 좋게 식사했어요! 고등어구이는 이날 더 맛있게 먹었고요ㅎㅎ 별거 아니지만 마지막에 제가 좋아하는 녹차 아이스크림이 나온 것도 좋았어요ㅋㅋ",맛있다
760,회현식당,이주현,저녁에 방문할때 금태솥밥 꼭 먹어야해요!!,맛있다
761,회현식당,GR90,"너무 맛있었습니다이게 약간 메뉴가 코스식으로 하나씩 나오면 더 맛있겠다 싶은 생각이 들 정도로 맛있었어요가격 생각하면 너무 욕심이죠ㅎㅎ 아 너무 맛있었습니다전복내장, 회, 튀김류 등등 너무 만족하고갑니다회현카페도 맛있었는데 회현식당은 정말 넘사벽이네요생일이라 여자친구가 사줬는데, 재방문 예정입니다",맛있다
762,회현식당,김맛,시메사바 저녁 한끼 정갈하고 음식 깔끔함 맛잇엇어요,맛있다
763,회현식당,밍들레,말해뭐해 회현식당 … 한달 전에 겨우 예약해서 갔는데 역시나 생선요리 하나하나 다 정성스럽고 새롭고 맛있음 .. 최고 .. 예약만 된다면 꼭 다시 가고싶음,맛있다
764,회현식당,Hyunsoo,분위기도 좋구 음식도 다 맛있어서 역시 이치에 주방장님 짱이라고 생각했어요!! 점심도 예약해서 꼭 한번 가보려구요,맛있다
765,회현식당,노맛집연구소,"2022년 첫 리뷰는 #위드인기맛집 회현식당입니다! 오로지 전화로만 예약 가능하고 전화는 오전 10시부터 11시 20분 사이에만 받는데 바쁠 땐 그마저도 연결이 어려운.. 이틀에 걸쳐 30통의 전화 끝에 겨우 겨우 연결되었지만 원하는 날짜는 이미 예약 마감이라 슬펐던.. 결국 웨이팅 걸어두고 별 기대 안 하고 있다가 3일 전에 연락 와서 운 좋게 예약하고 다녀왔어요. 2021년 마지막 점심을 회현식당에서 먹어서 행복했어요.솔직한 후기가 넘쳐나는 망플에서 '별로'가 하나도 없단 것만으로도 기대할 수 밖에 없었어요. 실제로 먹어본 소감은 '이 가격에(1인 29,000원) 이런 음식을 먹다니!!!' 그냥 놀람의 연속이었어요. 입 짧고 양 적은 제가 밥과 국을 리필해 먹는 모습을 보고 같이 간 친구가 놀라더라구요. 직원분들 모두 친절하고 따뜻하게 대해주셔서 더 감동이었어요.흰쌀밥도 맛있고 제가 좋아하는 전복이 내장 발려 밥 위에 올라가 있는데 버터향이 삭 나면서 전복 식감이 다 느껴졌어요. 회는 쫀득하고 고로케는 뜨겁고 바삭하고 생선찜요린 비린내 하나 없이 부드럽고.. 자극적이지 않은 반찬인데 물리는 느낌 하나없이 훌륭했어요! 여기서 평범하다 느낀 건 단무지밖에 없었어요.저녁에는 단품요리만 판매하고 반드시 술을 한병 시켜야 해서 예약이 비교적 여유로운 편이에요. 하지만 전 다음에 갈 때도 점심에 갈 거 같아요. 골고루 배부르게 먹을 수 있었단 점이 메리트였어요.",맛있다
766,회현식당,Journey,"정말 추운 겨울 점심에 방문한 회현식당뭔가 접근성 자체는 좋지 않은데, 그래서 더 매력있다.조용하고 따뜻한 햇볕이 드는 빨간벽돌 식당 분위기가 예쁘다.점심엔 생선 한상차림이 단일 메뉴국, 회, 조림, 튀김, 생선구이 등으로 구성된 단정한 한차림인데하나하나 정성이 느껴져서 왠지 모르게 감동적이다.따뜻하고 촉촉한 밥에 어울리는 반찬이 너무 많아서 뭐랑 함께먹어야할지 행복한 고민이 들정도심지어 밥에 올려주는 전복내장 소스와 전복도 너무 맛있다..!이렇게 한상차림에 3만원이면 정말 알차다나중에 나도 귀한 손님이 집에오면 이렇게 대접해야지(?)왠지 모르게 영감과 힌트를 준 곳",맛있다
767,회현식당,HR,"이자카야 이치에, 고료리 켄에 이은 김건 셰프님의 세 번째 공간으로, 이치에 스타일의 깔끔한 일식을 맛볼 수 있다깔끔한 음식 스타일처럼 이름도 큰 뜻 없이 남산 회현에 자리 잡고 있어 회현식당이라고 한다음식은 점심/저녁 메뉴 구성이 다른데, 점심에는 단일 메뉴(생선 정식)로 운영되고 저녁에는 계절 생선을 이용한 단품 메뉴들과 주류를 함께 판매하고 있다이날은 방어회, 삼치구이, 고등어볶음밥 3가지를 주문했는데 음식 사이사이 텀이 좀 길어져서 실 주문한 것보다 서비스를 더 많이 받은 것 같다 ㅋㅋㅋ 마지막에 주신 데카마키 디시는 재방문 시 따로 주문할 것 같다전체적으로 술과 곁들여 먹기 좋은 이자카야 풍의 깔끔한 일식의 맛으로, 특히 고등어 볶음밥이 맛있었다 by #류흥로그",맛있다
768,회현식당,goodpizzagooderpizza,가리비튀김과 장어솥밥! 맛있었어요다음에 점심정식 먹으러도 가보고 싶네요,맛있다
769,회현식당,오지,"요악 : 맛있는 일본음식을 이것저것 조금씩 맛보고 싶다면회현역 근처에 위치한 회현식당에 다녀왔습니다.예약이 조금 힘든 편인데요, 약 3주 전에 예약을 했습니다.이자카야나 일식집 가면 먹을 수 있는 여러 음식들을 조금씩 담아낸 런치 정식을 먹었습니다.음식 하나하나 참 맛있고 밥도 맛있었습니다.제 생각에는 통창이 있는 공간이 주는 맛도 있는것 같아요. 양이 많은 편이라 다 먹으니 배가 꽤 불렀습니다.그럼에도 불구하고 후식으로 피크닉에 가서 라떼를 마셨지만요..예약이 쉽다면 혹은 누가 예약을 해 준다면.. 또 가고싶은 곳입니다!",맛있다
770,회현식당,꺄항,"#감히가성비최고의생선한상현재 평점 4.8에 걸맞는 생선 가득한 런치런치메뉴는 하나고 저녁메뉴는 다양예약을 미리해야하지만 어렵진 않으므로 미리 계획만 하면 된다...! 평일 런치 한 달 전에 예약.생선회는 도미,연어,참치 2점씩의 상태가 좋은건 물론이고입에서 사르르 녹는 달콤한 메로구이와 부드러운 문어가 가장 인상적이었다. 다른것도 다 맛있었다..!전복도 하나처럼 보이지만 먹기좋게 3등분 되어 밥위에 올려서 나온다.윤기나는 밥과 국은 리필가능후식으로 마카다미아 아이스크림까지 완벽쓰",맛있다
771,회현카페,블르,"회현식당 워크인 실패하여 2층으로~~어쩔수 없이 간만에 양식… 나쁘지 않아요.함박, 치킨3조각, 새우2피스 그리고 스파게티로 구성",괜찮다
772,회현카페,써니♡,"비싸지만 양과 맛으로 승부하는 곳!가격이 비싸서 가고 싶지만 주저 했었는데 마침 기분 좋은 일이 있어서 기념으로 방문하였다. 평일 12시 전에 가니 워크인으로도 대기 없이 방문이 가능하였다.메뉴는 단일메뉴 한 가지 스테미나 정식! 콘소메 스프가 먼저 나온다. 약간 쌀쌀한 날에 방문해서 인지 뜨끈한 국물이 몸을 녹여주었다. 의외로 후추맛이 강했지만 거슬리는 정도는 아니었다. 그런데 진짜 뜨겁다. 나도 혀를 데였다. 밥은 파슬리 가루가 뿌려져서 나오는데 딱 경양식 느낌이다.새우 튀김, 멘치 가츠, 스파게티 등으로 푸짐하게 구성되어 있다. 난 처음 음식이 나온 순간 다 못먹겠구나 싶었다. (역시 많이 남김) 그래서 가츠류 위주로 우선 공략 시작. 멘치 가츠를 먼저 먹었는데 와우 여기는 멘치 가츠 맛집이었다. 새우 튀김의 맛도 좋고 크기도 실하지만 고소하고 부드러운 멘치 가츠에는 비할 바가 되지 못했다. 가라아게도 굿굿 하지만 스파게티는 급식 스파게티 맛이었다.맛있었지만 일반 사람이 한 접시 모두 먹기에는 양이 너무 많았다. 가격을 조금 내리고 양을 줄이는 방법도 찾아 보셨으면 좋겠는데… 이런 맛집은 안 그러시겠지?!ㅋ",맛있다
773,회현카페,녹차요정,바삭하고 맛있어요,맛있다
774,회현카페,EJ,이리보고 저리봐도 정말 꽉찬 한접시.그냥 튀김하고 그런 경양식음식 먹는거치고 가격이 상당하네 라고 생각했었는데 받아보고 맛을 보면 정성이 가득담긴 한끼라는 생각이 든다.음식이 하나하나 다 맛있는데 특히 멘치카스가 초절정이다. 멘치카스 맛있다고 느끼기 힘든데 정말 육즙 가득 든 옹골찬 튀김. 일본식 스파게티도 맛있음… 새우 정말 크고 가라아게도 사실 보통은 튀김이 딱딱한 느낌이 강해서 좋아하지 않았는데 여기 가라아게는 엄청 살이 커서 입안 가득 차는게 만족스러움.양이 정말 많아서 다먹고싶은데 맘처럼 되지 않아 슬프고 다음끼니쯤되면 남긴거 생각남.,맛있다
775,회현카페,주아팍,"이걸먹고 스테미나가 안 생기면 건강검진각회현카페의 단일메뉴인 스테미나정식은 단품으로 나와도 힘날 것 같은 메뉴들이 한 접시 그득하게 나온다. 새우튀김, 나폴리탄 스파게티, 멘치까스, 감자사라다 등 ‘고독한 미식가’ 고로상이 떠오르는 일본 경양식 종합선물세트같은 메뉴다.#1. 한 접시로 스테미너 충전자리에 착석하자마자 머그잔에 따뜻한 국물이 담겨 나온다. 적당한 짭쪼름함과 양배추의 달큰한 맛은 국물에 계속 손이 가게 한다.나폴리탄 스파게티도 새콤달콤하면서 진한 맛이 난다. 뭔가 나폴리탄은 케챱의 허접한 맛이 나지 않을까란 편견을 와장창 깨는 수준높은 맛이다.고슬고슬한 밥, 다른 튀김류도 굉장히 맛있지만, 압권은 멘치까스다. 슥 잘라 한 입 넣으면 누린내는 하나 없이 육향은 진하게 나고 적당히 갈린 고기는 씹는 맛이 풍부하다. 소스의 맛은 간간하면서 고기의 맛은 해치지 않아서 맛의 시너지를 형성한다.양도 정말 많아서, 웬만해선 음식을 남기지 않는 나도 다 먹지 못할 정도였다.. 몸에 좋은 약은 입에 쓰다는데, 이렇게 맛있게 스테미너 충전이 가능한 곳을 안 갈 이유가 전혀 없다.#2. ‘완벽함’도 서로 닮은 ‘회현’쌍둥이많은 분들이 아시다시피 회현카페는 회현식당과 한 몸, 동생격인 가게이다. 회현식당의 점심정식처럼, 회현카페의 스테미너 정식도 모든 음식이 빠짐없이 맛있다. ‘완벽한 맛있음’이 두 가게가 똑 닮았으니, 기회가 된다면 ‘회현쌍둥이’ 모두를 다 방문해보길 추천한다. 접근성은 참 안 좋은 편인데.. 사실 이걸 먹으러 일부러 올만 하냐 물으면 나의 대답은 ‘그렇다’이다. 왜냐면 여기서밖에 맛 볼 수 없는 메뉴기도 하고 상당히 맛있기 때문이다. 방문할 때에는 반드시 위장을 완벽하게 비워와서 최대한 많이 채워갈 것을 추천한다.",맛있다
776,회현카페,호두,"콘소메스프와 파슬리 뿌려진 밥을 먼저 갖다주신다. 워낙 탄수화물러버라 밥 양을 보고 좀 적지않나 싶었는데 이내 나온 디쉬를 보고 놀랐다. 멘치까스, 새우튀김, 나폴리탄파스타 등 수북하게 플레이팅되어 나온 음식을 먹으니 배가 불러 밥은 오히려 남기게되었다. 중간에 피클 한 점이 간절히 생각나긴 하였으나 전반적으로 다 맛있었다.",맛있다
777,회현카페,카나리아,"창코나베보다 칼로리 쩔것같은데 맛도 쩔어요고료리켄, 이치에, 회현식당등을 성공리에 운영하고 있는 김건셰프의 새로운 업장이라고 해서 다녀와봤습니다. 특이하게도 두근두근 스테미너 정식이라는 단일 메뉴로 운영하는 곳이었어요.음료는 맥주, 하이볼, 와인, 그리고 소프트드링크가 준비되어있었는데 따로 당기는게 없어서 정식만 주문했었어요.식전 스프로 도미뼈 스프가 나왔는데요. 도미뼈 육수로 만든 콘소메 맛으로 스프 자체가 기름지고 꾸덕한 질감인데 짭짤하고 뜨끈한 국물이라 그런지 식사 먹다가 떠 먹으면 속이 풀리는 느낌이더라구요.두근두근 스테미나 정식은 한 개 플레이트에 2.2만원이라 너무 비싼거 아닌가.. 했는데 볼륨이 어마어마했어요 ㅋㅋㅋㅋㅋ 스태미나 정식이라는 이름 답게 일본 남자 대학생 4인팟의 점심식사를 한그릇에 옮겨 담은듯한 구성이었습니다.감자샐러드는 구색맞추기용인가 했는데 아닥아닥한 식감의 오이오 감자 덩어리가 살아있는 샐러드라 이 하나 만으로도 괜찮은 안주였어요.​그리고 추억의 나폴리탄 ㅠㅠ 먼저 다녀간 친구도 추억돋았는지 리뷰에 학교 뒷문의 추억의 나폴리탄(겸 정식)집인 에루무 이야기를 썼더라구요 ㅋㅋㅋㅋㅋㅋㅋ 메뉴 통일 안하면 불호령이 떨어지던 곳이라 일본에 이런 곳이 있다고..? 하고 신기했었던 곳인데 오랜만에 생각난 김에 찾아보니이제는 문을 닫으셨다고 하네요… ㅠㅠ 아무튼 퉁퉁 불은 추억의 나폴리탄 맛보다 면 식감도 살아있고 맛도 세련된 맛이었습니다.​​새우튀김은 기대한 대로 바삭 탱글한 맛이었구요.타르타르 소스를 가득 뿌린 가라아게는 나는 타르타르 소스를 평소에도 별로 좋아하는 편이 아니고치킨 남방에 올라갔을때나 좀 먹는지라 이번에도 그냥 무난했어요. 가라아게가 맛있긴 했지만 소스 밑에 파묻혀 있어 그런지 바삭함은 다른 튀김보다 살짝 떨어지는 편이더라구요.​그리고 이 날의 하이라이트 멘치카츠. 사실 이치에의 멘치카츠가 맛있다는 얘기는 익히 들어 꽤나 기대하고 먹었었는데도 정말 맛있었습니다 :-)​바삭한 튀김옷에 부드러운 맛의 소스, 그리고 육즙팡팡 다진고기까지 너무 맛있게 먹어서 이 플레이트에서 유일하게 하나도 남김없이 해치운 디쉬예요.사실 맛은 나무랄 데 없지만 많이 못먹는 사람은 반도 먹기가 힘든 거대한 양이라 반 정도의 양의 메뉴도 같이 출시해주시면 더 좋을 듯 합니다ㅠㅠ 아니면 최소한 다른 종류의 메뉴를 내주셔서 여러 명이서 쉐어 할 수 있으면 좋겠어요...ㅠㅠ 재방문의사 O",맛있다
778,회현카페,단율,"회현카페_일본경양식부문 맛집(1)최근방문_’21년 12월1. ‘21년 맛집 어워드 베스트 레스토랑에 선정된 “회현식당”예약법을 알아보다,  “회현카페”는 예약이 없이도 방문이 가능하다 하여 방문을 결정했다. 올해 여름쯤 “회현식당”의 리뷰를 통해 김건 쉐프를 알게 되었고, “회현식당”과 “회현카페”를 향한 많은 홀릭분들의 어마어마한 극찬을 보며, 가고싶다를 눌렀었는데, 내가 참 무심했다.2. 회현동의 어느 구석에 채도 낮은 붉은톤의 2층 건물이 있는데, 그 건물의 1층이 “회현식당”, 2층이 “회현카페”다. 외부의 그 붉은톤이 내부에도 그대로 나타나는데, 인테리어로 정말 소화하기 힘든 색상을 생각보다 인테리어로 잘 풀어냈다. 테이블도 묘하게 레트로와 모던함이 섞여있는 느낌이라 내부는 꽤 좋았다.3. 회현카페는 일본 경양식 요리점으로 단일메뉴인 “두근두근 스테미나 정식”을 판매한다. 접시하나에 음식이 몽창 담겨나오는데, 담아도 어떻게 이렇게 담았나 할 정도로 아주 예쁘게 담아져 나온다. (난 왜 뷔페에서 이렇게 하지 못했던 것인가..) 다만, 이것저것 소스들이 아래에서 섞이는데, 대세에 영향을 줄정도는 아니다. 그 구성은 ‘멘치카츠’, ‘에비카츠’, ‘가라아게’, ‘나폴리탄스파게티’가 메인이고, ‘감자사라다’, ‘양배추채’가 밑반찬 개념으로 들어있다. 그 외 닭육수 베이스 국물과 밥이 나온다. 4. 맛있다. 하지만 그게 전부다. 특별한 무언가는 사실 느끼기 어려웠다. 솔직한 평가로 그냥 누구나 좋아할 만한 메뉴라 맛있을 수 밖에 없다고 생각한다. 그나마 조금 특별했던 멘치카츠는 아쉽게도 내가 그리 선호하지 않는 요리라, 감흥이 크지 않았다. 5. 카츠류임에도 생각보다 무거움이 덜해서 좋았고, 음식은 다 맛있다. 다만, 그 가격에 당연히 나와야만 하는 수준의 음식이었다는 점과, 주변에서 찾아볼수 있는 유사 음식점들과 비교하여, 큰 맛차이가 보이진 않는다고 판단된다는 점에서 사실 높은 평점이 납득가진 않는다. 만약 근처에 있다면 한번씩 고칼로리음식이 생각날때 방문할 법한 곳이다.※ 결론기대감 때문인가?",맛있다
779,회현카페,GR90,너무 맛있었습니다찾기 힘들긴했는데 찾으니까 계단이 펼쳐져있더군요...ㅎㅎ우선 단일메뉴인데 처음에 스프를 먼저 줍니다스프를 마시는 순간 엑... 뭐 이런 후추스프를 줬지 하면서 기피하게되는데다른 음식들이 나오고 나서 약간 느끼하다 싶을때 스프를 먹으면 진짜 신세계가 펼쳐집니다 와우...같은맛이 맞나 싶을정도고 스프 집에 싸가고 싶은 맛이었습니다튀김을 잘하는 집이라 튀김옷도 적절히 맛있게 싸여있고 꼭 방문해보는걸 추천드립니다,맛있다
780,회현카페,맛있으면삼행시,"회 사 그만두고 로스쿨 가고 싶다.현 재 식당리뷰하다말고 웬 이상한 말을 하는지 모를 것이다.카 페라 쓰고 돈가스를 파는 이 곳의 정체성이 딱 그러했다.페 이퍼컴퍼니가 돈세탁을 하듯 이 곳은 돈까스에 대한 개념을철 저하게 브레인워싱해주었는데, 맛과 양이 놀라울 따름.단일메뉴라 인원수에 따라 시키고 생맥 추가하는 것 추천.",맛있다
781,회현카페,깽민,"고급 경양식 정식을 먹고 왔다. 그 유명한 이치에 셰프님이 운영하는 집이라고 한다. 식당 이름은 카페지만 커피 파는 카페는 아니고 정식 단일 메뉴를 파는 경양식 집이라고 보는게 맞겠다. 콘소메 스프와 함께 접시에 넓게 올린 밥이 먼저 나오고, 뒤이어 멘치까스, 치킨난반, 감자 사라다, 새우튀김, 나폴리탄 샐러드가 담긴 본 식사가 나온다. 보기만 해도 든든하다. 먹고 부족할 걱정은 안해도 되겠다 싶다.콘소메 스프가 정말 괜찮다. 생선 냄새가 빡 들어온다. 식사가 꽤나 헤비한 편인데 진한 맛의 콘소메 스프가 중간중간 맛을 잘 잡아준다.무엇보다 이 집에서 가장 인상적이었고 다시 방문을 고려해볼만한 가장 큰 요인은 바로 멘치까스다. 이런 멘치까스는 처음 먹어본다. 부드러운 식감에 육즙이 입 안에서 팡 터지고 고기의 묵직하고 진한 맛이 혀를 감싼다. 자극적이지 않은 데미그라 쏘스와의 어우러짐도 상당하다.이치에 인기 메뉴들을 한 그릇에 옮겨 담아 만든 고급 경양식 정식이니만큼 가격도 고급 느낌이 많이 난다. 그럼에도 불구하고 이 집 멘치까스는 재방문을 생각하게 만드는 매력이 있었다.",맛있다
782,회현카페,졸리,"네이밍 때문에 빛을 못보고 있는 식당 아닐까… 평일 저녁에 방문했더니 우리 말고 한팀밖에 더 없어서 엄청 프라이빗한 분위기에서 식사를 즐길 수 있었당! 1층 회현식당은 사람이 많은데 갭이 크당 ㅠㅠ 사실 튀김 메뉴가 많아서 맥주나 하이볼에 간단하게 한잔하기 좋은거 같은데 왜 사람이 없는지 모르겟당… 약간 추워진 가을 날씨에 콘소메 스프는 더더욱 맛있게 느껴졌다 조금 기름기 있긴 했지만, 몸속 깊은 곳까지 따뜻하게 데펴주는 느낌이 좋았다! 위에 뿌린 후추도 내 취향이구… 안에 야채들이 푹 고아져 나오는게 좋았당 ㅎㅎ 밥이랑 스프는 리필가능! 스태미나 정식은 생각보다 양이 무척 많다… 칼로리 우째… 의외로 베스트는 멘치카츠! 자르면 육즙이 흘러나오는데 엄청 보드랍당… 새콤한 나폴리탄이랑 잘 어울림!! 새우카츠는 말해뭐해이구 가라아게는 타르타르에 묻혀져 나와서 약간 눅눅해진게 슬프구 사실 가라아게 말고 다른 상큼한 소스랑 더 잘 어울릴듯. 튀김이 많다보니 조금 물리는 느낌이 있어서 양배추 샐러드 말고 단무지나 김치 찾는 사람들이 많을듯… 아님 피클이라두… ㅋㅋㅋㅋ 먹고 나니 조금 짜게 먹은거 같아서 물을 많이 마셨단",맛있다
783,회현카페,장희,22000원이면 비싼것 같기도한데 이치에 1인 튀김모듬이라 생각하면 혜자인 느낌. 도미스프에 대한 칭찬이 많은데 개인적으론 맛이없었다기보단 본식도 헤비한데 국도 진해서 좀 부담스러웠다. 나폴리탄을 먼저 먹어봤는데 깔끔하고 맛있다. 일본에서 먹은 나폴리탄은 b급이라는 느낌이라 이정도면 세련되고 훌륭한 나폴리탄. 이치에에서도 맛있었던 멘치까스는 역시나 맛있었다. 이게 베스트. 새우튀김은 무난하게 잘튀긴 새우튀김. 치킨난반은 타르타르도 맛있고 일본 미야자키 식당에서 먹던 느낌.맛은 있는데 튀김튀김이라 느끼함을 달래줄 게 필요했는데 약간 아쉬웠던 점. 맥주랑 마시면 더 맛있을 듯.,맛있다
784,회현카페,ethanghymn,"우리집은 어려서부터 엄마가 양식 같은 걸 많이 해주셨고 소위 외제를 좋아하셨어서 남대문 수입상가 같은 데서 스팸 같은 건 물론이고 치킨 드럼스틱이라고 불리는 미제 닭다리도 사다가 튀겨주셨을 정도여선지 아마도 흔한 우리나라의 다른 가정보다는 양식을 많이 먹고 자랐을 거임.좋아하는 한식메뉴였던 김치청국장도 흰밥에 버터나 마가린을 듬뿍 넣어 녹인 후 그 위에 김치청국장을 넣어 비벼먹고 감자튀김이 어려서 제일 좋아하는 반찬일 정도였던 식성이어선지 양식은 익숙해서 난 느끼하다는 게 어떤 느낌인지 어렴풋이 상상을 할 뿐이지 정확히는 어떤 느낌인지 몰라 텐동이나 돈카츠 가게 같은 데서 옆자리에 앉은 손님이 느끼하다고 시치미를 뿌려서 먹거나 깍두기를 달라고 하는 걸 보면서 간접적으로 느낄 뿐임.그런 내가 좋아하는 여러 메뉴 중에 멘치카츠도 있는데 멘치카츠가 맛있다는 이치에에 한 번 방문해 보고 싶었는데 술을 즐기진 않아서 망설이고 있던 차에 이치에 오너셰프분이 오픈했다는 이 가게에 대해 알게 됐고 궁금했음.메뉴 이름이 넘 일본을 그대로 베낀 것 같은 느낌 뿜뿜인거나 유튜브에서 일본 먹방도 많이 보는데 일본에서라면 쉽게 1,000엔에서 1,500엔 사이에서 맛볼 수 있을 것 같은 구성을 22,000원에 내놓아서 약간의 거부감이 있었지만 셰프분이 유명하다니 이름값인 건가 했고 오늘 권오찬님의 오로라경양식 리뷰도 본 김에 들러봄.가게는 좀 뜬금없는 동네의 골목 언덕길을 오르니 옛 가정집을 개조한 것 같은 3층 건물 2층에 있었고 외부로 난 계단을 오르니 큰 창은 오픈되어 있고 가게 내로 들어서서 손소독과 체온측정, QR코드 체크인 후 자리에 앉아 단일 메뉴인 두근두근 스테미나 정식을 주문함.인기있는 가게여서 웨이팅이 있을까 점심시간을 지나서 도착해선지 비교적 한가했고 단독주택에서 커선지 이런 오랜 건물은 익숙하고 좋아 맘이 편함.먼저 좀 밍밍한 맛의 찬물이 든 피처를 가져다 주시고 조금 기다리니 먼저 도미스프를 가져다 주시면서 뜨겁다고 안낼 해주심.호호 불어 맛을 보니 후추향이 진한 도미스프는 비린내라고 부를 수도 있겠지만 난 그런 생선향이 괜찮고 도미살도 적당히 들어있고 무엇보다 충분한 온도감과 흔한 미소시루가 아닌 게 좋음.주방에서 열심히 조리하는 소리가 멈추는가 싶더니 드디어 두근두근 스테미나 정식이 나왔는데 기대보단 볼륨감이 좋아 22,000원이란 가격이 바가지의 느낌까진 아니게 생각되고 점원분이 치킨난반과 새우후라이, 멘치카츠, 나폴리탄 스파게티로 구성되어 있다고 하심.먼저 양배추 샐러드를 맛을 보니 우스터 소스를 뿌린 간 무가 올라가 있어 시큼함이 나름 새로운 건 좋지만 특별하진 않음.레몬 슬라이스가 있어 새우후라이와 치킨난반이라고 설명해 주신 위에 적당히 짠 후 치킨난반부터 맛을 보려는데 타르타르 소스 아래를 들추니 여러 작은 치킨 조각으로 되어 있어 이건 치킨난반이기보단 가라아겐데 왜 그렇게 설명을 해주셨던 거지 함.맛을 보니 제품은 아닌 느낌이고 요즘 흔히 보는 브라질산 닭다릿살 부위인지 탄력감이 있고 뻑뻑하지 않아 괜찮은데 아차산역 소바쿠의 토리카라에 비하면 평범하고 수제 느낌 뿜뿜인 타르타르 소스는 예전 홍대 도토리식당의 것보단 덜 내 타입인데 난 일본 식자재 마트인 모노마트 같은 데서 파는 냉동 가라아게를 집에서 튀겨 먹는 것도 충분히 좋아 특별한 감흥이 있거나 하진 않음.다음으로 새우후라이도 맛을 보니 역시나 제품은 아닌 느낌으로 새우도 나름 실하고 풍미도 괜찮지만 특별하진 않음.감자 샐러드 소위, 포테토 사라다는 뻑뻑하지 않고 괜찮지만 전에 양송이식당에서 냉장고에 시원하게 보관했다 함박스테이크에 사이드로 내어줬던 촉촉풍미뿜뿜이어서 놀랐던 거에 비해 평범함.궁금했던 멘치카츠는 볼륨감도 나름 좋은데 나이프로 썰어 맛을 보니 비교적 부드럽게 씹혀지게 치대진 타입인데 괜찮지만 역시나 특별해서 우와하거나 하진 않음.마지막으로 나폴리탄 스파게티를 맛을 보니 느끼함을 잘 느끼는 우리나라사람들을 위한 건지 우스터 소스와 핫 소스가 들어간 듯 어느 정도의 시큼함과 매콤함이 느껴지는 케첩 소스의 나폴리탄은 역시나 양송이식당의 것에 못 미치는 느낌임.밥은 부족해서 한 번 리필을 부탁드려 깨끗이 비우고 자리에서 일어남.전체적으로 멘치카츠가 유명하다고 하고 내가 좋아하는 것들로만 메뉴 구성이 되어있어 궁금해 들러봤는데 별로인 것도 없었지만 특별하게 좋았던 것도 없었고 무엇보다 이 가게만의 특별함이 안 느껴져 기억에 남지 않아 괜찮다로..",괜찮다
785,회현카페,권오찬,"* 한줄평 : 어린이 양식 세트의 성인 버전, 토루코라이스1. 술을 좋아하지도 않고, 일식을 딱히 찾아다니며 먹은 적이 없다 보니 회현식당과 회현카페를 방문하기 전까지 이치에 김건 쉐프에 대한 인식이 아예 없었더랬다. 다만 맛집 불모지인 회현이라는 동네 막다른 골목에 식당을 개업하고 인스타그램 소식만으로 그의 매니아들을 불러모으니 대단한 명성의 쉐프임은 미루어 짐작해볼 수 있었다.2. 프랜치와 일식의 콜라보로 하이엔드급 오마카세 코스 요리를 내는 <고료리켄>, 가격 장벽이 높은만큼 수준급 단품 요리 위주의 이자카야인 <이치에>에 이어 좀 더 대중적인 가격과 음식을 내는 생선 요리 백반 정식을 내는 <회현식당>, 일본 경양식 모둠 메뉴를 내는 <회현카페>까지 다양한 음식과 가격대로 수요층을 폭넓게 공략하고 있다.3. 일전 회현식당에서의 경험으로 김건 쉐프의 레스토랑의 킥 중 하나가 <소스>인 것을 알 수 있었는데, 회현카페의 상차림은 희안하게도 그 잘 하는 소스가 인접 요리와 범벅이 되는 원-플레이트 방식이다.4. 차림새를 보니 에비후라이와 치킨 가라아게, 나폴리탄과 멘치카스가 있고 흰 색의 포테이토 샐러드가 한 구석에 자리잡고 있다. <튀김>이라는 한가지 조리 방식을 사용하긴 했지만, 굳이 한 접시에 몰아서 내주는 방식을 택한데다 플레이팅된 음식의 컬러가 적색과 청색, 흰색이라 홀 담당 직원분께 혹시 나가사키 음식인 <토루코 라이스>에서 모티브를 차용하셨나 여쭤보니 그렇다고 하신다.5. 1층에 자리한 회현식당의 백반 차림에도 일본 요리의 조리 방식인 조림, 구이, 사시미와 찜, 튀김 등의 기술을 한상에 선보일만큼 음식에 의도를 담아 내는 쉐프이니 원-플레이트 음식 역시 뭔가 의미가 있지 않을까라는 생각을 했는데 역시나 그렇댄다.6. 멘치카츠를 한입 베어 먹어보니 첫입부터 감탄사가 나온다. 개인적으로 워낙 튀김류를 좋아하는 것도 있지만, 조리 방식 자체가 워낙 훌륭하다. 7. 다만 튀김 기술이 아무리 좋고, 기름을 제대로 빼냈다 해도 튀김 음식 본연이 갖는 느끼함은 어쩔 수 없다. 이 상차림의 장점과 단점은 종이 한끗 차이인데 ‘맛있는 음식을 풍성하게 담아냈다’라는 장점은 결국 ‘뒤로 가면 물린다’라는 단점과 맞닿아있다. 아무래도 느끼함을 잡아줄 생각초절임 같은 사이드 반찬의 보완이 이뤄지기 전까진 생맥주나 탄산 음료를 주문해서 곁들이는 것을 추천한다.8. 도미스프는 훌륭했지만, 온도감이 너무 뜨거웠다. 음식의 온도가 극히 높거나 낮으면 맛을 제대로 느끼기 어려운 법인데 특히나 생선탕의 경우 비린내를 감추기 위해 아주 뜨겁게 내는 경우가 있다. 생선을 즐겨먹지 않는 내 입장에선 살짝 거슬리긴 했지만 조리는 잘 된 음식이다. 다만 도미는 지방이 적어 맛이 담백한 생선임에도 튀김 음식의 느끼함과 중첩되는 느낌이다. 9. 개인 취향의 측면이겠으나 오히려 회현식당의 백반 한상차림보다 개별 음식의 완성도가 높다고 느껴질 정도로 만족스러운 경험이었다.",맛있다
786,회현카페,라물장,"이치에에서 오픈한 화양식 전문점. 이름만 카페고 커피는 팔지 않습니다...평일 오픈 시간에 갔는데 바로 착석할 수 있었어요. 단일 메뉴라서 뭐 먹을지 고민할 필요가 없다는 게 얼마나 반가운지!--------♤ 두근두근 스태미나 정식 (22,000₩)식사에 앞서 도미뼈 콩소메를 한 컵 내어주시는데, 개인적으로는 이게 제일 인상깊었어요. 거의 츠케멘 국물을 마시는 듯한 걸쭉함과 감칠맛의 향연... 물론 그만큼 짜고 기름지긴 하지만요.정식 구성은 멘치카츠, 에비후라이, 가라아게, 감자사라다, 그리고 나폴리탄.멘치카츠는 부드럽고 기름진 편. 저한테는 지방이 좀 과하게 느껴졌어요. 데미그라스 소스로도 커버가 되지 않는 느끼함... 멘치카츠를 제일 기대했는데 아쉬웠습니다. 그래도 소스는 참 맛있더라고요.제일 마음에 들었던 건 가라아게인데, 닭고기가 정말 부드럽고 간도 잘 되어 있어서 좋았어요. 전분옷 식감도 굿. 타르타르 소스가 딱히 없어도 될 정도.에비후라이는 아주 대단한 물건은 아니지만 새우가 신선하고 튀김도 바삭했습니다.나폴리탄은 별로 인상깊지 않았어요. 특이하게도 면이 알덴테인데, 저는 푹 삶은 면을 기대했던지라... 소스는 새콤함과 매콤함이 많이 느껴지는 편인데, 케찹의 그 불량스러운 단맛이 좀 더 있어도 괜찮을 것 같다는 생각.--------전반적으로 음식들이 간이 세고 기름기가 많아요. 그래서 술과는 잘 어울릴 것 같은데, 식사로 먹기에는 상당히 헤비하게 느껴지더라고요. 이자카야에서 연 식당이라서 그럴지도? 장르는 輕양식인데 맛은 重량급...그래도 단백질 보충은 잘 하고 왔습니다~★★★☆",괜찮다
787,회현카페,우이리,"두근두근 스테미나 정식 22000.도미 스튜가 다 했다.전체적인 양은 많은 편이나 양배추 뽕도 많네요.멘치카츠, 치킨카라아게, 에비카츠, 나폴리탄 스파게티에 도미 스튜로 구성되어있네요.스테미나 덮밥함 보통 소인데 여긴 돼지민치. 육즙이 흐르고 감동이네요. 아주 부드러워요. 포크 하나면 됩니다.타르타르 소스가 카라아게와 에비를 보완하는데 고소하고 담백한 편이예요. 에비도 카라아게도 빠사빠삭.스파게티는 케찹 베이스인거 같은데 매콤함이 있네요.스튜가 진해서 비린거 싫으심 안좋을수도. 후추 엄청 들어있어서 후추 매운맛으로 느끼함과 비린내 잡으려고 하신듯. 엄청 뜨거워요.기름기가 많아서 찬물보다는 와인이나 맥주, 따뜻한 차가 잘  어울리겠네요.",맛있다
788,회현카페,Luscious.K,"#회현동 #회현카페""이치에의 엑기스를 한 접시에...""1. #김건쉐프 의 네 번째 식당인 회현카페회현식당 2층에 자리한 곳으로 회현식당과는 달리 예약 없이 워크인으로만 방문이 가능하다.입구에 테이블링을 통해 가상대기를 할 수 있는 키오스크가 있다.아직 개점 초기라 대기열이 대단하지 않지만 곧 그리 될 것이라 하루하도 빨리 다녀오는 것이 시간을 버는 듯하다.2. 이치에라는 이자카야는 어쩌면 보물창고 같은 곳이다. 사시미, 초밥, 볶음밥, 구이, 튀김, 소바, 소스, 사라다, 국 등등일식을 집대성한 곳이기 때문에 이치에의 메뉴들 몇 가지만 골라도 왠만한 식당 훌륭한 메뉴판이 완성이 될 정도다.게다가 하나 하나가 다 맛이 있으니 실패도 없는 음식들이다.3. 이치에를 방문하면 꼭 주문하는 음식이 사시미, 사바차항, 포테토사라다, 멘치까스 정도이고 기분에 따라 생선구이나 튀김을 추가한다.특히 이치에는 음식의 조리도 우수하지만 소스를 기가막히게 만들기 때문에 음식의 맛과 품격을 한 층 높여준다.그 중에 데미그라스 소스와 타르타르 소스는 발군의 맛을 내는 것으로도 유명하다.4. 회현카페의 메뉴는 <두근두근 스테미나 정식> 한 가지인데, 구성은 보면멘치까스 + 데미그라스 소스치킨가라아게 + 타르타르 소스에비후라이나폴리탄 스파게티도미콘소메쌀밥 이다.모두 이치에에서 잘하는 음식들이다.솔직히 이런 구성은 반칙이다.5. 멘치까스튀겨내서 겉은 바삭한 느낌에 속은 한 없이 부드럽지만 고기 씹는 치감이 살아있는 멘치까스는 역시다.게다가 일식 데이그라스의 정석이라고 할 수 있는 이치에의 데미그라스 소스를 얹으니 이것만으로 입은 행복하다.6. 실한 에비후라이 두 개는 화려함을 완성한다.함께 먹는 타르타르 소스는 적절한 산미로 새우튀김을 도닥인다.7. 치킨가라아게쫄깃한 다리살을 잘 튀겨내니 맛이 없을 수가 없다.타르타르 소스가 뒤덮여 있어 느끼할 듯 하지만 전혀 그런 느낌은 없이 상큼하다.8. 주문과 동시에 주방에서 볶는 소리가 요란하게 들리는데, 바로 이 나폴리탄을 만드는 소리다.만들어 놓은 파스타가 아니라 주문 즉시 볶아 만드니 신선하기 그지없다.잘 볶은 피망은 음식 전반적으로 피망향을 퍼뜨리는데, 이게 우리나라 나폴리탄과 일본 나폴리탄의 차이다.피방향 진하게 퍼지고 케챱의 산미도 좋다. 가니쉬로 살짝 뿌린 파마잔가루의 디테일도 좋고 나폴리탄의 히로인인 쏘세지 또한 맛있다.조금 짠것만 빼고는 정말 맛있는 나폴리탄 스파게티고 튀김만으로 구성된 플레이트에 홍일점을 이룬다.9. 밥이야 백반집을 같이 하는데 맛이 없으면 안되고...10. 대신 도미콘소메가 호불호가 있을 수 있겠다.진하게 우려낸 도미의 맛은 입안에서 진하게 퍼지며 향기를 준다.그런데 진하다 보니 콘소메라기 보다는 비린내가 나는 농후한 생선수프의 느낌도 난다.콘소메의 개운함 보다는 진득한 도미육수의 느낌이랄까?요즘 새로 선보이는 타이시오라멘의 수프로 써도 좋을 정도의 농후함이다.좋으신 분들도 있겠으나 조금 버거운 분들은 레몬을 더 청해서 한 두쪽 짜 넣으면 훨씬 먹기 편해지니 알아두시면 좋을 듯11. 한폭의 그림 같다.회현카페의 아이콘이 그림으로 그린 정식인데, 플레이팅 해서 나온 실물과 그림의 싱크로가 99%다.색감의 배열과 플레이팅의 높낮이도 산과 들을 보는 듯 환상적이다.맛있기만 한 것이 아니라 플레이팅도 오랜 고민과 노력이 보인다.실제로 식당 명함이 너무 예뻐서 하나 들고 왔다. 이집이 처음이다 ㅎㅎ12. 워낙 기본이 튼튼한 이미 완성된 식당이다. 그래서 어찌 보면 식상할 수도 있다.이치에 메뉴들을 헤쳐모여 해도 식당 몇 개는 더 만들 수 있을 정도니 말이다.하지만 누구나 생각할 수 있을 것 같은 이런 구성을 정말 멋드러지게 결과물로 만들어 낸 것은 쉐프의 노력과 능력이 아닐까 생각이 든다.회현동에 또 하나의 명물이 탄생했다.<역시는 역시다>PS: 튀김만으로 구성이 되서 조금 느끼하거나 물릴 수 있는데,<가꾸하이볼> 하나면 깨끗하게 해결이 된다 ㅋPS2: 김건 쉐프는 원래 식당의 기물을 중요하게 생각하는 분인데 이번 식당에서도 식기, 실버웨어 등 기물에 많은 신경을 썼다. 진짜 일본 와쇼쿠 식당 느낌이 나도록 Kanesuzu 식기로 일괄 통일한 것은 작지만 큰 김건의 디테일 아닐까?",맛있다
789,회현카페,당케쉔,"회현식당 2층의 일식 경양식집.단일 메뉴 (22,000원)에 예약도 안 되고 웨이팅만 가능하대서절대 못가겠지~ 포기하고 있었는데혹시나~하고 찾아갔더니 럭키하게도 저희 자리가 딱 남아 있었네요.역시 우물은 찾는 자에게 발견되는 법. 껄껄껄멘치카츠, 치킨 가라아게, 새우 튀김과 나폴리타너.이 근방에서 먹어본 튀김 중에 제일 맛있었어요.바삭한 튀김인데 입천장은 안 까질 정도의 적당한 튀김옷.부들부들하고 꽉 들어찬 멘치카츠가 으뜸으로 좋았고,케첩베이스로 볶아낸 나폴리타너는 저 옛날 학교앞 경양식집을 추억하게 하는 맛이었어요.(나폴리타너로 통일 안하면 할아버지한테 욕먹던 '에루무';;;빨리 먹고 나갈 것이지 떠든다고 혼나던 그 '에루무')쌉쌀한 후추로 느끼함을 잡아주는 콘소메수프도 좋고요.다른 메뉴도 추가되면 좋을 것 같아요. 기대되는 곳.",맛있다
790,회현카페,맛되디,"<강북 진출은 성공했으니 쐐기를 콱><화양식도 일식이다>이치에, 고료리켄, 회현식당에 이은 김건 셰프의 네 번째 마스터피스.----------------------------------------------------------------------------------화양식...화양식. 단어가 얼핏 어려워 보이나 일본에 정착한, 일본에만 있는 일본풍 서양 요리들을 부르는 이름이라고 생각하면 쉽다. 그 탄생에는 분명 서양 요리의 역할이 컸으나 결과적으로는 모체가 된 서양 요리와는 멀어도 한참 멀어진 요리들은 죄다 화양식인 셈. 영국 해군용 커리 스튜의 영향을 받아 탄생한 일식 카레, 전후 들어온 승전국의 식재료와 식문화를 재해석하고 수용하는 과정에서 탄생한 나폴리탄, 지금은 화양식이라는 단어로 옭아 매기엔 너무 큰 음식이 된 돈가츠 등이 대표적인 화양식이다. 한국의 유서 깊은 경양식집들처럼 비교적 원형에 가까운 화양식을 체험할 수 있는 곳으로는 고토켄, 렌가테이 등이 있고.우리네 경양식에도 이 화양식이 지대한 영향을 준 게 팩트고, 그걸 이유로 경양식과 화양식이 같다 보는 이들도 많지만, 나폴리탄, 비프 스튜 등 화양식에만 속하는 음식이 적지 않기 때문에 그렇다고 보는 건 또 무리가 있다고. 사실 경양식에도 포함되고, 화양식에도 포함되는 음식들 중에도 경양식 그것과 화양식 그것이 확연히 다른 음식이 수두룩하니 당연하다면 당연한 얘기다.경양식과는 다른 느낌으로 경험하고, 깊게 탐구해 볼 가치가 충분한 장르인 이유인데, 그간은 이게 참 어려웠다. 정확히 말하면, 어렵다기보단.. 제대로 된 화양식 경험을 위한 선택의 폭이 지나치게 좁았다. 화양식을 깊이 있게 다루는 곳이 판치야, 양송이 식당 정도로.. 정말 적었기 때문ㅠ 그러나 얼마 전, 어마어마한 화양식 선택지 하나가 추가되었다. 바로.. 회.현.카.페!!회현카페...일식 필드에서는 대중적으로나, 마니아적으로나 입지가 확고한 셰프라고 할 수 있는 김건 셰프의 화양식 전문 업장. 여전히 괜찮은 곳이긴 하나 개인적으로 전 방문에서 전화 수백통을 걸어 예약하는 수고를 기꺼이 감수할 만한 곳은 아니라는 생각을 하게 되어 그 뒤로는 가려는 시도조차 안 하고 있는 회현식당 위에 있다. 사실 이 회현식당 마지막 경험 때문에 방문 직전까지 갈지 말지 고민이 많았으나.. 여러 미식가님들이 추천하시기도 했고, 회현식당도 오픈 직후엔 확실히 괜찮았기 때문에.. 그래 차라리 오픈컷으로 경험해 보자는 맘으로 가오픈한 날 다녀왔다.공간...회현식당 입구 앞의 나름 분위기 있는 계단을 따라 올라가면 만날 수 있는 공간으로, 공간 자체의 톤은 회현식당과 크게 다르지 않으나 색색의 큼직큼직한 체크 패턴 테이블보를 과감하게 사용해 산뜻함을 더했다. 진하게 느껴지는 양식당의 아이덴티티는 덤. 전반적으로 무게감 있는 분위기와 발랄한 분위기의 부조화 같은 조화가 매력적인 공간이라 말하고 싶다.맛본 음식...스테미나 정식(22000)스테미나 정식_스테미나 정식이라는 이름에 걸맞는 푸짐한 한 상이다!튀김옷이 얇디 얇아 함박이나 다름 없는 멘치까스, 리얼 타르타르 덮은 가라아게, 왕새우 프라이 두 개, 감자 사라다, 나폴리탄이 한 그릇에! 거기에 잘 지은 밥과 유니크한 국까지!하나하나의 퀄리티도 상당한 편. 특히 멘치까스! 사이즈도 좋지만 맛은 더 좋다. 믹서 멘치가 아니라 씹는 맛 좋고, 육즙도 건드리기만 하면 토해낸다. 콸콸콸~~~ 리얼 데미그라스 치덕치덕해 먹으면 밥 두 공기도 SAAP가능인 멘치까스다.새우 후라이도 튀김옷은 부드럽게 바삭하고 속살은 야들퐁싯하니 정말 맛있다. 유명한 새우튀김 짤의 남편('맛의 비밀 노트'에 나오는 그 양반..)도 이 새우튀김엔 만족할 듯 하다.가라아게는 자체의 맛은 적당히 맛있는 가라아게 정도지만 타르타르 소스가 저세상 타르타르 소스. 타르타르 소스가 아니라 직접 만든 마요네즈라고 봐도 될 정도로 계란맛 낭낭한 진짜 타르타르 소스다. 물론 계란 비린내가 난다는 얘긴 아니다. 계란의 좋은 풍미만 가득하다는 얘기ㅎ감자 사라다도 보기엔 그냥 감자 사라다건만 부드러움이 남다르다. 부드러운 만큼 크리미하면 끝에 가선 먹기 좀 힘들기 마련인데 이 녀석은 크리미함은 과하지 않아서 그런가 다 먹을 때까지 그런 불상사는 없었음!ㅎㅎ 다만 농후할 정도로 크리미한 감자 사라다를 좋아하는 분들도 많아서.. 조금은 호불호 갈릴 사라다일 수도 있겠다.나폴리탄도 good. 케쳡맛 낭낭하고. 소세지 부드럽고. 별 거 아닌 것들이지만 나폴리탄엔 중요한 것들이고 또 은근 어려운 것들이다. 그런데 다 있었다. 진한 케쳡맛도, 보들한 소세지도. 샐러드는 드레싱이 꽤 독특하다. 한계까지 농축된 오리엔탈 소스 느낌의 드레싱으로 살짝 한약맛도 난다. 샐러드와 잘 섞어 먹으니 적당히 새로우면서, 거부감도 없어 식사 중간중간 리프레셔로 아주 유용하게 썼다.밥은 경양식의 식사로 딱 좋은 수준의 찰기만 머금은 밥이었고 태우듯 볶은 양배추에 도미, 광어 등의 뼈 육수를 부어 끓인 듯한 국! 이게 의외로 정말 맛있었던 그 날의 1등. 회현식당 생선정식의 미소도 이걸로 바뀌었으면 좋겠..비주얼적으로는 캐릭터 모양을 한 구성이 없어서 그렇지 메이드 카페의 호구 등쳐 먹기 정식과도 닮은 구석이 꽤 많은 한 상인데 확실히 완성도는 정말.. 뛰어나다. 맛있게 잘 먹었다.접객...나이스한 접객. 기본적인 것들은 물론이고 본인 한정 좋은 접객, 무던한 접객, 별로인 접객을 나누는 기준인 식사가 끝난 뒤 만족도 체크도 아주 친절하게 해 주셨으니.. 접객 좋은 곳 맞지 뭐.총평...긴 말 않겠다. 당분간 워크인 손님만 받는 식당으로 운영되니.. 예약제 식당으로 바뀌기 전에 다들 어서어서 맛보시길ㅎㅎPS)음식맛이 섞이는 걸 정말 싫어하는 본인이라ㅠ 정식에서 딱 하나! 뷔페에서 음식 담은 접시도 아니고 한 그릇에 멘치까스, 사라다, 나폴리탄, 새우 후라이, 가라아게, 샐러드가 다 담겨 나오는 건 좀 아쉽다ㅠ 일본에서도 여러가지가 조금씩 나오는 정식은 그렇게 주는 곳이 많긴 하지만ㅠPS2)제발!!!! 빠르게 식지 말아 주세요....PS3)카레라이스도 메뉴에 추가해 주세요.. 먹고 싶어요. 찐 일본 카레...",맛있다
791,회현카페,준영,"회현식당 윗층에 바로 오픈한 회현카페! 메뉴를 봤는데 너무나 고운 경양식 모듬이라 방문하지 않을 수 없었어요ㅠㅠ 오픈 날짜 보고 벼르다가 드디어 방문!! 비가 쏟아지는 오후 1시반에 방문하니 자리는 널널하더라구요ㅎㅎ 체크무늬의 테이블보도 너무 경양식스러움! 그래서 테이블보 없는 바 자리 앉기는 괜히 뭔가 아쉬웠습니다ㅋㅋ 도키도키 스테미나 정식! 단일 메뉴라 인원수에 맞게 준비해주셨어요. 멘치카츠, 새우튀김, 치킨난반, 나폴리탄 스파게티, 감자샐러드 그리고 스프와 밥 이렇게 구성되어있었어요. 정말 좋아하는 것 투성이라 뭐부터 먹어야할지 모르겠던ㅠㅠ 그중 제일 궁금하던 멘치카츠를 먹었는데 우와.. 소스가 너무 맛있어요ㅋㅋ 당연히 직접 만들었겠죠?? 고기 육즙도 낭낭하고 바로 먹으니 튀김도 아직 소스에 젖어들지 않아 바삭하게 잘 먹을 수 있었어요.  치킨 난반은 약간 식어갈 때 쯤 먹어 바삭함은 덜했지만 충분히 맛있었어요ㅎㅎ 가슴살이랑 다리살 적당히 섞어주셨더라구요. 그 외에 새우튀김도 나폴리탄도 깔끔하니 맛있었고 콘소메? 같은 스프도 진해서 정말 좋았어요. 메뉴 바뀌면 또 방문하고 싶은 곳이에요!",맛있다
792,참치공방,당케쉔,"저녁 무한리필때 가보고 마음에 들어서 점심에 재방문.법카찬스로 룸예약 후 25,000짜리 A코스 주문. 무한 리필은 아니지만 1~2회 리필했을 법한 양의 참치가 나와서 크게 아쉬움은 남지 않았습니다.지난 번에 먹고 맛있었던 맵게 볶은 양배추&버섯 조합도 좋았고, 참치회의 해동을 잘해서 서걱서걱함 없이 잘 먹었어요.락교와 김, 초생강 양도 넉넉.마지막엔 참치초밥과 알탕, 새우튀김, 돌솥비빔밥까지 나와서 정말... 배 터지는 줄 알았음. 회사 밑 편의점에서 까스활명수와 탄산수 1+1을 쟁여와서 오후내내 마셨을 정도.다만 참치는 역시 소주나 사케랑 먹어야 맛있다는 걸 다시금 느꼈네요.",맛있다
793,참치공방,당케쉔,"가성비가 참 괜찮은 참치무한리필집.얼렸다 녹인 것이겠지만 그런 것 치고 이 가격대에 (제일 저렴한 게 3만 원...!) 꽤나 잘 녹여 나오는 참치 무한 리필은 처음 본 것같아요. 개인적으로는 저기 어디 용산에서 먹은 무한리필참치나 다른 체인점보다 괜찮은 듯.리필해주는 스피드나 구성도 빠르고 알찼고, 기본찬으로 나오는 사이드디쉬들 중에서 맵게 볶아낸 양송이버섯 + 가쓰오부시 조합은 맛있어서 한번 더 리필해서 먹었어요.일단 건물이 새거라 그런지 엄청 깔끔하고 넓은데다가 룸도 많아서회식으로 오고 싶은 곳이에요. 직원분들도 친절하세요.",괜찮다
794,참치공방,콩잉,평일 점심에 갔고 코스 ? 로 먹었는데 무난하게 잘 나왔어요참치회ㅠ종류도 많도 김도 계속 주시고 밑반찬도 많이 나와요 튀김도 나오고 알밥도 나오고 찌개도 나와서 저렴한데 알찬 코스 느낌이었어요 직장인 점심으로 추천합니다,괜찮다
795,참치공방,이아영,점심 회덮밥을 먹었다.회덮밥 9000원.우선 참치가 정말 많다. 그리고 상어고기도 아니다. 남자친구가 강남점이 밥덮회였다고 해서 을지로에 있는 참치공방을 간건데 진짜 회가 많았다 ㅋㅋㅋㅋ 깍두기 모양이 아니라 살짝 길다랗게 썰어주시는데 수저에 그거 하나씩 올려먹어도 남고 남는다... 나중에는 회만 집어먹음 ㅋㅋ반찬은 그냥 무난무난... 다른건 특별할거 없는데 걍 회덮밥 회가 많고 참기름이 내가 마음대로 뿌릴 수 있어서 좋은 것 같다.여기 근처에서 회덮밥 먹으려면 롯백 지하가야하는데 거기는 만원이상에 회도 이것보다 없단말이에요ㅠ 그래서 여기가 나은 것 같다.  추천추천,맛있다
796,참치공방,Wchelin,"그냥 무한리필집.다른곳은 무한리필을 잘 안 가지만, 참치는 대체로 무한리필집이 많다. 느끼하고 물려서 많이 먹지 못해서 무한리필로도 장사가 되는듯하다. 광어나 도미 같은 흰살생선을 무한리필하면 큰일날 것 같다.을지로에 위치한 참치 무한리필 체인점. 을지로입구역 바로 앞이라 교통은 편리하다.스페셜. 대체로 참치 무한리필이 그렇지만, 처음에만 좋은 부위가 나오고 그 다음에는 싼 두, 세 부위가 나오는데 이집은 유독 심하다. 참치도 냉동했다 해동한지 얼만 안 된 느낌이라 맛도 별로였다. 무한리필은 부르기전에 계속 해주는데, 약간 질릴때까지 리필공세를 하여 얼른 식사까지 준비해주는 느낌이 강하다. 비슷한 가격대 이춘복참치와 비교했을 때  많이 부족한듯.가격 대비도 아쉽고, 참치의 질이 상당히 아쉬웠던 곳.",별로
797,동해도,charles,"저녁에 다녀왔습니다만, 스시야가 아니라 쥐포집 온 줄?생선이 바짝 말라 있네요 ㅎㅎㅎㅎ둘이 왔는데 알밥+우동 하나 시켰다고 숟가락도 하나만 서빙됨.그렇다고 테이블 주변에 숟가락이 비치되어 있는 것도 아님.걍 숟갈 하나로 사이좋게 나눠먹음 ㅎㅎ심지어 티슈도 비치되어 있지 않고, 테이블에 벨도 없어서 서빙 직원 부르기도 힘듬.업무에 쩔어 큰 목소리로 직원분을 부를 힘도 없어 티슈 요청을 포기하고 그냥 카운터 쪽의 직원 비품 테이블 구석에 놓여 있던 티슈 박스 하나 직접 가져왔습니다. 테이블이 작은 것도 아닌데 티슈조차 테이블에 비치해 놓지 않은 이유가 도대체 뭘까요?두 번째 왔는데, 처음에 왔을 때도 약간 긴가민가 했는데 역시나 별로. 두 번 다시는 오지 않을 듯 합니다.진짜 맛없었어요.+식사 후 세종문화회관에 공연 보러 갔었는데 배탈 나서 화장실 들락거리느라 저녁 시간을 완전히 망쳤습니다.설사가 멎질 않아서 화장실에 거의 20분 정도 앉아 있었던 것 같네요.다음날 가게에 전화해서 말했더니 대뜸 한다는 말이 사과는 한마디도 없고""그러면요, 병원에 가셔서 진단서를 떼서 가져오세요."" 라고...ㅋㅋㅋㅋㅋㅋㅋ개열받아서 ""저기요. 저 보상 받으려고 연락 드린 게 아니라 음식 상태 엉망이었다는 얘기하려고 전화 드린 거예요."" 했더니 그제서야 사과하며 그래도 병원은 다녀오시라며...어제 화장실 가서 설사하고 끝났는데 이제와서 뭘 병원을 가고 자시고 하냐고 하니 그래도 병원은 다녀오시라고 진심인지 뭔지 모를 걱정을 다 해 주시네요 ㅎㅎ사장님께 내용 전달은 하겠고 연락처 남겨달랬는데 그냥 더 이상 스트레스 받으며 신경 쓰기 싫어서 거절했습니다.비주얼도 최악이었지만 그냥 맛만 없는 거였으면 저녁 한 끼 망친 걸로 치고 넘어가려 했는데 배탈까지 날 줄은...먹고 나서도 입안이 텁텁하고 비린내가 나는 것 같아서 공연 보는 중에 사탕 찾느라 가방 뒤적거리고...가게 관계자 여러분이 더 잘 아시지 않나요??음식 상태가 얼마나 최악인지?진짜 모르시나요?몰라서 저한테 음식 상태가 어땠는지 물어보시는 건가요? ㅋㅋㅋ바로 빚어서 바구니에 담겨 나오는 스시의 상태는 보기에는 나쁘지 않았으나, 레일 위의 스시 상태는 점심 때 팔다 남은 거 그대로 파시는 듯 했습니다.그래서 전 그나마 상태 괜찮아 보이는 걸로 골라먹었는데도 배탈이 난 거고요.말라 붙은 스시 먹었으면 과연 어떻게 됐을지...ㅋㅋ하다못해 그렇게 팔다 남아 말라 붙은 스시는, 비주얼이라도 좋으라고 회무침 같은 걸로 재활용이라도 하지 않나요? ㅋㅋㅋㅋ그 정도의 열의도 없었던 건가....... 싶네요.....ㅋㅋㅋㅋ아님 뭐 어묵이나 쥐포로라도 만드시길 추천 드립니다......ㅋㅋ생선 종류도 얼마 안되는데 뭣 때문에 그렇게 관리가 안 되는 걸까요?배탈났다고 열받아서 과장해서 하는 말이 아니라 솔직히 동네 초밥집 수준에도 미치지 못하는 곳이었습니다.이런 곳이 왜 주변에서 맛집으로 소문이 났는지 알 수가 없네요.광화문에서 살아 남아 있는 게 신기한 음식점이었습니다.두 번 다시는 갈 생각 없습니다.음식 상태, 테이블 상태, 고객 응대 모두 최악이었습니다.",별로
798,동해도,YSL,광화문에도 있는 동해도! 점심시간 한시간 동안 무제한으로 먹을 수 있는 초밥뷔페집. 무한 리필이라 그런지 음.. 종류가 제한적이고 퀄리티가 엄청 좋진 않아요. 그래도 회전식 말고도 인당 5pcs씩 따로 골라서 접시에 담아주는건 조금 더 질이ㅡ괜찮은것 같아요. 뜨거운 물 따르는건 일본식으로 되어있더라구요~ 마지막으로 알밥 또는 우동도 미니사이즈로 주문 가능합니다 ㅋ,괜찮다
799,동해도,파랑앤홍,점심에 방문 1시간 한정 무한리필로 초밥 종류나 수준은 중하정도..그러나 1인당 추가 주문가능한 초밥 5접시의 초밥은 퀄리티가 상하 정도됨추가로 사누끼 우동이나 알밥 가능.. 무료로..사누끼 우동 맛 은 꽤 괜찮습니다무한리필 치고 중구에서는 꽤 괜찮긴 합니다방문추천 70%주차 힘들어요,괜찮다
800,동해도,( 0 ),평타 매장이 이전하면서더 넓어지긴했는데~전에비해 부족한 느낌~쏘쏘 ~이모님이 눈치 주는느낌 ~내가 너무 많이먹엇나 ? ㅎㅎ,괜찮다
801,우도일식,르웬,"시청근처에서 (과장님이) 회가 땡길때 가는 바로 그 집!프레스센터 지하에 옹기종기있는 식당 중 회와 탕을 주메뉴로 하는 곳!상사찬스로 비싼 정식집을 갈때 바로 옆 집인 보리굴비 전문점인 더테이블이나 회와 탕 전문점인 이 곳을 많이 오게된다. 생대구탕, 알탕, 회덮밥, 생선구이 등도 있고 점심에 1인당 28,000원짜리 정식을 시키면 고들빼기, 톹, 콘치즈, 전, 튀김, 생선구이, 알밥, 탕, 그리고 회가 나온다. 맛은 이 근처에서 그럭저럭 평타정도하고 공간이 좁아 일찍 가지않으면 자리가 없으니 미리 예약하는 센스가 필요하다!",괜찮다
802,오후청,Ji-yoon Jung,점심 단골집입니다샤브샤브 채수 베이스도 깔끔하구요 여자 기준으로 딱 적당히 따뜻하고 맛있게 먹을 수 있어요죽 추가 하면 맛있어요ㅎㅎ,맛있다
803,엔토하이,*,"#매콤야끼우동17,000 #모듬고로케14,000 #명랑계란말이(서비스)1차를 거하게 먹고왔지만 간단메뉴가 없어서 이왕이면 먹고싶은걸로 주문...ㅋㅋㅋㅋ 야끼우동은 생각보다 너무 맛있었고 고로케도 예상가능하지만 참 맛있었다. 무엇보다 소스가 찰떡이었음. 서비스로 주신 명란계란말이는 화룡정점. 시청역 인근 괜찮은 이자카야 별로 없는데 네이버지도보고 우연히 들어갔다가 만족해씀!! 다른 메뉴들도 맛있어보이는 메뉴들이 많았다. 다음에 재방문하면 다른메뉴 섭렵하고싶음.",맛있다
804,동해일식,YSL,사진이 날아갔는데.. 여튼 일반 활어초밥이 25천원인데 신선도는 나쁘지 않았으나 너무 구성이 2종류 정도로만 되어있어 금방 질렸음. 오히려 18천원짜리 알탕이 더 맛있었음. 밑반찬도 걍 그렇고 룸은 있어서 좋은데 가격대비 쏘쏘,괜찮다
805,스시조,림,"처음 방문한 스시조는 비슷한 시기에 방문했던 아리아께와 스시 스타일이 상반되는 점이 재밌었다 가장 큰 차이점은 적초 샤리였는데, 보통 적초 샤리를 쓰더라도 중간에 샤리를 바꾸는 대부분의 스시야와는 달리 처음부터 끝까지 쓰는 게 가장 인상적이었다그럼에도 불구하고 간이 아주 세지 않고 좋은 밸런스의 스시를 낸다 스시는 물론이고 중간 중간 츠마미, 그리고 스이모노가 아주 맛있었다 디저트류를 선택할 수 있는 점 역시 좋았는데 디저트는 역시 모나카지, 접객이나 홀 서비스 모두 좋았다 예약만 쉽다면 자주 방문할텐데 ㅠㅠ 유일한 흠이라면 흠",맛있다
806,스시조,DD,"오마카세를 즐기는 이라면 누구든 한번쯤 가봤거나, 가고자 하는 스시야. 부푼 기대를 안고 방문한 스시조 런치. 섬세한 접객, 최상의 재료!그냥 맛있는 스시.이 재료에 이 맛은 당연한데…?런치기준 10~12만원 정도면“아주 맛있다!”겠지만,최고의 가격대에 걸맞는 극강의 맛과 분위기는 아니어서 조금 아쉽다.",괜찮다
807,스시조,Thee,맛 없고 비싼 신기한 식당호텔 식당이라 서비스는 좋습니다,별로
808,스시조,마랑,회랑 초밥 좋아하는 내 맘속의 오랜 위시리스트 스시조축하할 일이 있어 축하할겸위시리스트 격파할겸겸사겸사 방문했다.오마카세가 아니어서 그랬던건가..???서비스를 제외한 모든 것들이 별로였다.기록할만한 식사가 아니라서 사진 찍다 포기할 정도회은 숙성회였겠지만...감칠맛을 느낄 수 없었고스시는 샤리 맛이 쎄서 네타를 압도해 버리더라...스시조...저한테 왜 그러셨어요!!!,별로
809,스시조,주아팍,"Sushi Cho is Love (feat.에인졀 카나리아)우선 스시조를 접할 기회를 주신 카나리아님에 대한 삼창으로 이 리뷰를 시작한다. ""카나리아! 카나리아! 갓나리아..!!""예약이 그렇게 어렵다는 스시조를 카나리아님의 은혜로 다녀왔다.먹어도 먹어도 맛있는게 스시지만, 스시조의 명성에 걸맞게 한 피스 한 피스 매우 맛있었다. *는 개인적으로 꼽은 Best해산물스프-찜전복*-도미뱃살+광어,광어지느러미-문어조림-줄무늬전갱이-무늬오징어-방어뱃살*-금태구이-백합국-아까미-주도로*-흰돗대기새우-오도로-우니(보스턴산)-전갱이*-고등어봉초밥-아나고-교꾸-말차아이스크림 모나카#1. 김 맛집몇몇 피스에서 김을 활용하는데, 이 김이 기가 막히게 맛있다. 찜전복을 먹고나면 전복내장으로 만든 소스와 샤리, 싸먹을 김 한 장을 같이 준다. 물론 전북내장과 샤리의 조화만으로 환상이지만, 김싸서 먹는 순간 깜짝 놀라 눈이 동그래진다. 얇고 조미가 안 된 김의 향과 풍미가 어마어마하기 때문.그리고 아까미에도 김을 넣어주시는데, 설명도 하기 전에 진한 김의 맛이 올라와 이미 그 존재감을 눈치챌만한 수준이다. 김 자체만으로도 맛있지만 해산물들과 어우러지면 서로의 존재가 배가 된다.#2. 훌륭한 뱃살들내 몸에 붙어있을 때 빼고 다른 생물들의 뱃살은 어쩌면 이렇게 은혜로운지. 방어뱃살피스는 다진마늘을 살짝 올려 주시는데, 마늘의 알싸함이 살짝 올라오면서 기름지게 녹아내리는게 아죠 미쳤다. 주도로에는 대뱃살과 중뱃살 사잇살을 간장에 살짝 절인 후 한 겹 더 쌓아 주신다. 짭쪼름해 느끼하지는 않으면서 깔끔하고 고소한 기름기를 경험할 수 있다.#3. 그 외이름도 생소한 흰돗대기새우는 잘은 모르겠지만 조그마한 새우를 뭉쳐 만든 피스같았다. 단새우보다는 훨씬 눅진함은 가볍지만 새우향이 은은하게 난다.라이브로 아부리를 해주는 고등어봉초밥은 시소향과 불향이 은은하게 나서 즐거운 한입이다. 교꾸는 생각보다 쏘쏘.스시조는 후식을 고를 수 있는데, 가장 유명한 말차아이스크림모나카를 택했다. 팥은 달지 않으면서 아주 진한 말차아이스크림의 맛과 바삭한 모나카가 좋다. 다만 이날 기본적으로 내주는 차도, 마무리로 나온 차도 녹차여서 거의 녹차 삼매경이었다. 둘 중 하나쯤은 호지차라던지.. 다른차로 바꾸면 좋을 듯.한 입 한 입 먹을때마다 미소가 절로 지어지는 훌륭한 시간이었다. 역시 스시조는 그 자체가 바로 사랑이어라.",맛있다
810,스시조,HR,"매 주말 스시조에서만 즐길 수 있는 고오급 라이브 홈메이드 오뎅 바랍스터 한 마리가 통으로 들어간 오뎅 국물이라니..실제 맛을 보기 전 이미 비주얼에서 결판이 나버렸다안쪽 공간으로 들어오는 길목에 마련되어 있는 오뎅 스테이션을 발견한 순간, 저걸 주문해야겠다 결정했다현재 홈메이드 오뎅 메뉴는 주말 스페셜 메뉴로만 판매하고 있고, 코스는 총 2가지 구성 중에서 선택 가능하다내가 선택한 코스는 두 코스요리 중 라이트한 버전으로, (디저트 포함) 총 5가지 디시가 나온다개인적으로 기대한 시소 생면은 그냥 그랬고 테이블 석이라 크게 기대 안 한 스시가 의외로 괜찮았다역시 스시조는 스시조인가 보다.. 물론 여기도 아리아케처럼 와사비가 너무 매워서ㅠ 조금씩 떼어먹었다그리고 대망의 랍스터 오뎅탕!일단 국물이 끝내준다♥전통 스타일 대로 가다랑어 포와 다시마로 우려내고 정종과 간장으로 맛을 낸 국물에 랍스터까지 풍덩 빠져 있으니.. 맛없없 조합이긴 하다가마보코 및 랍스터 살, 스지(도가니), 토마토, 청경채, 곤약, 계란이 들어가 있는데 토마토와 스지가 별미다참고✏게다가 오뎅은 세트 메뉴 주문 시 무제한 제공이니 참고하자! (난 배불러서 리필 못 함 ^_ㅠ)얼핏 들은 바론 이 스페셜한 오뎅 세트 메뉴는 2월 주말까지만 운영되는 듯하니 궁금하다면 서둘러 방문해 보길 추천한다by #류흥로그",맛있다
811,스시조,kyun1026,제일 좋아하는 스시조. 너무 많이 가지 마세요. 저 예약하기 힘들어지니까… 다른데 좋은데 많아요… 다른 스시집 가세요…,맛있다
812,스시조,왕앵무,"클래식한 스시 오마카세를 가보고 싶었는데 좋은 날을 맞이해 스시조 런치에 방문하게 되었다. 쉐프님 지명을 하고 가진 않았고 김동완 쉐프님이 초밥을 쥐어주셨는데 무심한 듯 하지만 불편한 게 없도록 계속 챙겨주셨다. 일단 여기는 샤리도 맛있고 전체적으로 맛이 군더더기 없이 깔끔하다. 충격받을 만한 맛은 사실 없었지만 모든 피스가 모범생 같은 맛을 내서 만족도가 높았다. 전복, 사시미로 내어주신 도미와 광어, 전갱이, 주도로가 특히 맛있었다.표고버섯을 곁들인 새우 가리비전복도미, 광어문어줄무늬전갱이무늬오징어방어금태구이스이모노참치등살도미주도로+사잇살우니+단새우전갱이장국고등어봉초밥장어교꾸디저트(모나카, 애플로즈마리 셔벗)",맛있다
813,스시조,UDOEE,"인생 스시두 달을 기다려서 간 스시조이우성 셰프님을 지명하지 않았는데 이우성 셰프님 한테 먹을 수 있어서 좋았다.후기 보면서 기대 했던 전복 게우소스는 처음 먹어보는 맛인데 정말 기대이상게우소스에 와사비 듬뿍 넣어서 샤리랑 같이 싹싹 비벼 먹고 츠마미 시작 하는데 내가 예약한 날은 히라메 ,엔가와,문어 였다.히라메와 타코는 맛있기는 했지만 특별하지 않았지만안그래도 맛있는 엔가와에를 셰프님 칼질이 더해져서 식감이 레벨업.. 다른 스시랴와 다름을 느꼈다.11월 1일에 먹었는데 이 날 부터 방어 시작 이라고 하셨다.기름이 잔뜩 올라온 방어철 방어는 말이 필요 없었고 평소 참치를 좋아하는데 모든 참치들이 다 맛있었다.. 하나도 빠짐 없이 맛 없는 구성이 이지만기억에 남는 피스 중 하나는 우니를 미국산,국산 2가지를 섞어서 손으로 하나하나 깐 시로에비를 같이 주셨는데 새우+우니+적초샤리 맛이 밸런스 있게 맛있었당유명한 모나카도 맛있게 먹고 내가 많이 못 먹을 줄 알았는데 잘 먹어서 놀랐다는 셰프님..ㅋ자주 오라는데 1월까지 예약이 꽉 찼다는데 …어떻게 가요.. 날이 따뜻해지기 전에 또 가고싶다. 내년 부터 가격 인상이라고 한다.. 가끔 전화 해보면 빈자리 있으니 도전 해보세용ㅠ 런치 20",맛있다
814,스시조,지니,말이 필요없는 스시조 편안하고 맛있어요 사케도 다양하게 있어요~,맛있다
815,스시조,아콩이맛집여행,"☆스시오마카세(2인)➡️590,000원☆돔페리뇽로제2006빈➡️356,000원(돔페리뇽로제는 제주면세구입)☆콜키지➡️50,000원(조선호텔 회원권으로 20%할인+콜키지 무료 적용된금액=472,000원)오늘 소개할곳은 서울 소공동 조선호텔에 위치한 스시오마카세 전문점[스시조]입니다.맛:보통 오마카세집처럼 차완무시로 시작할줄 알았는데 오징어가 들어간 새콤한 소스의 조합이 나오네요.✡전복술찜➡️따스하고 겉은 탄력적인 쫀득함과 속은 부드러운 전복에 적당한 간의 게우소스 조합 너무좋습니다.특별히 게우소스에 밥을 따로 주어 김과함께 입속에 넣으니 샴페인과 한잔하기 좋았음✡생선뼈를간 어간장/타코➡️타코 부드럽고 짭쪼름한맛과 사시미에 찍어 먹어도 맛난 어간장조합이 좋았어요✡사시미➡️참돔은 달달하면서 식감이 좋으며 탄력적이며 방어는 역시 기름진맛이 좋음✡금태사시미➡️부드러운 금태와 약간 비릿함이감도는 생선 내장소스를 와사비와 함께먹으니 맛이 좋아짐✡새우/우니➡️러시아 우니(약간의 비릿함)을 가지고 있고 새우가 단만,비릿함,간장의 짠맛,와사비가 잘어울러져 맛있음(함께 한번에 먹으니 맛있음)✡당조고추 튀김➡️새우,명란간,당조고추를 튀긴 요리로 새우의 풍미와 고추의 향과 바삭함이 느껴짐✡갈치구이+밥➡️양념된 밥은 맛이 좋으며,갈치또한 짜지않고 담백하며 간이 은은하게 되어있어 좋았으며 겉은 뼈를 재거해 먹기편함✡나베➡️새우와 조개나베로 술안주로 굿✡심아아지➡️부드럽고 탄력적인 식감과 적초샤리의 새콤함 그리고 온도감이 있는 스시로 시작합니다.✡오징어➡️유자향이 입속을 감싸는 오징어스시✡금눈돔(킨메다이)➡️아주 귀한 녀석으로 심해에서 보이는 녀석인만큼 가격도 높은 생선입니다.적당한 기름기와 부드러운 네타와  과한 느낌이 아닌 적초샤리 조합돔페리뇽로제➡️진한 핑크색과 황금색을 머금은 잔속 잔잔하게 올라오는 기포감만으로도 이녀석의 존재감은 강하게 다가옵니다.딸기,꿀,과실향,시트러스향과 단맛속에 산미가 느껴지는 샴페인으로 발렌스가 뛰어나며 절제된 중후함까지 느껴지는 재미난 술입니다.✡방어➡️기름기 가득하고 숙성도가 있어 부드러움까지 가지고 있는 방어라 샴페인 한잔과 먹으니 좋음✡아까미➡️네타속 샤리에 김이 있어 고소하며 부드러움과 짭쪼름함✡주도로➡️입에서 아주 녹아요✡새우➡️달고 부드러운 새우와 새콤함 그리고  와사비의 톡쏘는 맛✡우니군함➡️캘리포니아 우니,훗카이도 우니의 조합으로 김의 고소함과 우니가 달아서 굿이었음✡삼치➡️실파,생강,마늘,소금,마늘기름이 들어가 있는 삼치로 부드럽고 깔끔함✡사바마끼➡️적초샤리와 고소한김과 사바의 조합이 매우 매력적✡아나고➡️따스한 아나고의 부드러운맛과 온도감속에 달달한 소스까지  발라져있어 굿✡딸기모찌/모나카➡️모나카 바삭함이 굿/모찌에 딸기가 정말 달았음스시조에서 사용하는 샤리는 적초였으며 강한 새콤함을 가지고 있는 샤리보다는 중간정도의 새콤함을 가지고 있습니다.네타 대부분 특성에 어울리는 숙성도를 나타내고 있어 좋았으며 접객은 보통정도선이었습니다.====================================♧주소:서울 중구 소공로106♧연락처:02-317-0314♧영업시간:07:00~22:00♧주차시설:100대이상※스시조 예약시 셰프님 지정할수 있으니 참고하세요※2021년기준 1~2달전 예약해야 갈수있을정도로 예약하기 힘듬(서울전체적인 스시오마카세집들이 전부다 예약하기 힘들어짐)※적초샤리를 사용하고 있어 술과함께 먹는것이 좋음※적초샤리는 중간정도의 새콤함※네타숙성도가 좋아요※접객은 보통정도였음(경직된 분위기)※네이버 블로그 리뷰는 좋은편※네이버 영수증리뷰도 좋은편이며 물비린내가 난다는 평이2018년에 한건있었고 가성비가 좋은편은 아니라는 평도 있음총평가:《서울 소공동은 개인적으로 매우좋아하는 지역입니다.스시조는 룸과 테이블 그리고 바로 나누어져 있으며 고급스러운 호텔일식당의 모습을 가지고 있습니다.오늘하루 스시조에서 맛있는 스시한점과 돔페리뇽로제 한잔으로 행복한 시간을 느껴보는것은 어떨까요?》",괜찮다
816,스시조,예랑,"한줄평: 두말이 필요없는 클래식한 스시 오마카세 강자. 디저트모나카까지 완벽하다.❤ 1400 리 뷰 ❤1월 초, 새로운 일을 도전하는 나를 위한 선물로 다녀왔던 스시조. 평일 런치라서 널널할거라고 생각했는데, 비즈니스나 관광 등 목적으로 웨스틴 조선에 방문한 사람들이 은근 먹으러 왔더라는. 자리에 앉으니 무릎에 냅킨까지 직접 깔아주는 서비스는 약간 부담이긴 했다(.. ) 다찌석에 앉으면 당연히 오마카세인 것 같은데, 가격이 어느정도인지 모르겠다. 디저트 모나카까지 합쳐서 20만원 나왔다.나는 이날 박진홍 셰프님이 쥐어주셨다. 2007년 스시조에 들어와 벌써 15년차이신 셰프님. 내공이 느껴지는 손놀림과 실력에 감탄했다. 와사비 향이 날라가는 걸 방지해서 엎어둔다던가 하는 디테일에 역시 스시조라는 생각. 전날 먹은 타쿠미곤하고는 전혀 다른 정석에 가까운 스타일인데, 이 또한 나쁘지 않았다. 네타별 감상은 아래에 자세히.-----1. 차왕무시 - 트러플소스와 찹쌀 리조또 같은 되직한 내용물이 들어가 인상적.2. 찜전복 - 내장소스와 소금와사비를 각각 주는데, 내장소스가 진짜 진하고 맛있었다.3. 적초샤리 & 내장소스 - 앞에 먹고 남은 내장소스를 스시 샤리에 비벼 먹게 해주는데, 이게 진짜 별미였다!4. 광어 사시미 - 스시조에서 직접 만든 어간장에 찍어먹으니 맛있다.5. 문어 - 밑간이 되어있었는데, 쫀득하고 질기지않고 부드러웠다.---- 스시 시작6. 시마아지 - 네타가 확실히 타쿠미곤보다는 얇았다. 부드럽고 사르르 녹는다.7. 아오리이카 - 그냥 이카보다 달큰하고 부드러운 식감이 특징.8. 시로에비 - 단맛은 적은데 부드럽고 담백했다. 개인적으로는 아마에비가 더 좋은것 같다.9. 방어 - 입에서 사르르 녹아내리는 방어!10. 갈치구이 - 껍질은 바삭하고 살은 포슬포슬하게 굽는게 최고다.11. 스이모노12. 아카미즈케 - 입에서 사르르 녹아내린다. 고급 아카미는 이런 맛이지...암암...! 참치 특유 비린내 안나고 식감마저 최상.13. 주도로 - 기름기와 살코기 밸런스가 완벽하다. 2장을 겹쳐서 넣은 스타일이었다.14. 오도로 - 기름진 식감을 잘 살려서 고소했다.15. 에비 - 갓 구운걸 주는데 따끈하고 탱글하고 맛났다16. 삼치 - 위에 올라간 실파 마늘 생강 다진 것과 네타가 잘 어울렸다.17. 우니군함마끼 - 러시아산 우니를 사용하는데, 달큰하고 부드러웠다. 18. 대게살 - 살이 부드럽고 달큰했다. 대게살이 가득해서 좋았다.19. 고등어봉초밥 - 시소랑 겉은 바삭한 고등어의 밸런스가 좋았다.20. 아나고 - 갓 구워서 따끈하고 부드럽고 촉촉한 살이 최고다.21. 계란 - 부드럽고 카스테라 같은 식감이다.22. 앵콜피스 - 아카미즈케가 넘 좋아서... 오늘의 앵콜은 아카미로 결정!-----23. 디저트모나카 - 한 개에 1만5000원이라는 이 모나카. 당연히 스시조에선 모나카지... 근데 진짜 맛잇어...ㅠㅠ 배불렀는데 다 냠냠했음!!! 팥 많이 줘서 좋으뮤ㅠㅠ!!instagram @yeh_rang #먹히영",맛있다
817,스시조,kyun1026,묵은지 리뷰지만 첫 방문부터 너무 맛있었음. 국내에서 제일 좋아하는 스시집. 매주 가는 그날까지 일 열심히 해야함,맛있다
818,스시조,HJ,모처럼 기념일날 남친과 맛난 오마카세 먹엇습니다.,맛있다
819,스시조,shoo,"생선은 당연히 신선하고 간도 완벽.샤리가 다른 곳 보다 확실히 뭔가 더 특별함.개인적으로 기대했던 아이스크림모나카는 워낙 녹차아이스크림도 모나카도 좋아해서인지 맛은 있었지만 크게 기억에 남지는 않았다. 쉐프님도 유쾌하시고 서비스가 서울에서 가본 모든 호텔 레스토랑 통틀어 최고였다. 무언가가 필요하다는걸 내가 인지하기도 전에 이미 준비되어있음.ㅎ 계절마다 바뀌는 생화장식 인테리어도 이쁘고. 요즘 오마카세는 가격이 조금 올라 점심은 196000원, 저녁은 280000원 인걸로 알고 있다. 근로의욕뿜뿜",맛있다
820,스시조,Mk,"인생 최고 고급스러웠던 오마카세..다이코쿠 코스로 주문 했고, 메뉴 순서가 적힌 종이를따로 준비해주셔서 너무너무 좋았어요스시조가 좋았던건 음식도 너무 맛있었지만직원분들이 다 너무너무 친절하셔서 기분까지 좋았어요콘소메소스 우니 컬리플라워 스프는 상상이상의 맛평소 먹어본 콘소메 라고는 씨유 콘소메팝콘 뿐이었는데이런 맛이었구나..우니도 먹어본 것 중 제일 싱싱했어요게우소스는 전복내장 소스라고 했던가..?게우소스에 비빈 메밀면 위에 찐 전복과 난생 처음 먹어본캐비어가 올려져 있었어요. 이게 제일 맛있었어요ㅋㅋ스시도 생선회도 아쉬운 것 하나 없이 너무 싱싱했고하나하나 친절하게 먹는 순서까지 설명해주셨어요중간 히든메뉴 스테이크는 진짜 신의 한수..유자겨자소스가 같이 나왔는데 신박한 맛이었어요민어구이의 비쥬얼을 보자마자 생맥 주문ㅋㅋㅋ작은 사이즈의 삿포로 생맥주와 환상 조합이었고말차소스가 기름의 느끼함을 잡아줘서 좋았어요하모가 뭔지 몰라서 무슨메뉴일까 궁금했는데장어더라구요! 1인 화로가 나오는게 참 섬세하고 좋았고육수에 하모를 살짝 데치면 칼집 난 하모가 꽃처럼 펴지고먹으면 살은 입에서 녹고 껍질은 쫀득하고와 하모라는게 이런 맛이구나 싶더라구요 환상의 맛마무리 스시 다음 기대됐던 간장아이스크림!!지인은 모나카로 변경했어요 변경 가능하더라구요저는 간장아이스크림이 너무 궁금해서 변경 안했는데그냥 바닐라 아이스크림에 간장소스를 부어먹는 것ㅋㅋ소스는 일본식 간장당고의 그 소스 맛이었는데생각보다 너무 맛있어서 깜짝 놀랐어요 저는 모나카보다이게 더 맛있었어요!!!언제 또 먹어볼 수 있을지 모르기 때문에..최선을 다해 즐기고 느끼고 감탄하며 먹고왔네요..황홀했ㄷr..돈 열심히 벌어서 재방문 의사 600%..",맛있다
821,스시조,김 홍,어제 점심 코스로 다녀왔어요~ 초반에 나오는 사시미에 소스들이 워낙 특이하고 건강한 재료로 만들어져서 입맛을 확 돋우고 스시는 정말 꿀맛이네요ㅎㅎ 그리고 메밀소바 양도 어마어마하고 디저트까지 완벽하게 맛있어요 ❤️ 의외로 양이 많아서 배 두둘기며 나왔네요ㅎㅎㅎ,맛있다
822,스시조,kangster,"스시조입이 떡벌어지더라구요.샤리가 아카샤리스시조에서 처음먹어봤어요. 너무 신기했늗데 설명해주셔서 완전ㅇ이해하면서 쉐프님께서 설명도 잘해주시고 간장도 7가지가 넘더라두요, 왜 다들 스시조 스시조 하는지 알겠더라구여, 기회되면 꼭 가보세요 ㅜ엄청 멋있고 맛있어요",맛있다
823,스시조,춘,"최고의 경험.좋은 날이 있어 주말 저녁 오마카세로 방문함.생각해보니 스시를 좋아는 하지만 스시가 내 최애 메뉴도 아니고... 굳이 비싼 곳에서 먹을 필요가 있을까하여 그간 디너 20만원 이상의 하이엔드급은 한 번도 방문하지 않았던 것 같은데.. 첫 디너 하이엔드급 방문을 스시조로 하여 행복했음. 다찌에 앉아보니 쉐프마다 정말 내주는 스시가 모두 다르더라.. 단순 구성뿐 아니라 같은 메뉴라도 다른 방식으로 스시를 쥐어주심.. 그간 미들급에서만 먹다보니 구성도 같고 재료도 같고 쥐어주는 방식도 비슷하고.. 쉐프의 중요성을 크게 느끼지 못했는데 이곳에 와보니 스시야보다 쉐프가 중요하다는 것을 깨달았음. 그래서 적는 오늘의 쉐프님은 강정훈 쉐프님으로 창의적인 메뉴구성에 좋은 재료 아낌없이 주셨고.. 입담까지 겸비하셔서 먹는 내내 정말 즐거웠음. (감사합니다.)차완무시를 기다리고 있는데 신기한게 나옴. 스텔라마리스 굴과 자연산 김을 넣은 스프. 차완무시가 아님. 겨울 제철 재료로 맛을 낸 스타트. 신선한 김의 감칠맛으로 입맛이 돋기 시작. 굴은 쫄깃한 아주 신기한 식감. 나쁘지 않음. 이후 무려 복어사시미가 나옴. 미나리를 다져서 올렸고 훈연한 껍질을 말아서 먹음. 쫄깃한 식감도 훌륭한데 담백 고소한 풍미가 정말 훌륭했음.전복찜. 이게 소스가 예술이다. 버터 생크림 이런게 아닌 뭔가가 다른게 들어간거같은데 안 알려줌 ㅋ 남은 게우소스에 샤리를 넣어주는데 와.. 이거 한 그릇도 더 먹을 수 있겠음. 샤리도 식초의 산미가 적당했고 쌀의 식감은 뭐 훌륭. 소스가 정말 리치하게 맛있어서 뭐에다 먹어도 다 맛있을듯. 여튼 첫 시작부터 샤리를 맛보여주며 ""오늘의 샤리가 아주 좋습니다""라고 말해주는 것 같았음. 아참.. 전복의 부드러운 식감도 예술임.사쿠란 문어찜. 통통하게 생긴게 약간 질길줄 알았는데 완전 부드럽고 쫄깃. 문어의 감칠맛도 입에서 폭발.사바 가츠오 내장 소스. 살짝 아부리한 사바를 가츠오 내장 소스를 듬뿍 묻혀 먹음. 식감도 훌륭한데 사바의 맛과 가츠오의 감칠맛이 정말 절묘하게 어울림. 생대구 고니 샤브. 식감과 풍미가 우니에 버금간다. 신선해야만 이렇게 먹을 수 있다고 한다. 일식에서 처음 먹어보는 대구 정소.대게살 무침. 신기하게 토마토 젤리를 섞어 먹는다. 색을 뺀게 이곳의 비법. 대게살의 식감과 풍미는 말해 뭐하는가? 그런데 젤리의 식감이 입맛을 더 즐겁게 해준다. 신기했던 메뉴구성. 옥돔 튀김. 비늘을 살려서 튀겨내 크리스피한 식감은 정말 예술이다. 담백 고소함은 덤. 스시로 넘어가기 전 복지리. 먹어본 복지리중 최고. 여기 복지리 맛집이다. 복어 자체의 퀄리티가 워낙 훌륭해 고기 자체의 식감도 정말 훌륭했지만 국물이 진짜 최고였음. 은은한 담백함. 점심에 이거 먹으면 정말 해장은 끝날 듯. 여기 복지리 정말 최고. 이후 스시가 시작됨. 총 10피스가 나오는데 Jㅐ님의 말처럼 에브리 싱글피스가 마스터피스였음. 네타는 다시마로 숙성을 시키셨고 숙성의 정도는 퍼펙트. 잡내 비린내는 모두 없앴고 풍미는 더욱 풍부하게 끌어올림. 식감은 정말 부드러웠음. 다만 숙성을 오래 시키진 않아 적당히 씹히는 식감은 살아 있음. 샤리는 위에서도 말했지만 적식초가 딱 적당한 산도라 네타와의 밸런스가 퍼펙트. 쌀의 식감도 퍼펙트였는데 입안에 스시를 넣자 자연스럽게 스으윽 풀어짐. 너무 되지도 무르지도 않은 적당한 식감. 줄무늬 전갱이, 무늬오징어, 제주도산 벤자리돔으로 흰살 생선이 나오고 방어를 기점으로 붉은살로 스무스하게 변경. 2020년 첫 방어는 스시조에서.. 겨울철 방어는 말해 뭐해?쯔케아카미, 쥬도로×시모후리가 나오는데 마스터 오브 마스터피스는 시모후리. 쥬도로와 오도로의 중간 지점을 시모후리라 하는데 맛은 오도로의 리치한 풍미와 쥬도로의 담백함이 모두 느껴짐. 밸런스가 출중한 맛. 주도로와 시모후리를 겹쳐서 네타로 올려주는 특이한 구성의 스시인데 입 안에서 씹히듯 녹듯 사라졌다. 우니x시로에비 마끼. 우니는 북해도산 말똥성게. 겨울에 먹는 이 겨울성게도 말해 뭐합니까? 그런데 다져넣은 시로에비가 S급 우니를 SSS급으로 만들어주는 듯.오뎅. 여기는 오뎅까지 훌륭하다.이후 삼치아부리, 시메사바보우즈시, 아나고가 나오고 스시는 끝!! 아부리한 삼치와 시메사바보우즈시, 아나고도 지금껏 먹었던 스시들 중 최고였음. 모든 면에서...다마고와 마끼. 모나카 아이스크림. 말차.마지막 하나하나 모두 퍼펙트.너무 맛있고 또 배불러서 정말 행복했다. 너무 맛있는 곳에서 스시를 배운 것 같아 앞으로 어떤 스시를 먹어도 만족스럽지 않을 것 같아 걱정은 된다... ㅎ돈을 많이 열심히 벌어야겠다고 다짐하게 해준 훌륭했던 한 끼. 자주 자주 오도록 노력해야겠구나..",맛있다
824,스시조,호오오오,최고의 맛,맛있다
825,스시조,BOKI,"스시조 런치 오마카세, 놀라운 맛과 서비스",맛있다
826,스시조,Jㅐ,"시청역 웨스틴조선에 위치한 ""스시조"". 수요미식회에서도 소개된 집이지요. 카운터 자리에서 먹었고 스시는 박진홍 셰프님이 쥐어주셨어요. 에브리 싱글 피스가 마스터 피스네요. 최고 : P'런치 오마카세'. 기대도 컸지만 그만큼 걱정도 컸던. 우리나라 최고의 스시야 중 한 곳을 가는 건데 크게 놀랍지 않으면 어쩌나 하는.. 시작으로 나온 양파숲을 올린 자왕무시를 먹자마자 쓸데 없는 기우였다는 걸 깨달았어요ㅋㅋㅋㅋ 진짜 감탄 또 감탄.. 스시는 시마아지, 무늬 오징어로 시작, 새우와 벤자리돔을 지나 아까미, 주도로, 오도로. 우니, 고등어, 청어까지 먹고나니 어느새 장어와 교꾸가 나와버렸다. 마지막 디저트는 당연히 모나카로. 가장 맛있었던 건 새우였고 가장 놀라웠던 건 청어. 이렇게 팬시한 청어는 처음 먹어봤어요. 진짜 놀라운 경험.다 먹고나니 셰프님께서 샤리에 대한 반전을 한 가지 말씀해주셨는데 너무 놀라웠던 기억. 혹여나 조만간 여기 방문 하시는 분이 리뷰 읽을까봐 스포하진 않겠어요!! 분위기도 최고. 홀도 생각했던 것 보다 넓어서 모임하기 좋겠더라구요. 카운터자리는 10개정도 있으니 예약 필수. 샤리 때문이겠지만 스시를 거의 다 손으로 바로 주셔서 사진이 안 예쁘긴 해도 맛은 정말 최고였네요. 앞으로 초밥 어디서 먹나ㅠㅠ",맛있다
827,스시조,Rachel,"스시조는 아리아께와 같이 우리나라에 오마카세, 스시야 개념을 처음으로 도입한 곳으로, 1세대 스시야 시절부터 지금까지 많은 이들에게 사랑받고 있는 곳이다. 오래된 곳이지만 최근 변화의 바람이 불고있다. 원래 도쿄 최고의 스시야로 손꼽히는 긴자 큐베이와 기술제휴를 해오다가 작년 8월쯤 미슐랭 3스타 스시야인 요시타케와 제휴를 맺어 대대적인 개편이 있었다. 게다가 샤리즈도 적초를 쓰기 시작했다. 긴 시간을 보내며 고객과 신뢰를 쌓아온 만큼 이런 변화가 달갑지 않은 팬들도 있는 모양이다. 난 개인적으로 아주 만족스러웠다.  이 날 런치로 방문하였고, 이우성쉐프가 진행을 맡아주셨다. 스시조 차완무시는 구수하고 깊은 맛을 내는 트러플차완무시가 유명한데, 이 날 먹었던 어니언수프 베이스의 차완무시를 정말 맛있게먹었다. 감칠맛을 볶은양파로 풀어낸 것이다. 다음은 캐비어를 올린 능성어. 전복술찜, 문어 등이 츠마미로 나왔다. 식사를 같이 했던 분이 스시조 빅팬이라 잘 챙겨주신 것 같다. 이후 스시가 시작되었고 무늬오징어, 시마아지, 금눈돔, 아까미, 시로에비, 스나즈리, 나마사바 등 확실히 이 가격대 스시야에서 볼 수 있는 좋은 재료들이 네타로 사용되었다. 니기리 스타일은 군더더기 없이 깔끔한 스타일이다. 크기에서도 아리아께와 차이난다. 적초를 사용한 샤리는 초 간이 적당히 세고 시오(소금) 간도 어느정도 있어 좋았다. 특히 풀어짐이 알맞아 스시의 정석이라는 인상이다.  스시는 역시나였고, 중간에 나온 북방조개에서 이런 디테일이 다른 가격대의 스시야와 차이를 만드는 것임을 느꼈다. 아부리했지만 불맛은 굉장히 은은하고 익힘의 정도가 지금까지 먹었던 북방조개와 전혀 다른 식감과 맛을 보여주었다.  디저트는 여러개 중 고를 수 있는데 모나카 맛집이니 모나카를 주문했다. 역시는 역시나. 새로 나왔다는 사쿠라 모찌와 호지차 아이스크림은 나쁘지 않았다.  스시조 브랜드 사케도 주문했는데 적당히 달고 마일드해서 누구나 좋아할 것 같은 맛이다.  확실히 호텔 스시야라 접객과 서비스가 완벽했다. 물을 채워준다거나, 사케를 따라주신다던지, 와사비, 그릇 정리 등의 템포가 오로지 스시에 집중할 수 있는 속도로 진행되었다. 단골찬스라 재료 등은 평소보다 더 잘 챙겨주셨겠지만 감안하고 생각해도 정말 만족스러웠던 식사였다.",맛있다
828,스시조,폴리,"단정한 호텔 일식 정식봄옷을 살까 하다가 봄 일식 정식을 먹었죠.서양요리는 익숙하지만 일식은 초보자라 잘 모릅니다.모르지만 내공의 깊이가 느껴지네요.우선 나오는 튀일 비슷한 튀김은 아주 얇습니다. 크림치즈와 게소스로 맛을 냈다고 하네요. 은근한 감칠맛이 있고 오래되어도 바삭이며 손에 기름이 묻어나지 않아요. 만드는 과정에서 분명 어떤 기술을 썼을텐데 짐작도 안 가네요.성게알 두부 요리는 성게알 위에 올린 와사비가 신선한 성게맛을 배가 시켰습니다. 두부는 땅콩을 조금 넣은듯한 그런 느낌이 들었어요.야채와 쌈장은 전체적인 분위기와 안 어울린다 생각이 처음엔 들었지만 맛있어요. 야채가 매우 신선하고 자연스러운 단맛이 돕니다. 쌈장도 된장이 아주 잘 만들어져있어요. 처음엔 안 어울린다 생각했지만 우리 나라 회의 쌈문화를 생각하니 이해가 되었어요.회는 진짜 훌륭해요. 숙성된 광어의 식감이 아주 특별했습니다. 참치도 맛있었어요. 특히 딱새우의 감칠맛 도는 단맛은 정말 훌륭합니다.도미머리조림도 과하지도 넘치지도 않는 딱 정공법 그대로네요. 저는 그동안 정통 일식을 많이 못 먹어보아서 그런지 예전에 고급 베트남 식당을 갔을 때 먹은 농어조림 생각이 많이 났어요. 담백한 도미가 풍미 넘치는 조림이 되었네요.차돌과 부지갱이 나물 솥밥은 맛이 좋았지만 도미맛을 더하기엔 조금 조화가 아쉬웠습니다. 밥의 찰기와 윤기는 완벽했고, 쌀이 정말 좋았어요. 저 정도 도미요리라면 흰 쌀에 조만 섞은 밥이 더 어울릴 수 있을 것 같았거든요.그리고 일식 후식인 말차와 망고 셔버트도 좋았습니다. 서양식 디저트와 다른 일식의 깔끔한 마무리를 보여주었다고 생각해요.서비스 친절하고 분위기도 매우 좋았습니다.",맛있다
829,스시조,좋군,이가격에 맛없을수가없다지만스이모노와 장어먹고 오열할뻔했다나머지도 좋음,맛있다
830,스시조,SHP,"내 스시팬보이 인생의 첫 점을 찍은 공간, 스시조의 다이를 6년 만에 다시 방문했다. 당시 최초로 긴자의 ‘큐베이’와 기술제휴를 맺고 오마카세라는 개념을 도입한 것이 스시조이다. 넘 비싸서 다시 다이에 앉을 수는 없었지만 스스로 먼가 첫 단추를 제대로 끼웠다고 생각한다.큐베이와의 제휴로 탄생한 스시조의 스타일이라 현재까지도 큐베이의 모습을 유지하고 있다. 지난 6월 긴자의 미슐랭 3스타 ‘요시타케’의 갈라디너를 통해 스시조의 스타일에 대대적인 변화를 줄 수도 있다고 들었는데 아직까지는 아닌듯일단 시작은 가장 보편적인 차왕무시로 한다. 게살과 새우튀김이 푸짐하게 들어가 먼가 든든하게 느껴진다. 나머지 코스는 다음과 같이 진행되었다.1.무시아와비(전복술찜)과 내장소스: 남은 내장소스에 샤리를쥐어 올려주신다. 샤리의 맛을 온전히 느낄 수 있었다. 점도, 염도, 산미 모두 훌륭했다. 조금 짠 샤리인데 딱 내 스타일 ㅎ2.마타이(참돔)3.아오리이까: 입에 쩍쩍 달라붙는 크리미한 아오리이까. 정말 맛있는 재료이다.4.시로에비(흰돗대기새우): 새우류 중에서 가장 단 맛이 강하다는 시로에비이다. 셰프님께서 시로에비는 제철을 떠나 언제나 맛있는 네타라며 무시하지 말라고 덧붙여주셨다. 샤리와 단짠의 조화가 훌륭했다.5.간파치(잿방어): 살짝 아부리해서 나왔다. 요즘 너무 아부리로 멋 부리는 스시야와는 달리 겉 부분만 살짝 지져 식감만 살렸다.6.노도구로 야끼모노(금태)7.대합 스이모노8.오도로(참다랑어 대뱃살): “대박~오도로 맛있졍~”하면서 집어먹으면 된다.9.시마아지(줄무늬 전갱이): 호텔 스시야의 훌륭한 재료 수급 능력은 히까리모노(등푸른생선)류에서 빛을 발한다.10.보탄에비(도화새우): 먼가 오버쿡이 된 게 아닐까 생각이 들 정도로 퍽퍽했다. 11.시메사바마끼 (초절임고등어): 시메사바 한 마리가 통째로 들어간 후토마끼. 산미는 조금 강하지만 큼지막한 후토마끼로 먹기엔 딱 적당한 정도였다.12.우니군칸마끼 (성게정소)13.호키가이 (북방조개)14.도로마끼 (참다랑어 뱃살 말이): 참다랑어 갈빗살과 뱃살을 푸짐하게 말았다. 상당히 복합적인 맛이 난다. 일반 네기도로마끼에서 볼 수 없었던 세련됨이다.15.아나고 (붕장어): 큐베이의 폭신폭신한 스타일을 유지하고 있다.16.교꾸17.모나카: 모나카 맛집 인정가격을 생각하더라도 매우 만족스러운 식사였다. 분명 발전의 여지는 있지만 스시에서 가장 중요한 부분인 네타와 샤리 자체는 완벽에 가까웠다. 아직 스시조가 지금의 스타일을 탈피할 것인지  알 수 없지만, 지금처럼 기본기가 견고하게 뒷받침을 해준다면 어떤 변화든지 환영받을 수 있을 것 같다.",맛있다
831,스시조,마중산,"서울의 호텔 스시야 양대 산맥 중 하나 스시조.개인적으로 좋아하는 스시인이나 스시무라카미(현재는 없어졌지만)의 셰프님들이 모두 스시조 출신이시라, 예전부터 한 번 오고 싶었음.생일을 빌어 방문하게 됐음. 덕분에 서비스 피스가 조금 섞여 있음.스시 하나하나를 리뷰할 만한 깜냥은 안되고, 역시 총평 정도가 가능할 것 같다.일단 식재료가 참 좋은 것 같다는 느낌을 받음.국내나 일본 가리지 않고 좋은 식재료를 망라한 느낌. 특히 보탄에비(맞나..) 같은 재료는 서울 스시야에서 잘 안주시던데 이 날 맛볼 수 있었음. 여쭤보니 비싸서 안내놓는 거 맞다고 ㅎ특이했던 피스는 간장에 숙성시킨 쥬도로(기억이...)였다. 엄청 짤 줄 알았는데 의외로 엄청 부드럽고 맛있었던. 앵콜 신청 받으시길래 이걸 한 번 더 요청드림. 이 날 우리를 이끌어주신 분은 박진홍 셰프님.멋진 매너와 목소리, 적절한 유머로 편안히 식사를 즐기게 해주심.메뉴 고를 때는 최상단의(가장 저렴한) 것을 주문하라며...어차피 다 맛있다고 하심 ㅎ생일 축하한다고 보너스도 두둑하게.보통 독립 스시야들은 홀 직원이 많지 않은 편인데, 이 곳은 숙련된 직원분들이 다수 계셔서 매우 안정적 서비스를 기대할 수 있다.굉장히 비싸보이지만, 할인되는 카드를 미리 알고 가면 기타 하이엔드 스시야보다 더 저렴하게 먹을 수도 있음. 이제 좋~은 스시를 편안~히 먹고 싶을 때 탑 오브마인드! (스시인 예약은 너무 어렵고, 무라카미상은 가게를 접은 관계로 ㅠㅠ) 추천!",맛있다
832,스시조,맛난거먹쟈,역시 스시조! 스시 퀄리티가 남달라요. 다른 코스보단 모밀 나오는 코스 추천합니다. 그리고 여기 흑임자케이크나 다른 디저트도 맛있지만 모나카아이스크림이 정말 대존맛입니다!모나카안에 아이스크림들어가있는데도 불구 결얇은 모나카가 바삭했어요. 맨날 먹을수 있는 맛이에요,맛있다
833,스시조,Luscious.K,#시청 #웨스틴조선호텔 #스시조오랜만에 스시조를 방문했어요항상 다찌에서 먹다가 이번엔 처음으로 룸에서 먹어봤습니다다찌와는 다른 또 다른 재미가 있습니다#분위기역시 스시조의 강점은 20층 높이에서 탁 트인 경치와 함께 하는 맛있는 스시죠..환한 분위기는 한치의 실수도 용납하지 않기 때문에 쉐프를 긴장시키는 요소이기도 하고먹는 사람의 마음도 한층 들뜨게 합니다서비스 역시 조서호텔의 레벨로 매우 편하고 고급스럽고 편안합니다강북지역에서는 조선호텔의 서비스가 제일 맘에 드는데... 그래서 더 스시조가 좋은가 봅니다물론 개인취향이 크지만요#점심코스아뮤즈.. 에피타이져.. 스시6점과 교쿠.. 소바와 디저트로 구성된 코스였고많이 배부르지도.. 모자르지도 않은 딱 맞는 양이였습니다만들어져 나오는 스시임에도 샤리의 온기가 남아있어 좋았고..단단한 듯 샤르르 풀어지는 강인함과 부드러움을 동시에 갖추고 있는 샤리의 쥠 정도도 좋았습니다예전에 물맛 나는 마른 광어 때문에 충격받아 한동안 스시조 찾질 않았는데 오늘은 특히 쥬도로와 흰살생선이 좋았습니다특히 흰살생선은 수분과 부드러움을 동시에 갖춘 숙성이 제대로 된 네타였네요샤리의 간이 적절했습니다요즘 유행처럼 샤리의 간을 좀 쎄게 하는 곳도 늘었는데..너무 쎈 샤리를 좋아하지 않는 관계로.. 간만에 차분한 스시를 즐길 수 있었습니다#다른메뉴첫 코스인 참깨푸딩과 우니는 참깨푸딩의 고소함이 조금 더 했으면 좋겠고..두번째인 으깬 두부와 새우는 부드럽고 맛있었네요.. 밑에 숨어 있던 토마토슬라이스는 독특한 맛의 액센트..식사로 나온 붓가케소바는 청귤도 시원했지만 통째로 튀겨 올려준 가리비튀김이 압권이였네요 #오토시맥주안주로 내어주신 오토시는 춘권칩인데..이곳에서 처음 먹어봤습니다얇은 춘권에 크림치즈와 게살을 섞은 소스를 발라 구운 칩이에요얇은 바삭함과 소스의 감칠맛이 너무 좋았던 훌륭한 핑거푸드였습니다언제나 믿음직하고 만족스러운 스시조물론 예전 전성기 때에 비핸 조금 아쉽지만오늘도 대단히 만족스러웠습니다,맛있다
834,스시조,스텔라 정,갈수록 만족도가 떨어지는 느낌,괜찮다
835,스시조,chon,"일식은 잘 모르지만, 음식 서비스 모두 좋았습니다. 회의 선도와 숙성도 모두 좋았어요. 다른 재료도 좋았고~ 비싼것 빼곤 다 좋았어요 :)",괜찮다
836,구상노사카바,최은창,"단순함 속의 다양함, 다양함 속의 단순함. 스시. 한 그릇에 모아 놓아면 알록달록 보기에 좋고, 한 알 씩 순서대로 놓으면 하나 하나 음미하기에 좋다. 동시에 공간배열하면 그림에 가깝고, 하나씩 시간배열하면 음악에 가깝다. 쉐프가 식사 시작부터 끝까지 나와 대면하며 대화할 수 있는 교감의 방식이요, 더욱이 정성스레 만드는 과정도 쇼처럼 볼 수 있고, 한 점 한 점 손으로 만들어 입에 넣어 주다시피 하는 방식이니 식객의 입장에선 여러 가지로 즐길 수 있는 대단히 매력적인 식사의 방식이다. 엄마 이외에 누가 이렇게 해 주나. 엄마도 이렇게 해 주지는 않는다. 차완무시돌가자미잿방어 뱃살과 가맛살뱅에돔스나즈리대게와 북해도산 성게소찐전복과 캐나다산 성게소스이모노붉바리 스시줄전갱이 스시훈연한 광어지느러미살 스시아까미즈께 스시마두부주도로 스시흰새우 스시아까다시고아지 스시단새우성게소 스시금태대게 김말이피조개 스시보리멸 튀김밧데라고하다 스시장어박고지 김말이우나기동과 표고장국매실절임오이시소말이멜론과 말차저녁의 구성과 거의 다르지 않은 점심의 구성. 연말까지 시한부식당이라 단골은 더 애틋하다. 하긴 누구나 다 시한부 인생이니 사랑과 애정은 표현하며 살아도 짧다. 엄마처럼 밥 주는 구쉐프의 내년 행보를 고대한다.",맛있다
837,구상노사카바,최은창,"Goo’s another impromptu of spring. 같은 횟감도 숙성에 따라, 써는 방법에 따라, 곁들이는 양념에 따라 다양한 맛을 낸다. 줄가자미를 투명하게 보일 정도로 얇게 저며, 마치 폭이 넓은 국수 더미를 만들어 낸다. 부드럽고 쫄깃한 상반된 식감을 동시에 느끼게 해 준다. 이시가리를 두껍게 썰 때와, 세로로 길게 썰었을 때와는 전혀 다른 생선 같다. 제주산 닭새우. 카나다산 바닷가재만큼 크다. 독도 근해에서 잡히는 닭벼슬 같이 생긴 닭새우와는 전혀 다른 종. 갑각류 회의 정점. 바닷가재 회보다 더 달고 부드럽다. 사시미로 맛보는 것도 좋지만 샤리와 함께 스시로 먹는 맛이 heaven. 이 날의 연주도 거침이나 막힘이 없는 봄날의 ‘바다’ 즉흥곡이었다. La Mer. 틀에 박히거나, 형식에 구애 받지 않은 자유로운 봄철의 환상곡. 입안에서 ‘백년의 고독’과 어우러져 감동적인 춤을 추다. 차완무시줄가자미민어뱃살잿방어 가맛살한치와 피조개, 보리된장소스장어오이말이잿방어아부리와 성게소라임에 넣은 정어리 대게살무침과 금태구이, 캐비어제주산 닭새우 사시미스이모노. 닭고기와 황금팽이버섯. 닭뼈육수새조개대게살무침 데마키표고하사미아게갓절임으로 싼 연어알스시찐전복시소로 무친 왕우럭조개오도로세겹쥔 붉바리 스시닭새우 스시벤자리돔 스시대합 스시보리멸 튀김새조개 히모 스시피조개 군함말이우나기동과 민어매운탕마카다미아 아이스크림과 냉녹차.",맛있다
838,구상노사카바,최은창,"카덴짜와 엥프롱튀협주곡에서 연주자의 기교를 발휘하기 위한 화려하고 즉흥적인 독주 부분을 카덴짜라 한다. 작곡자가 정한 주제와 소재에 따르면서도 주자가 즉흥적으로 연주할 수 있는 부분이다. 엥프롱튀, 임프롬튜, 즉흥곡은 곡 전체가 즉흥적 악상을 잡아 꾸미는 기악곡이다. 일반적인 스시코스는 대체로 전체의 구성의 전형이 있고, 시장 상황에 따라, 혹은 계절에 따라 몇 피스를 쉐프가 자유롭게 구성에 넣어 변화를 줄 수 있다. 스시코스가 마치 협주곡과 카덴차와 같다면, 단골들의 오마카세는 식성을 이미 잘 파악하고 있으므로 보다 더 개인적인 맞춤 구성이 가능하여, 마치 즉흥곡의 형태와 같다고 하겠다. 츠마미와 스시, 시로미와 히까리모노, 패류와 갑각류 등, 재료와 익힘, 조미의 방법, 내는 순서 등 고식적인 형식의 틀에서 벗어나 보다 자유롭고 독창적인 구성이 가능하기 때문이다. 그래서 단골집, 단골 쉐프가 좋은 것이 아닐까. 차완무시. 간바치 가맛살. 간바치 뱃살. 아지와 고마쇼유. 시마아지 뱃살. 북해도산 성게소. 갓절임. 사라가이 접시조개. 갓잎절임으로 싼 네기도로이쿠라. 모시조개국. 시메고하다. 트러플 소스 올린 우나기와 찐전복. 간장에 살짝 조린 안키모. 이시가리 스시붉바리 스시가쓰오 뱃살가쓰오타다키 스시벤자리돔 스시이카우니 스시관자표고새우참치배꼽살과 뱃살나스에비하사미아게. 오도로와 주도로사라가이 스시대구매운탕우나기카니 데마키. 마카다미아 아이스크림. 구쉐프의 봄철의 즉흥곡 연주인데 손이 가는대로 내어 주는 듯한,막힘 없는 impromptu 연주였다. 모든 피스가 나무랄데 없었지만, 특히 간장에 살짝 조린 아구간이 일품으로 기억에 남았는데, 니모노의 장점을 살짝 가미한 아구간은 푸아그라에 비길게 아니었다. 삼겹쥐기 한 줄가자미와 숙성한 붉바리는 동의보감으로 만든 샤리 위에 앉아 최고급 네타의 스시로 자태를 뽐냈다. 서걱한 활어 이시가리회 한 접시보다 이 스시 한 점이 훨씬 낫다. 그 숙성의 기술은 미뢰에 기억할 만하다. 아베와 오바마 만찬에 나온 닷싸이23이 분위기를 돋구었음은 물론이다. 초여름의 엥프롱튀를 기대하기는 이르다. 아직 베토벤의 스프링 소나타와 쇼팽의 즉흥환상곡이 귓전에 흐르고 있기 때문에.",맛있다
839,구상노사카바,최은창,"스시와 위스키의 끝없는 콜라보맥주에는 숭어어란 가라스미가 최고의 안주인데 가라스미를 살짝 구워 숯향을 입히면 더욱 고소한 별미가 된다. 적절하게 단단한 가라스미는 혀 위에서 녹진하다. 차완무시에는 트러플을 한 조각 얹어냈다. 사시미 첫 점은 말쥐치. 큼직하게 저민 세 점 위에 쥐치간을 갈아 소스로 만들어 얹었다. 하카이산 준마이다이긴죠 향기롭게 쥐치와 어우러진다. 이 사케는 정말 감미롭게 향기롭다. 돌돔, 붉바리, 돌도다리가 연달은 시로미. 혈압육은 아삭하고 살점의 치감이 쫄깃하다. 시로미 숙성의 정도가 언제와도 일정하게 같다. 곤부지메의 퍼석함과 나마의 질김 사이의 중간점인데 생선마다 다 다르게 한다. 깨소스에 푹 담그는 고소한 고등어 석점 부터는 발렌타인. 기름진 입 속의 아우성. 고노고와 캐비어를 얹은 속초산 단새우. 고노고는 고노와다보다 향은 진하지 않지만 우아하다. 발렌타인 30년 가격이 최근 터무니없이 많이 올라 귀하다. 농어를 갈아 어묵으로 만든 후 연근으로 감싸, 가쯔오 국물에 넣은 스이모노. 시원한 입가심. 스미소를 얹은 호따루이까. 피조개 히모도 스미소로 무쳐 낸다. 스페인산 참치의 오도로와 주도로 한 점씩. 진한 살 맛으로 시작해 산미를 남기는 마구로. 오히려 로얄살루트의 시원한 비치폴로 에디션이 잘 어우러진다. 흔치 않은 아이템이다. 조개 중의 왕, 왕우럭조개 미루가이는 가늘게 채 썬 시소와 버무려 아삭하고 달큼한 살맛을 준다. 스시 첫 점은 줄전갱이. 은빛이 찬란한 껍질과 층층이 물결치는 네타의 자태가 가히 예술이다. 스시는 싱글몰트 발베니 12와 함께. 발베니의 스모키한 향이 샤리의 달콤함과 뒤 섞여 후각세포를 깨워준다. 이날의 최고는 마나가츠오. 병어스시. 병어는 익히면 크리미하지만 그대로 숙성한 병어살은 단 맛이 난다. 병어는 초절임해도 좋은 네타가 된다. 슬슬 병어철이 돌아오나보다. 무늬오징어, 아오리이까 위에 홋카이도의 성게소를 얹은 스시. 발베니가 술술 들어가지 않을 수 없다. 최고의 안주다. 히모를 내주었던 피조개는 아삭하게 사시미로 먹고, 두릅과 큼직한 보리멸 튀김이 봄철의 별미라 계절을 일깨워준다. 이집의 시메사바는 밧데라로 내지 않고 니기리로 냈는데 40분 시메한 고등어를 꺼내 산에 익은 부분은 다 깎아내고 속의 부분을 잘라 네타로 낸다. 마치 드라이에이징 한 부분을 깎아 버리는 스테이크 처럼. 시메의 기운이 아주 약간만 느껴 진다. 이런 시메사바는 처음. 초절임 전어, 고하다가 마지막 히까리모노이면서 마지막 스시. 발베니 14년, 2002년 빈티지. 이건 히쯔마부시와 돌돔매운탕과 짝을 했는데. 매운탕과 먹기에는 너무 아까운 향. 한 잔 씩만 먹고 뚜껑을 닫아버렸다. 아재들의 다음 번 먹부림에 다시 맛볼 수 있도록. 스시와 위스키의 우정은 벚꽃보다 먼저 친구들의 얼굴에 발그레 피어났다. 다찌 뒤로 보이는 뜰에 벚꽃 피기전에 다시 와야겠다. 연말에 호텔이 문을 닫는다니. 오호 통제라.",맛있다
840,구상노사카바,최은창,"한 겨울의 오마카세민어는 여름에만 먹는 생선이 아니다. 겨울 민어도 맛있다. 겨울엔 잘 잡히지 않아 오히려 더 귀하다. 민어의 배받이 마쓰가와를 채썰어 한웅큼 집어 소금만 뭍혀 먹어 보다. 민어 뱃살은 두툼하게 썰어 와사비 듬뿍 올려 간장에 찍어 먹는다. 겨울과 여름 민어 살 맛을 내 둔한 세치 혀로는 구별할 수 없다. 참복회. 투명하고 찰진 살. 숙성을 여러 시간 해 질긴 감이 없어 좋다. 모지미오로시 싸면 빨간색이 비쳐 나온다. 붉은 산호알 반지를 싸놓은 듯하다. 참복은 겨울이 제철. 방어의 가맛살. 턱뼈 옆에 붙은 연분홍 속살과 은색 속껍질. 단단하게 보이는 고혹적인 살점이 각잡고 빛나게 서있다. 푸석거리지도 기름져 느끼하지도 않은 아삭한 살 맛. 얇게 저민 한 점은 소금에, 도톰하게 썬 한 점은 와사비 올려 간장에, 조미를 달리 해 먹어 본다. 쉐프의 특별한 대접이란 걸 잘 안다. 통영산 삼배체 굴. 큼직막하게 세 토막 내서 한 점은 그대로, 한 점은 레몬으로, 한 점은 폰즈로. 핫카이산이 동무해 준다. 왕우럭조개. 미루가이. 조개의 왕. 히모조차 맛있는 전복살처럼 살이 두꺼운 조개. 폰즈. 조개의 여왕. 무늬오징어. 아오리이까. 채 썰어 우니소스에 뭍혀 입에 넣으면 혀에 붙는 그 녹진함. 히비끼조차도 부드럽게 만드는 마력. 참치뱃살 두 점. 이건 설명이 필요하지 않은 살이다. 참복의 정소. 시라코. 폰즈에 담았다. 크리미하게 위벽에 바른다. 게우소스에 올린 찐전복과 성게소. 모시조개로 끓인 맑은 국. 츠마미의 대단락 입가심이다. 히비끼가 츠마미의 짝이라면, 달큰한 스시는 스모키한 블루가 파트너. V 옥돔스시. 달디단 아마다이. 분홍색 자태. 특유의 식감. 제주 바당. V 붉바리스시. 다금바리보다 귀하고 고가인 붉바리. 꽉찬 살맛을 스시로 느껴 보다. 고흥에서 양식이 시작되다. V 청어스시. 큼직한 청어를 잘게 칼집을 넣어 씹기도 전에 녹아버린 아이스크림 같은 스시. 붉은 장국으로 입을 씻고, 중식 쉐프가 찬조해 준 해삼관자볶음으로 분위기를 바꾸다. 구루마에비스시. 살아서 앞으로 기어갈 것 같은 앉음새. 밧데라. 백다시마를 올려 고등어와 샤리 사이에 식감을 더 했다. 금태구이에 성게소를 올린 마끼. 옥돔비늘을 튀겨 올린 보리멸 튀김과 감태로 싼 관자 튀김. 아나고구이에 박고지를 넣은 마끼. 소금 올린 성게소스시. 숭어 어란. 어떤 리쿼도 상대가 가능한 최고의 안주. 마지막 마무리는 도돌이. 시작한 생선, 민어로 끓인 민어탕. 맑게 끓인 해장이다. 혼미한 정신을 가다듬는다. 쉐프의 의도는 한겨울을 여름같이 뜨겁게 만드는 것이었을까. 겨울 오마카세는 민어로 출발했다가 민어로 끝났다. 민어 다시 보기다. 언제가도 편안한 쉐프요, 맛난 음식이다. 새로운 식당을 찾아 다니는 익스플로러의 재미도 좋지만, 나와 친구들의 식성과 분위기를 알아서 잘 맞춰 주는 단골식당이 점점 더 좋아진다. 나이가 들었다는 증거가 아니고 무엇이리. 그것도 많이. 와인으로 따지면 올빈이다.",맛있다
841,스시미토,민주,엔간하다근데 너무 광어만 주셔서 좀 그랬음..,괜찮다
842,스시미토,Luscious.K,"#을지로 #다동 #스시미토""아기자기하고 편안한 스시를 즐길 수 있는 곳""1. 스시의 메카로 통하는 청담동은 하이엔드 스시야들이 즐비한 구역으로 인지가 되고 있다. 반면에 요즘 은평구 쪽은 저렴하면서 가성비 갑인 스시야들이 하나 둘씩 모여들고 있는데, 스시 이마, 스시쇼부, 스시온도가 대표적일 것 같다.그런데 광화문 지역에도 스시집들이 하나 둘씩 모이고 있는데, 예전에 오가와로 대표되던 광화문 스시가 이제 스시소라, 스시키즈나, 스시산원경, 스시미토, 스시미치루 등 옵션도 다양해 지고 가격대도 큰 부담이 없다.2. 그 중 깔끔한 구성과 부담없는 맛으로 입소문이 난 <스시미토>를 점심으로 다녀와 봤다.스시미토의 윤상흠 쉐프님은 신라호텔 아리아케 출신으로 예전에 타마스시 라는 곳을 운영하시다, 광화문에 <스시미토>를 오픈하셨다고 한다.아리아케 출신 쉐프님들의 스시들은 공통점이 튀지 않는 샤리와 네타로 단아한 맛을 유지하는데, 지금은 역사 속으로 사라진 스시초희나 스시선수도 그 기조를 유지하고 있고본인이 가장 좋아하는 스시집 중에 하나인 <스시나미키>의 임상록 쉐프님도 발란스가 적절한 단아한 맛의 스시를 유지한다.3. 이런 기대를 갖고 방문한 스시미토의 점심 오마카세 가격은 60,000원. 점심으로는 비싸지도 않지만 싸지도 않은 가격이라 그 구성에 관심이 많이 갔다.구성 중 가장 눈에 띄는 것은 쌈장과 야채스틱이다. 마치 호텔 일식이나, 한국식 일식집에서 주시는 야채바스켓의 벤치마킹한 것으로 보이는데, 뭔가 푸근한 느낌이 드는 정감있는 주점부리다.그 이외에는 아쉽게도 특별한 구성은 눈에 띄지 않는다.4. 맛은 전체적으로 튀지않고 차분하다. 샤리도 강하지 않은 온화한 맛이고 네타의 맛네기도 기본에 충실한 재료 중심의 맛이다.구성은 오징어-흰살생선-대뱃살-가리비관자-키조개관자-전갱이-방어-대게살-아나고 정도였는데, 네타의 원재료 자체도 모두 튀는 맛 보다는 차분한 맛들이고 맛내기도 아부리 정도가 가장 강렬한 맛내기라 아쉬움이 남는다.맛은 좋으나 맛이 획일적이랄까?5. 샤리를 다른 곳에 비해 작게 잡아서 스시의 크기가 아담한 것도 이집의 특징이다.샤리도 너무 짜거나 신맛 없이 적절한 발란스를 주는 스시인데, 나에겐 조금 단단하다.샤리가 단단하다 보니 평이한 네타의 맛을 압도하는 느낌이다.6. 점심이라고는 하지만 쯔마미의 단촐함은 아쉽다. 시작으로 사시미 3종을 주셨는데, 방어, 광어, 아부리 전갱이다. 이 재료들은 그대로 스시에 올려지는데, 그러다 보니 맛의 반복성이 생겨버린다.계절이 계절이라 주신 도루묵 구이는 처참하다. 질겨서 먹지 못하는 알과 살 없는 생선은 멋을 것이 없다.대신 중간에 주신 오차즈케는 따듯한 온기를 주었다.7. 마무리가 교쿠가 아닌 계란말이를 이용한 타마코초밥이라는 것도 아쉽기는 하다.평범한 녹차아이스크림과 시판 청매실 (집에도 병조림 한 통 있음)도 60,000원 오마카세로는 성이 안찬다.8. 그럼에도 불구하고 이집은 인기가 있다.저녁 구성은 어떨지 모르지만, 점심만 봐서는 남성분들 보다는 오마카세에 입문하는 여성분들에게 편안한 구성, 아담한 크기의 스시, 튀지 않는 맛, 친근한 야채스틱은 익숙함으로 어필이 될 듯 하다.나에겐 양이 좀 아쉬웠고 맛의 변주가 없는 점도 아쉬웠다.쉐프님께서 더 만들어 주신다고 하시긴 했는데, 앵콜을 서너개 요청할 수 없지 않은가?좋은 사람들과 함께한 소소한 점심 오마카세였다.PS: 재료들은 신선했고 오도로의 품질도 좋다. 대신 아카미 없는 오마카세의 허전함, 아지 뿐인 히카리모도, 호타테와 타이라카이의 관자 더블 구성, 마키 종류 안만드심.. 은 리뷰를 쓰면서도 본인 취향으로는 아쉽다.PS2: 이날 베스트매뉴는 호타테 (사진3)",괜찮다
843,스시미토,먹날두,종각과 을지로 사이 수협은행 빌딩 지하에 있는 미들급 스시야다셰프님이 젊어보였는데 경력이 생각보다 엄청 많으셔서 놀랬다런치 오마카세 (5.5) 구성은 평범했다사시미 주시고 스시 12피스 정도 주시고 우니스시를 한 피스 더주셨다그리고 후식은 아이스크림과 매실이 나왔다기억에 남는 한 점은 참치뱃살이었고 역시 비싼게  제일 맛잇구나라는 생각이 들었다그외에 광어지느러미랑 우니도 인상깊었다결론은 비싸고 원래 맛있는 애들이 역시 맛있더라그리고 이 집은 특이하게 기본셋팅에 야채스틱을 주시는데 내가 너무 맛있게 먹어서 리필도 해주셨다사실 이 집은 현대카드 고메위크 시기에 재빨리 예약하면 반값에 먹을 수 있다 현대카드가 있으신 분은 고메위크에 도전 해보세요,맛있다
844,스시미토,취향저격수,"신라호텔 아리아케 출신 쉐프님이 하시는곳!!가격대비 인생스시집ㅜㅜ 런치55000원이 아깝지 않고 오히려 저렴하게 느껴졌음 ㅠㅠ 모든 생선이 입에 착착 붙고 감칠맛이 남 작은 카이센동도 너무 맛있고 흰살,빨간살 둘중 하나만 맛있는곳이 많은데 여기는 둘다 너무 맛있다 ㅠㅠ진짜 여기 숨은맛집임 ㅠㅠ 사람 안많아졌음 좋겠다..여기 쉐프님이 하시는건지 제자가 하시는건지 여의도에 있는곳도 갔었는데거기보다 여기가 최고ㅠㅠㅠㅠㅠㅠㅠ",맛있다
845,스시미토,우이리,11석. 아담한 스시집. 아리아게 출신 셰프님. 신선하고 맛있음. 추가는 네타를 넉넉히 준비하시지 못해 아쉬었음. 반가웠던 모모야마에서만 봤던 청매실.,맛있다
846,스시미토,lamooo,시청역 근처에 숨겨져 있는 스시 맛집. 디너타임 방문 했는데 작지만 오피스 밀집 지역이라선지 서비스도 좋으시고 구성도 훌륭한 듯. 스시 사이즈는 크지도 작지도 않고 회들은 적당히 숙성되어 있어 맛도 식감도 좋았던. 엄청나게 기름지고 고소했던 참치스시랑. 생선구이. 조개 등이 기억에 남는다. 사진 다 찍진 못했지만 스시랑 사시미 다 맛있어서 조만간 또 방문할 듯. 더 좋은 건 맥주 한 잔 시키면 코키지가 프리라고 한 듯 ~?!,맛있다
847,스시미토,nothing,나쁘지 않은 구성이었는데 몇몇 아쉬운 부분이 기억에 남습니다 중간에 요리로 내어주신 삼치구이를 좀 더 먹기 좋게 내어주셨으면 어땠을까 하고 생각하기도 했고 유자의 사용이 너무 잦았던게 아닌가 하는 부분 그리고 임팩트 있는 한점을 꼽기 어렵다는 것 아쉬움은 아쉬움이고 대체로 맛은 괜찮았습니다,괜찮다
848,스시화정,이제원 (Jewon Lee),맛있어요~^^,맛있다
849,스시화정,재형,맛있었어요! 연출스시 치고는 데코가 너무 과하지 않아서 좋았고 우니 이꾸라동도 좋았습니다. 사진은 못찍었는데 매장에서 직접 만든 견과류 아이스크림이 나왔는데 이게 끝판왕이었음.. ㄷㄷ,맛있다
850,스시화정,부자되쟝,생활의 달인 타이틀을 달고 있으면  기대를 충족 시켜줄만큼  관리가 되어야 될텐데 너무 실망스럽네요...예식장에서 나오는 스시보다 못한 퀄리티의 스시를 먹었네요.오마카세 먹으면서 빨리 끝나기를 기다리는건 이번이 처음 입니다.서비스로 나오는 민물새우튀김 머리카락이 반죽과 뭉쳐져서 나오는...신입 쉐프인지 음식 내어줄때마다 손을 덜덜 떨면서...휴... 옆에 서있던 다른 쉐프는 하품이나 하고 앉았고...회는 아무 맛도안나요. 그냥 무맛. 숭어에선 흙맛이 나네요.밥알은 따로 놀아서 먹을때마다 으스러지고휴 정말 최악이었습니다인당 9만원이나 하는 오마카세 먹고 술한병 마셨는데 205000원 나왔습니다. 25000원을 주고 먹어도 돈 아까울 퀄리티.매스컴에 속지마세요! 블로그에 낚이지 마세요,별로
851,미시령너머,너구리,회사에서 먹으려고 광어물회 포장해왔는데 육수가 밍밍해요. 그래서 채소에도 간이 안밸정도였습니다. 간 약한 음식 좋아하는 저한테도 간이 너무 약한 맛이라서 원래 이런 맛이라면 두번은 안 먹을 것 같아요. 회랑 채소는 신선해서 다음에는 회덮밥을 도전할까 하는데 물회좋아하는 저는 아주 아쉬운 맛이었습니다.,별로
852,미시령너머,live laugh love,"TL;DR: 시청역에서 인원 수만 말하면 주문 되는 횟집 - 왁자지껄한 분위기로 나름의 매력이 있다. 누군가 시청역 서소문 근처에서 회식 할 장소나 든든하게 식사하면서 술마시고 싶은데 어디 갈지 묻는다면 주저없이 이 곳을 추천하겠다. - 점심에는 회덮밥과 물회 같은 식사 메뉴도 판다. 활광어회덮밥도 먹어봤는데 회도 많고 야채도 많이 들어가서 진짜 건강한 식사같은 느낌이다. 하지만 여기의 진짜 매력은 저녁의 모듬회 한 상인 것 같다.- 모듬회 한상은 2인상(38,000), 3인상(48,000), 4인상(58,000)이 있다. 한 상을 시키면 광어 우럭 모듬회, 메생이 전, 계란찜, 골뱅이 데침(3인상부터), 꼬막(4인상부터), 서더리 매운탕과 수제비가 나온다.- 계란찜이 자왕무시같은 식감의 계란찜인데 감질맛나게 한 컵주는게 아니라 뚝배기로 나와서 먹고싶은만큼 퍼먹기 좋다. 갓 부친 메생이 전과 계란찜으로 미리 요기를 하고있으면 골뱅이 데침과 꼬막이 나오고 광어 우럭 회가 나온다. - 간장도 회 간장이어서 맛있었다. - 마지막에 나오는 서더리탕이 진짜 맛있었는데 수제비 반죽과 함께 나와서 내가 직접 수제비를 띄워서 먹는데 이게 또 나름의 재미가 있었다. - 이렇게 가성비 좋은 횟 집은 처음인 것같다. 먹고나니 좋은 한끼였다..!는 생각이 절로 드는 맛집이였다. - 이번에 1층에 와인앤모어가 들어온 올리브타워 지하에 위치해있다. 와인앤모어 오른쪽 계단말고 왼 쪽 계단으로 내려가면 바로 이어진다.",맛있다
853,동원참치,치키붕붕,"안락한 접대용 참치집• 스페셜 (8.8만)흑임자죽 연포탕 초밥 참치1 참치2 게맛살요리(?) 생선요리2개 모듬튀김 마끼 등 (+서비스 멘보샤)고급 부위 중심으로 내어주었고, 해동이 잘 되어있다. 다 먹을 수 없을만큼 양이 넉넉하다.직원분들이 정말 친절했다. 룸이 엄청나게 넓고 안락하며, 방 안 냉장고에서 술, 물을 꺼낼 수 있어서 편리하다.",맛있다
854,동원참치,왕앵무,"런치(1인 2.8)코스를 시키면 사진과 같은 참치(첫 판 이후 최대 한 번 더 리필해서 먹을 수 있는 것으로 알고 있음)와 쭈꾸미, 생선조림 등의 밑반찬, 튀김, 알밥, 후식까지 알차게 나온다. 당연히 냉동 참치겠지만 그래도 꽤 신선하고 무엇보다도 질릴 정도로 참치를 배터지게 먹을 수 있는 게 장점이다. 지점마다 맛이랑 분위기가 다른데 여기는 호텔 내에 위치한 만큼 다른 지점에 비해 분위기가 고급진 점도 좋다. 방도 많아서 걱정없이 프라이빗하게 식사가 가능하다.",괜찮다
855,Vip참치,EJ,"룸이 많은 참치집으로 회식하기 좋다. 점심메뉴들 괜찮음. 생태탕을 주문했는데 생태 살이 실허게 들어있어 양이 상당하고 국물이 시원하다. 기본 서비스 스시가 3가지 나오고 제육볶음과 고등어무조림, 잡채가 반찬으로 나옴. 제육볶음집 해도 되게 제육 맛있고 고등어조림에 무우 완전 부드럽고 맛있어서 밥도둑이다.특초밥은 참치 초밥이 주로 나오는데 참치 상태가 좋아보임. 다음에는 특초밥을…",괜찮다
856,루이키친M,달리자크롱,"[ 중식으로 소문난 여경래 셰프의 프리미엄 중식당 ]깔끔하고 고급스러운 중식당이다. 금요일 저녁에 예약을 따로 안했는데 들어갈 수 있었다.• 한알탕수육(s) 30000원 요즘 탕수육은 튀김이 두껍고 고기랑 잘 안붙어있는 경우가 많은데, 이 한알탕수육은 전혀아니다. 튀김과 고기가 찰싹 붙어있고 엄청 쫀득쫀득하다. 탕수육소스도 새콤달콤하고 찐득거리지 않아 부담없이 먹기 좋았다. 직접 만든 소스인지 윤기가 좌르르 흘렀다.• 게살볶음밥 15000원 크리미X 게살O 진짜 게살이 들어간 볶음밥으로 살이 아주 탱탱하게 살아있다. 아쉬운점은 볶음밥이 심심하다고 느껴졌다. 짜장이랑 먹으니깐 볶음밥엔 일부러 간을 안한건지 모르겠지만, 개인적으로 볶음밥에도 간을 해주셨으면 좋겠다. 두개로 나눠달라고 하면 나눠주신다! 편하게 먹을 수 있었다.",맛있다
857,루이키친M,망고오,원래 맛있었는데 최근에 주방장님이 바뀌어서 맛이 없어졌(?)어요ㅜㅜ,별로
858,루이키친M,곰파랑,별로예요.. 재료가 신선하지 않아 비린내가 나요,별로
859,루이키친M,DD,루이 특선메뉴 : 냉채 - 팔보채 - 깐풍기 - 짬뽕 - 홍시시미즈 24000원에 다양한 메뉴를 맛볼수있고 모두다 맛있었다 특히 깐풍기가 매콤새콤 인상깊었고 짬뽕이 진짜 진하고 좋았다. 만족스러운 식사였다,맛있다
860,루이키친M,benedetta,"/팔진탕면/탕수육/신라호텔 '팔선 八仙' 출신 여경옥 셰프, 형은 그랜드앰배서더 홍보각의 여경래 셰프. 두 이름만들어도 꽤 기대가 되었었다. 식당앞에 붙은 블루리본도 몇년치는 되어보이던.한마디로하면 담백하고 건강한 중식. 딱 그정도.물론 팔진탕면은 유난히 간장베이스에 슴슴한맛이 특징이긴하고ㅋㅋ면보다 건더기 야채 버섯의 비율이 훨씬높아 버섯만 먹어도배부를정도의ㅋㅋ퀄리티가 좋긴했다. 그렇지만 뭐 그게 엄청맛있다고 느낄만한건진 잘모르겠음메뉴도 많지않고...아 서비스는 참좋다. 합리적인 가격대도.하지만 여기가실거라면.. 덕수궁옆 복성각을 더 추천하고싶다.",괜찮다
861,루이키친M,이미나리,런치A(2만원 대)를 먹었다. ㅎㅅㅎ 짬뽕에 기대하고 갔는데 자극적이지 않은 맛에 그냥 그랬다. 신승반점 짬뽕이 더 취향에 맞는 듯. 근데 기스면은 맛있었다. 송이버섯도 괜찮았다고들 한다.,괜찮다
862,루이키친M,NIWOOW,"맛이 없는건 아니지만 여경래,여경옥 형제 쉐프가 운영하는 식당이라는 명성에는 미치지 못하는 맛이라는 생각이 드네요. 평소에 메인요리 2개 정도 시키면 배가 불러서 따로 식사류는 시키지 않는데, 루이는 음식량이 좀 적은 편이라 식사류까지 시켰네요. 전반적으로 나쁘지는 않지만 생각보다는 평범하다는 느낌.",괜찮다
863,루이키친M,LeeWonhee,"5명이 함께 방문해서 탕수육, 캐슈넛 닭고기 볶음, 깐풍기, 짜장, 짬뽕, 해물탕면 먹었어요.한 마디로 말하자면.. 아주 맛있었습니다.인상적이었던 순서대로 나열하면1.탕수육: 고기 엄청 부드럽고 튀김옷 두께 적절/바삭, 소스 너무 달지 않고 딱 적당.2.짬뽕: 신라호텔 팔선의 그 짬뽕 맛 보다 약간 더 맛있었음. 고추를 볶은 불맛과 해물의 시원함이 정말 잘 어우러졌음.3.깐풍기: 살짝 단 듯한 감이 있으나 그 외 간 잘 맞고 고기 부드러움. 깔끔.4.짜장: 면 쫄깃, 소스 짜지않고 느끼하지 않고 적당. 달지 않고 느끼하지 않은 깔끔한 짜장면 찾는 분들은 여기로..5.해물탕면: 기본에 충실. 부드럽고 시원한 국물, 면 쫄깃, 해물 및 야채 싱싱한 것으로 잘 만들어진 느낌.6.닭고기 캐슈넛 볶음: 간 잘 맞고 다 좋았는데 닭에서 약간 누린내가 났음... 요즘 닭고기 수급이 안좋아서 냉동 닭 쓴듯.. ㅠㅠ 그래도 닭고기 냄새 빼면 간도 잘 맞고 볶아진 정도도 딱 적당하고 괜찮았어요....6.서비스: 친절하진 않음. 파인다이닝 레스토랑의 과잉 친절에 익숙하신 분들은 살짝 실망할 수도 있지만, 중국집스러운 적당한 정도의 서비스.",맛있다
864,루이키친M,빅이벤트,대한민국에서 짬뽕이 제일 맛있는 집,맛있다
865,라향각마라탕,Nyn,"웨이팅이 싫다면 12~1시는 피해서 가야하는 집. 12:15에 들어가서 줄 섰는데, 재료 담는 그릇도 동이 날 정도로 사람들이 많았다. 20분 이상 기다려서 겨우 앉을 수 있었다. 내가 딱 피크타임에 들어갔던 것 같다. 내 뒤로 들어오는 사람들은 바로바로 앉아서 주문했다. 맵찔이인 나는 평소와 같이 백탕으로 주문했고, 마라와 고추기름을 따로 넣어 입맛에 맞게 먹었다. 소고기 추가를 안 해도 충분히 맛있었다. 고수가 없어서 아쉬웠다. 단호박, 팽이버섯, 숙주, 푸주, 치즈떡, 고구마떡은 꼭 넣고, 납작당면은 너무 두껍고 커서 끊어서 먹기 불편했는데 중당면이 먹기에 딱 좋았다. 연근은 덜 익어 나와 서걱했다. 죽순을 넣어봤는데 이것도 설익었고, 맛이 이상했다. 생각보다 만두도 있길래 넣엊봤는데 약간 갈비만두 같은 불맛이 느껴졌다. 근데 만두소가 뭔지 좀 정체불명이라 괜히 찝찝했다. 그래도 이 근방 마라탕 집 중에서는 가장 내 스타일이고 다음에는 계란 볶음밥이랑 연근 꿔바로우 먹으러 재방문 할 거다.",맛있다
866,라향각마라탕,Nyn,"• 마라탕 100g 1,700 -> 12,260원어치 (고기추가x)마라탕 집에 가면 으레 백탕으로 먹는다. 그리고 내가 마라오일 넣고 맵기 조절을 한다. 그러면 베이스 육수의 깔끔하고 담백한 맛도 볼 수 있다. 라향각 마라탕 국물에서는 땅콩향이 느껴졌다. 보통은 그냥 사골 베이스가 가장 흔한 느낌인데 여긴 내가 마라탕 쪼랩이었을 때 맛봤던 광화문 오피시아 지하 예전 가게맛이 생각나는 맛이었다. 건더기 중에 옥수수 알갱이가 박힌 어묵같은 게 있었는데 특이하고 맛있었다! 마라탕 먹을 때 꼭 치즈떡이나 고구마떡은 넣어 먹는데, 여기는 고구마떡밖에 없어서 조금 아쉬웠다. • 꿔바로우 13,000소스가 꽤 달달한 편! 진짜 잘 튀겼다. 고기 두께도 너무 얇지 않았다. 중국식 식초가 테이블마다 비치되어 있는데, 약간 캬라멜 향이 나서 꿔바로우를 찍어 먹으면 적당히 새콤하고 풍미를 더해준다. • 총평올라가는 계단이 꽤 가파르고 끼걱거리지만 올라가면 꽤나 쾌적한 홀이 나온다. 재료 담는 볼에 물기가 좀 너무 많이 뚝뚝 떨어지는 게 찝찝하기는 했으나 전반적으로 깔끔한 공간이다. 광화문의 다른 마라탕집보다 조금이지만 저렴한 편이고 무엇보다 땅콩 베이스 육수라서 또 찾게 될 것 같다.",맛있다
867,라향각마라탕,건강걍비,#광화문 #마라탕 한때 여기서 마라탕 참 많이 먹었는데.. 기대감을 갖고 오랜만에 갔는데 국물 맛이 완전 바뀌었네용 ㅜㅜ 땅콩맛은 사라지고.. 그냥.. 물에 마라 좀 탄.. 그런 맛... 일행들은 주문한 고기가 탕에 나오지 않앜ㅋㅋㅋ 기다렸다가 다시 받았어요.. 원래 서비스가 별로이긴 했어도 맛있어서 계속 찾았는데 이제는 정말 안녕...,별로
868,라향각마라탕,Yeonhwa,광화문 마라탕 맛집을 찾다가 별점이 높길래 기대하고 갔다가 실망했어요 재료는 신선했는데 여름이라 그런지 두부가 상할랑말랑 ..저는 개인적으로 사골베이스에 땅콩이나 참깨베이스 맛이 많이나는 마라탕을 좋아하는데 이곳은 그런맛이 없었고 싱거웠어요 그냥 매운 고추기름맛이 많이나고 마한맛은 없었어요산초향이 많이나는정도? 저만 그렇게 느낀게 아니고 같이간 일행도 국물맛 자체가 싱겁다고 했습니다. 그리고 꿔바로우는 나오고 가위로 안잘릴때부터 불안했는데..ㅋㅋ 역시나 엄청 얇고 질기고 퍽퍽하더라구요 약간 얇은 종이상자튀긴거를 먹는느낌? 소스는 기침나는 소스는 아니구 중국집 탕수육 느낌이였어요 그래서 꿔바로우를 먹는다는 느낌을 받지는 못한거 같아요 위생은 마음에 들었으나 맛부분에서 실망했습니다 . 싱겁게 드시고 재료 고유의 맛을 원하시는 분들은 가셔도 될 것 같아요 :),별로
869,라향각마라탕,혀니이,"광화문 동화면세점 뒷쪽에 위치한 라향각 마라탕. 이 날 다른 곳들을 방문 시도 했으나, 지도 어플과 다르게 모두 일요일 휴무.. 계속 허탕치고 ㅠㅠ 하나 남은 곳이었어서 정보 하나 없이 갔는데. 오오. 최근 먹은 마라탕 중 수준급이었어요! 후다닥 리뷰 남기러 오니 홀릭분들이 이미 '맛있다' 많이 주셨었네요. :)셋이서 가서 마라탕, 샹궈, 꿔바로우까지 클리어. 재료 담는 곳 꾸준히 관리하시는 모습이 보였어요. 재료 신선도도 좋았고, 언뜻 보이는 주방도 꽤 깨끗해보이고! 마라샹궈는 적당히 조리되어 재료들 식감이 잘 유지되었어요. 근데 샹궈치고는 조금 싱거운 느낌? 간이 부족했어요. 소스 만들어 찍어먹거나 꿔바로우와 곁들이니 한결 나았어요.마라탕은 국물 한 입 먹었는데 일행 다 오~ 했어요. 마라탕 집이 김밥집마냥 흔해지며 맛이 참 오락가락하는데, 이 곳은 국물 염도도 적당하고 재료 다 잘 익었고. 땅콩 맛 안나는 사골? 베이스 마라탕이었어요. 사골마라 좋아하시는 분들 추천!꿔바로우도 달콤 새콤. 고기 냄새 안나고 바삭하게 익어 좋았어요.자주 가는 광화문에서 마라탕 먹을 곳 생겨 좋네용!",맛있다
870,라향각마라탕,E.T Jun ,꿔바로우. 마라샹궈.얼얼한 맛이 살아있어서 좋았던 마라샹궈. 꿔바로우도 저렴하고 양도 푸짐.,맛있다
871,라향각마라탕,Keaton,"✦‿✦ 마라탕, 마라샹궈, 꿔바로우주말 점심시간에 방문. 사람들 많았다. 참고로 내부는 넓은 편은 아니고 적당. 재료를 담아가면 조리해서 가져다주는 식.  마라샹궈 - 생각보다 향이 강하지 않고 맛있었다. 난 연근을 좋아해서 듬뿍 넣었는데 아삭아삭하니 맛있었다. 추천재료는 연근, 납작당면과 두부.마라탕 - 우리나라 매운맛과는 다른 알싸한 매운맛!! 마찬가지로 향이 강하지 않아 먹을 만했다. 육개장과 비슷한 느낌이었다. 추천재료는 피쉬볼, 숙주듬뿍, 배추.뀌바로우 - 갓 튀겨서 나와서 좀 식혀 먹어야 한다. 쫀득하니 맛있다.혼식도 가능하다. 일단 너무 맛있어서 강력 추천한다.",맛있다
872,라향각마라탕,YSL,점심시간엔 줄 진짜 많다. 그나마 회전율이 빠른데도 11:40 지나면 웨이팅 엄청 길어짐.. 요즘 이런 컨셉 마라탕집이 많이 생긴거 같은데 본인이 고기/먹을 재료들 골라서 계산하면 그걸 마라탕에 다 넣어서 조리해준다. 요즘 같은 날씨에 얼큰하니 먹기 진짜 좋고 우선 맛있음...!!,맛있다
873,라향각마라탕,최유라,마라반 존맛이었다지금까지 가본데중에 상위권!!!마라 향 잘 소화못하는 남친도 끝에 남은 마라반 기름소스까지 떠먹었다 최고당!,맛있다
874,복성각,르웬,"덕수궁뷰가 보이는 중국집 맛집!룸!에서만 덕수궁뷰가 보이지만 홀에서도 살짝 보이는 덕수궁 앞 중국집. 점심엔 근처 회사원으로 웨이팅이 엄청나지만 저녁엔 한산하다. 납짝짜장이 유명한데 그외에도 로제짬뽕이나 꿔바로우, 대만식 고기튀김, 마늘새우볶음밥 등 메뉴 대부분이 맛있다!가격도 합리적인 편이라 부담없이 방문하기에 추천하는 맛집!",맛있다
875,복성각,goodpizzagooderpizza,가끔씩 생각나는 납작짜장 맛집!,괜찮다
876,복성각,흔한 공대생,"그냥그냥그냥그냥..그냥그냥 괜찮게 먹었어요. 식사로 고추볶음짜장? (8~9000원)을 시키고 요리도 이것저것 먹었어요.고추볶음짜장은 괜찮았어요. 다만 약간 면에 양념이 잘 달라붙는건지 집기가 되게 힘들더라구요. 고추향이 은은하고 맵지 않게 퍼지는 건 좋았어요. 간은 좀 쌔요. 그리고 만약에 먹는다면 볶아주는 게 아니라 간짜장 처럼 면따로 나오는 걸 시킬 거 같아요. 그게 더 맛있었어요.요리도 꿔바로우부터 해서 이것저것 먹었어요. 특별히 인상깊었던 건 없었고, 그냥 평범했던 거 같아요..!!#냠냠",괜찮다
877,복성각,이승은,짜장소스는 진짜 맛있어요다만 면이 두꺼워서 잘비벼지지가 않고...마늘탕수육은 진짜 맛있었어요,괜찮다
878,복성각,은두,"오로지 마늘 탕수육을 위한 집이라고 생각한다.또는 중국음식으로 사치를 부리고 싶을 때.신촌점은 더 맛있다는데 가본 적은 없고, 어쩌다 보니 항상 서울역 점을 간다. 아무래도 직장인 분들이 많다. 예약을 안 받기 때문에 저녁 때 가면 기다려야 할 때도 있다.납작 짜장면과 마늘 탕수육이 유명하다. 처음 갔을 때 매운 납작 짜장면을 주문했는데 우리 가족 중 매운 맛 최약체가 ㅍㅍㅅㅅ했다... (식당 리뷰인데 더러운 얘기해서 죄송합니다) 불닭 못 먹는 정도인 나는 눈물 흘리면서 꾸역꾸역 먹는 정도였다. 그 뒤로는 일반 납작 짜장면을 주문하는데 아무래도 매운 맛보다 훨씬 심심하다. 면은 독특하고 맛있지만, 짜장 소스는 동네 중국집들과의 차이점을 모르겠다.마늘 탕수육은 맛있다! 튀김옷, 고기, 소스 삼박자가 맞아떨어진다. 물론 나올 때부터 부먹이라는 점이 아쉽지만, 튀김옷이 젖어서 특유의 쫄깃한 식감이 더 잘 느껴지는 것 같다. 고기는 여러 개 튀긴데 아니라 큰 덩어린데, 가위로 썰어먹으면 된다. 중자는 세 조각, 대자는 다섯 조각이 나온다. 고기보다 튀김옷이 두꺼운 몇몇 중국집들에 비해선 확실히 고기가 많다. 물론 가성비 면에선 이 집이 훨씬 못하다. 소스가 정말 맛있어서 이 집에 오면 굳이 군만두를 주문해서 남은 소스에다 찍어먹는다. 난 딱히 이 집 군만두가 특별하다고 생각하지 않는데, 가족이 갓 나와서 바삭하다고 정말 좋아한다. 그런데 그것도 오천원이다... 혼자 오면 별로 시켜먹고 싶진 않다.짬뽕은 다른 집에 비해 국물에서 탄맛? 같은게 강하게 느껴진다. 국물만 먹어도 맛있다. 대신 면이나 들어가는 재료 같은 건 평범하다. 가격도 다른 집들과 비슷한 정도. 마늘 탕수육과 비슷하게 꿔바로우도 있는데, 이걸 시킬 바에야 마늘 탕수육을 하나 더 먹자.",괜찮다
879,피슈마라홍탕,희희희,기대했는데 ㅜ 생각보다는 별로였어요. 점심 때 가니까 줄이 너무 길어서 두번 도전한 끝에 먹을 수 있었는데 대체 왜 줄이 그렇게 긴 것인가...설명 적혀있던 것처럼 한국인이 운영 + 깔끔한 홀과 재료는 너무 좋았는데 음식 나오기까지도 오래 걸리고 일단 맛이 너무너무 마라탕 안 같았어요. 저는 2.5 단계 정도 시켰던 것 같은데 안 매웠어요. 얼얼한 맛도 전혀...너무 한국화 된 듯 해요. 근데 안 매운데 먹다 보면 약간 뒤에 오는데 먼가 맛있게 매운게 아니라 그냥 맵기만 하려고 한 느낌..? 저는 마라향 가득 나는 마라탕을 좋아하는 편이라서 여기는 좀 아쉬웠습니당 ㅠ,별로
880,피슈마라홍탕,당그니,"직원 추천을 받아 다녀온 마라탕집. 근처에 마라탕집이 없어서 사람이 많은건지 늘 손님이 많은 곳이라고 한다. 마라탕 재료를 이것저것 원하는 재료를 셀프로 담고 매운맛정도를 정한다. 1-3단계로 2단계를 주문했다. 마라탕을 워낙 좋아하고 자주 먹어봤어서 기대를 했는데, 먹어본 결과 보통 또는 그 이하였다. 야채들은 신선했는데 육수와 너무 따로 놀아서 버섯에서는 생맛이 났다. 직장인이 많고 주변 식대의 영향인지 다른 마라탕집에 비해 가격이 좀 있는 편이었는데 맛도 쏘쏘이고 심지어 공기밥은 추가별도이다. 재방문은 안할듯!",별로
881,피슈마라홍탕,빙글,"가봤던 마라탕 집 중, 주문한 메뉴가 가장 빨리 나오는 곳이었고,야채 100g 2000원, 고기 100g 3000원으로 무난한 가격이었습니다!0 1 2 3단계로 맵기를 선택할 수 있고, 특이한 점은 사장님께 '중국 본토의 맛'으로 주문하면 이에 맞게 조리해주십니다.저는 이 중국맛 2단계로 먹었는데, 나왔을 때의 향과 첫 맛에서 향신료의 풍부함을 느낄 수 있었습니다. 매운 재료들이 아래 가라앉아있었어서, 먹는 중에는 탕 윗쪽이 아주 빨간색으로 변하면서 매워지더라구요..!마라탕 자체는 굉장히 맛있게 먹었던 집으로, 시청 근처에서 또 약속을 잡는다면 재방문 의사 있습니다아쉬웠던 점1. 재료를 찍어먹을 소스가 마련되어 있지 않습니다.  깨장소스, 고추기름, 고수 섞어서 찍어먹는걸 정말 좋아하는데 어느 하나도 있지 않아서 많이 아쉬웠습니다.2. 마라탕에 넣을 재료가 그리 많다는 느낌을 받지 못했습니다. 타 지점에 비해, 채소류 종류가 특히 적습니다.",괜찮다
882,피슈마라홍탕,해띠,리뷰 쓸 때 사진 안 올리는데 핸드폰에 피슈 사진 너무많아서ㅋㅋㅋㅋㅋ탕보단 샹궈..... 사랑해사장님 빨리 떡당면 부활시켜주세요,맛있다
883,피슈마라홍탕,heri,"사진은 피슈마라홍탕 시청점에서 모두 다른 날에 찍은거에요. 이제는 사진도 안찍고 먹어요 회사근처라 가장 자주 가게되는 마라탕집인데요!1. 음식여기 탕 맛은 마라탕을 처음 먹는 사람들에게도 거부감없이, 한국사람 입맛에 맞게 잘 개량된 맛인 것 같아요. 마라 특유의 얼얼함도 덜하고, 마라 건더기도 아주 많이 떠있지않고, 땅콩맛도 다른 마라탕집보다 옅게 느껴져요. 깔끔 + 씨-원한 버전의 마라탕이라고 표현하고 싶어요! 매운맛 좋아하는 저는 보통 2-3단계로 먹어요! (0부터 4까지 있어요)오픈 직후부터 꾸준히 간 사람으로써, 여느 마라탕집에 있는 재료들 거의 다 있구요. 지난주 점심 때는 배추가 소진되었다고해서 너무 망연자실했네요..ㅠ 손님이 너무너무 많긴 하지만 그래도 주요 재료들은 떨어지지 않았음 좋겠어요마라샹궈도 먹어봤는데요. 분명 맛이 있긴한데 마라샹궈보다는 그냥 맛있는 볶음요리 같았어요 ㅠㅠ 저는 마라맛이 약한게 조금 아쉬웠어서 한번만 먹고 쭉 탕으로만 먹고 있네요. 요리메뉴도 있는데 시켜보진 못했고, 쇼좌빙이라고 부침개같은 메뉴있는데 이거 완전 괜찮아요 ㅎㅎ 딸기잼, 마요 다 먹어봤는데 매운 마라탕이랑 잘 어울려요!2. 분위기 및 기타점심시간엔 근처 직장인들로 미어터져요..ㅠ 너무 유명해졌나봐요. 진짜 20-30분 기다리는 것 같지만, 그래도 늘 친절하게 안내해주셔서 좋은 것 같아요. 저녁 때 가면 점심보단 낫지만 그래도 꽤 손님이 있긴해요. 암튼! 소중한 점심시간 30분 웨이팅은 참 길고, 가게가 아주 넓지않아 불편한 점도 있지만 맛있으니까 앞으로도 계속 갈게용,,❣️",맛있다
884,피슈마라홍탕,링고,내가 제일 자주 가고 맛있게 먹고오는 마라탕집❤️ 샹궈보단 탕이 맛있는 편이고 마라의 얼얼한 매운맛 보다는 한국인의 입맛에 맞춘 국물맛이 특징임다! 100g당 2000원으로 주변 다른 마라탕집보다 조금 비싸지만 재료나 위생상태가 양호하고 음식나오는 속도도 빨라서 용서가 됨미다 아무튼 추천!,맛있다
885,피슈마라홍탕,왕앵무,마라탕집 위생점검 걸린 이후로 잘 안 가다가 오랜만에 가서 마라샹궈를 먹었는데 존맛존맛다시 마라 처돌이가 되었다,괜찮다
886,복성각,해띠,복성각은 로제짬뽕,맛있다
887,복성각,계란왕,코스 b주문했는데 코스요리가 이렇게 한꺼번에 나오는 집은 처음봤어요. 서빙도 툭툭...,별로
888,복성각,감자고동,"3대를 이어왔다는 매스컴 명성에 비해서는 실망스러운맛. 가격대비 꽤 깔끔하고 자리가 괜찮기는 해요.{마늘탕수육, 삼선짬뽕밥}삼선짬뽕밥은 면을 넣는다는 가정하에 만든 국물이 그대로 나와서였는지 정말 너~~~~무 짰어요. 밥이랑 나올땐 어떻게 할 수 없을까요ㅠㅠ 특별한건 없지만 괜찮은 맛이었는데. 집에 가자마자 다음날 얼굴이 보름달될까봐 걱정돼서 우유원샷했어여ㅠ 마늘탕수육은 꿔바로우랑 튀김은 똑같고 소스만 달라요. 찹쌀튀김옷 부분은 괜찮았는데 돼지냄새가 살짝 나서, 식어서 더 냄새나기 전에 빨리 먹어야만 할 것만 같았어요. ㅋㅋㅋ분명 마늘조각이 눈에는 보이는데 왜..!! 마늘향이 나지 않는 것인가.. 아쉬워요꿔바로우소스는 오렌지향이라던데 개인적으로 상큼한 탕수육 소스를 안좋아해서 시킨 마늘탕수육이었어요. 상큼한 맛은 없었지만 그렇다고 마늘맛도 안난 탕슉..... 슬픕니당",별로
889,복성각,benedetta,"/꿔바로우/납작짜장/짬뽕/유린기/시청,남대문 일대 가장맛있었지 않았나 싶습니다접대하기도 좋은 곳. 점심시간에는 꽉차요~연대앞에서 출발한 중식체인이라 큰기대하지않았는데..! 꿔바로우가 정말 맛있었어요. 잘못하면 찰지다못해 찐덕하게 어금니에 붙을거같은느낌을 받기도?하는데 여기는 정말 튀김옷관리를 잘한느낌ㅋㅋ꿔바로우 짱맛...납작자장은 원래 도삭면,쫄깃한 면발을 좋아하는 저에게 잘 맞는 면종류였습니다.유린기는 아주 인상적이진않지만 원래 맛있는 맛ㅇㅇ룸은 테이블도 커서 이것저것 시켜놓고먹기 아주좋으네요. 친구들과, 접대자리로 추천입니다. 평가가 왜낮은지몰겠어요~ 이동네에 이만한 중식당없는디...",맛있다
890,만복림,맛되디,"<노랑맛 몰래먹기>회사 근처에서 혼밥하러 방문한 곳.워낙 아싸 성격이기도 하고.. 팀 전원이 점심시간 때마다 가는 식당이 별로 내 스탈이 아니어서ㅎ 속 안 좋으니 패스하겠다 하구 몰래몰래 주변 식당들서 혼자 사먹고 있는데ㅋ 이게 생각보다 재미가 쏠쏠하다. 원래 몰래 먹으면 뭐든 더 맛있지 않던가. 몰래 먹는 맛 사랑은 어릴때 부터였음. 초딩때 생라면 몰래 뿌셔먹다가 어무니 들어오면 후다닥 서랍이나 침대 밑에 숨기곤 했던 게 한두번이 아니다..ㅋ 보잘것없는 음식들을 먹어도 몰래 먹으면 왜그리 맛있는 건지ㅋㅋ여튼 그래서.. 사회생활엔 그리 좋지 않겠지만 몰래 회사 주변 식당들 깨기를 반복하고 있다. 그러던 중 중국냉면이 급 땡겨 방문하게 된 곳.을지로입구역, 시청역 사이에 위치한 중식당으로 작지만 깔끔한 간판, 내부를 봤을 때 아주 오래된 느낌의 식당은 아니다. 리모델링을 한 걸 수도 있지만..ㅎ 돌짜장이나 간짜장이 원래 먹고팠던 메뉴였으나 입구에 붙은 중식냉면 개시 포스터에 혹해부렀고.. 오늘의 요리 1인분과 중식냉면 한그릇 주문함.오늘의 요리란, 그날그날 요리 하나를 이만원에 제공하는 것으로.. 회사들 많은 동네에 자리한 중식집들이 빈번히 하는 프로모션들과 비슷한 것이었다. 혼자 와서 그런지 구천원에 일인분으로 해주셨는데 결론부터 얘기하면 적게 먹길 잘했다^^샛노란 빛깔의 소스가 흥건하게 부어지고 탕수육은 세네개밖에 안 들어있어 탕수육보단 노랑슾에 고기 몇 점을 크루통 대신 올린 느낌이었고.. 소스가 너무 묽어 고기맛, 전체 조화된 맛 뭐 하나 놓치지 않고 망치고 있었다. 그렇다고 소스자체의 맛이 좋았냐하면 그도 아님. 레몬 껍질제스트보단 그 다음 층인 흰 각질로 만든 소스인 양 새콤하기보단 썼다.. 엄청나게ㅜ그것보단 괜찮았지만 중국냉면도 무던했다. 오이, 지단, 배, 장육 채썬 것, 해삼 채썬 것, 새우가 들어가긴 했지만 전부 구색맞춤 정도여서 임팩트는 없었고 맛이 엄청 좋지도 않았거든. 땅콩의 고소한 맛도 시큼한 맛도 두드러지는 게 없었던 건 덤. 중식냉면과 냉짬뽕을 혼동하는 식당들의 것보단 좋았지만 기대에는 많이 못 미쳤다. 면은 엄청나게 많았던. 감사해요 배는 찼어요 허허얼핏 가성비가 좋은 식당처럼 보일 수 있어도, 음식퀄을 따져보면 오히려 가성비가 좋지 않은 곳에 가깝다. 재방문 의사는 없음. 간만에.. 몰래 먹어도 대단히 맛있지 않을 수 있음을 느꼈다. 씁쓸하게 자리로 복귀했던 날..ㅋ ps) 중국냉면 맛집 아시는 분 알려주시면 아주 감사합니다 허허",괜찮다
891,만복림,먹방꼬북,"우육탕면 9,000원! 식사 메뉴가 다양해서 점심에 먹기 좋다. 퀄리티도 아주 좋음점심시간에 음식이 늦게 나와서 아쉬웠다",괜찮다
892,천궁전마라탕,오늘,마라탕은 괜찮았지만 소룡포때문에 별로준다이건 소룡포에 대한 모독이다정확하게 고등학교 매점에서 파는 6개들이 냉동찐만두 맛이 난다맛은 고사하고 육수가 한방울도 없다화가난다..!!!,별로
893,천궁전마라탕,해띠,앨범에 천궁전 사진 너무 많아..^^;한국인 맞춤개량된 맛나는 호!,맛있다
894,천궁전마라탕,Jayyy,가격대가 있는 편이지만 내부에 소스를 만들 수 있는 소스바가 있어서 좋았다. 사람이 없는 시간대에 가서 여유롭게 먹을 수 있었는데 직원분들이 쉬는 분위기라 혼자 먹기 뻘쭘했음ㅎ..;; 맛은 무난했으나 국물이 진한 맛? 이 없어서 아쉬웠다,괜찮다
895,천궁전마라탕,왕앵무,믿고 먹는 마믈리에 맛집한국 사람 입맛에 잘 맞는 맛,맛있다
896,다복향마라탕,zzzzzo!,"이집은 마라탕보다 마라샹궈를 추천합니다!생각보다 내부가 작고 점심시간에 아주 약간의 웨이팅이 있었어요.마라탕은 안매운단계를 시키기도했지만 다른 곳 보다 좀 국물이 연했고요,마라샹궈가 대박이였습니다. 마라맛이 정말 강하게 나서 좋았어요! 재료에 마라맛이 잘 배어서 좋았습니다.마라탕을 먹으러가진 않을 것 같고 마라샹궈 생각날때마다 종종 들릴 것 같아요.",맛있다
897,타이산,가마니멍하니,볶음짜장 7000원. 진짜 부드럽고 맛있다!! 다 먹고도 느끼하지 않음. 새우도 탱탱한 게 부족하지 않게 들어가있다. 대신 양이 남자 기준에서 적다.,맛있다
898,민쉐프청명,당그니,"을지로입구역과 중구 다동 사이에 위치한 중국집! 올해 5월 중순 오픈한 곳으로 궁금해서 방문해봤다. 점심식사로 1인 14,000원에 중화뷔페를 먹을 수 있다고 한다. 오픈한지 얼마 안된곳이었는데 이미 사람들로 가득차있었다. 예약을 해서 다행이 룸으로 안내받아 착석하고 먹을 수 있었다. 자장면,짬뽕,볶음밥 중 메인? 식사를 정하면 뷔페를 즐기는 중간에 가져다준다. 뷔페 메뉴로는 탕수육,해파리냉채,라조기,볶음밥,고추잡채로 구성되어있었다. 접시에 원하는 음식을 담아 먹으면 되는데 손님이 많아서 인지 음식이 빠르게 떨어졌는데 직원분께 채워달라고 요구를 해야 채워져 조금 아쉬웠던 부분이었다. 전체적으로 음식은 무난했고 고추잡채가 가장 맛있었다. 짬뽕 국물은 좀 짰으나 가격대에 비하면 만족스러운 식사였다!",괜찮다
899,시안,*,#짬뽕밥메뉴판에는 없지만 주문이 된다.기대안하고 그냥 짬뽕밥이 땡겨서 주문한건데 기대이상.불맛도 좋고 적당히 맵고 짜서 본인 취향이었음.앞으로 근처에서 짬뽕이 먹고싶을때마다 이 곳을 방문할듯,맛있다
900,중국성,*,#차돌박이짬뽕 #삼선볶음밥양도많고 맛도있네요ㅋㅋ 고기랑 해물이 진짜 많이 아낌없이 들어가있어요. 차돌박이가 들어있어서 아무래도 조금 느끼하기도한데 짬뽕국물이 얼큰해서 어느정도 보완은 되는거같아요. 식당도 동네중국집보단 중식당 느낌들어서 깔끔하고 모임하기에도 괜찮을것같아요. 여러가지 다양한 메뉴 많아서 점심먹기에 괜찮은것같아요ㅋㅋ 볶음밥은 짜요. 덜짰으면...,괜찮다
901,루싱,YSL,와.. 이렇게 실내가 넓은 중국집은 첨본거 같아요. 테이블 간격도 꽤 좁은데 수많은 테이블들이 사람들도 바글바글 차있네요 ㅎ 점심특선 진코스로 시켜봤는데 기대를 안해서 그런가 전반적으로 다 무난한게 맛있더라구요! 매번 칠리새우 먹다가 깐풍버전으로 새우먹으니 그 버전도 괜찮았어요. 마지막 식사류 짬뽕도 얼큰하니 좋았네요~~ 다만 아쉬운건 코스를 먹고나면 든든하게 먹었다는 느낌이 없어요 ㅠ 먹다만 느낌 ㅋㅋ,괜찮다
902,루싱,Luscious.K,"#서울역 #서울스퀘어 #루싱""회의하기 좋은 법카로 먹어야 하는 중식당""1. 가끔 회의로 가는 서울역 서울스퀘어의 루싱이다. 음식은 크게 모나지도 않고 좋지도 않은 고급 중식당 코스프레의 회식용 중식당이다. 이런 수준의 프렌차이즈 중식당이 티원, 케세이호 등 정도가 되겠다.2. 전체적으로 맛은 나쁘지 않다. 법카로 먹은 저녁이라 얼마짜리 코스를 주문했는지는 몰라도 오룡해삼이 포함되어 있어 구성상은 나쁘지 않았다. 대신 블랙페퍼 비프의 소고기는 꽤 질겼다.3. 사실 이집 짜장면 맛이 궁금했는데, 그냥 궁금한 채로 둘 걸 그랬다. 기스면은 집에서 끓인 계란국 같고, 짬뽕은 그나마 평타, 짜장면은 고급 중식당 코스프레 중식당의 단맛 쎄고 전분기 많은 딱 그맛이다. 물론 본인 취향은 아니다.4. 회의로 좋은 점은 오후 3-4시에도 문을 열어 회의 공간을 제공해 주시니 빨리 모여 회의하고 식사하고 헤어지기 좋다. 게다가 서울역에 있으니 전국에서 모이는 회의러들이 모이기도 교통이 편하다.",괜찮다
903,루싱,룡,괜찮음 하지만 조콤 비쌈...면발이 쫄깃해서 맛남,괜찮다
904,열빈,집니,"*먹은거:깻잎차돌짬뽕*총평:가성비 좋은 중식당. 그중에서도 열빈 깻잎차돌짬뽕은 제 최애 메뉴입니다. 보통 해물을 넣는 짬뽕과는 다르게 차돌의 고기기름맛도 완연히 우러나오고, 깻잎으로 느끼함을 잡아줍니다. 술먹은 다음 날 자연스레 생각날만큼 든든하고 개운합니다. 여타 중식당에서 먹을 수 있는 짜장면, 볶음밥에 질리신 분들은 한 번 도전해보세요:)",맛있다
905,열빈,폴리,짜장이 입에 촥 붙어요서울 시청 근처에는 워낙 훌륭한 중식당이 많기는 하죠. 열빈도 오랜 내공이 있는 맛있는 중식당 중 하나입니다. 저는 특히 짭조름하고 감칠맛이 확 올라오는 이곳 짜장이 맛있는 것 같아요. 볶은밥은 불맛이 센 편이에요. 저는 불맛을 그닥 좋아하진 않지만 같이간 일행은 대만족이었습니다.부먹으로 먹어도 바삭바삭하고 소스가 얇게 퍼지는 탕수육도 만만히 볼 내공은 아닙니다. 위치가 좀 좋지 않지만 내공있는 좋은 레스토랑입니다.,맛있다
906,북경원,Luscious.K,"#시청 #북창동 #북경원""단정한 화상 스타일의 짜장면을 맛볼 수 있는 곳""1. 예전 북창동, 소공동 일대는 화상들의 밀집 지역이였다고 한다. 재화가 모이는 곳에 화상들이 많이 있었는데, 국가 정책으로 이주 아닌 이주를 했다는 이야기를 전해들은 적이 있다.그 흔적으로 북창동에 유명한 중국음식 재료상이 아직도 건재하고, 2대째 내려오는 화상 중국집인 <북경원>도 그리 어색하지 않다.2. 딱 봐도 꽤 오래된 노포티가 풀풀 나는 곳인데 내부도 꽤 노포스럽다. 가게는 그리 크지 않은데, 2층 좌석이 있어 합치면 꽤 넉넉할 듯 하다.조금 이른 저녁식사로 방문해서 그런지 주방을 맡고 계신 사장님이 홀에 앉아 계시다가 내가 들어가니 마스크를 쓰시면서 슬금슬금 주방으로 들어가신다 ㅎㅎ목표가 짜장면이여서 짜장면 한 그릇을 청했다.3. 평범해 보이지만 먹음직스러운 짜장면이 서빙이 됐다. 윤기도 있고 점도도 어느 정도 있는 것 같다. 짜장의 맛을 보니 춘장이 꽤 쓰인 것이 비해 설탕과 조미료는 굉장히 자제가 된 맛이다.담백하면서 춘장의 맛도 느껴진다. 너무 무르지 않은 양파의 식감도 느껴지면서 다진 돼지고기도 자잘하게 혀를 건드린다.맛있다...첫 맛에 입에 착 붙는 맛이 아니라 먹을 수록 맛있게 느껴지는 짜장면이다. 아마도 기름의 사용량도 꽤 자제된 듯 싶다. 식물성 기름의 대량 사용에서 느껴지는 느끼함이 없다.지금까지 짜장면을 먹으면서 화상 짜장면의 공통점인 <담백함>이라는 맛이 여기에 고스란히 담겨져 있다.맛을 꼭 안고 있은 비자극의 짜장면.그러면서 손을 멈추지 못하게 하는 매력. 그런 맛이 잘 표현이 된 짜장면이다.4. 대신 면빨은 조금 아쉽다. 조금 노르스름한 색깔의 면이라 첨가제 쫄깃함 예상은 했는데, 고무줄 같은 탄력은 아니지만 꽤 탄력적인 식감이다. 물기도 조금 더 털어내셨으면 좋겠다.개인취향이지만 짜장면에는 조금 부드럽고 얇은 면이 더 취향이기 때문에 느껴지는 아쉬움이다.5. 또 하나의 맛있는 짜장면을 만났다.이런 짜장면은 동네 배달 짜장면과 비교하는 것 조차 부끄럽다.5,000원의 작은 행복이 바로 이런 것이겠지...PS: 이곳은 간짜장이 없다. #동네식당응원프로젝트",맛있다
907,마라공방,SJR,마라공방 서울로테라스가본 마라집 중 가장 깔끔한 곳!아무래도 서울로테라스 안에 있어서 시설이 좋은 것 같아요식당 안도 깔끔하고 채소 코너도 깨끗해서 좋아요서너번 간 곳인데 항상 친절하시고 음식 나오는 속도 빨라요또 좋았던 점은 셀프바에 소스를 만들어 먹을 수 있게 해놔서따로 땅콩소스 요청할 필요없이 만들어서 찍어 먹으면 돼요!늘 가면 마라탕이나 마라샹궈만 먹었는데꿔바로우 평이 좋아서 다음번에는 꿔바로우도 먹어보려구요:),맛있다
908,마라공방,당케쉔,"적당한 가격에 마라탕/마라샹궈와 꿔바로우를 먹을 수 있어요.처음 찾아갔을 때에는 주방에서 맵기 단계를 엉망으로 해서 줬기 때문에 (0단계는 하얀국물이어야 하는데 빨갛고. 1단계는 2단계급) 갈까말까 망설이던 선택지였습니다.마라탕이 먹고 싶다는 일행의 말에 설득당해서 결국 다시 찾음.원래 1인1그릇으로 작게 시켜 맵기를각자 조절할 수도 있지만하나로 통일시키는 것도 가능하다해서이번엔 큰마음먹고 1단계로 통일해봤습니다.애기단계 (0단ㄱㅖ) 가 아니어도 먹을 수 있게 된 사실에 감개무량.적당한 마라향이 나고 적당히 매콤한 것이, 너무 괜찮던데요?매운 향이 아예 없는 것보다 훨씬 특색있고 좋았어요.꿔바로우도 쫄깃하니 괜찮았고요.다시 갈 마음이 생긴 경험!",맛있다
909,마라공방,솔직하게 써보지,"0단계가 있습니다! 0단계가 무슨 마라탕이냐 싶을 수도 있지만 산초 넣고 양념장 만들어서 찍어 먹어도 맛있고 다른 메뉴들 먹다 속 진정 시킬 맛으로 딱 좋았습니다. 기본 육수도 맛있었구요. 마라탕 0단계, 2단계 마라샹궈 2단계 꿔바로우, 꽃빵튀김 시켰습니다. 마라탕은 100g에 1,800원마라샹궈가 100g에 3,200원인데 특별재료들은 별도 가격 책정이고 그래서 뭔가 마라샹궈가 비싸다는 느낌을 받기는 했습니다. 꿔바로우가 비쥬얼적으로 다른 곳에 비해 상당히 노래서(?) - 꼭 카레 느낌으로다가 인상적이었어요. 왜 노란 지는 모르겠고 맛은 있었어요. 연유와 함께 주는 꽃빵 튀김 비쥬얼에 오오하며 시켰는데 저 말고 다른 가족들은 다 좋아하셨습니다. ㅎㅎㅎ",맛있다
910,송쉐프,추억의도나쓰,"대한상공회의소 건물 지하에 위치한 차이니즈 레스토랑이에요. 공간이 넓은 편은 아니고 룸으로 많이 나눠져 있어서 손님 오셨을 때 모시고 가기 좋을 것 같네요. 하얀짬뽕은 국물이 매콤한 맛 없이 순하고 해물이 많이 들어가서 시원해요. 점심 세트메뉴가 있는데 1인당 16000원에 크림새우 2조각에 고추잡채 조금, 볶음밥 조금이 포함돼있어요. 고추잡채는 1인당 꽃빵1개고, 고기 하나 없이 버섯과 피망 등만 있어요. 양념이 센 편이라 좀 자극적이고 가격대비 퀄리티가 좋았다고 할 순 없을 것 같네요.",괜찮다
911,삼미양꼬치,식객,서울역 3번출구를 나오자마자 바로 위치한 곳.무엇보다 양꼬치에 잡내가 없어서 좋았어요.,괜찮다
912,챠이797,쥴리,"깐풍기는 굿, 어향가지덮밥과 잡채덮밥은 쏘쏘",괜찮다
913,챠이797,서영욱,깔끔,맛있다
914,챠이797,*,"#해물짬뽕11,000그저그랬음. 해물이 많지도 않고 불맛이 강하지도 않고. 제일 저렴한 메뉴는 짜장면인데 9,000원. 이 곳의 시그니처메뉴같은 남자짜장이라는 메뉴는 무려14,000원 ! 같이간 사람의 말로는 맛은 괜찮다며 가격은 안괜찮지만ㅠㅎㅎ 깨끗하고 비싼 고오급 프랜차이즈 중식당인듯",괜찮다
915,배재반점,르웬,"광화문, 시청 근처 직장인들 거의 필수 방문 중국집. 점심에 중국집갈까?하면 대체로 이집이라고 보면 될정도ㅎㅎ역시나 거의 모든 메뉴를 다 먹어봤고, 저녁 회식으로 요리도 거의 다 먹어본 결과 대체로 괜찮다!시그니처나 이건 꼭 먹어야돼!하는 메뉴는 없지만 딱히 실패한 메뉴도 없어서 그날에따라 먹고싶은걸로 시키면 중간정도는 하는 집.",괜찮다
916,야래향,난감,"·나는 행복합니다~ 홀릭이라서 행복합니다~중식당, 특히 회전하는 판이 있는 중식당은 저의 기억에는 가족의 생일이나 졸업식 같은 특별한 날 가는 곳이어서 좋은 기억들이 많습니다. 짬뽕 한 그릇, 짜장면 한 그릇 시켜놓고 먹는 것이 아니라 여럿이서 요리도 여러개 식사도 여러 종류로 시켜서 먹는 그런 재미가 곧 추억이 되는 곳이지요. 더운  여름날 여섯명이서 방문한 야래향은 그런 곳이었습니다. - 부귀중새우(크림새우, 중사이즈 /50000) 다른 홀릭분들의 리뷰대로 가장 첫메뉴이자 가장 인상적이었던 음식. 생각보다 꽤 크고 탱글한 새우에 자칫 잘못하면 느끼해질 수도 있는 크림소스가 딱 맛있게 크리미한 정도로 어우러진 음식이었습니다. 이 집 새우 맛집인가봐요. (메뉴판에도 새우류가 따로 있더라구요.) - 난자완스(40000) 지금까지 먹었던 난자완스 중에 제일 괜찮았던 것 같아요. 겉은 좀 눌고 속은 부드러운 완자도 완자지만 양념에 같이 볶아져 나온 청경채와 버섯도 참 맛있었습니다.   - 마늘소스 중새우(중사이즈/50000) 개인적으로 마늘을 좋아하는데 아까 위에서 말한 작지않은 새우가 튀겨진 곳에 마늘과 고추 등을 튀겨 함께 올려낸 요리였습니다. 새우도 좋고 마늘도 좋고 어찌 맛없을 수 있겠습니까마는 다른 홀릭분들 말씀처럼 크림새우를 처음 베어물었던 첫 입의 감동을 이기긴 어려웠네요.  - 양장피(소 사이즈, 30000) 개인적으로는 온도감도 톡쏘는 맛도 기준치보다는 조금 낮았던 요리였습니다. 뒤에서 쓸 중국냉면도 온도감이나 쏘는 맛이 부족한 걸 보면 이 집의 스타일인가 싶기도 합니다. 그렇다고 해서 맛이 없었던 것은 아니고 약간 전채스타일로 앞쪽에 먹었다면 이것보다는 평이 후했을 것 같기도 합니다.  - 깐풍기(소 사이즈, 30000) 소스가 자작한 스타일이 아니라 겉에 입혀낸다? 라고 표현하는게 더 어울릴듯한 깐풍기. 이때쯤 되서 배가 부르다 싶어서 많이 들어가지 않는 상태임에도 불구하고 굉장히 맛있게 먹었어요. 삼삼하게 느껴졌던 양장피에 비해서 음식이 식어도 바삭하고 매콤한 느낌이 여실히 전해지는 깐풍기였습니다.  - 식사류(유니간짜장, 중국냉면, 해물볶음밥, 차돌마라면) 가장 맛있게 먹은건 해물볶음밥, 아쉬웠던건 중국냉면이었습니다. 전체적으로 따뜻한 음식이다보니 (양장피도 미적지근해서) 모두가 중국냉면에 열광했는데 땅콩소스도 시원한 맛도 도드라지지 않는 애매한 맛이어서 다소 아쉬웠어요. 해물볶음밥은 꽤나 실한 해물과 고슬고슬한 밥알이 자꾸 숟가락이 가게하는 좋은 식사가 되었습니다.   사실 마무리로 옥수수빠쓰를 기대했지만 없다고 해서 군만두를 주문하였는데, 위 튀김류가 전반적으로 훌륭했듯 바삭 튀겨져 맛있었습니다. 다만 후식으로 먹기에는 조금 기름지고 헤비해서 그 맛을 온전히 느끼지는 못했던 것 같아요.  다들 쓰셨듯 이렇게 주변인들만으로 6인을 채워서 중식당을 간다라는 전제조건 자체가 굉장히 어려운 일인데, 미식을 추구하는 홀릭분들이기에 가능했던 일이다 싶고 굉장히 즐거운 시간이었습니다. 재형님의 꿀팁과 찬조해주신 고량주 오량액 덕에 제 위장의 생김새도 오랜만에 탐구하는 시간이었습니다.  나는 행복합니다~~ 홀릭이라 행복합니다~~",맛있다
917,야래향,김재형,"러셔스님이 쏘아올린 새우공Nyn님이 밋업 열어주시고 sjr님 난감님 주아팍님 ej님이 함께 해주셨습니다6인 밋업은 처음 참석인데 메뉴가 중식이라 너무 행복했습니다 다이어트 중 급하게 잡은 일정이었지만 소중한 치팅에 좋은 사람 좋은 음식이라 아주 만족스러운 시간이었습니다2층 룸으로 안내를 받았는데 1층 홀은 아주 한가했고 2층에도 저희 옆 방에만 손님이 있는 것 같았습니다요리 - 부귀중새우, 난자완스, 마늘소스중새우, 양장피, 깐풍기식사 - 해물볶음밥, 중국냉면, 유니간짜장, 차돌마라탕면, 군만두러셔스님 리뷰처럼 새우 요리가 아주 좋습니다 내가 이때까지 먹은 건 찐땡 크림새우가 아니구나 아 이런 게 크림새우구나 이 맛이 찐이구나 생각이 확 들었던  부귀중새우와, 명성이 자자했던 마늘소스중새우 또한 새우의 탱글한 식감을 살린 조리와 튀김의 매력이 퇴색되지 않게 마늘소스와 적절하게 잘 볶아서 맛있게 잘 먹었습니다 다만 부귀중새우가 맛이 훨씬 리치하고 진해서 뒤에 나왔으면 마늘소스중새우를 더 잘 즐길 수 있었을 것 같습니다난자완스는 개체 차이가 좀 있었지만 잘 만들어진 부분은 겉은 잘 눌려서 단단하게 모양을 잡아주고 씹으면 쫀쫀한 속과 고기 입자가 잘 느껴져서 맛있게 먹었습니다 얘도 자극적인 맛이 아니라 부귀중새우가 뒤로 밀렸으면 좋았을 뻔 했습니다뒤늦게 맛보고싶어 주문한 양장피가 가장 아쉬웠는데 저희의 주문 순서 미스도 있지만 다른 요리에 비해 자체로 많이 부족하게 느껴졌습니다 겨자는 뿌려서 나오는데 맛과 향 간 모든 게 약했습니다 센 불에 단시간에 볶지 않으셨는지 물기가 있고 재료들의 식감이 많이 죽었는데 간 마저도 약해서 더욱 밍숭맹숭하게 느껴졌습니다깐풍기는 동네 중국집에서 칠리소스에 전분 풀어서 볶는 그 방식이 아니라 너무 좋았습니다 순살을 잘 튀기고 잘 볶았는데 양념도 간과 매콤함이 딱 적당해서 맛있게 먹었습니다식사에서는 중국냉면이 좀 아쉬웠는데 이 역시 맛이 약해서 다른 메뉴에 많이 묻히는 느낌이었습니다 온도감도 조금 높아서 시원함으로 확 휘어잡지도 못한 중국냉면이었습니다저는 마지막에 추가로 주문한 군만두가 아주 인상적이었는데 먹으면서 느낀 것이 야래향은 튀김 요리에 강점이 있는 집 같습니다 앞서 튀긴 요리들이 제일 맛있었고 군만두 역시 바짝 튀겼는데 피가 참 좋아서 전혀 입 안에 상처를 주지 않고 바삭하지만 다시 파삭하게 흩어져주면서 피가 소와 잘 어울리는데 기름진 육즙이 함께해서 참 맛있게 먹었습니다역시 중식당은 여럿이서 올 때 더욱 빛을 발하는 것 같습니다 야래향은 다른 메뉴도 참 다양하게 준비되어 있어서 다음에 좋은 때 인원이 모인다면 또 방문하고 싶은 집입니다재방문 의사 : △",맛있다
918,야래향,Nyn,"밋업 w/ EJ 님, SJR 님, 김재형 님, 난감 님, 주아팍 님처음으로 6인 밋업을 열어 가보게 된 야래향. (휴...ㅋㅋ)쉽지 않은 부분도 있었지만 후회는 전혀 없다. 중식은 역시 여러명이 다양하게 먹어야 하는데, 이번 밋업은 최적의 환경이었다. 감사히도 김재형님이 챙겨오신 (진품)술까지 함께해서 더욱 즐겁고 맛있는 식사시간을 보낼 수 있었다. • 부귀중새우 (중) 50,000이 날 정말 다양한 메뉴를 먹었지만, 그 중에서도 이 크림새우는 첫 번째로 서빙된 메뉴라 그런지 가장 인상깊었다. 새우의 탱글함은 말할 것도 없고, 마요네즈 소스는 밸런스가 잘 잡혀 있어 아쉬운 부분이 하나도 없었다. • 마늘소스 중새우 (중) 50,000깐풍기와 비슷한 형태로 만들어진 새우요리. 튀김을 워낙 잘 해서 소스가 과하거나 강렬하지 않았지만 그 자체로 매력적이었다.• 난자완즈 40,000고기가 놀라울 정도로 쫀득했다. 간이 꽤 순한 편이라 고기의 돼지고기의 고소함이 잘 느껴졌다. • 깐풍기 (소) 30,000역시나 잘 튀겨진 닭고기와 순한맛 마늘소스가 잘 어울려졌다. 사실 내가 여태껏 먹어본 깐풍기 중에 가장 드라이하고 소스도 적었지만 오히려 그래서 손이 더 자꾸 갔던 메뉴. • 양장피 (소) 30,000전반적으로 간을 약하게 하는 집인 것 같다는 인상이 딱 박혔던 메뉴. 겨자소스는 순했고 재료가 전반적으로 식감이 좀 죽어서 아쉬움이 남았다. 요리를 너무 많이 먹어서 식사류는 조금씩 맛만 봤다. - 유니간짜장 (곱) 12,000- 중국냉면 11,000 내 기준에서는 꽤 맑은 편이었고 땅콩소스와 산미, 그리고 얼음도 더 있었으면 좋았을 것 같았던 냉면. - 차돌마라탕면 12,000앞선 리뷰 중에는 언급되지 않았던 이 메뉴가 의외의 복병이었다. 입이 많이 얼얼하지 않은 선에서 마라의 향이 꽈 진하게 올라온다. 중국거주 경험이 있으신 홀릭 SJR님 마저도 인정한 이 마라의 향은 거부감이 느껴지지 않고 좋았다. - 해물볶음밥 11,000계란코팅이 잘 된 쌀알이 인상적이었다. 사진보다는 해물 건더기가 미니미니했다. 함께 나온 짬뽕국물이 홍합 향이 아주 찐해서 깜짝 놀랐다. • 군만두 10,000수제로 빚으신 군만두라고 해서 주문해 보았다. 보통 군만두보다 오래 튀겨서 꽤 짙은 갈색의 만두피가 참 고소하고 인상적이었다. 거의 맨 마지막에 배부른 상태로 맛 봤는데, 기름이 너무 많이 흘러서 먹기 조금 힘겨웠다...ㅜㅜ 배 고플 때 먹으면 순삭할 수 있을 것 같았다. 전반적으로 마일드한 간을 추구하시는 것 같은 중국집이었다. 내 입맛이 너무 인스턴트와 강렬한 간에 적응을 해 버린 것일지도 모르지만, 중국집이다 보니 각오(?)했던 그 염도에 미치지 않아서 의아한 부분도 조금은 있었다. 기대했던 메뉴들보다 다른 메뉴들이 의외로 인상깊었다. 그래서 더 많은 메뉴를 꾸준히 와서 맛 보고 싶은 중식당이었다. - 야래향을 가 보고 싶어지게 맛깔난 리뷰 써 주신 Lucious.K님, 당케쉔님 감사합니다! - 뜨거운 날 멀리서부터 와 주신 EJ 님, SJR 님, 김재형 님, 난감 님, 주아팍 님 감사합니다 ♥",맛있다
919,야래향,SJR,"첫 밋업! 야래향!그리고 계속 생각나는 크림새우Nyn님이 밋업을 열어주셔서 고민하다가 첫 밋업 도전!근데 하반기에 홀릭 뱃지 못 달 뻔해서 못 가는 줄 알았어요ㅎ다행히 하반기에도 홀릭 뱃지를 달게 되었는데 아직 안 달렸네요워낙 중식을 좋아하기도 하고 음식들 비주얼이 정말 맛있어 보여서 기대를 많이 하고 갔어요!크림새우(부귀중새우), 마늘소스새우, 난자완스,양장피, 깐풍기, 중국냉면, 새우볶음밥, 간짜장, 차돌마라탕면, 만두!6명이서 간 거라서 정말 다양하게 맛 볼 수 있었어요!제일 처음 시작을 크림새우로 했는데 마요네스 베이스로 한 건데도 느끼하지 않고 정말 부드러웠어요마늘소스 새우도 적당히 매우면서 새우가 커서 맛없없!!난자완스는 정말 기대 이상이었어요! 제가 그동안 먹은 난자완스는이상한 난자완스였나봐요. 야래향에서 난자완스를 제대로 맛봤어요옆에 있는 청경채, 버섯 등등도 다 맛있었던 난자완스3가지 음식을 맛 보고 유산슬과 깐풍기로 리프레쉬를 해주고 식사 메뉴를 주문했어요!양장피는 겨자맛이 생명인데 겨자맛이 조금 부족한 듯 했으나 맵찔이인 저는 괜찮았어요ㅎ근데 깐풍기는 제 입맛에 조금 매웠어요! 시간 지나고 먹었는데도바삭함이 그대로라서 신기하면서도 매워서 당황했던..식사메뉴도 다양하게 시켜서 다같이 나눠먹었는데제 픽은 볶음밥과 짜장면! 볶음밥을 다들 칭찬하시는 이유가 있더라구요짜장면도 평타 이상의 맛!! 저는 짜장은 다 좋아해서 아주 만족!중국냉면도 무난하고 차돌마라탕면은 정말 중국 냄새가 강했어요얼얼한 건 덜 하지만 그래도 현지냄새랑 비슷하고 맛도 좋았으요군만두의 경우에는 별로 안 좋아해서 아예 맛 보지 않았어요!!재형님이 고량주를 집에서 가져오셔서 맛 봤는데저는 고량주가 이런 맛인지 오늘 제대로 알았어요약간 홍어처럼 톡 쏘면서 이게 50도짜리 술이구나를 배웠어요ㅋㅋ저는 못 마시겠어서 맥주를 따로 주문해서 마셨습니다그래도 멀리서 들고 와주신 재형님께 감사를!먹고 집에 오면서도 크림새우와 다른 메뉴들도 생각날 정도로 만족스러운 식사였어요!제가 코로나 이후에 홀릭이 되기도 했고사실 네이버카페로 이동하기 전에 홀릭 페북의 존재를 몰랐어요ㅋㅋ첫 밋업이라서 조금? 떨렸지만 다들 편안하게 해주셔서 감사했어요앞으로도 열심히 밋업 참여할게요!!!!!가족들이나 친한 친구들과 또 와서 먹고 싶은 집이에요!최소 5,6명은 와야지 다양하고 맛있게 먹을 수 있는 곳;)*진짜 사방팔방에 이찬원 사진이 붙어있더라구요!처음에 올라갈 때는 사실 자세히 보지 않아서 소주 광고인가 했는데 화장실 갈 때 보고이찬원 생일카페인가 라는 생각도 잠시 했어요ㅋㅋ이찬원이 꼭 한번 방문해주길!",맛있다
920,야래향,Luscious.K,"#회현동 #야래향""새우요리를 정말 잘하는 집""오랜만에 방문한 야래향이다.이집은 이미 여러차례 리뷰를 했고 특히 마늘새우의 맛있음도 강조했다.그런데 우연히 주문한 이집의 <크림새우>는 매우 특별하다.원래 크림새우는 마요네즈 베이스로 만든다.그래서 처음엔 하얀색으로 보이지만 시간이 지나면 누리끼리하면서 투명한 색으로 변한다.마요네즈의 기포가 빠져나가면서 생기는 현상인데 요즘 크림새우에서는 이런 진짜 클래식 크림새우의 모습을 볼 수 없다.뭘로 만드는지 모르겠지만 시큼함도 있고 요거트도 넣는 것 같고 심지어 과일향도 넣는다.요리를 만들겠다는 건지 디저트를 만들겠다는 건지 모르겠다. 게다가 튀긴새우에 소스를 뿌려 올리는 엽기적인 형태의 크림새우 ㅠㅠ그런데 야래향의 크림새우는 정통 클래식이다.마요베이스라 고소하고 크리미하며서 약간의 산미도 있다.소스를 정확하게 볶아 내기 때문에 새우튀김과의 밀탁도도 좋다.아주 맛있다.대신 탕수육 달인으로 티비에 출연한 곳의 탕수육은 이제는 굉장히 아쉬워졌다.특히 소스 때문인데 산미 없이 그져 들직지근한 맛의 소스는 탕수육스럽지 않고 금방 물린다.야래향 = 새우요리 잘하는 집으로 기억해도 좋을 듯 하다.PS: 여기 메니저님이 이찬원 덕후라 2층은 완전히 이찬원 월드 ㅎㅎㅎ 이찬원씨 언제 여기 요셔야할 듯.",맛있다
921,야래향,올리브,"<요리에서 드러난 고수의 진면목> 일전에 혼자와서 볶음밥만 먹고갔던 야래향에 여자친구와 함께 방문했다. Luscious. K 님의 추천픽 마늘소스 중새우와 식사로 난자완스밥, 유니간짜장을 주문했다. 마늘소스 중새우 : 바삭하다기 보다는 부드럽게 튀겨진 새우가 마늘, 양파, 땅콩, 고추와 함께 버무려 볶아져 나온다. 포슬포슬한 식감이 재미있고 건조하게 볶인 소스의 감칠맛과 새우의 조화가 좋다. 간도 강하지 않고 마르게 볶아져 나왔기 때문에 튀김요리임에도 부담스럽지 않고 가볍게 즐길 수 있었다. 난자완스밥 : 우선 난자완스밥 메뉴가 있어서 둘이 와도 요리메뉴 하나를 더 경험할 수 있는 부분이 좋았다. 난자완스는 앞서 먹은 마늘소스 중새우와 결을 같이 헌다. 완자는 겉은 불맛이 나고 속은 부드러우면서도 질감은 어느정도 살아있었고 야채들과 버무려진 소스도 간이 강하지 않고 부드러웠다. 소스에 버무려진 채소들과 완자를 함께먹으면 맛의 밸런스가 좋다. 평소 다진고기를 좋아하지 않는 여자친구도 완자에 물밤 올려먹으니 맛있다며 만족스럽게 먹었다. 유니간짜장 : 다른 음식들과는 달리 조금 자극적인 느낌이다. 염도도 당도도 좀 강하게 느껴진다. 강화제가 들어간 면도 특별하지 않다. 이곳의 다른 음식들에 비해 아쉽다. 자극적이지 않으면서도 재료 본연의 맛을 잘 살린 훌륭한 요리들에서 볶음밥을 먹으면서 엿봤던 고수의 내공을 제대로 확인할 수 있었다.",맛있다
922,야래향,올리브,"<볶음밥에서 느껴지는 내공> 평일 점심 늦은시간에 홀로 방문했다. 한차례 손님들이 빠졌는지 가게 안은 비교적 한산했다. 주문메뉴 : 해물볶음밥사실 볶음밥이 먹고싶어서 방문햤는데 메뉴를 보면서 고민에 빠졌다. 다른 식사메뉴들도 하나하나 다 먹어보고 싶었기 때문이다. 해물볶음밥과 난자완스밥 라조육밥이 가장 끌렸는데 종업원께 혹시 난자완스밥과 라조육밥의 밥이 볶음밥으로 나오는지 여쭤봤더니 일반 밥이 나온다고 하셔서 해물볶음밥을 주문했다. 주문 후 잠시 기다리니 볶음밥과 짬뽕국물을 내주셨다. 사실 주문하며 볶음밥이 조금 비싸다고 생각했는데 음식을 받아보니 재료가 정말 풍성하게 들어있어 납득할 수 있었다. 밥도 고슬고슬하고 색도 예쁘게 작 볶였고 오징어, 소라, 새우 등 해산물도 풍성해 보여 일단 먹기 전부터 기분이 좋아졌다. 맛을 보니 역시 잘 볶인 밥의 질감도 좋았고, 간도 적당하여 옆에 나온 짜장소스 없이도 맛나게 먹을 수 있었다. 그리고 해산물 각각의 익힘 정도도 좋아 질기지 않고 부드웠다. 다만 같이 나온 짜장은 평범한 편이었다. 함께 나온 짬뽕국물에는 굴이 들어가 있었는데 메뉴판을 보니 이곳의 짬뽕은 굴짬뽕이 기본인 듯 하다. 굴은 비리지 않고 고소했고 국물은 꽤나 칼칼한 옛날짬뽕 느낌이었다. 볶음밥을 봐도 다른 분들의 후기를 봐도 내공이 상당한 가게라고 생각된다. 기회가 된다면 다른 요리들 경험하러 다시 방문하고싶다.",맛있다
923,야래향,시지,최고최고,맛있다
924,야래향,당케쉔,"마늘에 마르게 볶은 새우 튀김은 이제 야래향 MUST.마늘 후레이크가 듬뿍 올라간 탱글탱글 새우가 좋아요. 넷이서 가서 중 사이즈(￦45,000)로 하나 시키고 굴짬뽕 (굴 없는 짬뽕은 없다네요) 빨간 것과 볶음 짜장면을 시켰어요.짬뽕 국물도 매운 편이고 (뒤에 얼얼하게 다가오는 맛)볶음 짜장도 고춧가루가 들어서 그런지 생각보다 좀 매움!먹어도먹어도 줄지않는 푸짐한 양이라니~회사에서 회식으로도 종종 오는 곳이지만 개인적으로 찾아갈 만큼 맛있는 곳이라고 생각해요.제 추천으로 가 본 가족의 말로는 칠리탕수육도 엄청 맛있다고 해요. 다음 번에는 칠리 탕수육에 도전해 보려고요!#먹어서응원",맛있다
925,야래향,당케쉔,"내안에서 야래향 재발견! 마늘새우 무엇...! 중국냉면 무엇!이전에 두번정도 간 적 있지만 맛있긴 한데 특별함은 못 느꼈던 야래향. YennaPPa님의 리뷰를 읽고 '야래향에서 잘하는 음식을 먹어보지 않고 야래향을 평가했다면, 그건 야래향에 대한 실례가 아니겠는가'싶어 다시 가 봤습니다.리뷰에서 읽었던 대로 마늘새우, 중국냉면을 시켰고요.일행분이 먹고싶다하셔서 자장면에 양장피도 추가했습니다.와 근데 새우는 여태 칠리새우, 망고크림새우만 맛있는 줄 알았는데마늘새우 진짜 짱이에요.마르게볶아서 나오는데 새우가 탱글탱글하고 실해요무엇보다 양념이 너무 맛있어서 밥비벼먹고 싶은 맛이에요.중국냉면이라는 요리를 처음 먹어봤는데 땅콩 맛도 나고 겨자 맛도 나고 쫄깃단단한 면에 상콤한 국물맛이 너무 특이한데 너무 좋아요. 여름에 꼭 다시먹고 싶어지는 맛이에요. 해삼을 이렇게 즐겁게 먹어볼 줄이야~양장피도 겨자맛이 강한데 해파리며 새우며 하는 것들이 탱글탱글하니 씹는 맛이 좋더라고요.자장면도 이 날 먹어보니 진정 맛있음.... bb 중국냉면보다 더 부들부들한 쫄깃함인데 입에 츄르릅 감기는 면발과 자장이 좋았어요. 제 안에서 야래향은 특별한 맛집으로 다시 태어났습니다. 마늘 새우 대자로 시켜서 뜯어보고싶네요.",맛있다
926,야래향,Luscious.K,"#회현동 #야래향""짜장면도 맛있지만 여기서만 먹을 수 있는 <마늘새우>의 힘!""1. 예전에 참 자주 갔었던 회현동의 야래향인데 이집 짜장면 맛이 기억이 나질 않아 일부러 모임을 여기로 잡은 나의 이기적인 식탐이 만든 방문이다 ㅎㅎ물론 본인의 목표는 짜장면이였지만 이집에서만 먹을 수 있는 <마늘새우>를 지인들에게 맛보여드리고 싶은 마음이 더 컸다.2. 예전 리뷰에서도 썼지만 야래향은 동부이촌동과 화상 형제집이다. 하지만 각자의 맛은 다른 개성을 가지도 있다고 한다.이날 술자리를 겸한 자리라 이런 저런 메뉴들을 맛보았는데, 역시나 가장 인상적인 맛은 <마늘새우>다.포실하게 잘 튀긴 새우를 마치 간짜장을 만들 듯이 양파와 마늘 고추로 마르게 볶아냈다. 그렇다고 깐풍새우의 느낌도 아니고 여러 향신재료와 땅콩을 새우와 함께 강하게 볶아냈다.새우는 포실한 맛을 유지하지만 간간하면서 향기로운 맛들이 튀김옷에 스며들어 기가막힌 맛을 낸다.이 메뉴는 본인이 우리나라에서 먹은 중식 새우요리 중에서 가장 좋아하는 메뉴일 정도로 사랑하는 메뉴고 이집에서만 먹을 수 있으니 꼭 기억해 두시면 좋겠다.3. 다만 예전엔 같은 방식으로 만든 대게살이 있었는데, 높은 대게살의 단가 때문에 이제는 메뉴판에서 사라졌다고 한다.사실 이날 마늘대게를 먹으러 간 거라 아쉬움이 컸지만 새우의 완성도가 높아 만족했다.4. 짜장면은 <유니간짜장>으로 주문을 했는데, 양파를 아주 잘게 썰고 다진 고기와 볶아 만든 간짜장이다.재료를  아주 잘게 썰어 바로 볶으니 재료들이 입에서 놀면서 돌아다니는 식감이 참 재밌다.맛은 모든게 적당히 들어간 모나지 않은 짜장면 맛으로 호불호 없이 누구나 좋아할 맛. 그래서 이집은 재료의 식감이 더 부각이 된다.대단한 맛이라기 보다는 누구도 맛없다고 말할 수 없는 짜장면의 맛이다.다만 면은 첨가제 사용이 많아 쫄깃쫄깃하고 짜장에서 전분기가 좀 느껴진다. . 본인 취향과 거리가 있다.5. 또하나 재미있는 메뉴가 튀긴두부와 게살인데, 살짝 매운 쏘스에 (달지않은) 튀긴두부와 튀긴 통게살을 넣고 같이 볶아냈다.불향과 연하게 매운 고추기름맛이 튀긴 재료들의 고소함과 궁합이 좋고 살짝 누진 튀김들이 주는 식감도 좋다완벽한 술안주 메뉴6. 짬뽕과 군만두는 평범하지만 기본을 잘 지킨 맛이였다.7. 사실 여긴 탕수육 달인으로 방송을 탄 집이다. 그런데 본인의 경험으로는 탕수육 보다 더 맛있는 메뉴들이 너무 많다.특히 마늘새우의 경우는 여기 말고는 먹을 수 있는 곳이 없으니 이집의 귀한 보물 같은 메뉴겠다.여름에 냉면도 아주 맛있는 집이고 짜장면도 훌륭한 곳이라 실패하기 힘든 곳으로 언제나 만족스러운 중식당이다.<오랜만에 방문해서 아주 만족스러운 술자리였다>",맛있다
927,야래향,바닥난잔고,☆☆☆☆중국냉면과 군만쓰 물만쓰를 함께 시켜먹었는데 만두는 직접 빚고 냉면은 재료를 아끼지 않아서 맛있게 잘 먹었습니다. 새콤한 국물에 땅콩버터의 농후함이 더해진 안정감이 킬링포인트,맛있다
928,야래향,Luscious.K,회현동 본점과 이촌동점이 있는데 형제분들이 나눠서 하는 가족가게입니다이 곳은 특이한 역사가 있어요화상인 사장님이 한국식 중국집에서 요리를 배우다가 텃세로 승진이 안되서... 차라리 독립하자.. 해서 개업 하셨다는 이야기가 전해져요 ㅎㅎ이 집의 요리는 중국식이 가미된 한국형 중식..?이 정도로 요약 가능할 것 같아요분명 한국식 중국집인데 보통 한국식 하고는다른 점이 꽤 있네요이 곳은 고추와 마늘을 많이 쓰시고 잘 쓰세요그래서 이 곳에서 유명한 메뉴가 마늘소스새우 깐풍기 깐풍게살 같이 매콤한 요리입니다그렇다고 많이 맵지는 않습니다그리고 항상 해물을 푸짐하게 넣어주시기 때문에 전가복 팔보채같은 요리도 참 일품입니다짜장면과 짬뽕도 꽤 유명하고 맛있습니다생각해보니 이 집 다 맛있네요 ㅎㅎㅎㅎ유산슬 난자완스도 좋습니다첫 사진은 유산슬이에요다른 곳의 유산슬과는 달리 재료를 호방하게 잘라서 듬직한 씹히는 맛이 좋고 약간 매콤하게 볶아 내셔서 감칠맛을 배가시킨 처음 맛보는 스타일의 이 집 고유의 유산슬입니다이 집에서 제일 맛있는 메뉴 중에 하나인 두 번째 사진인 마늘소스새우입니다마늘소스라고 해서 보통 중국집에 쓰는 끈적한 소스가 아니구요 다진마늘을 잔뜩 건고추하고 볶아낸 마른소스 입니다이렇게 매콤하게 볶은 마늘은 그냥 숟가락으로 떠먹어도 참 맛있는 술안주가 되더라구요 ㅎㅎ이런 마른 소스에 바삭하게 튀겨낸 새우를 뭍혀내세요맵다는 느낌 보다는 볶은 마늘의 고소함과 감칠맛이 참 좋은 요리입니다다른 곳에서는 볼 수 없는 스타일의 요리이기 때문에 이 집의 시그니쳐 요리라고도 할 수 있겠네요저흰 갈 때마다 꼭 시켜 먹는 메뉴이니 꼭 기억해 두세요 ^^여름엔 뭐니뭐니해도 중국냉면 이지요 ㅎㅎ감칠맛 나는 육수와 (물론 MSG일 가능성이 많지만 ㅎㅎ)다양한 해산물의 꼬들한 식감땅콩버터의 고소함겨자의 똑쏘는 알싸함참 맛있는 메뉴에요그런데 식당마다 그 맛이 다르고 편차가 너무 커서아무데서나 부담없이 주문하기에는 위험부담이 좀 큽니다맛없는 비싼 중국냉면 먹느니 짜장면+짬뽕 두 그릇 먹는게 안전하죠 ㅋㅋ이 곳 중국냉면은 정말 맛있습니다국물이 그리 과하지 않고제가 제일 싫어하는 얼음 잔뜩 둥둥 뜬시리도록 차가운 육수도 아니고마늘 해물 잘 쓰는 집인만큼다진 생마늘을 따로 주셔서기호에 따라 알싸하게 먹을 수 있고어마어마한 #해물 을 주셔서 식감 포만감 모두 만족시킵니다보통 중국냉면은 건더기 건져먹고 끝인 경우가 많은데 이 곳은 건더기 면 국물까지 깔끔하게 완냉 가능한 훌륭한 냉면입니다이 집 중국냉면 완전강추 드려요,맛있다
929,야래향,AP,"게다리튀김이 유명한 곳인데, 정말 맛나요. 유린기도 강추. 단 모든 요리가 다 비슷한 소스인것 같다는 생각이 좀 들긴 해요.",맛있다
930,야래향,AP,여기 난자완스가 서울에서 손꼽히게 맛있어요. 소규모 그룹에게도 방을 제공해서 이야기하기도 좋고 음식도 전반적으로 다 훌륭했습니다.,맛있다
931,팔레드 신,젠젠,"탄탄면,볶음밥,샤오롱바오,가지튀김 이렇게 세명이서 메뉴4개 시켰어요ㅎㅎ점심으로 갔음에도 자리는 만석이고 저희는 미리 예약해서 방문하였습니다탄탄면도 향이 강하지않아 맛있게 먹었고가지튀김보다는 볶음 느낌이 강하였지만 그래도 맛있게 먹었어요ㅎㅎ 전반적으로 좋았고기념일이나 데이트코스로도 좋을거 같아요!",맛있다
932,팔레드 신,뇸,베이징덕 & 볶음밥 또 먹고싶다ㅜㅜ,맛있다
933,팔레드 신,초이랄라,북경오리 맛집이라는 팔레드신에 다녀왔어요북경오리도 물론 맛있었지만 그것보다도 다른 메뉴들이 더 인상적이었습니다!궁보계정 추천합니다- 밑에 깔인 물밤 튀김이랑 같이 먹으면 진짜 별미에요.젤 유명한 칠리새우도 맛있어요- 튀김껍질이 좀 두껍긴 하지만 새콤달콤하고 새우도 커요.튀김요리에 어울리는 간장오이와 계절야채볶음(채심)도 함께 시켜막으니 느끼하지 않았어요분위기도 앤티크하고 예뻐서 사진 잘나와요,맛있다
934,팔레드 신,카나리아,"레스케이프가서 칠리새우 안먹는사람 유죄레스케이프호텔에 숙박하는 김에 팔레드신 가보고 여기 칠리새우에 홀딱 빠졌는데요. 오랜만에 숙박하는김에 이번에는 테이크아웃으로 주문해보았습니다. 참고로 숙박시에 10% 할인이 되기는 하는데 테이크아웃 할인(10%)과 중복할인이 되지는 않습니다.룸에서 저렴이 미국 리슬링과 같이 먹었는데 둘다 달달하지만 리슬링이 산도가 좋은데다 향도 강렬한 편이어서 밀리지 않고 칠리새우와 잘 어울리더라구요.그리고 대망의 칠리새우는… 역시 포장해도 맛있네요. 겉의 글레이징 부분은 아주 바삭한데다 단짠단짠 간, 위의 김가루, 오동통한 새우살까지 한입한입 아주 만족스러운 맛입니다.테이크아웃하면 눈치 안보고 칠리새우만 먹을 수 있으니 레스케이프 호텔 숙박하시는 분들은 꼭 한번 드셔보세요! 재방문의사 O",맛있다
935,팔레드 신,졸리,"불금에 방문하려니 만석이라.. 테이크아웃해서 먹었는데 포장도 꽤 꼼꼼한 편이고, 투숙객은 10% 할인도 받을 수 있어 나쁘지 않았다. 많은 리뷰들이 공통적으로 볶음밥과 칠리새우를 추천해서 두 가지를 주문하고, 딤섬도 맛보려 산라 소룡포를 하나 추가했다(3피스인게 아쉬운 부분..). 칠리 새우는 뭔가 튀김옷이 두껍고 칠리소스가 흥건하다기보다는 조금 튀김옷에 눌러붙은 느낌이라 기존에 먹던 칠리새우랑은 스타일이 달랐는데, 먹다 보니 왜 맛있다고 하는지 알 것 같았다.. 새우 사이즈가 꽤 커서 6마리면 정말 충분하다. 짭쪼롬한 것이 맥주 안주로도 딱이였음!산라 소룡포는 조금 식어서 아쉬웠지만 꽤 매콤하면서 안에 육즙이 살아있었다. 이 집 산라탕은 굳이 안먹어봐도 될 것 같디만.. 딤섬의 새로운 해석이라 기회가 된다면 다른 딤섬들도 먹어보고 싶다. 참고로 점심 딤섬 메뉴와 저녁 딤섬 메뉴가 다름.  게살 볶음밥은 날치알을 추가해서 먹으니 식감이 톡톡 터지는게 좋았는데, 포장용기에 꾹 눌러담겨서 고슬고슬한 느낌은 덜했지만 양이 정말 무지 많았다 ㅋㅋㅋ 이걸로 배부르기 가능..포장이 꼼꼼하긴 하지만 아무래도 조금 식을 수 있고 비주얼도 조금 덜하기 때문에 미리 예약해 식당을 이용하거나, 인룸다이닝을 이용하는 것이 좋을 것 같다. 맛은 전체적으로 나쁘지 않았는데 가격을 보면 사실.. 조금 오버프라이스 같긴 하다.",맛있다
936,팔레드 신,서울푸디,"- 한줄평: 여기서 코스는 안 먹는걸로...홍콩 유명 중식당인 MOTT32와 협업하여 명동 레스케이프 호텔에 오픈한 식당. 대학생 시절 홍콩 MOTT32에 가서 베이징덕을 먹었는데, 그때 너무 탄맛이나서 대실망을 하고 온 아쉬운 기억이 있었다. 당시 내 인생 첫 베이징덕이었는데 원래 이런 맛인건가 싶어서 오해를 했었다. 그냥 운이 없게 매우 탄맛이 나는 오리가 걸렸는데 당시 처음이라 그냥 원래 이런 맛인가보다... 했었다. 너무나 실망스러운 첫 경험탓에 베이징에 가서 베이징덕을 먹을 때까지 그 탄맛에 대한 오해를 푸는데까지 몇년이 시간이 흘렀다.회사 회식으로 점심에 가서 10만원 코스를 먹었는데 전반적으로 너무나 실망스러웠다. 디쉬 전반에 걸쳐 간이 좀 쎘고, 그렇다고 딱히 기억에 날만하게 맛있었던 디쉬도 없었다. 가성비도 너무 아쉬운데 이정도 양과 포션, 퀄리티로 10만원은 너무 아쉬웠다. 그나마 메추리알 반숙이 들어간 딤섬이 맛있었다. 다른 후기들을 보면 베이징덕과 꿀에 재운 차슈가 메인 메뉴인데... 단품으로 그거 먹는거 아니면 다시는 코스 메뉴를 먹으러 오는 일은 없을듯 하다.",별로
937,팔레드 신,맛쟁이,베이징덕 첨 먹어봐요 음 맛있고 따듯한 족발? 보쌈? 맛인데맛있었어요쌈이랑 잘어울리고 껍질설탕이랑 잘어울리고오리살은 적당히 기름지고 부드럽고첨에오리보고 언제다먹지했는데 잘라주시다가 각각 나눠 주시고 다시 가져가시는데우리꺼를 빼앗긴느낌!오리가져가신담에 추가요금내야탕이든 국수든 볶음밥이든 선택할수있는데17000원 내고서 국수받았어요..돈낸건 별로지만 국수가 맛있어서 다행딤섬도 따듯하고 탱글하고 맛났어요 맛있다와 괜찮다 사이의 평점,맛있다
938,팔레드 신,Foodbaby_by.c,"컨셉 확실해서 조금 무서웠지만(?)테이블 간격 넓고 적당히 어둡고 맛있어서 좋았어요!셋이서 메뉴 여섯개 시키고, 축하할 일이 있어서 준비해간 안베랩 파블로바 케이크와 샴페인 까지! 아주 완벽한 한 끼 였습니다케이크를 가지고가면 거기서 먹을 수 있게해주셔서 너무 좋았어요!! 다음부턴 맛이 기억 날 때 후기 쓰는걸로.. 반성합니다 근데 메추리알 샤오마이는 꼭 드세요 넘맛있습니다!!!",괜찮다
939,팔레드 신,라물장,"망고플레이트 이벤트 당첨으로 받은 팔레 드 신 식사권 쓰러 다녀왔습니다. 3명이 디너 A 코스 2개에 칠리 새우 먹으니까 양이 부족하진 않았어요. 코스가 대충 1.5인분 정도 되는 느낌입니다.-------♤ 디너 A 코스 (150,000₩)✔ 팔레드신 냉채이거 굿. 닭고기 냉채와 목이버섯&해파리 냉채인데, 닭고기 식감이 아주 부드러워서 인상적이었고 목이버섯&해파리 냉채는 소스가 맛있었습니다.✔ 민어부레, 옥수수 수프코스 구성 요소 중에서는 베스트로 꼽고 싶은 요리. 수프에서는 강한 옥수수 향이 나고, 닭껍질 같은 식감의 민어 부레가 들어가 있습니다. 아주 맛있었습니다.✔ 활 전복 요리'아 전복이구나...' 정도의 소감입니다. 평범하게 느껴졌던 요리.✔ 산둥식 관자, 새우 볶음새우는 마찬가지로 '아 새우구나~' 정도였고, 관자가 쫄깃하고 아삭한 식감이 살아 있어서 맛있었네요.✔ 블랙페퍼 소스 양갈비구이'이게 양고기라고?' 싶은 식감이었습니다. 아주 가벼워서 어묵 내지 콩고기를 씹는 듯한 느낌? 맛은 양고기가 맞는데, 지방을 많이 빼내서 그런 것 같습니다. 양고기가 좀 기름기도 있고 쫄깃한 식감이 있으면 좋을 것 같은데, 오히려 너무 담백하고 부드러워서 아쉬웠던.✔ 칭쩌루위생선찜 위에 피망 페이스트를 올린 요리였는데, 생선찜은 무난했고 피망 페이스트가 맛이 꽤 독특했습니다.✔ 샥스핀 볶음밥샥스핀 볶음밥과 샥스핀 탕면 중에서 선택할 수 있었는데, 저는 볶음밥을 먹었습니다. 샥스핀은 자체의 맛은 거의 없고, 특유의 식감이 재미있었습니다. 볶음밥은 아주 맛있었습니다. 탕면도 조금 먹어 봤는데, 비린내가 꽤 나서 그닥이었습니다. 무조건 볶음밥으로 고르세요.✔ 아이스크림, 에그타르트아이스크림이 의외로 정말 맛있었습니다. 에그타르트도 괜찮긴 했는데 저희 동네 에그타르트 전문점의 2200원짜리와 별 차이는 없었습니다. 그 집이 가격에 비해 매우 맛있는 곳이긴 합니다.♤ 소흥주 칠리 새우 (48,000₩)모두가 이구동성으로 맛있다고 한 칠리 새우. 역시는 역시네요. 먹어 보면 왜 새우 한 마리당 8000원씩 받는지 어느 정도 이해가 됩니다. 튀김옷이 얇고 안에 새우도 빈 공간 없이 꽉꽉 들어차 있어, 코팅된 것 같은 느낌을 줍니다. 맛동산 같은 식감의 달콤하고 바삭한 튀김옷도 너무나 좋고, 안의 새우살도 부드럽고 잡내 하나 없습니다.--------계산대에 계신 남자 직원 한 분의 응대가 불쾌했던 걸 빼면 서비스는 좋았습니다. 매 요리가 나올 때마다 식기를 교체해 주시고, 테이블에 휴지나 빈 그릇이 있으면 바로바로 치워주시는 등, 자리 하나하나에 신경을 많이 쓰시고 있다는 인상을 받았습니다.칠리 새우는 명불허전이었고, 그 외에도 여러 가지 맛있고 인상적인 요리들이 있었지만, 반면에 명성에 비해 많이 아쉬운 요리들도 있었습니다. 35만원짜리 식사를 43,200원에 먹고 와서 이런 말 해도 되는지는 모르겠지만... 디너 코스는 15만원의 가격과 팔레 드 신의 이름값에 많이 못 미쳤던 것 같아요. 칠리 새우는 다시 먹으러 와 볼 수도 있을 것 같습니다.그리고 저 공작 석상은 정말 탐나네요.추천도: ★★★☆",괜찮다
940,팔레드 신,스위밍,레스케이프 숙박하면서 투고로 하면 조금 더 저렴하게 먹을수 있는 팔레드신. 나도 숙박했을때 저녁으로 포장해서 먹어봤었는데 칠리새우가 너무 맛있다ㅜㅜ 동파육은 맛있긴한데 재방문했을때 또 시킬 메뉴는 아니고 칠리새우는.. 이것보다 더 맛있기가 힘들듯 칠리새우만 두접시 시켜먹고싶은정도ㅋㅋ 그리고 트러플 볶음밥이 너무 맛있었다. 고슬고슬하게 잘 볶아져있어서 술술 무한흡입 가능한맛! 그래서 그런지 왠지 나중에 생각나는건 트러플볶음밥인듯,맛있다
941,팔레드 신,놀이대장,"가족 5인, 오향장육, 딤섬4가지, 칠리새우, 북경오리와 볶음밥, 어향가지... 적당한 양으로 음식하나하나 맛나게 먹었어요. 아이는 칠리새우와 멘보샤에, 어른들은 오향장육과 어향가지에 높은 점수를 주었는데요. 향이 진하지 않은 발랄한 중식이었어요. 와인과 우롱차와 같이 먹어선지 느끼함도 없었고요. 와인가격이 합리적이라 와인과 함께 음식을 큰 부담없이 즐길 수 있는 곳이라 맘에 들었습니다.  디저트는 평이했던 느낌. 인테리어는 인스타그래머블하지만, 식당내부는 섬세함은 좀 떨어지는 듯.. 재방문의사있음!",맛있다
942,팔레드 신,뭉뭉이,"제가 여기를 너무 자주 가는 것 같은데 방문할때마다 만족스럽네요.요즘은 예약이 전보다 많이 쉬어진 것 같아요. 어제 밤에 전화해서 오늘 점심 예약할 수 있었습니다.오늘은 1인당 8만원짜리 세트 먹었는데 가성비 나쁘지 않았습니다. 매니저님이 저번 완탕누들 문제가 있었던것 기억하시고 망고시미로를 서비스를 주셔서 맛있게 먹었습니다 ^^오늘 처음으로 삼겹살 냉채를 먹어봤는데 맛았네요. 혹시 방문 계획 있으시면 추천드려요 ;)세트에 딤섬이 소룡포, 트러플쇼마이, 하가우, 캐비어 해물딤섬, 크리스피 챠슈바우, 새우창펀 나오는데 모두 팔레드신의 대표 딤섬이라 맛있었습니다. 요리는 어향가지와 칠리새우를 선택했는데 다른 음식에 비해서 평범했던 것 같아요. 다음에는 다른 요리를 시도해 봐야 겠네요.식사로 저는 양주볶음밥을 먹었는데 어향가지와 먹기에 좋았습니다.세트에는 후식으로 망고샤벳트가 나오는데 이것은 그냥 평범하고 오늘 서비스로 준 망고시미로는 홍콩의 맛입니다 ^^이번주 말에 모트32 예약해 놓았는데 팔레드신이 모트32 레시피라고 하니까 맛을 비교해 보면 재미있을 것 같습니다 :)뭉뭉",맛있다
943,팔레드 신,Mukvo,이곳은 당연히 아시는대로 베이징덕이 유명하지만아래 이 딤섬을 꼭!! 드시기 바랍니다✨메추리알 트러플 샤오마이✨반숙 메추리알과 함께 먹는 딤섬이 아직도 생각납니다베이징덕은 당연히 맛있지만 가시는 분들꼭 이 샤오마이를 드시길 기원합니다,맛있다
944,팔레드 신,노맛집연구소,#위드인기맛집 2021년 마지막 외식 메뉴는 레스케이프 호텔 중식당 팔레드신에서 시킨 칠리새우와 양주볶음밥이었어요. 베이징덕과 바삭삼겹살구이는 하루 전 예약해야 주문 가능해서 깔끔하게 포기하고 To-go 서비스도 몇몇 메뉴만 가능해서 뭘 먹을까 한참 고민했어요.양주볶음밥은 중국에서 흔히 볼 수 있는 일반적인 볶음밥에 오동통한 새우살이 들어있어요. 얼마 전 이마트에서 주문한 조선호텔 볶음밥이 더 맛있는 느낌..칠리새우는 명성대로 진짜 맛있었어요. 이렇게 큰 새우를 태어나서 먹어본 적이 있었나 싶고 뜨거워서 음식맛이 더 잘 느껴졌어요. 근데 음식이 점점 식으면서 물엿? 올리고당? 그런  걸로 코팅되어 있던 게 끈적하고 딱딱해지더라구요. 새우 탕후루 같았어요. 식어도 새우의 비린내가 하나도 안 나서 신기했어요.,괜찮다
945,팔레드 신,냠냐룽,"트러플메추리알교자 -> 칠리새우 -> 북경오리 -> 밤부포레스트 조합 아주 좋았습니다! 다른분들이 추천해주신 메뉴들로 엄선했는데, 정말 신세계 그자체.. 특히 북경오리는 겉바속촉 제대로입니다... 여러모로 최고였습니다!",맛있다
946,팔레드 신,임희숙,"연말이라 한달전에 예약하면서 베이징덕을 미리 요청했죠.예전에 다른곳에서 맛있게 먹었던 기억이 있어서 주문했는데 최악이었어요.여자 셋이 갔는데 정확히 30분을 기다린 후 나온 요리. 직원이 사진 찍으라고 테이블에 올려주더군요.사진 찍은 후 가져가더니 슬라이스로 썬 약간의 두접시.여자 셋이 서너번 밀전병에 싸먹으니 순삭.한마리 시켰으니 더 줄지 알았는데 그게 다였어요.먹다 만 기분.15만원 베이징덕이 그게 다라니..직원분이 그게 다니 다른 단품 시키라고 메뉴를 줬어요.어이가 없었죠.메뉴를 보니 북경오리 야채탕면과 볶음요리가 있었는데 한귀퉁이만 두접시 내주고 나머지로 탕면과 볶음요리 단품 요리로 활용한것 같아요.추가로 멘보샤,복경오리 볶음요리,탕수육을 시켰는데 단품이 더 저렴하고 배가 부르더군요.볶음요리는 살점은 별로 없고 뼈만있는걸로 봐서 재활용한다는 확신이 들더군요.여자셋인 우리도 먹다만 기분에 불쾌했는데 옆테이블 남자셋 여자한분도 우리랑 같은 불쾌한 기분을 느끼고 있는것 같더군요.장정셋인데 아마 두점도 못 먹었을듯..그러니 절댄 네버 베이징덕은 시키지 마세요.사기당한 기분",별로
947,팔레드 신,꾸잉,베이징덕은 맛있는 편이였고다른 요리나 딤섬은 별로,괜찮다
948,팔레드 신,횬디,여기 칠리새우 대박이다ㅠㅠㅠㅠㅠㅠㅠㅠ,맛있다
949,팔레드 신,고하다,레스케이프호텔 팔레드신 (13) 디너적당히 캐주얼하면서 적당히 세련된 분위기. 음식의 기본기 탄탄하고 와인리스트도 훌륭하고 북경오리도 수준급. 한가지 아쉬운 점은 단품으로 주문했을 때 음식이 서빙되는 순서와 속도가 뒤죽박죽이라는 점인데 그부분은 신세계 계열 중식당이 대부분 그런듯.. 주문을 원하는 순서에 맞춰서 나누어서 하는게 꿀팁. 맛  - 8.5/10분위기와 청결함 - 9/10접객과 서비스  - 8.5/10,맛있다
950,팔레드 신,맛있으면삼행시,팔 딱팔딱 콩닥콩닥 금요일 저녁 심장이 뛰기 시작했다.레 (애)플 신제품 발표를 기다리는 앱등이마냥 마구드 (뛰)어대던 심장은 오리껍데기 한점 집어먹자 부르르 흡사신 (십)년전 훈련소에서 만발포상이라도 받은듯 요동쳤다,맛있다
951,팔레드 신,Jㅐ,"회현역 레스케이프 호텔에 위치한 차이니즈 레스토랑 ""팔레드신"". 화려한 상하이 스타일의 인테리어에 고급스러운 음식까지!! 북경오리에 내추럴와인까지 더하니 금상첨화네요!! 강추 : D'북경오리'. 미리 예약해야한다고 해서 미리 예약하고 먹음. 바로 앞에서 카빙해주시는데 언제 봐도 신기하다ㅋㅋ 전병에 고기 한 점 넣고 오이에 소스, 그리고 다른 데선 못봤는데 설탕까지 한 스푼 넣어서 먹으면!! 뭔가 중국 고위층이 된 느낌ㅋㅋ 맛있기는 참 맛있네요ㅎㅎ 오리 껍질은 어쩜 이리 바삭하고 고소한지!! 먹고나서 오리볶음밥까지 먹으니 정말 배불렀어요ㅋㅋ'메추리알 트러플 샤오마이'. 딤섬 중 시그니쳐 메뉴라고 해서ㅋㅋ 트러플 향도 은은하게 나고 메추리알 노른자도 톡 터지면서 부드럽게 딤섬을 감싸주어서 괜찮게 먹은 딤섬. '훠가우'. 안에 새우가 들어간 딤섬인데 이거 맛있었음!!'산라탕'. 에피타이저로 고른 메뉴. 사실 뭐 더 이상 올릴 입맛도 없기는 한데 그래도 와인이랑도 잘 어울리고 맛있었어요!! '글래스 와인'은 Marc Kreydenweiss 의 Riesling. 위에 있는 업장에서까지 가져와주신 와인ㅠㅠ 비오디나믹 농법으로 재배한 포도로 만든 내추럴와인인데 아주 깔끔한 느낌이어서 중식과 잘 어울렸어요!!분위기는 정말 최고!! 전체적으로 빨간색을 사용한 인테리어여서 화려하고 고급스럽다. 내부가 꽤 넓은데도 만석인 거 보면 예약도 필수인듯. 스탭분들도 모두 친절하셨고 모든 면에서 좋았어요!!",맛있다
952,팔레드 신,유나유나,소흥주 칠리새우때문에 재방문 했네요.to-go로 할인 받아서 호텔룸에서 먹었어요.투숙객할인이랑 투고할인이 중복 안되고 똑같은게 조금 아쉬운데 칠리새우는 여전히 맛있었어요.먹어본 칠리새우 중에는 정말 최고인듯메추리알 트러플 샤오마이와 조합이 좋은 것 같아요.두게 같이 주문하고 지인추천받아 멘보샤 주문했는데 멘보샤는 특별하진 않네요. 여자 둘이라 이정도는 충분히 배불렀어요.,맛있다
953,팔레드 신,우이리,간만에 다시 찾은 팔레드 신.여전히 맛있는 흑식초 광동식 탕수육과 북경오리 고기. 달라진 것은 오리탕과 상해식 마늘소스 소프트 쉘 크랩이 조금 더 매워진거 같아요. 소프트 쉘은 보울에 나오는데 밑에 누릉지 같은 밥도 들었네요. 오리탕 국물이 시원해서 오리 볶음밥을 말아먹으니 또 다른 맛이네요.,맛있다
954,팔레드 신,강한국,삼겹살전채 3.4/5메추리알트러플쇼마이 3.9/5하가우 4.1/5전복소스유바롤 4.3/5북경오리춘권 3.0/5차슈바비큐창펀 3.8/5소홍주칠리새우 3.6/5양주볶음밥 3.0/5라탕면 3.9/5,맛있다
955,팔레드 신,취향저격수,세번째 팔레드신 여신히 만족~~ 중식당중에 이만큼의 만족도를 주는데는 팔레드신이 여전해요 이번에는 저번에 품절되서 못먹어본 딤섬을 시켯는데 원래4피스 짜린데 2피스 남앗다그래서 그것만 시켯오요! 근데 생각보다는 평범.. 이름이 크리스피포크..? 그런거엿는데 달달한 빵 안에 돼지고기 양념된게 들어잇어요ㅋㅋ 팀호완에서 엄청 맛있게 먹었었는데 팔레드신 명성에 비하면 오잉..? 이게 왤케 유명해.. 하는맛ㅋㅋ 광동식 탕수육도 시켜봣는데 쏘쏘! 다시 방문할따는 안먹을거에요 ㅋㅋ역시 팔레드신은 우육면 / 멘보샤 두개가 진리...코스도 먹어보고 딤섬도 이거저거 거의 다 먹어봣는데다른건 다 평범하고우육면 / 멘보샤 / 칠리새우(?) 이게 최고에요재방문때는 저 세가지만 시킬 예정 ㅋㅋㅋ네번째 재방문 의사 1000%,맛있다
956,팔레드 신,oogie,유명한 메뉴는 다 먹었다진정 베이징덕 맛집은 대한민국에 없는건가..이걸 맛있다고 리뷰해놓은 수많은블로거들과 유튜버들 너무했다마파두부는 맛있었지만딤섬도 별로였다놀랍고 돈 아깝다논외로 호텔은 스위트로 1박했는데 정말 괜찮다포근하고 기품있다3점 - 바로 다시 갈 날짜 잡을 집2점 - 경쟁사들 중에서 젤 괜찮은 집1점 - 가까이 있으면 갈 맛집0점 - 시간과 돈이 아까운 집내 기준 0점이다마파두부먹으러 이 분위기를 찾고싶지 않을것이 확실하기 때문,별로
957,팔레드 신,당케쉔,참나.... 테이크아웃을 해도 맛있네;;;;평소에는 비싸서 먹을 엄두도 못내지만 호캉스 간 기념으로 큰맘먹고 시켜봤습니다. 전화주문하고 30분만에 픽업해왔고요.칠리새우와 트러플새우볶음밥 포장하고 입주사직원할인 15퍼해서 7만 원 정도.달랑 6조각인 칠리새우 뭐냐...고 할 새도 없이 달고나같이 찐득한 칠리소스와 위에 올라간 파래튀김 사이로 통통~한 새우살이 팡팡 커져서 울어버림...9ㅅ91년전엔가 먹고 까먹었는데 맛을 잊은채로 먹었더니 더 맛있어요.망각한 나새끼 칭찬해ㅠㅠㅠ트러플새우볶음밥은 첨엔 슴슴해서 짜장소스를 줘야 먹겠는데 싶었습니다만집으로 도로 가져와 닭강정소스랑 비벼먹었더니 또 소스없이 먹는게 자꾸 먹히는 맛이라 더 좋더라고요?인간의 변덕이란....ㅋㅎ여기트러플딤섬도 괜찮은데  하여간에 칠리새우 넘사.,맛있다
958,팔레드 신,좋군,괜찮다정도.북경오리.트러플 메추리알 딤섬-> 특이한 시그니처 메뉴라는 후기가 많은데 그냥 메추리알반숙이들어가고 트러플을 살짝올린 딤섬 그냥 그랬어요이랑 계란면으로된 우육면-> 계란면이 호불호일수 있습니다북경오리 추가메뉴 볶음밥-> 맛있었어요,괜찮다
959,팔레드 신,☆,"제가 북경오리를 너무좋아해서 유명하단곳은 찾아가봤는데 (굽는게 정석이지만 마지막에튀겨서나오는곳이많아요ㅜ) 구워서만 나오는곳중 탑2안에들어요^^첫방문때보다 오리양이 더적어진것같아요ㅎ해파리냉채 두부냉채 칠리새우딤섬 3종류오리볶음밥 한우채끝등심 면요리 하나먹었어요이날의 베스트는 칠리새우  였어요!!^^소스랑 위에올려진 고명 (정확히모르겠지만 맛있음)바삭함하며 새우의퀄리티며 뭐하나 흠잡을게 없었어요오리야 맛있는거 알고갔지만 가게되면 칠리새우 꼭드세요  전 이날탕수육 못먹었는데 탕수육도 맛있다구하네요담에가면 오리 탕수육 칠리새우 먹을거에요!!^^디저트로 망고시미로 구아바, 녹차아이스크림으로마무리했어요 직접 만드신다구해서 맛봤는데특별한맛은 없구 구아바아스크림이 젤맛있었어요ㅎㅎ",맛있다
960,팔레드 신,너구리,"호텔식당에 반려견 동반이 가능하다니 정말 감사할따름입니다~심지어 동반 가능한 좌석이 있는 공간이 꽤 넓게 따로 마련되어 있고 포토존,유모차도 있어요~음식 맛이야 보장이고 너무 기분좋게 먹고 왔습니다#반려견이랑",맛있다
961,홍연,hyuni,"분위기도 좋고, 음식도 맛있었어요. 미쉐린 맛집의 느낌 물씬!! 가족들과 함께 가서 private하고 고급진 곳이 필요했는데, 모두 만족하셨어요 :) (가격 사악한 것만 빼면ㅠㅠ 주류가 ㅎㄷㄷ...)특히 소고기탕수육이 맛있었고, 고기가 엄~~청 부드러웠어요!! 다음에도 가족행사 하게 되면 선택할 거 같아요!!",맛있다
962,홍연,초이랄라,"셋이서 새우 아스파라거스 창펀/트러플 딤섬/전가복/각자 식사 메뉴 한 개씩 시켜서 먹었어요. 먹은지 5시간은 족히 넘은 것 같은데 아직도 배가 불러요,,ㅠ여기 창펀 맛있어요- 적당히 쫄깃하고, 새우도 큼직하게 들어가 있고. 트러플 딤섬은 트러플 맛이 잘 안 났어요;;전가복도 짜지 않고, 맛있고요.저는 삼선짬뽕을 시켰는데 해산물이 아주 푸짐해요(사실 가격을 생각하면 당연한 것 같기도..)",맛있다
963,홍연,강한국,짜장 4.5/5짬뽕 4.4/5,맛있다
964,홍연,최은창,"얌전한 짬뽕짬뽕은 우리 나라 사람들의 소울 푸드다. 한 그릇으로 한국사람의 식성을 짬뽕보다 잘 표현한 음식은 없다. 짬뽕은 뻘겋다. 우리나라 음식 대부분 고춧가루, 고추장으로 뻘겋다. 그리고 짬뽕은 대부분의 한국음식처럼 매콤하고 칼칼하다. 얼큰한 국물 그게 한국음식이다. 우리나라 식탁은 삼시세끼 야채가 풍성하다. 짬뽕에도 갖은 야채가 수북하게 들어있다. 또 짬뽕에는 온갖 해물이 들어가 있다. 해물을 우리나라 사람들처럼 사시사철 다양하게 좋아하는 국민이 세상에 또 어디 있으리. 일인당 생선 소비 1위 나라 답다. 그래서 나는 짜장면보다 짬뽕이 훨씬 더 한국을 잘 표현한 음식이라 생각한다. 짬뽕의 야채는 센 불에 빠르게 볶아 숨이 살아 있어야 하고, 불맛이 점잖게 나야하며, 신선한 해물을 다양하게 맛 볼 수 있어야 한다. 국물은 은근히 칼칼하고, 면은 가늘고 탄력있어야 한다. 순전히 내 개인적 ‘맛있는 짬뽕’의 기준이다. 맛있는 짬뽕을 대하면 난 언제나 표가 난다. 숨길 수가 없다. 정신없이 면을 빨아 땡겼다 놓았다 하고, 국물을 들이키다 놓았다 하면 넥타이나 와이셔츠에 꼭 국물이 튄다. 국물이 튀지 않으면 맛있는 짬뽕이 아니다. 짬뽕 국물 자국은 잘 지워지지 않는다. 집에 가면 혼나니까 다음엔 조심해 앞치마를 두른다. 근데 앞치마 하는 날은 꼭 소매에 튄다. 앞과 소매가 깨끗한 날 등에 튄 적도 있다. 바로 지워야 하므로 주방세제 필수다. 홍연의 짬뽕은 우아하다. 맵지도 않고 칼칼하지도 않다. 전혀 매운기는 없다. 색깔은 진주홍으로 곱디 곱지만. 불맛도 안난다. 신선한 해물과 야채만 맛날 뿐이다. 참 얌전하다 못해 담백한 짬뽕이다. 담백한 짬뽕은 칭찬이 아니다. 이건 소개팅이나 상견례용 짬뽕이다. 난 좀 야수 같은 짬뽕이 먹고 싶다. 나는 내 코와 미각을 훅 치고 들어와 크으 소리 나게 만드는 그런 짬뽕이 좋다. 점심 모임을 마치며 동료들에게 ‘이 호텔 짬뽕이 왜 이러냐’ 그랬더니. 내 친구 왈‘임마! 앞에 맛있는 거 많이 먹어서 그래 !’와이셔츠가 깨끗한 짬뽕이었다.",맛있다
965,홍연,UDOEE,제일 좋아하는 음식이 짬뽕+만두.. 짬뽕 하가우 새우창펀을 주문호텔 짬뽕은 자극적이지 않고 맵지 않은 편이 많아서 주문할 때 맵게 부탁 드렸다. 짬뽕 국물은 텁텁 하지 않고 깔끔하고 진한 맛 해산물도 듬뿍 들어가 있다. 근데 해삼은 맛 없는데 너무 많.. 면도 부드럽고 맵기도 칼칼해서 싹싹 긁어 먹었다.새우창펀과 하가우를 시킬 때 서버분이 쌀가루로 같은 건데 괜찮냐고 물어볼 때 바꿀 껄.. 내가 창펀과 하가우를 좋아해서 시켰는데결론 부터 말하자면 별로 피를 쌀가루로 만들어졌는데 쌀가루 맛이 너무 진해서 새우의 맛을 덮어버린다. 우리가 밥을 계속 씹다보면 단맛이 올라오는 것 처럼피가 쌀가루 맛이 진해서 씹다보면 단맛이 올라온다. 창펀보다는 하가우가 나은 편. 그래도 전반적으로 맛있고 분위기도 좋지만브레이크 타임 임박하게 가면 메뉴도 한정적이고.. 서버분이 말릴 때 말을 잘 듣자..,맛있다
966,홍연,토마토,조선호텔언제나 믿고 가는 곳입니다 음식이 정갈합니다.  코로나로 단축 운영 하지만 프라이빗하게 가족 모임으로 너무 좋았습니다 추천 합니다.  예약필수 입니다 ^^#망고하이,맛있다
967,홍연,작뾰,모두들 유린기를 말씀하시지만 저는 유산슬과 깐풍소스 요리가 가장 인상깊었어요. 재료본연의 맛...단 식사는 특색이 없었어요. 짜장은 평범했고 짬뽕은 홍보각이 훨 맛있었습니다.,맛있다
968,홍연,Ashley Jung,"조선호텔은 대체로 참 맛있다. 아주 오래 전부터 홍연에서 딤섬을 먹고 싶었는데, 사실 근처만 해도 팔레드신이나 쥬에, 조금 멀리 가면 골드피쉬, 이제는 팀호완까지 생각보다 은근 딤섬 먹을 데가 많아서 더욱더 방문할 기회가 없어지게 됨. 굳이,, 의 느낌이 있었달까,, 홍연은 주말 특선 런치와 딤섬, 짬뽕이 유명하다. 특히 짬뽕이. 그리고 호텔 중식이 으레 그렇듯 짜장면이... 암튼 나는 딤섬에 단품만 조금 먹고 싶어서 연휴에 한가하게 다녀옴. 딤섬으로 유명한 식당답게 메뉴는 클래식한 편. 하가우, BBQ번, 창펀 같은 딱 필요한 에센셜을 다 갖췄는데 약간 호텔의 위엄을 위해서 하가우에 금박 터치나 샤오롱바오에 캐비어 터치가 있다.아니 딤섬 먹고 싶은거 너무 많은데 나의 동행은 안먹는 거 많은 멋진 사람. 혼자 먹는 것도 한계가.. 흑흑.. 그래서 하가우와 샤오롱바오만. 왜냐면 하가우는 내가 4개 다 먹을거라서.. 둘중에 하나 먹는다면 하가우. 퀄리티 참 좋긴 한데 위에 언급한 식당들도 다 각자 다른 레벨로 잘 하기 때문에 딤섬은 반드시 여기!!!! 일 필요는 없다. 하지만 예쁘고 아름답게 나오는데다 맛있음. 호텔 특유의 대체로 마일드하고 군더더기 없는. 내가 다음에 간다면 (하가우 외) 새우 창펀, 크리스피번, 송이버섯 교자, 비취게살교, 군만두... 아니 걍 여기서부터 여기까지 다요..유린기 맛있다. 여기선 유림기. 탕수육 지겨우면 추천! 바삭바삭바삭.. 원없이 바삭댈 수 있음.. 고수가 올라가니 싫은 사람은 주의. 마파두부 = 맛 자체는 평범하게 괜찮지만 굳이 조선호텔은 완전히 시내 한복판에 있어서 그런지 메뉴가 거꾸로. 평일보다는 주말 메뉴가 뭔가 더 놓치면 안될 것 같고 후한 느낌이 있다. 다들 좋다고 하는 주말 특선은 12~13만원쯤에 10가지를 선택할 수 있는 멋진 메뉴. 코스가 좋은 사람은 주말에 그 쪽으로.",맛있다
969,홍연,쮸쮸,"자금성 코스 먹었습ㄴ다~ 코스 구성은 스프-해삼볶음-깐풍새우-소고기간장수육-식사-디저트 순으로 나왔습니다. 음식은 깔끔하게 맛있었어요. 해삼볶음과 짬뽕은 특히나 더 맛았었급니다. 기본 찬들도 맛있었구요. 잘 교육받은 친절한 스테프들도 좋았습니다. 다만, 양이 너무 적고 고수처럼 취향타는 향신료를 고명으로 뿌려주는 경우가 많던데 그런 경우에는 먼저 물어보는 센스가 있다면 더 좋을 것 같아요 어른들 모시는 자리에 적합한 곳 같습니다~",괜찮다
970,홍연,촘촘,대표님이 짜장면 먹자 그러셔서 ‘맨날 중국집 -_-‘ 이랬지만 곧이어 조선호텔로 가자! 하셔서 ‘ 와 중국집!  ^0^’ 으로 단숨에 마음을 고쳐먹었다. 세 가지 딤섬을 먹었는데 만두피가 투명했다. 흑흑 야들야들 말랑말랑 촉촉 너무너무 맛있어서 난리법석 피우고 싶었지만 어른들 앞이여서 꾹 참았다... 처음 먹어보는(아마도) 오향장육은 고기가 차가운데도 부드러웠고 간장소스가 진짜 깔끔하고 깊었다! 솔직히 고기보다 오이가 다 맛있었음~~ 싹싹 긁어먹고싶었지만 역시 또 참았다...짜장면은 무난했고 반찬으로 나오는 목이버섯 무침이 참 맛있었다~~ 남의 돈으로 먹는 밥 역시 최고얌~!~!~!~!~!,맛있다
971,홍연,집사,"점심 때 3개 정하는 세트? 같은걸 시켰다. 가격은 9만원! 칠리새우, 딤섬, 송이전복을 한 것 같고 식사는 짬뽕을 먹었다. 이 중 딤섬이 최고였고, 짬뽕도 짱굿이었다! 다음에 가면 딤섬은 따로 먹을만한듯!!!!",맛있다
972,홍연,맛있는거쥬아,맛있어요! 짬뽕은 국수 대신 밥으로 변경ㅎㅎ 특히 고기+딤섬이 괜찮았어요. 메뉴는 못찍었지만 주말에는 스페셜 세트가 있는 걸로 알고 있어요,맛있다
973,홍연,이홋,쇼마이 18000하가우 18000깐풍기 54000딤섬 굿,맛있다
974,홍연,Luscious.K,"조선호텔 홍연참 유명한 중식당입니다우리나라 호텔 중식당 중에서도 최상위 클래스의 음식과 서비스를 제공하지요#메뉴이 곳 저녁메뉴는 굉장히 고가입니다가장 저렴한(ㅜㅜ) 코스인 15만원 주작코스부터 가장 고가인 38.5만원 태산코스까지..일반적으로 큰맘 먹고 와야하는 곳이지요이번 모임은 15만원 주작코스로 주문했습니다물론 단품메뉴도 주문 가능하고 특히 딤섬이 유명하니.. 딤섬 즐기시러 가기도 좋은 곳입니다#분위기이름처럼 붉은 벽의 인테리어가 강렬하게 식욕을 돋구고 중국스러움을 강조합니다제가 가장 맘에 들었던 부분은 룸의 테이블과 센터피스..낮은 보울에 장식되어 있는 센터피스는 과하지 않게 식사의 안정감을 주고..1미리도 흔들림 없는 강인한 테이블은 식사 내내 성가심이나 거슬림 없이 편안한 식사를 즐길 수 있는 분위기를 더해줍니다가끔 호텔인데 테이블 삐걱거리는 곳도 있거든요ㅠ서버들의 서비스는 당연히 친절하시구요..#요리담백한 광동요리인 이 곳의 음식은 기존 중국요리와는 확연히 다른 .. 마치 일식처럼 재료 본연의 맛을 살리고자 노력한 조리가 돋보입니다과한 소스를 사용하지 않은 전복냉채속까지 편안하게 해주는 샥스핀찜과 게살삼슬절묘한 매콤한 맛의 조합 향라소스가리비담백한 간장소스우럭찜모든 요리가 편안하고 간결하여 중식 먹는 느낌이 전혀 들지 않는 구성이고 조리였네요다만 우럭찜이 오버쿡이여서 퍽퍽한 느낌이 나는 건 레스토랑 수준에 어울리지 않은 디쉬였습니다 #짬뽕이 곳에서 또 하나의 인생짬뽕을 발견했습니다지금까지 먹어본 짬뽕 중에 가장 맛있었던 짬뽕이소피텔엠베서더 홍보각의 짬뽕이였는데..이 곳의 짬뽕도 만만치 않습니다담백하면서도 진한 닭육수 베이스에.. 맵지않지만 산뜻 얼큰한 국물이 고기육수와 해물의 조화가 참 좋습니다참으로 기품있는 맛의 짬뽕국물입니다제 짬뽕리스트에 2등으로 등극하는 순간이였습니다그냥 맛보러 가기는 조금 부담스러운 곳이지만..서비스와 분위기 맛으로 볼 때 중식 좋아하시는 분들이라면 꼭 한 번 경험해 보셔야할 곳이랍니다""샥스핀찜 밑에 숨어있는 불향 나는 숙주는 정말 대박""",맛있다
975,홍연,뾰로롱뿅,"코스보단 단품이 괜찮은 곳.엄청 맛있는건 아니지만 맛있게 무난한 편.분위기, 서비스는 좋지만 가성비는 그닥.ㅡ롯데백화점에서 쇼핑하다가 귀찮으면 종종 방문평소엔 단품 여러개 주문하는데 급 코스요리가 궁금해져서 내가 선호하는 메뉴로만 구성된 걸로 주문전채는 적당히 입맛 돋구는 정도의 기본기.딤섬은 조금 실망스러움. 피가 별로였음. 좋은 재료를 가지고 낼 수있는 적당한 맛.전복 요리는 질기지 않고 부드럽게 익은 상태로 본연의 맛을 해치지 않는 만족스러움을 주었음.탕수육은 단품퀄이 훨씬 괜찮았던 것으로 기억. 아니면 맛이 좀 변했거나.디저트는 망고시미로. 시원하고 상큼하고 마지막 마무리로 참 괜찮았음.전체적인 총평은 편안한 분위기의 캐주얼한 중식.가격도 생각보다는 그닥 나쁘지 않음.사람에 치이면서 먹는 밖의 일반 식당을 갈 바엔 차분하게 그냥 식사류만 먹고 싶을 때 괜찮은 곳.탕수육은 복불복인 경우가 있음.",괜찮다
976,홍연,혀니이,호텔 중식당이라 가격이 사악한 것이 흠이지만 ㅠㅠ 서비스도 좋고 맛있어요! 밑반찬 셋팅이 예뻐요,맛있다
977,홍연,림,A decent Chinese restaurant 수요미식회에 딤섬 맛집으로 나왔다는데 딤섬을 비롯한 다른 요리로 평이한 맛 굳이 재방문 할 것 같지는 않다,괜찮다
978,홍연,Chelsea ,"Food was not bad but the service really was disappointing. Maybe because we were at the hall not the rooms? Even still, the staff seemed a little out of it - quite uncharacteristic of a highly reputated hotel.",괜찮다
979,도원,졸리,"0.오랜만의 가족식사로 플라자호텔 중식당 도원을 방문했다. 미리 예약했더니 시청뷰의 널찍한 룸을 주셔서 더욱 오붓하게 식사할 수 있었다. 연식이 있는지라 새로 지은 호텔같은 맛은 없지만 나름의 고풍스러운 맛이있다. 새로 리뉴얼된 무릉 코스에는 탕수육이 빠져서, 단품으로 탕수육을 추가해 즐겼다. 1.방문 전부터 할머니가 땅콩이 맛있다고 해서 기본찬에 대해 기대를 꽤 하고 갔는데, 땅콩이 살짝 매콤하게 볶아진게 괜찮았으나 극찬을 받을 정도는 아니였다.. ㅎㅎ 개인적으로 이 분야 탑은 대려도의 매운멸치볶음이라고 생각함.. 쨔사이도 그렇고 전반적으로 재료 본연의 맛을 살린 편이다. 2.부용 대게살 버섯 수프로 스타트했는데, 역시 남이 발라준 게살은 맛있다. 다만 시간이 조금 지나고 먹었음에도 굉장히 뜨거워서 입천장이 데일뻔했다! 먹다가 변주를 줘서 먹을 수 있도록 두반장이 제공되는데, 넣으면 매콤하고 된장스러운 맛이 가미된다. 개인적으로는 넣지 않은 것이 더 맛있었다.  3.홍쇼 일품 통전복은 정말.. 아니 여기 왜 평점이 낮은가..? 하게 만드는 ‘요리’였다. 두부 스테이크와 함께 나왔는데 부드럽고.. 전복도 완전 부드럽게 쪄져서 함께 먹으면 정말 궁합이 좋았다. 다만 아쉬웠던 것은 함께 식사했던 사람들 중 일부는 전복이 아닌 오분자기에 버금가는 사이즈의 아주 작은 전복을 받았다는 것.. 이렇게 편차가 크다면 같은 요리를 먹고도 호평을 하는 사람과 악평을 하는 사람이 나올 수 밖에 없다는 생각이 들었다. 3.사천식 왕새우는 흔히 생각하는 깐쇼새우보다는 조금 덜 달고, 두반장 맛은 조금 더 나는 소스에 나왔다. 함께 나온 두릅은 봄과 잘 어울리는 채소라서, 과연 호텔 중식당답다는 생각을 했다. 이어서 나온 블랙페퍼 소고기도 고기가 너무 부드러워서 입에서 녹았다. 블랙페퍼소스도 좋고 무엇보다 함께 나온 찐빵이 너무 귀엽게 생겼다!  4.식사 전에 단품으로 광동식 탕수육(65000)을 주문했고, 코스의 일부처럼 개인별로 나누어 서빙해주셨다. 수요미식회 3대 탕수육 답게 튀김옷이 일품이었는데, 소스를 부으니 금방 눅눅해져서 볶먹을 하는 우리에게는 조금 아쉬운 면도 있었다.. 하지만 찍어먹으면 바삭하고 부어먹으면 부드러운 것이 모두를 만족시킬 수 있는 탕수육이라는 생각도 들었다. 양이 생각보다 많아서 반은 포장을 부탁드렸다. 5.식사를 고루 시켜 먹어보았는데, 짬뽕 > 볶음밥 >>> 기스면 >>자장면 순으로 맛있었다. 짬뽕에는 해산물이 정말 많이 들어가고 국물도 맑은 조개 맛이 나는게 일품이었고, 볶음밥은 양은 적지만 제대로 볶아 알알이 살아있는 식감이 좋았다. 기스면도 국물은 좋았으나 토핑이 없어 그런가 어딘가 아쉬운 부분이 있었고, 자장면은 너무 달아서.. 호텔 중식당보다는 동네 중국집 자장면 같았다.. ㅠㅠ  6.셰프특선 후식으로는 망고 개구리알이랑 딸기, 메론이 준비되어 있었는데 개구리알은 오랜만이라 정말 좋았다! 전반적으로 서버 분들도 친절하시고 뷰도 좋아서 한번쯤 방문해보면 좋은 중식당이라 생각된다.",맛있다
980,도원,폴리,"타고난 재능피카소나 모차르트 같이 재능을 타고난 사람이 있잖아요.도원의 유방녕 쉐프는 그런 사람이에요.정말 어떤 커다란 벽이 있어요. 미각에 탁월함이 있습니다.맛을 조각하듯 섬세하고 자르고 이어붙이고 블렌딩했어요.덕분에 식사 내내 대화할 틈도 없었어요.이렇게 저렇게 맛이 바뀌는 경험을 하느라.엄청난 식사였고, 압도적인 경험이었습니다.단 한가지 아쉬움은 샥스핀이 자주 나오는데, 고급식사를 즐기는 판에 당연한 일일 수 있으나 저는 조금이라도 다른 재료를 쓰면 어떨까 싶기는 했습니다.",맛있다
981,도원,ㅂㅅㅎ,"떼잉~가족식사로 방문. 오빠찬스로 반값으로 먹었다.16만원>8만원아니, 근데, 진짜, 오옹? 너무? 별로였다탕수육 유명하다던데 탕수육을 안먹긴 했다만...처음 나온 초당옥수수게살스프가 제일 맛있었다.톡톡 옥수수 씹는맛도 좋고넘나리 감칠맛나게 달달해서 기분 확 업!하지만 그 다음부터는 장어, 해삼, 안심, 전복 모두 한가지 팬에 넣고 볶아버린 양 엇비슷한 소스 행진. 어느 한가지가 맛이 너무 실망스러웠다기보다 이게무슨일이야싶은 코스구성이 문제였다.모두 물렁물렁 맵달짭짤해서 끝쯤에는 차만 계속 마신..지금까지 가본 호텔 식당 중에는 가장 아쉬웠다.",별로
982,도원,개인기록장,가족 행사가 있어서 다녀왔는데 고기에서 누린내 나고 냉동 쓴다고 하고... 주방장님이 오셔서 사과하고 바꿔주셨는데 코스 가격이 싼것도 아닌데 전체적으로 특별한것도 없고 맛도 없고... 누가 간다고 하면 정말 가지말라고 말리고 싶네요마지막에 주차권 지난거 줘서 전화 다시하고 난리친건 최악이였음 ㅋ,별로
983,도원,Seoul Soul Food,"- 진화하고 있는 특급 호텔 중식의 역사(탕수육 챌린지)Good : 약식동원의 건강 중식. 네이버 예약시 탕수육이 서비스로 포함된 코스 10%할인과 룸예약이 동시에, 시청뷰를 즐기며 하는 식사, 수준높은 접객Bad : 효코스에는 해황소스, 상탕으로 요리된 메뉴가 포함되지 않음, 항정살로 바뀐 시그니처 탕수육추천 : 효 코스 (1인 103,500, 네이버 예약시 10%할인 + 시그니처 탕수육 서비스), 불도장0. 도원의 개관‘도원(桃園)’은 1976년 플라자 호텔의 개관과 역사를 함께 한다.  반도호텔(롯데호텔 전신)의 ‘용궁’, 샤보이 호텔의 ‘호화대반점’ 등 호텔 중식당의 개념은 그 이전부터 있었지만 5성급 호텔의 중식 레스토랑은 도원이 최초였다. 이후 1979년, 신라호텔이 후덕죽 셰프를 필두로 ‘팔선’을 선보이면서 본격적으로 특급 호텔 중식의 시대가 개막하게 되었다. 도원결의에서 따온 상호에는 사람들이 뜻을 모아 중요한 일을 결정하는 장소라는 상징이 담겨있다.1. 4인 4색의 명장주업림 셰프(1976~2007)는 도원의 1대 수석 셰프로 30년 간 도원을 이끌어 왔다. 청와대 출장요리 시 닉슨 대통령의 입맛마저 사로잡았던 사천요리의 대가다. 4대문파 중 하나였던 아서원의 전통을 잇고 있다.  도원의 상추쌈, 해삼요리, 홍소대배츠를 개발했다.2대 수석 셰프는 유방녕 셰프(2007~2011)로 아서원과 호화대반점을 거쳐 83년 당시 최고의 위치였던 플라자 호텔 도원에 몸을 담았다. 그는 특히 장을 중시했는데, 청나라부터 내려온 할머니의 춘장 레시피를 아직도 품에 담고 다닐 정도다. 왼손잡이였던 탓에 수석 셰프중에는 드물게 칼판이 아닌 불판장 출신. 왼손잡이다보니 칼쓰는데는 불리했지만 무거운 웍을 잡고 요라하는데 더 유리했다고 한다.유방녕 셰프는 해삼과 삼겹살을 조려 만든 해삼주스를 개발해 정재계 유명인들의 큰 사랑을 받았다.정주영 회장이 생전 유방녕 셰프의 맛에 반해 일주일에 8번 도원을 방문한 일화는 이미 유명하다. 입원해 있을 적에도 짜장면을 먹으러 방문하고, 이곳의 샥스핀은 약 1,000번 이상 먹었다고. 3대 수석 셰프인 유원인 셰프(2011~2015)는 도원의 탕수육을 대한민국 3대 탕수육으로 올려 놓은 장본인이다. 시그니처 탕수육은 등심대신 항정살을 이용해 더 바삭하고 부드러운 식감으로 탈바꿈시켰다. 또 조미료 하나 없이 천연재료로만 진하게 고아낸 ‘상탕육수’를 개발해 불도장의 고급스러움을 더했다. 현재는 ‘도원스타일’을 지휘하고 있다.  츄성뤄 셰프(2015~)는 압구정 만다린 출신으로 2000년, 당시 도원의 수석 셰프였던 주업림 셰프가 그 맛을 보고 반해 직접 스카웃을 했다. 만다린에서 9년 동안 튀김을 잡았고 도원에서도 3년간 튀김을 잡았다. 츄성뤄 수석 셰프는 혜황소스를 개발했다. 해황 소스는 게 중의 왕이라는 상해 대갑게의 노란 내장을 이용해 만든 소스다. 상해 특산품인 대갑게는 중국 외 반출이 불가능한 품목이기 때문에 츄성뤼 셰프는 임금께 진상했던 임진강 참게로 이를 대신했다. 도원의 해황소스는 한숟갈에 10마리의 민물참게의 내장과 등껍질 기름이 들어가는 귀한 소스다. 그 이외에도 수제 건전복, 유림 장어를 개발해 도원의 수준을 한단계 끌어 올렸다. 그는 상어의 무분별한 남획이 문제되자 40년간 도원의 식탁에 오르던 샥스핀을 메뉴에서 아예 빼버렸다. 식감이 비슷한 죽생버섯와 말린 민어 부레로 이를 대체하고 화보버섯 말린 해삼과 관자, 송어 위까지 특유의 풍미를 살리는데도 소홀치 않았다.  2. 약식동원, 에센틱&모던 차이니즈 퀴진(Authentic & Modern Chinese cuisine)2016년 플라자호텔은 대대적인 리노베이션을 거쳤다. 이탈리아 출신 건축,인테리어 디자이너 귀도 치옴피는 ‘복숭아꽃이 만개한 언덕’이라는 도원의 이름답게 입구와 실내조명을 은은한 복숭아 빛 조명으로 바꿔 달았다. 고급스럽고 현대적인 골드와 블랙이 어우러진 인테리어도 매력적이다. 시청이 내려다 보이는 룸에는 큰 창을 내어 분위기가 좋다.중식은 기름지고 몸에 좋지 않다는 편견이 있다. 도원은 좋은 음식은 약과 같다는 ‘약식동원(藥食同源)’을 컨셉으로 튀기고 볶는 조리법 대신 냉채, 구이, 찜, 조림 등 오일-프리 조리법으로 메뉴 전반을 손봤다. 그래서인지 식사 후에도 속이 더부룩하지 않고 편안했다.  3. 그래서 뭘 먹지?탕수육 덕후가 무엇을 먹을지는 뻔하다. 방배 <주>, 논현 <대가방>과 더불어 3대 탕수육으로 뽑혔던 그 탕수육. 효코스로 네이버 예약을 하면 10% 할인에 시그니처 탕수육을 준다는 말에 냉큼 예약을 했다. 마침 Q의 생일 겸 발렌타인 데이라 겸사겸사ㅎ효코스는 도원의 시그니처인 불도장, 상추쌈, 해삼주스도 포함되어 있지 않고, 상탕육수와 혜황소스로 조리된 요리도 없다. 반면 탕수육이 포함된 10만원 초반의 비교적 저렴한 가격과 시청뷰가 가능한 룸 배정이 장점이다. 사실 도원이 3층에 위치해 시청뷰는 사실 크게 볼것이 없다. 시위라도 하면 좀 시끄러울 지도 모른다. 뷰 자체는 소공동 <도림>이 더 좋은 편. 도원의 정수를 느껴보고 싶은 분들은 불도장, 혜황, 상탕이 들어간 메뉴와 코스를 시키는 것을 추천. 같은 재료라도 코스에 따라 조리법과 소스가 천차 만별인 것이 특징이다.-효코스1. 짜사이, 멸치땅콩 볶음, 오이절임중식의 곁들임 찬들은 그 집의 방향을 짐작하게 해준다. 식사가 기름지면 찬들의 간과 산미는 따라서 올라가는게 보통이다. 약식동원을 실천하는 도원은 찬도 식사를 닮아 차분했다.  도원의  짜사이는 고추기름만 이용해 간단하고 깔끔하게 무쳐냈다. 군내나 짠기가 없는 것을 보니 기성품은 아닌 모양이다. 그동안 고추기름 내가 향긋한 일일향 짜사이를 최고로 쳤었는데, 역시 기본기가 강한 녀석은 이길 수 는 없다. 가장 인상 깊은 것은 오히려 도원의 오이절임이다. 이녀석은 차라리 과일에 가깝다. 오이가 가진 풋내는 어디로 가고 건포도처럼 농축된 과일의 단맛과 향이 느껴진다. 2. 냉채 ‘시작이 반이다’라는 말을 좋아한다. 아뮤즈 부쉬가 되었건, 웰컴디시가 되었건, 냉채가 되었건 처음 받아보는 플레이트는 그집의 인상을 좌우한다. 그러니 냉채의 퀄리티가 좋은 곳일 수록 식사에 대한 기대감이 크다. 도원의 냉채는 신맛의 조율이 아주 섬세하고 과하지 않다. 신선한 재료 하나하나를 산미로 포인트를 주며 새우와 해파리와 전복의 탄력있고 꼬들한 식감으로 잠자는 미각을 깨운다.3. 산라탕이어서 등장한 산라탕. 연속된 신맛의 향연이다. 그러나 앞선 냉채와 신맛의 결은 달랐다. 따뜻함이 부드럽게 속을 달랜다. 푹익은 신김치로 끓인 김치국처럼 시원한 감칠맛에 해장생각이 절로 났다. 튀긴 장어가 크루통처럼 부드러운 탕안에서 식감의 재미를 준다. 씹는 순간 입안에 퍼지는 꼬릿한 감칠맛의 존재감이 대단하다. 처음에는 말린 오징어인줄 알았다;; 4. 두치전복세밀하게 사슴 가슴털 세공이 들어간 전복은 젤리보다 부드럽다. 검은콩 알갱이는 이 사이에서 으깨지면서 발효된 콩의 구수한 감칠맛이 폭발한다. 두치가 이정도면 해황과 상탕은 얼마나 더 놀라울까. 담백한 맛 사이로 단박에 느껴지는 신선한 재료들. 의외성을 만들어내는 복병들의 놀라운 수준. 같이 나온 아스파라거스나 브로콜리도 상당히 좋았다.  개인적으로 <도림>의 두치 전복보다 만족스러웠다. 5 . 라조소스 활 바닷가재주문과 동시에 살아 있는 바닷가재를 조리한다. 살의 탄력이 장난아니다.  쫀득하고 달다. 중국에서 ‘라조’하면 고추를 뜻하는데,  매운맛보다 고추의 향을 살리는데 방점이 있는 것 같다. 랍스터가 그냥 큰 새우지 뭐… 이렇게 생각했었는데 맛과 식감이 전혀 다르니 비싼 돈 주고 먹는 이유를 알 것도 같았다.6. 한우안심 자연송이 볶음작지만 자연산 송이의 향은 역시 끝내준다. 안심은 먹자마자 한우인 것을 알 정도로 한우 특유의 꾸릿한 풍미가 있었다. 7. 시그니처 탕수육3대 탕수육이란 말이 언제부터 사용되었는지는 불분명하지만 2015년 방영된 수요미식회에서 공식적으로 사용된 적이있다. 그때 도원의 탕수육이 주와 대가방의 탕수육과 함께 조명되었다. 튀김장 출신의 츄성뤄 셰프가 오일 프리를 선언하고 만든 탕수육이다. 기대가 안될 수가 없다. 면면을 살펴보니 고기, 튀김 반죽, 소스, 토핑의 4가지 밸런스가 모두 좋다. 아쉬운 것은 2018년 항정살에서 등심으로 고기가 변경된 점. 리뷰를 찾아보니 항정살 향에 거부감이 있던 손님들의 컴플레인을 받아들인 모양이다. 시대를 풍미했던 맛과는 차이가 있겠지만, 고기는 잡내없이 부드럽고 눈처럼 하얀 튀김반죽은 한과처럼 부드럽게 사락사락 녹아내린다. 소스는 레몬과 생강, 계피가 들어가 향이 고급스럽고 딸기와 체리, 골드키위, 파인애플로 건강한 단맛을 냈다. 소스를 한입 찍어 먹어보면 베시시 웃음이 나온다. 소스를 따로 내주는 찍먹 스타일. 식사와 함께 먹으니 맛이 더 좋다.8. 짜장면과 기스면식사는 짜장,짬뽕,볶음밥, 기스면 중 택 1. 나는 기스면을 Q는 짜장을 골랐다.기스면의 퀄리티는 좋았다. 혓바닥 가운데서 짝하고 달라붙는 치킨스톡 특유의 느낌 없이 깔끔한 닭육수 국물과 얇은 면의 조화가 인상적이었다. 코스 전체의 완성도에서는 괜찮은 무게감이었지만, 나에겐 롯데호텔 <도림>의 기스면이 약간 더 취향이었다.불도장을 두고 스님이 절 담을 넘어 찾아올 정도의 향을 품은 요리라 칭하는데, 이곳의 짜장면도 만만치 않다. 정주영 회장이 입원 중에도 병원을 나와 먹었다던 짜장면이다. 과연 그 명성 값을 한다. 내가 먹어본 최고의 짜장면이다. 한입 먹자마자 괜히 기스면 시켰다 싶었다. Q는 이곳의 짜장면을 두고 노고수의 정권 지르기같은 맛이라 평했다. 매일매일 감사의 마음으로 단순하게 뻗어낸 주먹. 그러나 세월이 단련시킨 정권의 맛은 대단했다. 9. 후식중식의 후식이 뜬금없이 단팥죽과 과일이다. 단팥죽은 터프하게 갈린 팥의 텍스쳐가 느껴지는데 까끌거리거나 텁텁하지 않고 넘김이 부드러웠다. 단맛도 자연스럽다. 여기 팥죽 맛집아님? 식사 후 근처 <적당>에 가서 양갱과 팥라떼를 시켰는데 이곳 팥죽에게 미안할 지경이라 반정도만 먹고 남겼다. 과일도 너무 맛있음. 메론최고10. 총평서비스가 훌륭하고 공간도 좋았다. <도림>이나 <팔선>은 타협없이 10만원 중후반부터 코스 가격이 시작되는데 <도원>은 비교적 저렴한 가격부터 다양한 코스를 즐길 수 있어 호텔 중식 입문으로는 최적의 장소가 아닐까 싶다. 전채의 기대감, 이어지는 식사들이 그 텐션을 떨어뜨리지 않고 높은 수준의 음식들이 나온다. 맛의 포인트도 확실히 있어 그저 담백하기만 한 것이 아니라 더 좋다. 애초의 목표였던 탕수육. 기대감은 충분히 충족했다. 계피와 레몬향이 오래도록 기억에 남는 부드러운 탕수육이었다. 그러나 이것만 먹으러 오기에는 부담스럽다. 돈 많이 벌어야겠다...한때 매니아를 사로잡았던 도원의 불도장, 샥스핀, 탕수육등은 리즈 시절에 비해 재료나 맛이 모두 변했다.  누구에겐 아쉬움이고, 누군가에겐 진화일 수도 있을 것 같다. 그래도 이것이 영광에 안주하지 않고 시대의 요구에 끊임없이 답하는 컨템퍼러리 차이니스 다이닝에 어울리는 발자취가 아닐까.",맛있다
984,도원,혀니이,"플라자호텔의 중식당 도원 방문했어요. 명성있는 곳이죠! 역시 호텔 식당이니 서비스도 깔끔하고 분위기도 조용히 좋았어요.'진'코스 + 시그니처라는 탕수육까지. 버섯 대게살 부용스프-굴소스 송이 전복 관자-중국콩소스 왕새우-마늘 간장소스 계절 생선찜-한우 피망 볶음-탕수육-식사-후식 순서.부드럽고 뜨끈한 게살 스프 좋았고요, 송이요리는 향만 맡아도 즐겁.. 전복 관자 모두 탱글한 식감이었는데, 좋은 재료 자체를 즐기라는 의도인지 볶아낸 소스가 약해서 약간 밍숭하긴 했어요. 새우 요리는 입맛 당기는 콩소스에 바삭하게 튀긴 새우까지 더해지니 안 맛있을수가 없고, 생선찜은 흑마늘과 미나리에다가 새콤한 소스가 곁들여져 무슨 생선인지도 모르게 먹어버렸어요! 한우 피망 볶음은 불맛과 매콤한 맛이 나는 것이 그 전 요리들과는 다른 느낌이라 분위기 전환으로 좋았어요. 탕수육은 딸기와 키위 등 과일이 들어가있어 신기했는데, 인위적이지 않고 자연스러운 단 맛이 났어요. 파사삭하는 고기튀김도 역시나 맛있었고요!식사는 짜장면 짬뽕 볶음밥 기스면 중에 선택할 수 있었어요. 기스면 제외하고 나머지 세가지를 맛보았는데, 제가 주문한 볶음밥이 제일 아숩.. ;( 소고기 조각이 들어가긴 했지만 평범한 맛이었고, 짜장면은 맛있었어요. 짬뽕은 깔끔한 스타일. 호텔 정원과 서울시청이 보이는 룸 뷰가 정말 예쁘더라고요! 다음에 오게된다면 룸에서 식사할 것 같아요. 든든히 맛있게 먹었습니다!insta: @hhhynie",맛있다
985,도원,전문가적‍ 의구심,워낙 유명한 도원 ㅠㅠ탕수육은 넘나맛있고.. 가격이 좀 있지만 이정도 주고 먹을만 해요 ㅎ 이번엔 북경오리 시켜봤는데 기름기가 좀 없어서인지 저는 퍽퍽했어요. 하지만 일행은 맛있게먹었어요. 다만 샤오롱바오는 요새 워낙 맛있게하는데가 많아서인지 비리고 별로였어요. 그리고 여기 탄탄멘도 좀 별로임;; 둘 다 담엔 안시킬거같아요직원분들 서비스도 너무 친절하시고 좋습니다.,맛있다
986,도원,Mik,친절하고 인상좋으신 셰프님 ^^ 시그니쳐메뉴 기억에 남습니다.베이징덕도 맛있게 먹었고여기서는 식사로 기스면 ? 선택해보세요 괜찮았습니다.잘하는 중식집은 기스면 맛있다고..하더라구용 짜장면은 제가 워낙 좋아하는 음식이라 .. 맛있게 먹었고 다음엔 단품으로 탕수육도 먹어보고 싶네요 ^^,맛있다
987,도원,반말했다존댓말했다,KB다이닝스타 이용해서 다녀온 도원수요미식회에도 나왔던 도원의 탕수육은 코스에 포함되지 않아 아쉬웠지만 전체적으로 맛있다.호텔레스토랑이니 뭐 맛은 어느정도 보장되있는건당연하고...코스의 구성은 비슷한 맛들이 계속 겹쳐 나와 좀별류3품이라도 냉채껴주지 계속 뭔가 더운맛이였다ㅋㅋ코스중 좋았던건 불도장 해황소스가리비 식사짬뽕별루였던건 북경오리 식사짜장면 후식코스정가는 16에서 이벤트 할인50% 16짜릴 50%할인된 코스가 아니라 그냥 가성비뛰어난 8짜리 먹는 느낌은 지울수가 없었고ㅎㅎ머니머니해도 호텔레스토랑 최대단점은 주류지욬ㅋㅋㅋㅋ안먹을순 없고 카스한병(1.5만) 먹을수도 없는 노릇이고 화요블랙 갖꾸가서 콜키지3냈나맛있다면서 단점만 엄청 썼네,맛있다
988,도원,Jㅐ,"소공동 플라자 호텔에 위치한 중식당 “도원”. 가장 오래된 호텔 중식당이라고 하지요. 수요미식회에서 탕수육 맛집으로 소개된 바 있어요. 음식도, 분위기도, 뷰도, 서비스도 모두 좋았다. 최고 : P'점심 귀빈 코스‘. 불도장 → 삼탕 간장소스 활 바닷가재 → 일품 통 전복과 송로버섯 → 송이버섯과 한우안심 볶음 → 식사 → 후식 순서의 구성. 송이버섯과 전복이 많이 나와서 그런지 먹고 나서 건강해지는 기분ㅋㅋ 여유 있게 1시간 반 정도 먹을 수 있었던 코스. ‘불도장’. 음식 냄새에 이끌려 스님이 담장을 넘었다는 유래의 이름을 가진 불도장. 몸에 좋다는 재료들은 다 들어갔기에 먹으면서 정말 건강해지는 느낌이ㅋㅋ 비쥬얼은 약간 쫌 그랬지만 안에 오골계가 들어있었는데 와 진짜 살이 쫄깃하고 부드러운 게 진짜 맛있었어요. 먹고 나니 몸이 더워지는 게 이래서 보양식 보양식 하는구나 싶었던!! ‘상탕 간장소스 활 바닷가재’. 커다란 바닷가재가 통으로 나와서 나오자마자 오오~ 했다ㅋㅋ 간장소스를 부어주시는데 소스가 많이 짜지 않아서 부담 없이 먹기 좋아요. 탱글하면서도 쫄깃한 바닷가재의 식감을 있는 그대로 느낄 수 있었던 요리. 위에 올라간 야채를 여쭤보니 ‘프리셀’이라는 야채라고 설명해주셨는데, 맛이랑 식감 모두 독특했당!!‘일품 통 전복과 송로버섯’. 두부 위에 트러플이 한 피스 올라가고, 수삼으로 마무리한 요리. 두부에서 트러플 향이 은은하게 나는 게 너무 좋아서 정말 행복했어요ㅠㅠ 트러플 최고.. 전복도 잘 익혀져서 특유의 탱탱한 식감을 최대한으로 즐길 수 있었어요.‘송이버섯과 한우안심 볶음’. 송이버섯 향이 진짜 좋았음!! 안심도 부드러워서 먹을 만했어요.동생은 이걸 베스트로 뽑을 정도. 근데 저는 평소에 안심을 별로 안 좋아해서 그런지 음 그냥 그랬어요ㅋㅋㅋㅋ‘식사’는 짜장면으로. 보통은 식사 때 짬뽕을 먹지만, 특별한 날인만큼 짜장면!! 많이 느끼하지도 않고 끝맛의 시큼함이나 텁텁함도 없어서 오랜만에 아주 맛있게 먹은 짜장면이었어요. 양도 딱 적당해서 코스 마치고나니 출출하지도, 기분 나쁘게 배부르지도 않았어요ㅎㅎ‘후식’은 과일과 단팥죽. 많이 자극적이지 않아서 자연스럽고 부드럽게 코스를 마무리 짓네요. 워낙 유명한 곳이어서 예전부터 궁금했는데 드디어 다녀왔어요!! 룸에서는 코스만, 홀에서는 코스와 단품 모두 가능하대요. 룸으로 예약했었는데, 서울시청과 서울광장이 훤히 보이는 뷰가 정말 좋았어요!! 세련된 느낌 보다는 클래식한 느낌의 분위기도 마음에 들어요, 언젠가 또 가고 싶은 곳. 다음에는 탕수육을 먹을 수 있기를..!!",맛있다
989,도원,chon,탕수육이 달큰하니 맛있었고 전반적으로 좋았어요. 룸에서 먹었는데 가격이 아깝진 않았어요.,맛있다
990,도원,오드리 햇반,ㄴ파니누,맛있다
991,도원,Mk,매우 맛있었고 디테일도 훌륭했음. 접객도 좋고 탕수육 정말 맛있었다,맛있다
992,도원,Shinhee,"수요미식회였나? 3대 탕수육집으로 나왔던 도원.마침 탕수육이 10%할인하고 있어서 더 좋았어요. 통조림 아니고, 진짜 과일이 큼직하게 들어가있는 건 좋았는데.. 엄청 특별할것까지는 없는 맛이였구요. (그렇다고 맛없다는건 아니에요) 실망은 마파두부 였어요. 맹맹 심심한 맛에 실망했구요. 짜장면도 괜찮은 편.다른 탕수육 맛집에 가겠습니다",맛있다
993,만복림,왕앵무,유린기는 새콤달콤하니 가볍게 곁들여 먹기에 딱 좋다. 튀김도 바삭바삭하고 딱히 모난 곳이 없었음. 우육탕면은 색깔도 그렇고 맛도 그렇고 찜닭을 탕으로 만든 것 같았다. 여기는 전반적으로 음식이 모두 무난한 편이지만 찾아가서 먹을 만한 맛은 아닌 듯 하다.,괜찮다
994,만복림,해띠,깔끔하게 나오고 맛도 괜찮다,괜찮다
995,만복림,왕앵무,돌짜장과 칠리 새우를 시킴. 돌짜장은 1인분이었는데 가격이 23000원이었나 그랬다. 돌짜장은 돌솥 그릇에다 짜장을 담아주는 그런 맛이었고 전반적으로 맛은 무난한데 가격이 너무 비싸다. 직장이 근처면 점심 때 들러서 먹기엔 괜찮다.,괜찮다
996,만복림,YSL,"건물 전체가 중국집! 그만큼 룸도 자리도 많다.. 대신 밑에 자리 없으면 밥먹기전 운동개념으로 4층까지도 걸어올라가야 한다는건 함정 ㅋ 암튼 여기 탕수육 평이 별로였는데 딱히 시킬게 없어서 시켰봄. 근데 진짜  2인 소자 기준 23천인데 가격대비 양도 너무 적고 그렇다고 맛있지도 않았다. 걍 먹을만한 수준? 그나마 식사류인 밥들은 조금 비싸지만 먹을만 했음. 짬뽕밥 9천, 게살볶음밥 9천, 삼선볶음밥 8천! * 짬뽕밥이 그나마 해산물이랑 이것저것 많이 들어가서 젤 괜찮았음.",괜찮다
997,만복림,개굴,비싸고 맛없고 양적어서 회사 서울역 이사 초반에만 2~3번 가고 지금은 회사직원들 아무도 안감근처 태향 중국집 가세요,별로
998,만복림,먹방꼬북,굴튀김 소자 25000원. 베어물면 굴향이 확 느껴진다 너무맛있 ㅜㅠ 짬뽕도 해물 엄청 많이 들어있고 면도 국물과 잘어울러진다. 깔끔한 맛. 만복림 최고,맛있다
999,만복림,DD,고급스러운맛과 재료.,괜찮다
1000,만복림,케이티,"먹어본 음식은 짜장면,볶음밥,탕수육인데 오늘먹은 짬뽕밥이 제일 맛있었어요!탕수육은 고급중식당 치고 잡내가 살짝있고 (고기가 조금빨개요)  짜장면,볶음밥도 평타인데 짬뽕밥은 해물도 꽤 많고 얼큰했어요ㅎㅎ 비오는날에 꼭 드시길 추천드립니다!",맛있다
1001,이지샐러드,내일뭐먹지,"토요일 점심, 해당 건물의 많은 음식점이 닫은 거로 봐서는 이곳 상권은 완전히 평일 위주의 장사를 하는 곳인가보다. 마찬가지로 이 집도 점심시간이지만 테이크아웃용 샐러드 진열 트레이는 텅 비어있고, 다음주 장사를 위한 준비를 하시는 건지 입구쪽에 물건들이 정신없이 있었다.샐러드 전문점을 몇번 가보긴 했지만 샐러드 전문점의 기준점이 될 만한 집이 있지 않아서인지 가는 곳마다 가격과 양, 구성에 편차가 워낙 컸었다. 하프 샐러드 6천원이 점심 식사로 치면 가벼운 가격이지만, 한끼 식사로는 워낙 적은 양이기 때문에 저렴한건지 잘 모르겠다. 풀 샐러드 의 양은 어느정도인지 모르지만 가격은 8천원선.근처에 이름만 샐러드 전문점이고 헤비한 구성에 사악한 가격들을 받는 곳들이 꽤 보이는데, 이곳은 가볍고 건강한 샐러드를 지향하는 곳으로 보인다. 메뉴는 두부샐러드 하프사이즈를 주문했다.아쉬운 점은 메뉴 구성에 대해 알 방법이 전무하다는 것. 그때 그때 수급 사정에 따라 들어가는 재료가 달라져서 그런건지, 두부샐러드에 두부외에 어떤 것이 들어있는지 알 길이 없다. 키오스크에는 워낙 작은 사진이고, 그마저도 절반 이상의 메뉴에 사진이 없다.샐러드의 양이나 구성은 적당히 기대한 정도여서 실망감은 없었다. 흑임자 드레싱도 아주 훌륭한 정도는 아니지만 그렇다고 샐러드 맛을 해치는 정도는 아니고 적당했다. 강낭콩이 구성중에 제일 괜찮은 맛을 줬고, 올리브를 먹긴 했지만 그다지 좋아하는 편은 아니라서, 만약 들어가는걸 알았다면 뺄 수 있는지를 문의해봤을 것이다. 두부도 어차피 이 가격에서 훌륭한 두부의 퀄리티를 기대한 건 아니었기에 적당히 평범한 두부였다.다만, 매장 식사인데 테이크아웃용 일회용 플라스틱 그릇에 나온건 좀 놀랐다. 이제 보울을 사용 안하시나 해서 고개를 들어 보니 사장님 뒤엔 그 이쁜 하얀 보울들이 차곡차곡 쌓여있었다. 일회용포크를 사용했는데, 매장에서 나올 때 보니 입구 구석쪽에 일반 샐러드용 큰 포크도 있었다. 평일장사하는 샐러드가게에 주말에 방문한 내 잘못인가 보다. 근데 하동관에서 나만 놋그릇 대신 엽떡 배달용 플라스틱 그릇에 받으면, 난 하동관 다신 안갈 것 같다. 식사를 마치고 나올 때까지 손님은 나 뿐이었고, 식사 내내 임창정 댄스 스페셜 메들리와 함께했다. 매장이 계단에서 꽤 먼데, 계단 아래까지도 노래가 들려왔다.사장님은 점심시간이라 맞은편 돈수백집에 식사하러 가셔서 731매장주문일회용용기사건에 대해 비하인드 스토리를 듣지 못하고 나왔다.비교군이 없어서 그런지 가격과 구성은 적당하다고 생각하고 양이 적긴 하지만 내 양엔 이정도 하프의 양이 딱 맞는 편이라 혹시나 근처에 올 기회가 된다면 또 와서 다른 메뉴를 도전해 볼 법은 하다.(21.07.31 두부샐러드 하프사이즈 6,000)",괜찮다
1002,이지샐러드,유나유나,뭔가 테이크 아웃이 많은 느낌의 샐러드 집이었어요.평점이 투명한 만큼 주변 직장인들이 위주로 올 것 같은 느낌이에요. 나름 재료에 정성을 쏟으시는 것 같은 느낌이고홈메이드 샐러드 같은 느낌이에요. 그래도 혼자 해먹기 이만한 재료 갖추기도 쉽지 않을 것 같아서 가까이 있으면 가끔 올 것 같아요.,괜찮다
1003,이지샐러드,해띠,건강하게 한 끼 때우기 좋다,괜찮다
1004,이지샐러드,미콩,샐러드로 한끼 배부르게!◇ 고구마 감자 샐러드*. 제가 알기로는 이 근처에 샐러드 집이 꽤 있는걸로 아는데 그래도 점심시간에 직장인들로 북적이네요!*.  여기 오기만하면 고구마 감자 샐러드 먹는듯... 뭔가 저번에 왔을 때보다 더 맛있어진듯 해요 ㅎㅎ 그때는 감자샐러드가 좀 뷔페에서 먹는 그런 감자샐러드 맛이 나서 마음에 안 들었는데 이번에 갔을 때는 그런 느낌은 없네요 뭐가 바뀐걸까요!!*. 재료간의 조합이 괜찮고 신선하기도 해요 샌드위치는 성인 남성이 한끼로 먹기에 좀 부족합니다..ㅎ,맛있다
1005,이지샐러드,NIWOOW,"토요일 아침 일찍 밥 먹을 곳을 찾다가근처에 오픈한 식당이 별로 없어 들어갔어요.처음엔 샌드위치를 먹을 생각이었는데리뷰를 보니 다들 샐러드를 드시길래...닭가슴살 샐러드를 하나 주문했고토마토 스튜는 서비스로 받았습니다.닭가슴살 샐러드는 하프 사이즈를 시켰는데생각보다 양이 많아서 깜짝 놀랐어요.평소에 밖에서 샐러드는 거의 안 사먹어서 가성비가 좋은 편인지는 잘 모르겠으나제 기준에서는 양이 많은 편이었습니다.샐러드는 적근대, 라디치오의 약한 쓴맛과로메인의 은은한 단맛이 어우러져 맛있었어요.발사믹 식초만 뿌려서 집에서 먹는 것과큰 차이가 없을 거라 생각했는데,채소의 중요성을 다시금 깨달았네요.토마토 스튜는 다소 심심한 편이었습니다.토마토의 단맛이 약한 것도 조금 아쉬웠구요.하지만 재료가 나름 실하게 들어가고제가 좋아하는 비프스튜 맛도 은은하게 나서아침으로 먹기엔 든든했던 것 같아요.샐러드가 제 입에 정말 잘 맞는 편이었구요.샐러드는 밖에서 사먹기 뭔가 아깝다는 편견을 깨준 곳이라 [맛있다]로 정했습니다.",맛있다
1006,이지샐러드,쓰피겔,양도 많이줘서 하프도 충분하고샐러드말고 빠니니도 맛났음,맛있다
1007,이지샐러드,왕앵무,리코타 단호박 샌드위치는 건강한데 생각보다 심심하지 않은 맛이라 좋다. 그리고 빵에서 묘하게 피자 맛 같은 게 나서 신기함,괜찮다
1008,이지샐러드,해띠,파니니며 샐러드며 다 괜찮다. 점심식사 가볍게 하기 좋다.,맛있다
1009,이지샐러드,까마귀의 맛집 저장장치,"- 오 4,500짜리 하프샐러드 구성이 실하다- 드레싱을 살짝 뿌리고 반이상 남기는 요상한 습관이생겼는데 여기는 요거트 드레싱 달지 않아서 정말 다 뿌려서 먹으면 맛있는 샐러드맛이된다- 토마토 스튜도 여기 추천보고 시켜봤는데 실하다 건강한데 짭짤한맛ㅋㅋ- 메뉴구성듀 너무 좋고, 곁들일 수 있는 작은 토스트 싸게 파는것도 좋다- 정말 직장인들을 위한 가성비 샐러드집!- 그래서 샐러드 집인데도 직장인점심으로 바글바글하다 ㅋㅋㅋ- 에어팟 크게틀어놨는데 뚫고 들어오는 강려크한 가요 비쥐엠만 아니면 더 좋을듯..",맛있다
1010,이지샐러드,미콩,"몸에 자꾸 몹쓸 짓을 해서(끼니 커피로 때우기, 밤새기, 앉아만 있기, 과식•폭식하기) 회개하는 마음으로 샐러드 찾았습니다고구마/감자/단호박 샐러드를 주문했는데 하나만 선택하는 건줄 알고 단호박샐러드요, 했다가 세 구황작물이 모두 들어간다는 말씀을 듣고 정말 탄수화물 대파티네 했어요양 많아요! 제가 사랑하는 병아리콩과 각종 채소들 그리고 고감단 샐러드가 옹골차게 들어있어서 이 샐러드만 먹어도 포만감이 오래 지속되더라구요 요거트도 따로 나오니 저처럼 드레싱 소스 따로 안 뿌려 먹는 사람은 더욱 만족도가 큽니다!!근처에서 샐러드 찾을 때 방문하기 좋아요 !",맛있다
1011,이지샐러드,왕앵무,크고 담백한 파니니와 건강함 그 자체인 샐러드를 테이크아웃해 청계천에 앉아 먹었다. 날씨가 너무 좋았다.,괜찮다
1012,이지샐러드,Rosa,"고구마 감자 단호박샐러드 하프 4500원.이게 4500원입니당 가성비 짱짱.채소 구성도 다양하고 토핑도 맛있고 현미 살짝 올려주는것도 식감 좋아요. 이 근처라면 여기 샐러드가 가성비 제일 짱이에요.이근처 샐러드가게 - 마마스카페, 카페에이투지, 샐러드스톱, 베지테이블 등..",맛있다
1013,이지샐러드,먹방꼬북,"서울시청 바로옆에 있는 작은 샐러드 가게. 샐러드 종류도 많고 토스트, 빠니니, 주스 등 메뉴가 다양하고 가격도 저렴하다! 조용히 혼밥하기도 좋다. 특히 토마토스튜 정말 맛있다!!",맛있다
1014,바스버거,풀롱옹,"괜찮았던 버거집! 음료랑 감튀 세트메뉴는 버거 단품에 +3300원이다. 고구마튀김으로 추가 금액을 내고 변경 가능!양파는 무료로 추가 가능하고, 감자칩도 무료로 먹을 수 있당! 감자튀김 소스로 케찹이랑 마요네즈, 머스타드 이렇게 세가지 소스가 있다! 마요네즈 있는 곳 좋당 ㅎㅎ버거는 제일 기본 바스 싱글로 먹었다 무난평범 맛있었다 생양파가 들어있는데 하나도 맵지 않아서 좋았당 다만 좀 양 많으신 분들은 더블 먹는게 나을 듯! 감튀가 약간 기름졌지만 무난했고 무료 감자칩은 햄버거 나오기 전에 가볍게 먹기 좋았당",괜찮다
1015,바스버거,당케쉔,"법카 찬스로 먹은 12월 스페셜 세트 메뉴 - X BAS 버거 세트.스페셜이라고 하니까 아묻따 시켰는데 야채가 하~~~나도 없을 줄이야. 받고 나서 당황했어요. 더블 베이컨에 계란후라이와 치즈가 올라가는데 살사소스맛으로 매콤하고 시원한 과카몰리가 한줄기 빛이네요.과카몰리 하나 더 추가해서 먹는게 좋겠다 싶었는데, 가게 분 말씀에 따르면 생양파를 추가해서 먹는 것이 꿀팁이라고!듣고보니 생양파를 넣으면 진짜 완벽할 것 같아요.하지만 과카몰리가 정말 맛있음. 매장에서 먹으면 감자칩 무한리필인 게 바스버거의 특장점인데 배달에선 감자칩을 먹을 수 없어서 그게 매번 아쉽긴 합니다. 그래도 감자칩 무한리필만으로 성공한 건 아니구나, 수긍하게 만드는 버거.",맛있다
1016,바스버거,갈비훈,시청에 볼일이있어 갔는데 수제버거가 너무먹고싶더라구요인터넷에 찾아보니 바스버거가 유명한것같길래 갔답니당근데 안주?로 나오는 과자가 무제한으로 리필되는데과자가 진짜 너무맛있는거에요 4번은 리필한듯... 죄송해요ㅠ그리고 수제버거도 진짜 맛있어가지고 일행이랑 너무 좋은시간보냈어요! 직원분도 친절하시고 분위기도 펍느낌나고 넘 만족합니당!#먹어서응원,맛있다
1017,바스버거,블루라군,처음 가보는 바스버거! 버거가 부드럽게 잘 씹혀서 먹기 편했어요. 사이드로 주는 감자칩은 맥주랑 같이 먹으니까 잘 어울렸어요. 버거에 맥주는 잘 안 먹었는데 생각보다 잘 어울려서 자주 먹을것 같아요. #망고하이,맛있다
1018,바스버거,플래시,"사람의 영원한 숙제죠. “오늘 점심은 뭐 먹을까?” 고민하다가 오늘은 왠지 버거를 먹어야 될 것 같아서 주변을 검색해보니 안 가본 수제버거 집이 있고, 네이버 평점도 괜찮아서 기대하고 갔습니다. 무교동 북어국집 근처 건물 지하에 위치해 있네요. 내려가보니 인테리어가 현대적이고, 깔끔하게 해놨습니다. 분위기 맛집입니다. 주문을 완료하고, 셀프바에 무료 감자칩과 케찹, 마요네즈, 머스타드가 있어서 셀프로 먹을 수 있습니다. 허기가 져서 그런지 감자칩이 아주 술술 넘어갑니다. 수미칩 만큼은 아니어도 수제칩 치고 괜찮은 맛입니다. 맛있는 감자칩 덕분에 앞으로 나올 버거가 기대가 되더군요.저는 ‘더블베이컨치즈버거’를 시켰는데, 아주 두꺼운 패티 2장에 치즈가 흘러내려서 비주얼 만점입니다. 우선 버거를 전체적으로 같이 먹어보기 전에 고기만 한 귀퉁이 뜯어서 먹어봤는데요. 아주 두꺼운 패티 치고는 육즙이 가득하지 못한 점이 다소 아쉬웠습니다. 그리고 두꺼운 고기를 굽다 보니, 오랫동안 구워야 했을테고, 그로 인해서 식용유를 많이 두르고 고기를 구운 것 같은데.. 고기에 식용유 맛이 많이 나서 다소 아쉬웠습니다.  사실 주문하기 전에 주문표를 잘 보고 주문했어야 되는데.. 너무 배가 고파서 더블 베이컨이란 이름에 꽂혀서 더블베이컨치즈버거 시켰는데, 첫 입은 그래도 괜찮은데 계속 먹으면 치즈의 느끼함과, 두 장 패티의 느끼함과 패티를 굽기 위한 식용유가 겹쳐져서 너무 기름져서 맛이 너무 한쪽으로 쏠려서 제 입맛에는 잘 안 맞았던 것 같습니다. 같이 간 일행들은 탐욕버거 시켰는데, 탐욕버거는 그래도 토마토, 상추, 야채 등이 있어서 괜찮았다고 하네요.  감자튀김은 맥도날드 감자튀김의 모양과 흡사한데, 방금 튀겼음에도 불구하고 바삭함이 다소 부족했습니다. 그리고 파슬리를 뿌려서 그런지 감자튀김을 먹었을 때 느껴져야 할 탄수화물과 기름짐의 느낌이 다소 부족했습니다. 처음에 셀프바에 무료로 제공되는 감자칩을 돈주고 팔고, 감자튀김을 무료로 제공하는게 나을 것 같았습니다.",괜찮다
1019,바스버거,르웬,가성비로 최애집이었는데 점점 맛을 잃어가더니 이제는 패티를 다 태워준다. 수제버거 특성상 탄맛도 매력이나 해도해도 너무하게 먹으면 곧 죽을것같이 완전히 숯이되어 나왔다. 무료로 주는 감튀도 너무 튀겨서 기름맛이고후렌치 후라이는 이미 생명을 잃어 눅눅함밖에 없었다. 정말 좋아하던집이었는데 이젠 보내줘야할까봐.,별로
1020,바스버거,르웬,"가성비, 맛, 서비스, 분위기까지 다 갖춘곳!",맛있다
1021,바스버거,부리부리왕국,저렴한 수제버거 집. 광화문에서 돈 별로 없는데 프랜차이즈 햄버거가게 가기 그렇다면 갈만한 곳.,괜찮다
1022,바스버거,까마귀의 맛집 저장장치,- 죤맛죤맛- 몇번 먹어본 프랜차이즈(?)지만 기대없이 들어가서 먹기엔 죤맛이야- 바스버거+치즈추가+해시브라운추가- 감자칩무한리필 굿굿- 아 의외로 코울슬로는 쏘쏘 가격대비 뭐~ 걍~- 오후 회사근무만아니었음 맥주 들이킬뻔 ㅠㅠ,맛있다
1023,바스버거,Light,꽤 맛있었어요~!~! 감자칩이랑 감자튀김을 리필해주는 것도 좋았고요. 머쉬룸 버거는 머쉬룸이 살짝 두꺼워서 놀랐지만 괜찮았고.. 탐욕버거도 괜찮았어요 :) 가성비 좋은 거 같아요~!,맛있다
1024,바스버거,페슈레제,버거위크세트 메뉴로 먹었습니다버거는 번이 좀 아쉬웠고소스가 특별한 맛은 없었지만 심심하면서 담백했습니다프라이는 유행하는  트러플향이 났으며 특별하진 않았어요,괜찮다
1025,바스버거,기미상궁,소인 오늘은 수제 버거를 맛보기 위해 이곳 바스버거 광화문점에 들렀사옵니다.버거위크로 할인이 된다하여 트러플 세트를 주문하였사옵니다. 이 집은 감자칩을 셀프로 이용할 수 있어 주문 후 조리가 되는 버거를 기다리면서 세번이나 퍼다 먹었사옵니다.. 감자칩을 흡입하는 와중에 버거가 나왔사오며 소인은 무엇보다 감자튀김과 거기에 찍어먹는 소스가 아주 일품이였습니다. 버거도 아주 푸짐하였사옵니다. 나름의 패티맛도 나쁘지 않았고 채소의 신선함도 느껴졌사옵니다. 은은한 조명에 순간 맥주가 확 땡길뻔 하였지만..그럼 큰일 나기에 맥주는 다음에 기약하기로 하며...소인 이만 물러가보겠사옵니다..,괜찮다
1026,바스버거,ㅇㅅㅇ,"버거위크겸 겸사겸사 수제버거 먹고 싶어서 다녀왔어요. 트리플 소스 꼭 시켜서 찍어드세요 ,, 천국 ❤️ 번도 쫄깃쫄깃 맛있고 패티는 육즙이 가득해요!! ㅠ ㅅ ㅠ 그리구 크기도 딱 들고 먹기 좋아요 !",맛있다
1027,바스버거,꼭행복해야돼,바스버거. 하와이안버거. 머쉬룸버거. 탐욕버거. 세트세개(일반프렌치프라이. 치즈베이컨프라이. 어니언링). 버팔로치킨윙. 이런곳에 있을까 하는 곳에 있었음. 내부는 생각보다 아주 넒음. 처음 버거들을 봤을때 쉐이크쉑이 생각남. 버거를 나눠먹기가 너무 애매해서 하나 더 추가 주문했는데 실수.. 양이 넘 많음. 넘나 맛있었음. 특히 무한 리필되는 납작한 감튀를 모르고......... 세트도 세개나 시켜벼려서. 암튼 저 무료 감튀 완전 맛있음. 짭쪼름해서 맥주먹는 사람한테도 좋을 듯. 수제맥주도 많고 시음은 무료. 맥주집인데 맥주는 못먹어봄 ㅠㅠ 여러개 중에 하와이안과 머쉬룸을 먹었는데 둘다 맛있었음. 머쉬룸은 엄청 큰 버섯이 통째로 튀겨져서 들어가있었음. 버섯맛이 강하게 느껴져서 좋았는데 버섯 싫어하는 사람은 안 좋아할 듯. 하와이안은 파인애플 덕분에 깔끔하게 먹을 수 있었음. 그래서 둘 중 하와이안이 더 좋았음. 버팔로!!!!!!!! 진짜 맛있었음 ㅋㅋㅋㅋㅋ 바삭하고 겉에 양념도 짱. 시키길 잘했움. 탐욕버거는 고기층이 엄청 큰......... 빅맥생각남ㅋㅋ 탐욕 먹은 친구는 결국 맛있었던 버팔로윙을 먹지 못함 ㅠㅠ,맛있다
1028,바스버거,Saejun,"평소엔 구내식당을 주로 이용하지만, 어쩌다 한 번씩   기름진 햄버거가 땡길 때마다 이따금씩 들리는 곳. 엄청 맛있는 건 아니지만, 다른 햄버거 패스트푸드 체인 대비 확실히 맛있다. 일부러 찾아갈 정도의 맛은 아니지만 선택지가 적은 경우엔 괜찮은 옵션.가격은 수제버거 치곤 많이 비싸진 않지만, 햄버거가 그리 크진 않다. 먹성이 좋은 편인 걸 감안해도 성인 남자에게 조금 부족한 양. 오늘은 하와이안 버거 선택, 파인애플은 늘 호불호가 갈리는 토핑이기에....개인적으론 불맛나는 패티, 상큼함 파인애플, 베이컨의 풍미가 어루러져 맛있게 먹었다.매장 내에서 감자칩이 무료로 무제한으로 제공됨. 현재는 세트 주문시 레귤러 후렌치 후라이도 무제한으로 리필해주는 이벤트를 진행 중.역삼점과 마찬가지로 이곳도 지하 매장인데, 내부에 고기굽는 냄새가 너무 심하게 난다. 옷에 냄새 베는게 민감한 사람들에겐 치명적일 듯. 특히 겨울엔 난방 때문에 더 심한 것 같은데. 매장에 오래 머무르기 힘들었다. 이 부분은 장기적으로 개선이 필요할 듯하다.",괜찮다
1029,더제이케이키친박스,열정장애,알리오올리오가 왜 시큼해요마늘장아찌로 만든것같아,별로
1030,더제이케이키친박스,추억의도나쓰,"알리오올리오가 8900원! 정말 저렴한 이탈리안 레스토랑이에요. 가격대비 퀄리티도 낮다는게 문제인데... 저녁식사 시간에 갔는데도 매장이 텅 비어있더라구요. 저야 조용하게 대화하기는 좋았어요. 알리오올리오는 촉촉하거나 탱글한 느낌이 없고 좀 꾸덕하고 특유의 매콤한 맛이 어설픈 느낌이었어요. 샐러드는 리코타 치즈가 많이 들어가서 좋았고, 소스가 많아서 달달하더라구요. 손님도 없는데 계산도 직접 카운터에 가서 선결제 해야하고, 물도 셀프에요.",괜찮다
1031,더제이케이키친박스,무화과,"브레이크타임은 기대하지 말아야지...해물 들어간 파스타를 찾아 서울역부터 시청까지걸어서 헤맨 날이었습니다.충정로 첫집은 돈까스만 가능,만리재 두번째집은 해물크림이 없음,서소문 세번째집은 면이 품절,서대문 네번째 집은 해물이 품절,시청에 도착했을때는 이미 2시가.넘었어요.손님이 아무도 없어서 브레이크타임인가 했는데다행히 주문이 가능했습니다.친절함은 좋았지만...소금을 잊었는지 밍밍한 소스와푹 삶아진 흐물한 면발은온종일 찾아헤맨 끝에 먹는 파스타라 해도맛이 없었어요.식사 끝날 즈음 조리복 입은 분 세명이 들어오더라구요.하아...그럼 제 파스타는 누가...맛있는 요리를 위해 피크타임 후 쉬는 시간은 방해하지 않기로 결심했습니다.",별로
1032,더제이케이키친박스,해띠,가까운 곳에 맛있는 파스타집 없어서 가끔 가긴 하는데..이근처에서나 상대적으로 저렴한 느낌이지 동네에서 이 돈 주고 파스타 먹었는데 이런 맛이면 절대 재방문 안 할 것 같다.,괜찮다
1033,더제이케이키친박스,찻집고냉이,"한줄평 : 맛이 최악은 아니나 결정적으로 양이너무 적어서 환장할지경친구는 토마토 함박 파스타, 저는 봉골레를 시켰습니다. 토마토 파스타는 오뚜기 소스 맛이고 봉골레는 양식의 범주가 아니라 중화볶음면같은 맛이었습니다. 서울 물가 고려했을때 나쁘지 않다고 볼 수는 있지만 아니 양이 너무작잖아요 차라리 돈 좀 더 주고 마르쉘을 가겠어요.",별로
1034,더제이케이키친박스,희희희,기대 안한 곳 치고는 엄청 맛있었는데 평점이 굉장히 별로네요...저는 까르보나라 먹었었는데 꽤 괜찮았었어요. 한국식 크림 스파게티 이런 맛 아니었고 정통 까르보나라 맛이었던 걸로 기억해요. 너무 느끼하지도 않고 딱 적당히 괜찮았어요,괜찮다
1035,더제이케이키친박스,서울푸디,엥간하면 가지말자,별로
1036,더제이케이키친박스,gilsama,"넘나 맛났습니다..국물리조또가 신선했는데 맛이.. 리조또 먹으면서 소주 생각난 건 처음입니닿ㅎ그만큼 깊은 맛이 나구요,리코타 치즈 샐러드 먹으면서 리코타 치즈에 입문하게 되었습니다. 이것도 짱맛...ㅠㅠ우연히 들어간 집인데 맛집을 발견해서 기쁘네요ㅠ.ㅠ",맛있다
1037,더제이케이키친박스,미댕,"3.5/5.0- 눈꽃 크림 파스타 (8,900?) : 진짜 정직한 크림 파스타 맛이다. 크림이 찐하고 묵직한 편이다. 오징어가 들어가 있다. 크림 파스타를 별로 좋아하지 않는데 이 정도라면 무난하게 잘 먹을 수 있겠다는 생각이 들었다.- 알리오올리오 파스타 (6,900) : 솔직히 지금껏 많은 파스타 전문점에서 알리오올리오를 숱하게 도전해 봤지만, 대박이다 싶은 건 아직까지 먹어본 적이 없다. 이곳의 알리오올리오도 그냥 괜찮네, 정도였다. 맵다는 표시가 붙어 있었는데, 매콤하다는 느낌이 안 들었던 건 조금 아쉬웠다. 편마늘이 많이 들어가 있던 것은 좋았다.창가자리가 햇살이 잘 들어 사진이 잘 나온다. 위치해 있는 건물 자체가 깔끔하고 가게도 깔끔하다. 플레이팅도 깔끔하다. 전체적으로 무난하다 싶은 집이었다.16.07.14",괜찮다
1038,브루클린더버거조인트,희희희,"버거 메뉴가 생각보다 다양해서 선택장애는 동공이 떨렸는데 치즈스커트가 제일 특이해보여서 시켰어요. 튀겨진 체다치즈가 들어있는 것 같더라구요. 첫 맛이 정말 정말 맛있었는데 두입부터 너무 느끼해서 잘 못 먹겠더라구요ㅠㅠ 패티도 너무 맛있고 야채도 너무 싱싱했는데 치즈 + 고기의 느끼함을 야채가 다 잡아주지 못했어요,,,튀긴 치즈라 그런지 기름도 상당했구요. 바닐라, 초코 쉐이크도 시켰는데 초코 쉐이크가 너무너무 달아서 바닐라 쉐이크 맛이 안 느껴졌어요. 하지만 초코 쉐이크 강력 추천합니다. 정말 당!당!!당이다!!! 맛인데 너무 맛있었습니다",괜찮다
1039,브루클린더버거조인트,Nyn,"브루클린 더 버거 조인트ㅡ정답은 브루클린 웍스!• 치즈 스커트 140g 10,300패티 주변에 치즈 누룽지로 스커트를 만들어버렸다. 생각보다 바삭함은 부족했고 예상대로 먹기는 불편했으나 비주얼의 화려함에 뭔지 모를 만족감이 괜히 더 있었다. 맛은 보기보단 평범한 치즈버거 맛이었다.• 버르게리타 140g 10,800마르게리타 피자를 먹고싶을 땐 그냥 피자로 먹자..ㅎ 향긋한 바질 향이 느껴졌고 거기에도 모짜렐라 치즈를 좀 그을려뒀는데, 사실 치즈 스커트의 누룽지보다 짠 맛은 덜 하고 치즈의 고소함이 더 해져 내 취향에 맞았다. • 리얼 맥코이 140g 9,800베이컨, 양파, 패티. 되게 고기고기 한 메뉴. 기름진 버거의 정석 느낌이었다. 베이컨 맛있는 건 인정!• 프렌치 프라이즈 7,500워낙 두께감이 있어서 너무 좋다. 나오자마자 입 안에 공기 헣헣 하면서 뜨거울 때 먹으면 제일 맛있음. 아.. 지금도 생각나서 군침이 돈다 ㅋㅋ• 싱하 탄산수 3,000태국에서 온 탄산수. 그냥 패키지가 이뻐서 갖다놓고 파는 것 같다. 플레인 탄산수라 특이점은 없었다..• 총평청계천점은 공간은 넓고 사람이 적어서 너무 좋다. 그리고 원래 브루클린 더 버거 조인트는 물을 따로 챙겨주지 않는데, 광화문점에서는 주더라도 그냥 작은 플라스틱 컵에 줬었고. 이 날 여기서는 달란 말도 안 했는데 유리컵에 물을 줘서 괜히 고마웠다.. ㅋㅋ그리고 많은 모험 끝에.. 내게 정답은 브루클린 웍스인 걸로! 두어개 정도는 아직 안 먹어본 메뉴들이 남았지만 그렇게 큰 미련도 없고 드라마틱한 충격을 안겨줄 것 같지도 않다. 브루클린 웍스는 내가 버거에서 바라는 모든 것이 담겨 있기 때문에 다음부터는 고민 없이 그냥 먹던 거 먹을 계획이다.",맛있다
1040,브루클린더버거조인트,Nyn,"• 브루클린 웍스 140g 9,800 (+ 1/2 고구마 프라이&캔음료 8,000)브루클린더버거조인트에서 항상 먹는 내 최애 메뉴. 자색 양파도 두텁게 썰려 들어가고, 로메인과 토마토가 늘 싱싱하다.  거기다가 튀긴 베이컨까지, 덜 건강한 재료와 건강한 재료가 어우러져 늘 만족스럽다. 미국에서 만난 친구들은 버거를 그렇게 케찹에 찍어먹었다. 적잖이 충격이었지만 따라해 보니 은근히 중독된다. 물론 재료 자체의 신선함과 퀄리티가 짱짱한 이 버거에는 굳이 그렇게 먹지 않아도 충분히 맛있지만 다음번에 진짜 미국맛을 경험해 보고 싶으면 케찹을 푹 찍어 먹어 보시길..ㅍ고구마 프라이는 항상 프렌치프라이보다 눅눅하고 힘이 없다. 그래도 달달해서 중독성이 있다. 그치만 프렌치 프라이랑 가격차이가 이 정도로 날 만 한지는 조금 의문이다, 늘.• 더 치즈버거 7,800(+ 1/2 프렌치 프라이&캔음료 6,500)구운 양파의 풍미는 별 다른 재료 없어도 그 자체로 훌륭하다. 아메리칸 치즈와 패티 한 장, 빵으로만 이뤄진 더 치즈버거는 양파의 향을 즐기기에 제격이다. 개인적인 원픽은 브루클린 웍스이기 때문에 그와 비교하면 재료 가짓수 차이 때문에 확실히 뭔가 허전한 감은 있다. 그래도 충분히 매력적인 버거.브루클린더버거조인트의 프렌치 프라이는 아주 솔직하고 튼튼한 느낌이다. 러셋 포테이토를 사용해 길쭉한 건 정말 길고 세 입에 걸쳐서 먹어야 할 때도 있다. 이런 부분에서 더 만족감을 안겨주는 것 같다. • 총평브루클린더버거조인트는 먹을 때 마다 모험 하나, 안전빵 하나 식으로 주문을 한다. 브루클린 웍스 하나를 일단 시키고 안 먹어본 다른 메뉴를 먹어본다. 그렇지만 내 개인적인 취향으로는 브루클린 웍스만큼 완성도 높고 만족도 높은 메뉴는 아직 없었다. 아직 메뉴판 도장깨기는 진행중이지만 브루클린 웍스는 아무튼! 맛있음. 다음 방문 때는 패티의 구움 정도를 변경해서 먹어봐야겠다. 고든 램지가 버거집을 열었다는데,,나는 그냥 멀리까지 안가고 그냥 동네 브루클린웍스 먹을래...ㅎ청계천점은 광화문점에서 사실 몇 걸음 안되는 거리이긴 한데 광화문점은 매장이 너무 협소해 아쉬웠던 차였다. 평일 5시쯤 가니 사람도 하나도 없고 자리도 널찍하니 좋았다. 여담이지만 유리 밖으로 청계천이 보여서 자꾸 눈길이 갔는데, 저녁즈음 되니 촬영 세팅을 하는게 보여 나가봤다. 가봤더니 f(x) 크리스탈이 청계천 광장에서 드라마 촬영중이라 신기했다 ㅋㅋ한참동안 구경하고 서있었다 ㅎ",맛있다
1041,브루클린더버거조인트,노니바이노니,"#버르게리따=버거+마르게리따맨날 치즈스커트만 먹다가 바질에 이끌려 버르게리따를 먹었다이름은 다들 짐작하시겠지만 버거+마르게리따다썬드라이토마토, 모짜렐라, 구운파마산치즈, 바질이 들어가 있는데 바질 맛이 잘 느껴져서 브루클린 메뉴 중에 제일 맛있는 듯 (저는 바질성애자임을 밝힙니다)사실 개인적으로 브루클린은 너무 미국st로 좀 부담스러워하는데 버르게리따는 그 마르게리따 느낌 때문인지 적당히 맛있는 미국버거로 잘 먹을 수 있었다에일이랑도 잘 어울리고, 콜라랑도 찰떡궁합고구마프라이랑 함께 맛있게 잘먹었습니다",맛있다
1042,스윗밸런스,zzzzzo!,"저는 절대 샐러드를 맛있어서 먹는 사람이 아닌데, 이집 샐러드는 주기적으로 생각이 나요!다른 지점도 먹어봤는데 퍼시픽타워 스윗벨런스가 맛있는거 같습니다.사진은 모두 제가 토핑을 한가지씩 추가한거라서 참고만 하셔야돼용ㅠㅠ가격이 좀 비싼 맘큼 토핑도 맛있고 푸짐합니다, 덕분에 먹고나면 든든해요.목살샐러드는 종종 돼기고기 냄새가 아주 조금 날 때가 있고, 전 수비드 닭고기류의 샐러드를 추천합니다! 정말 부드러워요!",맛있다
1043,스윗밸런스,Wandering Consultant,"평일 점심 방문.맛있고 든든한 샐러드가 먹고 싶어서 방문. 4인 테이블 두 개 정도와 벽을 보고 앉는 바테이블로 이뤄져있다. 특이하게 콤부차가 무료로 제공되서 마셔봤는데 괜찮은 맛이었음.   ✔️ 1주일 내내 여기서 점심을 먹으면서 모든 메뉴를 시도해 본 동료가 제일 맛있다고 한 찰떡궁합 에 아보카도와 수비드 계란을 추가해서 주문. 과연 드레싱과 훈제오리와의 궁합이 찰떡같다. 샐러드 양 자체가 꽤 있어서 아보카도는 빼도 괜찮을 듯. 수비드 계란은 드레싱과는 안 어울리지맘 맛있어서 또 시킬 것 같다.  - 찰떡궁합 9,900원   - 아보카도 2,500원   - 수비드 계란 1,000원",맛있다
1044,스윗밸런스,*,"#매콤닭안심6,900모든 메뉴 섭렵해보려는중.매콤닭안심은 생각보다 진짜 매웠다.소스가 스파이시랜치소스라 그런지 이게 확실히 매웠음.이건 재주문 의사 없음! 아님 소스를 변경하는걸 추천.",맛있다
1045,스윗밸런스,*,"#그릴드닭가슴7,500다이어트 목적으로 닭가슴으로 주문.음 딱 목이 매이는 닭가슴이었다ㅎㅎ닭다리살이 더 맛있었음ㅠ 어쩔수없음ㅠ",맛있다
1046,스윗밸런스,갈색곰도리,찰떡궁합(9900) 먹어봤는데 양에 비해 가격은 비싼 편이지만 맛있긴해요..드레싱도 조합도 잘어울리고 왜 찰떡궁합인지 알겠음 ㅠ 특히 저 고구마 샐러드 존맛임,맛있다
1047,스윗밸런스,*,"#닭다리수비드8,900 #아메리카노점심시간 간단하게? 샐러드가 먹고싶어서 방문함.샐러드만 먹었는데 배가 부르는게 신기하긴 하네요ㅎㅎ뭔가 폭식한느낌인데 건강한느낌이라 좋았다ㅎㅎ된장남샐러드가 시그니처라길래 주문하고싶었는데 이 메뉴는 늦게가면 품절이라한다. 역시나 품절인 이유로 닭다리수비드 주문. 샐러드 메뉴도 다양하고 드레싱도 선택가능하니 참 좋은듯. 대신 커피는 정말 별로다!!",괜찮다
1048,샐러디,유지수,너무 맛있어요 ㅠㅠ다이어터에게 만들 안 맛있겠냐지만우삽겹 웜 롤 짱맛입니당 ㅎㅎ자주 갈거 같아용 ><짜지않고 건강하고 담백해서 좋아용 !!,맛있다
1049,샐러디,케이티,칠리베이컨웜볼과 연어샐러드 먹었었습니다!칠리베이컨웜볼은 생각보다 양이 많아서 점심에 먹어도 든든하고 연어샐러드는 저녁에 가볍게 먹기 좋은 양이었어요사실 연어샐러드는 기대했던 맛이었어요 생각보다 비리지 않아서 좋았고 레몬즙소스?는 샐러드랑 잘 어울리고 매우 상큼했습니다.칠리베이컨웜볼은 소스랑 재료구성이 샐러드라기보다는 할랄푸드 같았고요ㅋㅋㅋ  뭔가 이국적이었는데 맛있었어요아쉬웠던점은 샐러드야채가 되게 투박하고 약간 쌉싸래하고 덜 신선해보였어요! 그리고 가격대가 샐러드치고 저렴하진 않은것 같아요,괜찮다
1050,도로시앤샌드위치,해띠,싼 맛에 맛있게 먹을 수 있는 토스트,괜찮다
1051,도로시앤샌드위치,머큐리 ,"알리기 싫은,  인기 많은, 저렴한, 맛있는 시청 <도로시샌드위치>. 클럽 샌드위치/1500처음부터 끝까지 탁월한 맛은 아니다. 하지만 1500원이라는 가격에 누릴 수 있는 만족스러운 한끼가 아닐까  치킨에 베이컨에 마요베이스소스에!양상추혜자!  식빵 끄트머리 부분은 질기기도 하지만 뭐 어때서울도서관 책 읽으러 갈 때 사서 옥상에서 햇빛 받으며 먹곤 하는데 꽤 근사한 한 끼다 점심은 11시 전에 가야하고 아침은 8시 전후가 세이프로 기억한다.",맛있다
1052,맘스터치,Saejun,"벼르고 벼르던 맘스터치 방문. 싸이버거를 선택. 내 치킨의 경우 두께가 기대한 것보단 얇았는데, 이게 그때그때 좀 차이가 난다고 한다. 동료가 시킨 베이컨치즈버거의 치킨은 엄청 두꺼웠음. 주문 즉시 튀긴 후 만들어줘서 기름 눅눅한 것도 전혀 없고 치킨버거와 후라이 모두 만족. 치킨버거를 좋아하는 나같은 경우 타사들 대비 월등한 가성비와 맛이라고 생각.사람이 많은 탓도 있겠지만, 내 앞사람도 그렇고 나도 그렇고 주문이 잘못 나오거나 섞이는 경우가 자주 발생하는 것 같은데, 이 부분만 개선되면 좋을 듯.",맛있다
1053,맘스터치,먹방꼬북,개인적으로 맘스터치는 사이드 메뉴들이 많아서 마음에든다! 특히 김떡만 너무 맛남. 샐러드도~,맛있다
1054,8월의기린,❤️거네❤️,"세브란스 건물에 있는 샐러드 맛집입니다. 일단 가성비가 너무 좋아요! 치킨텐더 샐러드가 6,500원인데 텐더를 아낌없이 넣어주세요. 저는 추가금을 내고 단호박을 추가했습니다. 야채도 신선하고 텐더도 바삭했어요! 샐러드가 정말 푸짐하고 야채로 배불리 먹을 수 있는 곳입니다.가게가 협소해서 테이블은 몇개 없고 주로 테이크아웃을 위주로 운영하시는 것 같아요. 미리 만들어둔게 아니라 주문이 들어오면 그때 그때 만드셔서 신선하다는 장점은 있지만 사실 점심땐 음식이 매우 늦게 나오는 편입니다. 저는 다음엔 전화로 미리 주문하고 갈 것 같아요.사장님도 매우매우 친절하신데 바쁘셔서 그런지 제 단호박을 누락하셨던 ( ･ᴗ･̥̥̥ ) 샌드위치나 반미 종류도 많아서 다음엔 샌드위치를 먹어보려구요!#샐러드맛집 #직장인점심추천",맛있다
1055,8월의기린,똑순이,샌드위치 .파니니.반미샐러드.생과일주스  메뉴가있고불고기파니니랑 곡물샐러드 먹어보고 추천하기로~~먹어본곳중 으뜸인 불파의맛샐러드의  건강한맛강력추천담에 또가고픈곳 ~~,맛있다
1056,운다피자,다찌,"하와이안 피자 & 김치삼겹살 피자 하와이안 피자는 평범히 맛있었다그리고 스페셜이라고 써져있던 김치삼겹살피자 던가 그 피자는 마치 김치전 반죽을 먹는 느낌이었다. 도우는 괜찮았는데 그 위에 김치와 삼겹살?(어디있았는지 모름)은 너무 축축해서 식감이 별로였다. 피클도 물러터져 있고 미지근해서 먹기 찝찝했다. 최악은 아니었고, 내가 간 날이 바빠서 실수가 있었을 수도 일지만 다시 갈 일은 없을 것 같다...",별로
1057,운다피자,앨리,을지로 아크앤북 안에 개점한 식당이 많이 없어서 가보게 된 곳. 옛날에 월마트에서 먹던 피자 느낌인데 피자가 얇고 커서 금방 식는다는 게 큰 단점이다. 주방쪽에서 찬바람이 솔솔 불어와서 피자가 두입 먹으니 식었는데 당연히 식은 피자는 맛이 없다.,괜찮다
1058,카페마마스,EJ,마마스는 언제 먹어도 맛있음.스프종류 전체와 리코타 샐러드는 필수 주문!단호박 스프는 달달하니 부드럽고 감자수프는 고소하고 치즈가 많이 늘어나는게 참 맛있다.. 양도 꽤 넉넉리코타샐러드는 다른 곳도 이제 많지만 여기 치즈가 맛있기도 하고 사이드 빵도 잘 어울리고 전체적으로 푸짐하고 맛있음.포장도 깔끔하게 잘됨. 다만 메뉴가 다 간식같은 느낌이라 먹고싶은거 이거저거 시키면 가격이 생각보다 많이 나와서 깜짝 놀라게 됨.,맛있다
1059,카페마마스,Wandering Consultant,"2년 만의 서대문 사이트 복귀와 함께 카페 마마스 서소문점이 프로젝트 이틀 차 야근 식단으로 나를 맞이해 주었다. 주스 잔이 다회용 가능한 플라스틱 잔으로 편하고 샌드위치 사이드가 감자칩으로 바뀐 걸 제외한다면 모든 것이 그대로인 느낌. 3월 방문 기준 매장 이용 시간은 8시 20분 까지였고 오피스가 많은 동네인만큼 저녁 시간에 매장에서 식사하는 팀은 우리를 포함한 한 팀만 있었다. 리코타 치즈 샐러드는 여전히 풍족한 양과 맛있는 치즈, 빵을 제공하고 더블치즈햄파니니도 똑같이 맛있다. 야근으로 방문하지만 않으면 참 좋을텐데.",맛있다
1060,카페마마스,해띠,본점이었던가서울시청 앞보다 훠워워어얼씬 낫다,맛있다
1061,카페마마스,브로콜리,마마스는 언제나 맛있습니다. 직원들도 친절합니다. 다만 재료의 소진이 빨라 점심때 원하는 메뉴를 먹기가 어려울수도 있고 건물이 리모델링? 중이라 좀 낙후 되어서 공간이 협소 합니다.,괜찮다
1062,카페마마스,Wandering Consultant,"평일 점심 방문.   마마스 1호점. 프로젝트 초반에는 1주일에 2-3번씩 방문하다가 어느 순간부터 뜸하게 먹게 되었다. 야근할 때사라갔다가 주문이 밀려서 1시간 정도는 기다려야한다 그래서 포기한 적이 있음.   ✔️시작은 더블치즈햄 파니니와 리코타치즈 샐러드였으나 끝은 BRT 샌드위치다 (the R stands for Rucola). 한 가지 팁이 있다면 양파 빼고 소스 많이 주문할 것. 양파를 좋아함에도 불구하고 이 샌드위치에서는 양파 맛이 베이컨과 치즈의 맛을 뭉개므로 빼고 먹는게 훨씬 더 맛있다 (동료 + 지인을 상대로 수차례 검증한 바 있음). 그러나 이 맛있는 BRT도 키친에 따라 기복이 있어서, 어느 날은 바삭하게 구운 베이컨에 살짝 녹은 치즈가 한 몸이 되어 녹아붙어 신을 부르짖는 맛인가하면 다른 날은 눅눅한 베이컨에 room temperature 치즈가 그렇게 무감동할 수가 없다. 종종 먹는 터키 샌드위치는 BRT보다 건강한 맛으로 양심에 좋다.   - BRT 샌드위치 11,800원   - 터키 샌드위치 11,800원   - 리코타 샐러드 13,900원   - 더블치즈햄 파니니 11,300원",맛있다
1063,카페마마스,하루별,진짜 오랜만에 먹은 마마스♡마마스 리코타치즈 샐러드 먹고 여기 알바생 하고 싶다는 생각을 몇번이나 한지 몰라요 ㅋㅋ그럼 매일 먹을 수 있을거 깉아서 :)마마스는 역시 리코타치즈샐러드에 청포도주스죠!!오랜만에 갔는데 리코타치즈 진짜 넉넉하게 주시구!샐러드 채소도 신선해서 맛있었어요청포도 주스는 마마스에서 마셨을때 센세이션한 맛이다 했는데 이제는 여기 말고도 맛있는 곳 많아졌지만 여기 리코타치즈는 정말 따라올 수 있는 곳이 없는거 같아요진하면서 묵직한 맛의 리코타치즈♡몇번이나 먹어도 질리지 않는 맛이에요서소문점은 지금 건물 외관 공사중이지만안쪽은 정상 영업중이에요,맛있다
1064,카페마마스,꿀요닝,마마스는 마마스인지라 맛은 평균 보통인데 토요일 낮에 가면 있는 키크고 무표정한 안경쓴 남자분 진짜불친절하고 버저 던져요ㅠ 무서워서 다신안갈듯~~ 안간지오래되어서 바뀌었을 수도 있는데.. 진짜기분나빴어요,별로
1065,카페마마스,썸머쏭쏭,"• 할 게 많을 때 꼭 다른 걸 하고 싶죠..• 그래서 리뷰를ㅎㅎ• 또 이만한 곳이 없는• 옛날엔 서소문점에서 정말 맛있게 먹었는뎀• 아직도 맛있지만 ^^;• 이제는 약간 대충 대충 나오는 느낌ㅎㅎ• 여기서 안 먹어본 메뉴가 있을까 싶을 정도로 많이 먹어본 것 같아요.. • 그 중, 감자수프, 연어샌드위치, 무화과 샌드위치 너무 좋고요• 의외로 발로나 초콜릿 쿠키도 맛난답니다 :P• 무화과프로슈토는 정말 맛있어요 >_< • 주차는 매장 앞에 잠시(?!) 가능할 걸요?",괜찮다
1066,카페마마스,CHO긍정,토마토모짜렐라파니니토마토에 발사믹글레이즈드를 뿌려서 구운느낌토마토가 약간 시큼했다빵이 바삭바삭한 것은 좋다버섯샐러드차갑게 나오는 모듬 버섯 볶음새송이 느타리 표고버섯을 매콤하고 새콤하게 볶아 고명으로 올려진다 여기에도 발사믹이 들어가는 것 같다진한 갈색 소스에 매콤한 맛이 훅 느껴진다버섯의 양념이 매우 세다통째로 나오는 루꼴라가 좋다소스는 리코타치즈샐러드에도 제공되는 올리브오일발사믹소스방울토마토 2알도 있다,괜찮다
1067,카페마마스,CHO긍정,"리코타치즈샐러드신선한 야채 치커리 상추 적채 등 리코타 치즈 듬뿍 아몬드슬라이스 호두분태 건크랜베리 발사믹드레싱 폭신폭신 빵 4조각리코타 치즈에서 우유의 텁텁함 대신 레몬의 향긋함과 고소함+단 맛이 함께 느껴진다. 우유로 치즈를 만들고나서 모아진 유청에 산을 첨가하여 높은 온도로 끓이면 뭉쳐지는 단백질 덩어리가 리코타치즈인데 여기 리코타는 물기를 잘 잡아서 흥건하지않고 크림치즈 정도의 질감이다. 그릭요거트보다 찐득하다. 샐러드 한그릇의 재료를 모두 조금씩 같이 먹으면 정말 환상적인 맛이다. 자꾸 생각나고 다시 찾게 만든다. 견과류와 건과일이 씹히고 고소한 치즈가 씹을수록 달게 느껴지는 빵과 조화를 이룬다. 신선한 야채와 발사믹 드레싱이 입을 개운하게 한다. 야채는 매우 싱싱한 편이고 발사믹은 제공되는 양을 전부 붓게 되면 바닥에 깔린 야채는 짤 수 있다. 절반 정도 이용하는 것이 이상적. 가지소고기파니니 한국식 소불고기 양념. 약간 달달하게 양념해서 얇은 가지 여러겹 올렸다. 소고기양념이 살짝 베어든 가지가 머금은 소고기기름+올리브유가 고소하고 담백하다. 빵의 겉이 매우 바삭하다. 빵과 재료를 연결해주는 것이 모짜렐라 치즈인데 적당히 녹아서 빵과 한몸이 되어 나온다. 클럽샌드위치내용물이 많고 빵이 3장이나 들어가서 먹기 힘들다. 다 흘러내리고 카드게임을 하다가 간편하게 한손으로 먹으려 했던 샌드위치 백작의 의도가 무시된..ㅋㅋㅋㅋㅋㅋㅋㅋ토마토 상추 피클 체다치즈 양파 닭고기 베이컨 마요네즈베이스소스. 여기에 빵 3장이라니. 절반만 먹어도 배가 부른 양이다. 치즈와 닭고기 베이컨 소스가 짠 편이라, 재료를 잘 분산시켜 입에 넣는 것이 좋을 것 같다. 토마토 비중이 크니 함께 먹으면 된다",맛있다
1068,카페마마스,미야미야,카페 마마스 이번에 처음 가본 촌사람 저요 저...!ㅋㅋ한참 유행할 때 안가고 처음 가봤는데 유명하다는 리코타치즈 샐러드는 그냥 그러네요 ㅎㅎ 리코타 치즈는 정말 실한데 빵이 너무 안어울렸어요:-)다시 간다면 콥샐러드 먹으려구요!! 파니니는 맛있었습니당! 여기는 무엇보다도 음료가 아주 실하고 좋네요 ㅋㅋ 생과일 이렇게 많이 넣어주는 데는 처음 봐요 또 재방문 할 것 같아요!,괜찮다
1069,카페마마스,르웬,사람이 너무 많은게 유일한 흠,맛있다
1070,카페마마스,예랑,"한줄평: 점점 실망하게 되는 마마스코로나19 때문인지... 마마스의 옛 명성이 바랜건지...사람이 없어도 너무 없다.예전에는 양이 적다고만 느껴지던 리코타 치즈의 양도어쩜 이렇게 많은지. 다 먹고도 남는구나.이번을 끝으로 아마... 안오게 될 것 같다. 특히 시청점은. 식기도 낡고 가게도 낡고, 서비스와 맛도.... 빛이 바랬다.",별로
1071,카페마마스,JeonEunyoung,평일 10시반 오픈입니다. 헛걸음 하시는 분들 없길..,괜찮다
1072,카페마마스,해띠,"다이어트할 때 리코타치즈샐러드나 콥샐러드 먹으러 간다.파니니류, 샌드위치류는 별루.",괜찮다
1073,카페마마스,링고,회사가 근처라 몇번 먹었더니 냄새만 맡아도 질림.. 기름쩐내가 나서 별루 하나도 안건강한 너낌이다,별로
1074,카페마마스,Sasha,마마스 왜이리 갈수록 질이 엉망인가요. 더블치즈햄 파니니인가 치즈 두 가지랑 햄 들어간 파니니는 제대로 그릴이 안 되어서 치즈가 제대로 녹지도 않고 약간 차가운 느낌마저 나고. 머쉬룸파니니는 소를 다 흘린채로 프레스를 했는지 바닥쪽에 겉이 탄 버섯이 잔뜩 붙어있고. 레모네이드는 스퀴즈할 때 레몬 속껍질부분까지 너무 많이 짰는지 쓴맛이 너무 심해요. 일욜이라 홀에 사람도 많지 않았는데 홀 정리도 안 해서 테이블 위도 더럽고 엉망이고. 메뉴 자체가 대단히 맛있는 그런 집도 아니고. 그냥 무난하게 기본은 한다고 생각했는데 지점차이인지 시간이 흐를수록 점점 이런건지. 퀄리티 컨트롤이 엉망이네요.,별로
1075,카페마마스,Keaton,"소고기 가지 파니니 11,600마마스 스프(단호박) 7,400카페마마스 시청점, 점심시간에 갔는데 줄을 서 있을 정도로 인기가 많았다. 음식 나오기까지 20분-25분 정도 걸린 듯. 자리 사이사이가 좁아서 좀 불편했다.  우선, 스프는 별 기대 안했는데 스프가 정말 맛있었다. 스프 맛집이다. 고소하고 든든하고 부드러운 단호박 스프를 큼직한 빵조각과 같이 먹으면 천국에 다녀올 수 있다. 소고기 가지 파니니는 이런 비유가 미안하지만... 육즙이 가득한 만두를 먹는 느낌이었다 파니니에서 이런 맛을 느끼는 나도 이상하지만 정말 그랬다. 나쁘단 뜻이 아니고 정말 맛있었는데 내가 느끼기에 그랬단 말이다. 아무튼 그랬다.  친구들 데려와서 수다도 떨고 분위기도 내고 사진도 찍기 좋은 맛집이다. 추천추천~",괜찮다
1076,카페마마스,뿌꾸빵,가성비 최악,별로
1077,카페마마스,빙구,치즈 완전 맛있어요~,맛있다
1078,카페마마스,KimHeejong,마마스는 항상 일정 수준이상의 퀄리티를 보장해서 좋은 듯. 돈 아깝다고 느낀적이 한번도 없다.,맛있다
1079,카페마마스,김성호,단호박 샐러드(9.6)와 모짜렐라토마토파니니(9.8)를 먹었다. 단호박 샐러드는 정말 단호박을 잘 살린 샐러드였다. 소스는 요거트로 빵과 함께 먹으니 참 맛있었다. 파니니는 좀 싱거웠다. 피자맛을 생각하고 시키면 안된다. 늘어날 만큼의 모짜렐라 치즈와 자른 토마토가 들어가 신선함을 극대화 시킨 맛이다. 양은 둘다 풍족만족흡족. 가격이 비싸단 생각이 들 수 있지만 의외로 그 값을 한다. 신선함을 맛보고 싶다면 적극 추천한다.,맛있다
1080,카페마마스,영구빵,마마스시그니쳐 대박스... 풀은 적어지고 치즈 빵은 더 많고 이제 리코타치즈샐러드 안먹을거..... 딱 봤을 때 그렇게 양이 많은거 같지 않은데 치즈라서 그런가 엄청 배부르.. 수프도 따로 안 먹어도 대영 진짜 배터져영,맛있다
1081,카페마마스,아기새,"네 저눈 카페마마스 리코타치즈 중독입니다...ㅠㅠㅠㅠㅠ 어느 지역에서 누굴 만나든 그 지역의 카페마마스를 검색하는 ..... 고기가 안들어간 샐러드를 이렇게 맛있게, 전 지점이 균일하게 맛있게 하기 쉽지 않을 것 같은데 어느 지점을 가도 다 맛있어요감자 수프도 최고, 밀도도 느끼한 정도도 딱 좋았어요bbb 시청점은 아늑한 안쪽 공간이 있어서 특히 좋았습니다",맛있다
1082,카페마마스,꽃누리,점심때 가서 파니니 먹고왔어요.음식하고 연기가 제대로 안빠지는지 매장전체에 냄새가 가득..그거빼곤 음식은 아주 좋았습니다.다음엔 샐러드 먹어보러 갈 거에요!,맛있다
1083,카페마마스,Hepzi,"4.0소고기 가지 파니니아이스 카페라떼간단한 브런치를 먹으러 갔다. 뭔가 막연히 미국미국한 음식을 팔줄 알았는데 소고기 가지 파니니에는 되게 불고기 같은 고기가 들어있었다! 근데 그게 또 빵이랑 치즈랑 가지랑 잘 어울림. 맛있었다! 가격은 좀 쎈데 그만큼이 양이 많아서 혼자 배부르게, 하지만 더부룩하진 않게 브런치 먹기 딱 좋다. 난 요즘 위가 졸라 쪼그매져서 울면서 남겼다. 간식으로 먹을 거면 두 명이 하나 먹어도 충분쓰! 다음엔 그 유명한 리코타 치즈 샐러드와 궁금했던 까망베르 파니니를 먹어보고 싶다. 커피는 무난한 맛.뭔가 젊은 엄마들을 타겟팅했는지 카페에 어린 아이를 데려온 엄빠들이 되게 많았다. 그래서 이름이 카페 마마스인감,., 개인적으로 노키즈존을 별로 좋게 생각하지 않는 나한텐 되게 반가운 곳이었다.",맛있다
1084,카페마마스,영구빵,마마스 죠앙 오래 안가면 한번씩 생각남. 리코타치즈샐러드는 진짜 마마스만큼 하는 데가 없음. 시간 오래 지났는데도 치즈 양도 그대로고 음식 질도 여전히 그뤠잇이고 늠나 조은것. 이날은 먹다 흥돋아서 빵까지 리필해서 치즈 다 쳐발쳐발해서 머금 낄낄 이래서 샐러드를 먹으면서도 살을 못빼여ㅎㅎㅎㅎㅎㅎㅎㅎㅎㅎ 처음으로 청포도 말고 적포도쥬스 마셔봤는데 웬걸 이게 더 내취향 앞으로 마마스 가면 적포도 마실듯 진짜 굳굳 근데 씨가 이빨에 끼니까 나가기 전에 거울 바야대여 소고기가지파니니는 처음 먹어봤는데 음.. 개인적으로는 그냥 그랬음. 고기맛도 좋고 다 좋았는데 가지가 너무 건강한 맛이야... 나같은 초딩입맛들은 그냥 토마토치즈파니니나 허니뭐시기가 입맛에 더 맞을거임. 절대로 가지파니니가 맛이 없어서가 아닐거임ㅇㅇ 감자수프도 너무 먹고 싶었는데 이거만으로도 배터짐ㅋㅋㅋㅋㅋ,맛있다
1085,카페마마스,Gang's on,"망플 유저분들의 많은 사랑을 받는 맛집중 하나인 카페마마스 저도 한번 다녀와봤습니다. 저희는 모짜렐라토마토파니니, 소고기가지파니니, 키위쥬스와, 바나나호두꿀 주스을 마셨어요^^ 가격은 다 합쳐서 2.9만원 지불을 했구요. 여긴 리코타치즈샐러드와 청포도쥬스가 유명한 곳인데 아쉽게 먹어보질 못했네여. 담엔 그걸루 먹어보는 걸로 하고, 간단하게 리뷰 진행하면요. 평일 저녁 8시 반경에 방문을 했더니 웨이팅이 없었어요. 전체적으로 음식들이 혜자스러운 맛이 있습니다. 샐러드가게라고 무시하면 정말 큰코다칠것 같아요. 파니니도 생각보다 크기가 무지 커서 놀랐구요. 키위쥬스의 키위 농도도 엄청 짙어서 한번 더 놀랐어요^^ 소고기가지 파니니는 정말 맛있더라구요. 잘 익은 소고기의 질감과 가지의 질감이 잘 어울리고 맛도 조화로웠습니다. 가운데 들어있는 치즈도 아주 맛을 돋구웠구요. 다만 나이프로 잘라먹을때, 아무래도 소고기가 평면이 아니다보니 빵이랑 분리가 쉽게 된다는점이 아쉽긴 한데~ 맛있으니 그정도는 양해를 ㅎㅎ 모짜렐라토마토 파니니는 검은 색감의 빵에서부터 보는 재미가 있구요. 맛은 제 개인적으로는 소고기파니니를 먹어서 그런가 밋밋한 맛이 있었습니다. 다만 이것도 아주 훌륭한 편이라는 생각이 들었어요. 치즈가 아주 풍족히 들어있거든요^^ 치즈 좋아하시면 이 메뉴를 추천을 드려요 ^^ 첫 방문이었는데요. 만족스러운 식사를 즐겼고, 샐러드가게인데 배불리 먹고 나왔네요 ^^ 다음에도 재방문 무조건 할거에요! 추가 : 꿀호두바나나 쥬스는 그냥 바나나 맛이었어요^^;",맛있다
1086,카페마마스,부읍,좁지만 항상좋음,맛있다
1087,카페마마스,희희희,나는 솔직히 명성에 비해선 좀 실망스러웠음 ㅠㅠㅠ 청포도쥬스도 양 너무 적구...메뉴 자체가 맛없을 수 없는 메뉴라 평가가 어려움,괜찮다
1088,카페마마스,핑키뚱,"예전에 무지 사랑했던 카페마마스여름쯔음에 항상 청포도쥬스와 리코타치즈샐러드, 치즈파니니를 시켜 친구와 먹었었다. 치즈파니니는 암에 치즈가 들어있고 겉은 바삭한 빵 위에 꿀같은 소스가 발라져있어 먹다보면 굉장히 단 느낌이 있다. 그래서 계속 먹다보면 질리는 감이..리코타치즈샐러드는 다른데보다 치즈가 꾸덕하고 진한 맛이 난다. 빵은 리필도 됨! 근데 다른데 샐러드와 크게 다른점이 없고.. 둘이가서 저렇게 먹으면 밥먹은것만큼 값이 나옴. 그래서 괜찮다 줌.",괜찮다
1089,카페마마스,minimin,이젠 너무 자주가서 할말도 없는 마마스맛있죠 ㅎㅎ웨이팅만 없으면 짱!,맛있다
1090,카페마마스,이선우,치즈가 정말 꾸덕할정도로 자안뜩 들어있어 쭈욱늘어나는 빠니니!,맛있다
1091,카페마마스,with 퐁퐁,마마스는 청포도쥬스랑 리코타치즈샐러드 까망베르파니니가 맛있는 곳이에요!!,맛있다
1092,카페마마스,Seyeon.Y,"맛은 있는데 테이블간격도 너무 쫍고 시끄러웠다. 주말에는 별로 가고싶지 않은 분위기. 리코타치즈샐러드는 내가 먹어본 곳 중에 가장 맛있는 것은 사실이지만 베네피트에서 먹어본 거랑 크게 차이나지는 않았다. 청포도주스는 맛있는거 알고있어서 시켰는데, 겨울이기도했고 샐러드랑은 감자스프랑 더 어울렸을것 같다.",맛있다
1093,카페마마스,네이쳐,생각보다 웨이팅 안길구 괜춘! 리코타는 단연 마마스,괜찮다
1094,카페마마스,yn_h24,카페마마스 한참엄청 인기있을때는 웨이팅이 너무 길어서 갈 엄두를 못내다가 이번에 다녀왔어요. 리코타치즈샐러드 엄청 꾸덕꾸덕하네요! ㅎㅎ 발사믹이랑 같이 먹으니까 짱좋았어요. 또 점원분이 정말 친절하세요. 한가지아쉬운건 너무 테이블이 다닥다닥 붙어있어서 닭장같다는거 ㅠㅜ 평일 7시에 갔는데도 사람이 많더라구요. 여유롭게 식사를 즐기시려면 저녁 8시쯤 가는게 좋을거 같아요. 다들 그때는 먹고 일어나더라구요~,맛있다
1095,카페마마스,AlexTheFood,"감자스프 허니까망베르파니니 필리치즈스테이크 아메리카노.전체적인 좌석배치 및 분위기는 완벽한 카페.강남역 마마스에 비해 저녁시간에 대부분이 테이크아웃을 해가므로 생각보다 조용해서 좋았음.브런치로는 가격이나 맛이나 완벽하지만, 저녁으로 먹기에는 뭔가 부족했다.양은 굉장히 많으므로 남자가 가도 한 사람 당 한 메뉴 정도 시키면 될듯. 정 부족할 것 같으면 스프 정도 더 시키면 될 것 같다.",괜찮다
1096,카페마마스,영구빵,리코타치즈샐러드는 여기 따라올자가 없다. 사실 샌드위치를 별로 안 좋아하지만 토마토치즈파니니랑 까망베르치즈파니니는 맛있어서 가끔 가게 된다. 여기 감자수프가 또 기가 막히게 끝내준당 겨울에만 먹을수 있다는게 아쉽,맛있다
1097,카페마마스,Su Jung Yoon,괜찮다,괜찮다
1098,카페마마스,Eugenekim,수박주스메론주스 정말 크레이지 미친 맛이예요!그리고 파니니들도 다 맛있고분위기가 되게 좋아요~,맛있다
1099,카페마마스,유누,리코타치즈샐러드도 맛있지만 파니니가 진짜 기대이상으로 맛있었다~ 버섯파니니 특히 새콤한듯 버섯식감도좋고 발사믹소스도좋고!,맛있다
1100,카페마마스,지극히주관적인춈,맛도 가격도 다 최고! 제발 여기저기 많이 생겨라,맛있다
1101,카페마마스,져니,시청점이 제일꿀맛인듯,맛있다
1102,카페마마스,감자 복원기,한끼식사가격의  파니니  양도 한끼식사  여기보다  만난 파니니 찾기 힘들듯,맛있다
1103,카페마마스,Sevil,완전추천!,맛있다
1104,카페마마스,스머패트,리코타치즈셀러드는 말이 필요없는 곳! 가격도 저렴하고 너무 맛있다 :),맛있다
1105,카페마마스,YSL,청포도주스는 베이스로 주문하는 스테디셀러^^그 외 리코타치즈샐러드와 파니니 다 맛잇어요근데 웨이팅은 항상 있다는거..,맛있다
1106,카페마마스,Hye-song Jeon,"쭉쭉 늘어나던 치즈파니니 좋았어용~근데, 기다렸는데 추운날 밖에서 먹은건ㅠㅠ난로는 부분만 뜨거워서 끌수도 켤수도 없이 애매했어용",맛있다
1107,카페마마스,오성환 Sean Oh,"My only gripe is that they don't sell any chips to go along with sandwiches. Also, long wait is something I am not too fond of.",괜찮다
1108,도쿄스테이크,❤️거네❤️,"서울스퀘어 안에 있는 도쿄스테이크:)서울스퀘어의 물가답게 가격은 저렴하진 않습니다.비슷한 스테이크 덮밥을 파는 홍대 개미와 비교하자면 스테이크는 더 부드럽고 양념이 진했습니다. 소스를 아끼지 않은 맛이랄까. 그래서 초딩입맛이라면 도쿄스테이쿠를, 고기 본연의 맛을 좀 더 즐기고 싶다면 홍대 개미를 추천드려요! 개미가 미디엄 웰던이라면 도쿄스테이크는 웰던으로 나옵니다.그냥저냥 가볍게 먹기 좋은 덮밥인 것 같아요.#직장인점심추천",맛있다
1109,도쿄스테이크,무화과,"쇠고기를 먹고 싶다!! 를 외치며 도착한도쿄 스테이크.서울스퀘어점은 아무래도 서울역과 연결된 지하도를 이용하게 되는데특히 연결된 쪽에 노숙자들이 많아 좀 긴장하게 됩니다.조금 더 걷더라도 지상을 이용하심이...주문은 테이블에서 태블릿으로 주문하게 되어있어요.고기를먹으러 갔으나파스타 앞에서 또 흔들리고 말았습니다.고기는 샐러드로 시켜서 만족한 걸로 ㅎㅎ서비스도,음식 나오는 속도도,파스타와 스테이크 샐러드도 무난한 평타였습니다.서울역 근처에서 괜찮게 한끼 하기 좋은 곳인듯 합니다",괜찮다
1110,도쿄스테이크,유지수,스테이크 입에 넣자마자 녹고 맛있어요든든하게 한 끼하기 좋은 레스토랑이에요 가격대비 퀄리티가 좋고 기대이상으로 맛있었어요!스테이크랑 같이 나오는 감자 샐러드랑 파인애플 넘 잘어울리고 맛났어용 ㅎㅎ알바생분들이랑 사장님도 너무 친절하세용!!,맛있다
1111,도쿄스테이크,밍밍밍밍,김밥천국 일식버전이라는 아랫 분 리뷰가 딱이네요.맛있습니다.다만 우동그릇에서 립스틱 자국이 두 곳 나왔어요.,괜찮다
1112,도쿄스테이크,하루별,"김밥천국의 일식 버전같은 느낌!직원분들은 진짜 친절하셨어요주문한 음식 가져다 주실 때마다 미소 방긋방긋물 리필 요청할때두 웃으면서 가져다 주셨구요서울역이라는 지역 특성상 음식도 빨리 나오는 편덮밥이랑 스테이크,그리고 파스타 주문했는데요파스타는 제일 별로였어요ㅠㅠ음식이 모두 한번에 나왔는데파스타는 제일 먼저 만들어졌었나? 싶었는데면이 좀 많이 불어 있었고 소스 양도 적었어요음식 나오는 동안에 불면서 소스가 다 없어진듯한 느낌!안에 알이 들어 있어서 맛없을 수가 없을거 같은데ㅠㅠ 불어있어서 아쉬웠어요세가지 종류 중에서는 덮밥이 가장 맛있었어요고기는 부드러웠구요 적당히 기름기 있었어요아래쪽에 노란색 밥이 있었는데 특별한 맛은 아니구그냥 흰쌀밥 맛이랑 비슷했어요스테이크는 위쪽에 소스가 많이 뿌려져 있었는데찹스테이크 같은 스타일 함박스테이크 소스 같은 맛이었는데 자기가 직접 뿌려 먹을수 있게 해 주는게 좋겠다는 생각이 들었어요고기 자체는 괜찮았는데소스 맛이 쏘쏘했거든요그래도 완전 친절하셔서 기분 좋게 밥 먹을수 있었어요 서빙해주시는 내내 웃던 직원분 엄청 친절하셨어서아직도 생각나네요 :)",괜찮다
1113,도쿄스테이크,세라,돈코츠라멘을 시켰는데 사진에는 차슈가 있었는데 음식에는 차슈가 없고 차돌박이가 있었습니다. 허위광고가 심하네요. 9천원짜리 인스턴트라면이라고 생각하면 되요.,별로
1114,서가앤쿡,소미,서가앤쿡은 대구에서 올라온 맛집이쥬? 저는 한 10년전 부터 먹었던것 같은데 추억의 맛집입니다. 최근에도 다녀왔는데 맛 변함없이 맛있더라구요. 여기는 목살스테이크와 까르보나라 조합이 너무 좋아요. 믿고 먹는 맛집이니 서가앤쿡이 보이면 꼭 드셔보세요,맛있다
1115,서가앤쿡,단순이,"만족도 ☆☆☆☆☆폭립한상 - 37,900원게살오이스터파스타가 정말 맛있었다 매콤한 크림파스타!해산물 맛도 안나서 좋고 자꾸 끌리는 마성의 소스,,폭립은 두번밖에 안먹어봤는데 여기껀 좀 더 한국적인 맛인듯하다 전보단 아니지만 꽤 맛있게 먹었다!사실 별 기대 안하고 방문했는데 넘 내 취향인 파스타를 발견해버렸다.. 나중에 파스타 먹으러 또갈듯 동네로!",맛있다
1116,서가앤쿡,흔한 공대생,"이것저것 많이 먹을 수 있다.파히타도 시키고, 피자도 시키고, 에이드도 시키고, 또 치즈볼 들어있는 무언가도 시켰어요. 사주시는 거라 가격은 잘 모르겠어요.메뉴 하나하나 말하기에는 너무 많아서 뭉뚱그려 말할게요. 전체적으로 맛은 무난했어요. 존맛은 아니지만 노맛도 아닌 그냥 그런 맛. 가성비가 나쁘지 않은 편이라 그냥 이것저것 펼쳐놓고 먹고 싶은 사람이 간다면 좋을 거 같아요.다만 에이드에 보드카샷을 추가해서 먹었는데 라임이 한라봉보다 맛있다는 건 참고하셨으면 해요.",괜찮다
1117,서가앤쿡,나그네81,음식이 너무 짜요...,별로
1118,서가앤쿡,돼지냥,"서가앤쿡은 그냥 파스타랑 스테이크 가성비있게 둘다 먹고싶을때 ""ㅇㅇ한상"" 메뉴 먹으러 가던 곳인데 (뭔가 그냥 딱 평타 느낌??) 이번에 먹엇던 파히타는 먼가.... 내가 서가앤쿡에서 먹엇던 모든 음식중에 최고였다!!! 고기도 엄청 종류도 다양하고 양념도 다 달라서 골라먹는 재미도 잇고 다 맛도 괜찮앗음ㅋㅋ 서울역점은 위치가 좋아서 그런지 사람들 많았음",맛있다
1119,서가앤쿡,무이,"불친절한 직원, 한참 기다려도 안나오는 음식, 그렇게 나온 피자는 딱딱하고 밀가루 맛이 나고, 필라프는 헛웃음이 나올정도로 너무 짜고 너무 달아서 한입 먹곤 숟가락을 놓아 버렸다. 비싼 돈내고 배도 못채우고 기분만 상한 서가앤쿡완전 돈날림",별로
1120,서가앤쿡,화링,"맛	          ★★★☆분위기	   ★★★★가성비       ★★★★☆프랜차이즈라고 얕보고 한 두번 가다가 안 갔었는데 최근들어 꽤나 괜찮다는 걸 알게됐어요. 특히 필라프가 맛있어요!! 한상차림 메뉴가 진짜 괜찮은듯. 목살한상(29,800)과 라임모히토(8,000)를 시켰는데, 만족도가 꽤 높았음.매장안은 엄청 큰데 서울역 KTX 근처에 먹을만한 곳이 별로 없어서 그런지 종종 대기해야 하는듯? 항상 사람들로 붐벼요. # 목살한상(목살 스테이크 샐러드 + 새우필라프)한상차림을 시키면 메인메뉴 이외에 튀김(감자,고구마,연근)과 마늘빵, 옥수수가 같이 제공됨. 목살스테이크가 목살답지 않게 안부드러운것이 아쉬웠지만 필라프로 아쉬움을 달램.필라프는 밥의 쫄깃함? 정도가 반할을 차지한다고 생각하는데, 서가앤쿡 필라프는 기름을 많이 넣어서 그런지 쌀이 탱글하고 적당히 질었다. 다 먹고나면 기름이 참 많이 들어갔군..이라고 생각할 수 있으나 한국인의 입맛에 딱 맞춘 필라프라 생각함. 새우도 생각지 못하게 토실한게 만족도를 더 높여줌!",맛있다
1121,서가앤쿡,쟌느,아기의자가 여기밖에 없고 웨이팅도 없어서 갔다. 생각같아서는 토끼정이 끌리지만 도언이 이모 점심시간 내에 밥 먹고 가야해서 ㅋㅋㅋ 무난하게 목살 한상을 시켰는데 맛도 무난하다. 그래도 외식이라고 나는 허벌허벌 맛있게 먹었음. 서가앤쿡은 계란후라이가 은근히 매력적인 것 같다. 뭔가 더 식욕을 자극해 ㅋㅋ,괜찮다
1122,서가앤쿡,밥보다 맛!,알다시피 모두 아는 그맛.자리 넓고 매뉴얼대로 친절해서 추천,괜찮다
1123,서가앤쿡,맛두이안 ,치즈 한상이라기에는 다소 부족한듯한 치즈의 부재와 약간 어설피 탈피한듯한 밀가루맛을 가진 테두리란..파스타는 평타치. '썩 좋지도 크게 나쁘지도 않다'란 평가는 이 집에 딱 맞는 평 같다. 만약 이 집을 다시 가게 된다면 이유는 당장에 배고프고 이테리 음식이 끌리는데 눈에 보이는 '나쁘지않은' 이테리 음식점이 여기 하나라서였기 때문일 것이다.,괜찮다
1124,메이드인시카고피자,wjjdi,진짜 별로에요...돈 너무 아까움 시카고피자 드시고 싶으시면 그냥 다른 곳 가세요,별로
1125,메이드인시카고피자,르웬,"이 근처에서 시카고피자는 여기밖에 없을걸!시청, 남대문쪽에서 화덕피자를 다루는 이태리음식점은 많은데 미국식피자, 그것도 시키고피자를 파는 곳은 거의 전무하고 이 곳이 유일한것같다. 그래서인지 큰 메리트를 잘 모르겠는데도 벌써 몇년째 성황리에 운영중에 있다!6인치, 8인치 피자로 2, 4명에 따라 맞게 크기를 선택할 수 있고 콤비네이션, 불고기, 베이컨, 하와이안 등 기본에 충실한 범위에서 선택할 수 있다. 피자는 그럭저럭 괜찮은 맛이지만, 핫도그나 샐러드는 다소 아쉬워서 굳이 세트메뉴로 주문하지않고 피자만 즐거도 괜찮을것같다. 창가에는 덕수궁!까지는 아니고 대한문 입구가 보이는 뷰라 나름 시원하게 괜찮다!",괜찮다
1126,메이드인시카고피자,눈이베롱!!!,- 이 날은 불고기랑 페퍼로니 시켰는데 둘다 존맛임!!!어쨌든 절대 실패 없는 시카고 피자!!근데 솔직히 시카고 피자는 웬만하면 다 맛있긴 함!- 덕수궁 바로 앞에 있어서 덕수궁 올 때마다 홀린 듯 들어가는 것 같음… 벌써 몇 번째냐구ㅜㅜ,맛있다
1127,메이드인시카고피자,YSL,덕수궁 돌담길 초입 근처에 있는 시카고 피자집이다. 2층에 위치하고 있는데 점심시간 좌석이 꽉 찰 정도로 사람 꽤 많앗음 ㅎㅎ B세트 시켜서 콤비네이션 피자+포테이토+음료2개 시켰다. 당연히 8인치 짜리시켯는데 생각보다는 별로 안크고 일반 레귤저 정도 사이즈보다 아주 조금 더 큰듯 했음.. 피자는 두툼하니 무난하게 먹을만 했는데 올리브가 정말 왕창 들어갔다는 점만 인상적이었음. 감자튀김도 두툼해서 맛있었으나 양 부족할까봐 추가로 시킨 오븐스파게티 소스가  몰려있고 맛도 걍 그저그랫구요.. 창가자리는 은근 분위기는 괜찮은데 맛이랑 가성비 따지면 그냥 전반적으로 평범합니다,괜찮다
1128,메이드인시카고피자,혼밥생활,"덕수궁을 바라보며 먹는 피자, 메이드인시카고 피자피자는 언제나 옳다. 거기에, 치즈가 듬뿍 들어간다면 금상첨화이다. 치즈가 흘러 넘치도록 꾹꾹 쑤셔 넣어서 만든 시카고 피자를 그 누가 싫어할까? 그러나, 치즈가 식어간다면 이야기는 달라진다. 시카고 피자의 묘미는 흘러 넘치는 치즈지만, 만약 이 치즈가 굳는다면 그만큼 시카고 피자의 매력은 급격히 떨어진다. 애초에, 치즈만 바라보고 만든 피자인데, 치즈의 매력이 없다면 시카고 피자를 먹는 의미도 없다. 그리고, 시카고 피자 맛집들은 이 부분을 잘 알고 있고, 메이드인시카고는 이를 간과했다. 치즈는 실온에서 고체 상태를 유지한다. 그렇기에, 조리가 끝난 이후의 시카고 피자는 본래의 부드럽고 탐스러운 상태에서 금방 딱딱하고 맛 없는 형태로 전락하게 된다. 갓 나온 메이드인시카고의 피자 맛은 훌륭한 편이였다. 그러나, 피자가 나온지 10분 후의 맛은 원래 상태의 반도 따라가지 못했다. 덕수궁은 커플들이 주로 찾아오며, 커플들은 식당에서 이야기를 하면서 오래 체류한다. 메이드인시카고는 이러한 주 소비층의 행동을 세심하게 고려하지 못했다. 피자의 치즈가 굳지 않도록 촛불을 밑에 깔아주는 등의 세심한 측면도 고려했으면 더 좋았을텐데...",괜찮다
1129,메이드인시카고피자,세비니,치즈가 왕창 들어있는 시카고 피자다만 크기에 비해 가격대가 ㅠㅠ맛있으니 봐준다...,맛있다
1130,메이드인시카고피자,우영,처음 시카고 피자를 먹었을때의 기억이 별로라 크게 기대는 안했는데 꽤나 괜찮았다. 다른 시카고 피자에 비해 덜 느끼하다. 다만 핫도그는 딱히 맛있지는 않았다.,괜찮다
1131,카니발피자,yoom,"서울 스퀘어 지하 1층에 위치한 카니발피자피맥이나 식사하기 괜찮은 매장이에요숯불갈비 샐러드 파스타와 크레이지 포테이토, 스피니치마스카포네 피자2가지 주문해서 먹었는데 양이 충분합니다피자 도우도 쫄깃하고 맛있어요 스피니치는여린 시금치잎인데 부드럽고 고소합니다피자도 파스타도 전반적으로 만족스러웠어요",괜찮다
1132,카니발피자,❤️거네❤️,거의 10년만에 방문한 카니발피자! 예전엔 동그란 모양이었던 걸로 기억하는데 네모피자로 바뀌었더라구요 페퍼로니와 감자튀김 피자를 먹었는데 맛있었어요:) 하프앤하프가 되서 더 좋았습니다. 같이 시킨 떡볶이파스타는 좀 더 특별한 맛을 기대했는데 떡볶이에 파스타면을 넣은 맛이더라구요.메뉴가 전반적으로 무난무난해서 낮맥하기도 좋은 것 같습니다. #피맥맛집,괜찮다
1133,카니발피자,마시쪙,직원을 정말 열심히 불러야오는 테이블에 앉아서 기분이 좋지않았음 ㅠㅠ 사각지대..그 기분을 가지고 피자를 먹으니 맛도 느껴지지 않았어요맛없지않은데 맛있지않아서 안갈것 같아용ㅋ다녀온지 정말 오래됐는데 이렇게 기억이안나고 간적도 없는걸 보면 재방문 할 필요는 없을 듯...,별로
1134,카니발피자,밥보다 맛!,"서울스퀘어 안에서는 확실히 주말에도 사람들이 가는 음식점.프리미엄, 보통 급별로 나눠서 피자를 반반으로 골라서 시킬 수 있다는  점과 피자가 중상이라는 점도 좋고,피자집에서 소주가 메뉴에 있단 건 특이하고.아쉬웠던 건, 커틀러리가 그다지 깨끗하지 않아보였단 것. 뭔가 음식얼룩이 있어서 닦았는데 실제 티슈로 닦이는 얼룩은 아니고..... 내 거만 그런건 아니고 가장 아쉬웠던 건, 홍합껍질로 보이는 게 치즈폭탄 피자 안에 섞여있어서 씹다가 진짜 깜놀했던 것. 진심 피자빵과 토핑사이에 몇 개가 있었다.피자안에 있음 안되는 이물이나 요리재료 중 하나이긴 했다.그냥 부야베스만들고 피자  재료가 섞였다고도 볼 수 있지만  그케 정신없이 만들어야할 정도로 주방직원이 적은게 아녔을까 싶다. 그냥 내가 그 때  있었던 것이니 괜찮다로 표시. 재방문의사는 있고 다음엔 다른 피자는 먹어볼 예정이다.  시금치와 리코타? 마스카르포네? 치즈가 있는 피자가 개인적으로는 치즈폭탄보다 좋았다.",괜찮다
1135,카니발피자,*,#숯불갈비샐러드파스타 #반반피자(스피니치마스카포네치즈+크레이지포테이토)평일 저녁이었는데 웨이팅 약 30분했음.서울스퀘어 지하에서 여기가 제일 인기가 많은듯.오래전 핫했던 카니발피자를 뒤늦게 방문.이곳의 시그니쳐메뉴 두가지를 주문했다.샐러드파스타는 저렴한맛이었고 (별로였다...) 반반피자는 맛있었다. 도우가 진짜 맛있음. 특히 스피니치마스카포네치즈피자 한조각 딱 먹자마자 '오 이거 뭐야ㅇ.ㅇ???' 눈이 휘둥그레졌다ㅎㅎ 크림치즈 달달느끼한조합이 아주 베리굿!다른거말고 재방문한다면 저 피자는 다시한번 꼭 먹어보고싶다ㅎㅎ,괜찮다
1136,카니발피자,묘성연,"페퍼로니, 마스카포네 반반햄, 감튀 반반파스타 묵음많이도먹었네도우가 생각보다 얇은데 치즈가 많음페퍼로니는 뭐 원래 페덕이라 맛있었고마스카포네는 달짝지근 치즈피자인데 안어울릴거같았지만 괜찮았음감튀피자는 진짜감튀가 올라간피자라 맥쥬안쥬임기본이상은 하는듯소주팔아서 생맥에 소주말아서 먹음 츕츕",괜찮다
1137,카니발피자,수연,완전 맛있었어요!샐러드 피자가 정말...리코타 치즈 듬뿍에 소스가 참 독특하니 맛나요치즈 피자는 멕시코 치즈 퀘사디아 맛나요숯불갈비? 샐러드파스타도 타코 느낌으로아주 맛있었어용,맛있다
1138,카니발피자,솔직하게 써보지,서울스퀘어 카니발 피자 half & half 로 두 종류를 주문했는데 선택의 실패인지 피자매니아임에도 좀 물리는 느낌이 있었어요. 계속 피클과 함께 먹었습니다...피자 자체는 맛있었는데 둘이 가서 한 판 시키기에 저 조합은 좋은 선택이 아니었던 것 같아요. 하나를 좀 매콤한 걸 시켰어야...,괜찮다
1139,카니발피자,식탐모찌,피자는 무난한 맛그렇게짜지도 않고 적당한 간정말 맛있던 건 닭날개5조각이엇나달착 짭잘 껍질은 부들 속은 부들한 맛양은 적어 아쉬웠음클로징 시간이 9시였나 좀 일러서 금방 나와야했음,맛있다
1140,카니발피자,카레,그냥 3점짜리 피자맛이에요특출나지도 않고 그냥 피자맛,괜찮다
1141,코요테살룬,개굴,맛있는데 비싸요점심으로 먹기 좀 무거운데 그래도 여자 손님들 많아요피자 파스타 좋아하시면 나쁘지 않으나수요미식회니 이런 얘기 듣고 기대하면 실망합니다진짜 일반 피자집이니 기대하지 마세요,맛있다
1142,코요테살룬,마이부엉,검색해서 갔는데 수요미식회 맛집이라고 하는데 피자가 그정도까지인지는 모르겠지만^^어린게튀김 너무너무 맛있었어요.. 맥주안주로 최고~~ 퇴근후 맥주 꿀맛 ㅇㅈㅇㅈ피자는 할프앤할프로 주문이 가능해서 좋았고 치킨페스도.. 맛이 있더군요.,괜찮다
1143,코요테살룬,먹방꼬북,맥주 종류가 다양하고 맛있다,맛있다
1144,코요테살룬,Capriccio06,서울로 근처에 새로 생긴 지점. 피자와 다양한 맥주를 판매해서 간단하게 저녁모임 하기 좋다. 피자는 하프/하프 선택할 수 있는데 도우도 쫄깃하고 무난하게 맛있다. 간이 좀 센편인데 시저 샐러드도 짭짤한 느낌이 강했다. 맥주 안주로 같이 먹기는 무난하고 워낙 맛있는 피자집이 많아서 피자만 먹자고 따로 찾아가지는 않을 듯.,괜찮다
1145,스패뉴,르웬,"한국패치가 가미된 파스타 가게!시청근처다보니 광화문쪽과 달리 제대로 엄지척하는 이태리 식당은 거의 없는 편이다. 그래서 무난무난한 파스타집으로 많이들 찾는 이곳은 예전 학교식당에서 나오는 파스타, 또는 엄마가 주말에 해주는 풀무원표 파스타?? 정도의 맛으로 피자도 리조또도 식전빵도 스테이크도 샐러드도 모두 그냥저냥한 맛이다. 그렇다고 또 맛없지도 않은게 함정!ㅎㅎ가격은 파스타와 피자 모두 평균 17,000원대로 런치에는 4,000원만 더 추가하면 샐러드와 음료까지 포함된 세트가 있어 점심 회식용으로 자주 가는곳!장소를 이전했는데 인테리어가 그닥 좋아지지않은것도 함정!ㅎㅎㅎ",괜찮다
1146,스패뉴,서울푸디,평범,별로
1147,스몰하우스빅도어,어젠,커피만 마셔봐서 잘 모르겠지만 내부 인테리어가 정말 맘에 들었다. 을지로입구역에 프랜차이즈점 카페 외에 이정도 넓이의 카페가 있구나 했다. 알고보니 관광호텔이라는... 담엔 브런치 메뉴 먹으러 가보고 싶음,맛있다
1148,스몰하우스빅도어,맛있어야한다,"위치는 찾기 조금 어려울 정도로 외진 곳에 있지만. 조용하고, 넓고, 분위기 좋고, 무엇보다 음식이 맛있다. 중구 다동 주위에서 유일하게 여유로운 브런치를 즐기기 좋은 곳",맛있다
1149,스몰하우스빅도어,형석,"분위기와 음식 , 음료 모두 나쁘지 않다 good",괜찮다
1150,스몰하우스빅도어,ㄱㄱㄱ,"일단 호텔로서의 리뷰는 수온조절이 잘 안되는것과 욕조화장실이 좀 쾌쾌한 것 빼고는 부티크 호텔의 기본적 감성(인테리어, 로비, 어메니티..)에 잘 부합하는 곳. 일층 비스트로의 음식들 또한 평균 이상이다. 복잡한 명동에서 조용하고 한가로운 곳을 찾는다면 이곳을 추천.",맛있다
1151,스몰하우스빅도어,AP,"오래된 건물을 리노베이션해서 만든 부티끄 호텔의 비스트로. 3D 프린터로 인테리어를 해서 재밌어요. 음식은 보통이고, 의자는 약간 불편하지만, 여기 베리 디저트가 너무 훌륭해서 자꾸 가게 됩니다",맛있다
1152,텐시노키친,❤️거네❤️,"매장 분위기가 늘 뭔가 어수선해서 자주 발길이 가지는 않는 곳이예요. 그치만 근처에 해산물뚝배기파스타를 파는 곳은 여기밖에 없기에.. (그 다음 가까운 곳이 정동길 어반가든인데 점심시간에 다녀오기엔 촉박스)전반적으로 그냥 무난무난하고, 사실 점심때 양식.. 특히 파스타가 잘 생각나진 않는데 여긴 파스타인데도 국밥의 얼큰 감성이 있어서 그나마 선택지에 넣는 곳입니다. 가격대도 평균 1.5 정도로 나쁘지 않아서 파스타를 먹지만 얼큰한 맛을 느끼고 싶을때 가면 좋을 것 같아요.매번 쑤고만 먹어서 다른 파스타는 잘 모르겠는데 쑤고 외에는 이 집만의 특성은 없어서 굳이 가지는 않을 것 같음의외로 웨이팅해서 서비스로 주신 시저샐러드가 맛있었습니다. 다음에 샐러드 본품으로 시키고 싶게 만든 맛.#직장인점심추천",괜찮다
1153,텐시노키친,Wandering Consultant,"평일 점심 방문.  경찰청 건너편 KG빌딩 1층에 위치한 이탈리안 레스토랑. 사이트 배정됐을 때부터 가보자는 말만하고 결국 8개월만에 처음 방문함. 점심시간에 보면 항상 사람이 적길래 큰 기대는 안 했으나 그 기대에도 못 미치는 식당이다.   ✔️삶기의 정도는 둘 째치고 스파게티 면 자체가 맛이 없다. 학창 시절 급식실에서 영양사 아주머니가 거대한 냄비에서 떠주던 대량으로 삶아놓은, 밀가루 냄새가 풀출 나는 면이 생각남. 쑤고 국물은 야채수프 먹는 맛으로 좀 떠먹었는데 해산물의 시원함이 우러난 맛은 전혀 아니다. 새우크림 스파게티는 굉장히 밍밍하고 오히려 브로콜리 맛이 더 강하게 난다. 먹다보니 뭉친 파마산 치즈가 통째로 나와서 당황함. 식사할 때 거의 안 남기는 편인데 이런 음식으로 배를 채우는게 너무 소모적인 느낌이라 동행도 나도 채 반도 안 먹고 나옴.   - 쑤고 15,900원  - 새우크림 스파게티 14,500원",별로
1154,텐시노키친,deannn,맛있다최고의 맛까지는 모르겠고분위기도 낫배드지만음식 대부분 맛있게 만든다!,맛있다
1155,한일관,춘,그 유명한 한일관이 이제는 여러 곳에 지점을 냈고 조금은 젊어진 모습을 보이는 듯 하다.서울역 연세빌딩에 위치한 한일관 지점은 점심시간에 walk thru라고 한식 뷔페를 한다. 다만 너무 기대하고 오면 실망할 수 있겠다. 한식 반찬들을 먹고싶은 만큼 덜어 먹는 개념 정도로 이해하면 될듯.김치 나물 등과 함께 잡채 돼지두루치기 등이 나오는데 그래도 뷔페 좋아하시는 어르신들을 모시고 온다면 좋을 것 같긴 하다.갈비탕은 조미료 맛이 덜하면서 담백한게 맛이 좋았다. 확실히 고급스러운 갈비탕의 느낌. 고기도 질이 좋았고.. 한식뷔페를 같이하면서 갈비탕 양을 좀 줄였는데 나쁘지 않았던 것 같다. 아참.. 갈비와 함께 아롱사태가 들어 간 것도 음식의 고급스러운 풍미를 높여 줬던 듯. 따님들이 한일관을 물려 받으시고 시스템도 개편되고 뭔가 현대화 되는 것 같은 느낌인데.. 음식 맛을 잘 유지하면서 시스템을 개선시키는 변화는 개인적으로 좋게 느껴졌다.,맛있다
1156,한일관,진짜맛,"서울역점 한일관을 평일 점심에 이용. 인근 직장에서 단체로 많이들 찾아서 12시에 도착해서 웨이팅이 있을 정도임. 본점은 압구정점이라는데 지점마다 구성되어 있는 메뉴나 가격이 다른가봄.메인 메뉴(육개장, 냉면, 비빔밥)을 택일하고 뷔페식으로 샐러드, 고기류, 잡채 등 몇가지가 있음.무엇보다 쾌적하고 깨끗한 분위기와 정갈한 음식에서 충분히 만족할 수 있고 가격대도 나쁘지 않음(11,900)누구나 와보면 가성비 좋은곳이라 생각들만한 곳임!단, 뷔페라 해서 엄청 다양한 메뉴를 생각한다면 그건 고려해봐야 함.가끔 한번씩 가보면 좋을듯!",맛있다
1157,한일관,benedetta,"/갈비탕/다른지점과 다르게 샐러드바?같은 같은 뷔페를 운영메인메뉴 하나시켜놓고 여러가지 반찬류의??메뉴를 이용하기 좋은듯. 식후 커피나 음료,매실차,아이스크림 같은 것들도 있다.플레이팅이나 인테리어가 깔끔한맛에 이용하기 좋다.양이 많진않다. 약간 비싼듯한 가격대여서 평일 점심에 누가 사주면 가기좋은 식당이다 ㅋㅋㅋ",괜찮다
1158,한일관,박희영,밥먹고 힘내고 싶을 때 한번씩 갑니다. 기본식사+부페 구성도 괜찮고 디저트 아이스크림도 맛나요.,맛있다
1159,한일관,Capriccio06,"신사에서 단품메뉴 주문하는 것과 다르게 서울역 지점은 오피스건물에 입점해서 그런가 샐러드 포함 몇가지 반찬을 부페로 운영하고 식사를 주문하면 약간 작은 양이 나온다. 샐러드나 반찬도 깔끔하고, 메뉴도 조금씩 바뀐다. 식사로 선택할 수 있는건 밥종류 (골동반,육개장or우거지탕,갈비탕)와 만두국,냉면 정도이다. 오픈초 보다 최근 식사에 포함된 반찬이 조금 부실해졌지만 부페를 이용하면 비슷한 수준인듯. 육개장 좋아하는데 우거지탕이랑 교대로 운영하고 , 우거지탕이 더 자주 있어서 슬프다. 13천원~2만원 선이라 데일리 점심으로 먹기는 가격대가 좀 있지만 깔끔해서 가끔 가게된다.",괜찮다
1160,피셔맨스키친,사냥꾼,크리스마스 이브때 먹은 이탈리안 식당.피자도 맛있었지만로제 스파게티 먹고 뿅 가버린.돈 내고 분위기 즐기러 와서 후회하지 않을 맛이긴 하나 가격이 좀 세서 약간 아쉽다.,맛있다
1161,피셔맨스키친,맛있다냥,"서울역 근처 모임하기 좋은 곳!!사진은 씨푸드토마토+버섯크림리조또+안심인가채끝인가...ㅋㅋㅋ 사진은 없지만 보리샐러드도 같이 시켜먹었는데 모든 음식이 전반적으로 맛있었어요ㅋㅋ 스테이크는 쏘쏘,,,ㅋㅋ분위기나 맛을 생각했을때 모임 장소로 부족하지 않았던 것 같습니다 :)",맛있다
1162,피셔맨스키친,맛있다냥,서울역 근처 모임하기 좋은 곳!!사진은 씨푸드토마토+버섯크림리조또+안심인가채끝인가...ㅋㅋㅋ 사진은 없지만 보리샐러드도 같이 시켜먹었는데 모든 음식이 전반적으로 맛있었어요ㅋㅋ 분위기나 맛을 생각했을때 모임 장소로 부족하지 않았던 것 같습니다 :) 단점은 가격...?,맛있다
1163,피셔맨스키친,스웨에엑,솔직히 말할게요음식은 짜고.. 샐러드바만 이용할거면 낫배드.근데 만드는 음식은 형편없어요..,별로
1164,양파이,르웬,"내기준 시청.광화문 일대 양갈비 원탑!시청. 광화문 근처에 양갈비집이 많지만 여의도나 강남쪽 대비 맛있게 먹었던 기억이 크게 없는데, 새로생긴 이 프랜차이즈에서는 가격도 괜찮고 맛도 선방했다!리미티드인 프렌치랙이라는 양갈비는 질기지않고 잡내도 없어 부드러웠고, 양등심은 거의 고급 소안심급으로 부드럽고 쫄깃했다. 양꼬치도 안먹어볼 수 없어 시켰는데 양념간없이도 특유의 양고기 맛으로 승부봐서 배만 안불렀으면 더 주문하고싶을 정도였다. 가지요리는 다른 가게와 달리 마라양념으로 볶아서 더 감칠맛났고, 밑반찬도 파무침, 짜사이, 땅콩 모두 맛있었다. 재방문의사 매우 있고, 지인들 추천의사도 매우 있다!아! 직원분들과 사장님도 매우매우 친절하셨다!",맛있다
1165,비어바나위드비밀,먹방꼬북,"예쁘고 감각적인 매장, 맛난 수제맥주",괜찮다
1166,마르셀,영구빵,"제가 사진을 못 찍어가지고 받은 사진으로 올려봅니당ㅇㅇ분위기 좋게 한끼하고 싶은데 광화문 근처에서는 또 의외로 그런 데 찾기가 쉽지 않아서 그냥 무난하게 마르셀로 갔어요. 지인은 마르셀에 처음 가본건데 분위기 좋다고 너무 즐거워하셨어요. 음식도 다 처음 먹어보는건데 너무 맛있다고 좋아하셨어요. 근데 둘이서 메뉴 세개 시켰는데도 양이 좀 적어서 나가서 디저트도 왕창 먹었어요ㅎㅎㅎㅎ저도 일부러 뇨끼 빼고 전에 안먹어본 메뉴로 시켰는데 다 존맛탱ㅠㅠ 제 입맛에 넘나리 잘 맞는 것.. 비프 아란치니도 파삭파삭하고 진짜 맛있구요, 오리 닭가슴살도 부드럽고 난리...기념할만한 일이 있어서 미리 예약할 때 말씀드렸더니 크렘브륄레도 주셨어요. 넘나리 친절하신 것ㅠㅠ",맛있다
1167,마르셀,HP7,토요일 8시 넘어 갔더니먹고싶었던 뇨끼와 튀김이 다 매진되어생각에도 없던 메뉴를 먹음판단보류재방문 해야됨,괜찮다
1168,마르셀,냐모냐,광화문 가성비 파인레스토랑오랜만에 파인레스토랑은 가고 싶은데 돈은 아끼고 싶고 하는 마음에 찾다가 발견했다ㅎㅎ외관: 인테리어와 분위기는 합격!! 옆 테이블에 소개팅하는 커플을 보니 잘 찾아왔네 싶었다ㅎㅎ음식: 음식은 전체적으로 맛있었다ㅎㅎ 인생 첫 감자뇨끼!! 기대하고 갔으나 그냥 개인적 취향으로 뇨끼는 나랑 안 맞는 걸루ㅠㅅㅠ결론: 그래도 만족스러운 식사,맛있다
1169,마르셀,인더맵,맛있다와 괜찮다 사이.사진엔 나오지 않았는데 어란 스파게티도 주문했습니다. 오리 스테이크는 맛있고 구운 야채도 괜찮았어요. 하여튼 전부 무난무난하게 괜찮은 편입니다. 이 근방에 이런 분위기의 집이 아주 많지도 않고 해서 평일 저녁에도 예약은 필수입니다.디저트쯤 되어서는 너무 배불러서 더 이상 못 먹겠더라구요. 추천받아서 마신 글라스 와인도 식사와 잘 어울렸습니다.,맛있다
1170,마르셀,영구빵,여기 예전부터 너무 가보고 싶었던 곳인데 드디어..!! 흔한 듯 안 흔한 메뉴들도 있어서 좋았당 식기도 예쁘고 플레이팅도 예쁘고 눈과 입이 동시에 즐거웠던 식사였다ㅎㅎㅎㅎ 정보 하나도 안 찾아보고 그냥 가서 끌리는걸로 시켰는데 다 성공이오따 이 정도면 모든 메뉴가 평타 이상인거 아닐까여 헤헤 분위기 좋은 식당가고 싶을 때 무난하게 가기 좋은 곳인거 같아요. 낮에 찌들어 있다가 이런 데 가니까 기분 전환도 되고 너무 좋았어용ㅎㅎㅎㅎ,맛있다
1171,마르셀,muk_so.o,생일 기념 음식 1트러플풍미의 버섯크림 생면빠빠르델레/ 일단 향부터 트러플향이 강하게 진동한다.‘나 트러플이야를 외친다’면은 생면이라 그런지 부드럽게 잘 넘어가고 소화도 잘 되는 느낌이다. 생면의 매력에 빠진 것 같다.소스도 맛있다. 트러플과 버섯크림이 잘 어울린다.생각보다 조화가 좋다. 둘다 강하게 자기 어필을 하고 있다. 특히 크림은 트러플 오일에 묻힐 것 샅은데 밀리지 않고 오히려 트러플 오일 덕에 크림의 풍미가 사는 느낌이다.홍게살 로제 딸레아뗄레/ 로제 파스타 덕후는 또 안 먹어볼 수 없었다.다른 곳과 비교하자면 간이 덜 세고 해물맛이 많이 난다. 해물 파스타맛. 아무래도 다른 파스타 집은 토마토나 크림의 비율에 맛이 좌우하는데 여긴 살짝 결이 다른 느낌이다. 간혹 다른 파스타집의 로제 파스타도 해물맛이 나는 경우가 있는데 여기도 그런 경우이다.맛이 괜찮았다.브라운버터소스와 로즈마리풍미의 구운감자뇨끼/ 아마도 내 인생에서 먹어보는 두번째 뇨끼.처음 뇨끼가 별로 였어서 그런가 제대로 된 뇨끼를 만났다. 처음 먹을 때 뜨겁지만 감자 옹심이와 그 안에 부드러운 치즈가 소스와 만나 금방 씹고 넘어가서 아쉽다. 소스가 브라운버터소스라는데 난잘모르겠고~ 소스와 뇨끼가 잘 어울려서 맛있었다.이 집의 단점은 양이 적다.. 담에 가면 더많이 시켜 먹어야지.#먹어서응원,맛있다
1172,마르셀,JENNY ,"시청 근처 호텔에 있을 때 방문해보고 정말 오랜만이에요. 사실 안 가본 곳을 가고 싶었지만 광화문 근처에 파스타 맛있게 하는 곳이 이렇게 없던가요..? 혹시 알고 계신 분은 알려주세용~ㅎㅎ 호텔 한 켠에 있을 때보다 더 넓고 캐주얼해요, 직원들도 다들 친절하고 편안한 분위기네요. 식전빵은 마늘빵이 나오는데, 이건 그저 K-양식당 식전빵. “마르셀 오리지널 봉골레 스파게티” - 개인적으로 토마토가 들어간 봉골레 파스타를 좋아하긴 하는데 이것도 맛있게 먹었어요. 조개도 여러 종류 들어가 있어서 보기에 예쁘고 맛있어요. 요거는 리가토니에 비해 좀더 짭짜름하지만 역시 그리 강한 편은 아니라 호불호 크게 안 갈릴 스타일. “블랙 트러플 카치오 에 페페 리가토니” - 예상보다 맛있어요, 기대가 크지 않았어서 그랬겠지만요ㅎㅎ 트러플향은 적당한 정도고 미니 리가토니가 먹기 좋게 익혀져 나왔거든요. 여기 예전에 먹었던 빠빠델레도 그렇고 알덴테보다는 살짝 더 익혀져 나오는 것 같은데 그렇다고 푹 익혔다는 것은 아니라 부드럽게 먹기는 좋아요. 소스도 마일드한 편이라 비교적 호불호 크게 안 갈릴 스타일이에요. 오랜만에 왔는데 파스타가 기본 이상은 하는 곳이라 잘 먹고 가요. 하지만 크게 임팩트 있게 맛있는 건 아니라 또 올 진 모르겠지만 이 근처 마땅한 곳이 없다면 추천해요.",괜찮다
1173,마르셀,쀼쀼,"괜찮긴 했는데.. 가격에 비해 가지 라자냐 재료가 부실했던 것 같아요 뇨끼는 맛있긴 했는데 양이 너무 작았어요.. 내부는 깨끗하면서 크고, 좌석도 편한데 음식이 많이 아쉬웠어요",괜찮다
1174,마르셀,머큐리 ,"맛있고 친절하고 예쁘고 편안하다. <마르셀>정도를 아는 마르셀, 그래서 추천하기도 함께하기도 좋은 공간가성비까지 좋다니 너무행",맛있다
1175,마르셀,네씨,감자대파 스프 2/10와규 스테이크 8/10브라운소스 뇨끼 10/10,맛있다
1176,마르셀,용산구에서 가장 귀여운 개 김쪼꼬,"시청점 마르셀 참 좋아했는데... 시청점이 문을 닫아서 광화문점으로 갔습니다. 위치는 이쪽이 훨씬 편하네요!뇨끼와 트러플 파파르델레, 아란치니를 먹었어요. 메뉴 선정이 살짝 미스였던 것 같아요. 뇨끼도 파파르델레도 아란치니도 다 느끼하고 헤비한 맛이라... 딱히 흠 잡을 것은 없는 맛이었지만, 그렇다고 엄청 맛있지도 않은..! 파파르델레 면을 살짝 덜 익혔으면 더 좋았을 것 같아요.안에 다진 소고기와 토마토 소스가 들어있는 아란치니는 시청점에서 되게 맛있게 먹었는데, 여기 건 임팩트가 덜했어요. 라비올리 소스 찍어먹으면 익숙하고 아는 맛이지만 나쁘지 않아요.",괜찮다
1177,마르셀,다소루,분위기가 정말 좋아요들어가자마자 아 여긴 소개팅 장소라고 생각했어요뇨끼가 최고고 다른 거도 평균 이상입니다가격은 좀 있어요,괜찮다
1178,마르셀,카일뤼,"동아일보뷰가 인상적인 곳디저트랑 커피류만 맛보고 식사는 못해봤는데 궁금하다 ㅠㅠ 크림브륄레도 섬세한 커스터드 크림이 좋았고, 호기심에 시킨 모히또 커피는 음 도전의식을 불태운 것으로 만족했지만 ㅎㅎㅎ 좀 덜 달고 더 향긋하면 좋지 않았을까 하는 ㅠㅠ 워낙 커피 맛이 강했던 터라 그랬으리라. 하지만 이 청계천변에 이만한 곳이 있다는 게 어디인가. 신문사를 바라보며 도란도란 세상 돌아가는 얘기 하기 좋다.",괜찮다
1179,마르셀,째니째니잰잰,분위기 좋은 팬시한 뉴욕스타일 식당분위기가 참 좋다맛도 괜찮았다 으음 맛있어~ 정도메뉴가 다양하고 공간도 좋아서 다시 오고 싶은 식당여러면와서 쉐어해먹기 좋을 것 같다바로 앞이 청계천이라 시원하고 좋았다,맛있다
1180,마르셀,로한,"#. 와인만 마심 분위기 괜찮음예전에 탐탐 자리였던것 같은데바뀌어 있었음예약을 안했더니 재료소진으로 식사는 불가해잔으로 홀짝이다 병와인으로 마심레드 1잔 화이트 1잔 후화이트 2병 주문이름은 생각안나지만두번째 화이트와인이 청량하고 상큼하니 좀 더 맛있었음잔와인 1만3천원 정도병은 9만원,13만원 정도 였던걸로 기억.날 잡고 분위기 낼 때 괜찮은 듯.식사는 못해봐서 좀 아쉽.분위기는 괜찮았음",맛있다
1181,마르셀,모라,"생각한 만큼 맛있는 곳이지만 내 돈주고 가기엔 약간 아까운곳? 분위기 낼 겸 가기에는 좋아요!로메인치킨샐러드, 비프아란치니, 살치살 스테이크, 홍게살 로제 파스타 먹었는데 모든 메뉴가 각각 포인트가 있고 푸짐하게 주셔서 좋았어용. 딱히 뭐가 엄청 맛있다는 건 없고 평균적으로? 기대한 만큼 잘 먹었습니다아쉬웠던 건 (미리 말씀해주시긴 했지만) 주문이 밀려있어 음식이 늦게 나온것과 스테이크를 미듐으로 주문했는데 거의 레어미듐 같았던 것",맛있다
1182,마르셀,준영,"시청점이 휴업중이라 광화문점으로 방문! 마르셀은 어디를 가도 고상한 느낌이 드는 것 같아요ㅋㅋ 살치살 스테이크랑 트러플 파파르델레, 게살 로제 링귀니 주문했어요. 파스타는 분위기에 비해 좀 올드한 맛이 났지만 정말 재료에 직관적인 그런맛이라 나쁘지 않았어요. 살치살 스테이크 가니쉬로 나온 채소 튀김들이 참 매력적이더라구요!",맛있다
1183,마르셀,뇽뇽,몇년 전에 시청 근처 지점 갔을때 기억이 좋았어서 청계천점으로 다시 방문하게 되었는데 좀 실망이었어요ㅠ양이 적어진건 둘째 치고 맛이 바뀐거 같아요특히 홍가리비 파스타는 가리비가 비리더라고요ㅜㅜ여튼 더이상의 재방문은 없을거 같습니다,별로
1184,마르셀,역삼동먹짱,라자냐를 먹었는데 별로였어요 특히 고기의 식감이 좋지 않았습니다. 그냥 추천해주는 베스트 메뉴를 먹을 걸 그랬네요 그래도 코로나 철저히 관리하고 와인리스트가 좋아서 다음에 방문하고 싶어요,괜찮다
1185,마르셀,녹차가젤조아,뇨끼 먹으러 갔음! 19000크림 소스 아닌 집은 처음 봄! 신기한 소스. 소스만 먹으면 좀 짤 수도 있지만 뇨끼와 먹으면 간이 맛고 맛있음! 역시 쫀득쫀득 맛있는 뇨끼. 강추까진 아니고 쏘쏘~전복리조또 26000전복 살이 오동통 커서 먹을 맛남! 밥이 현미 잡곡? 같음. 리조또에 잡곡쓰는 거 처음봄. 밥알이 살짝 딱딱해서 호불호 갈림. 난 맛있음 전복이! ㅎㅎ살치살스테이크(작은 사이즈) 44000양이 이게 다야? 싶지만 2명이서 3개 시켜서 배부름2명이 2개시키면 적을듯여기는 고기보다 옆에 나온 냉이 튀김이 대박임. 짭쪼롬 튀겨서 아삭아삭 젤 맛있었음. 기억해 냉이!!!!!!문 옆에 앉으면 사람들이 여닫을때 모든 바람을 정면 얼굴로 맞는다. 예약하고 안쪽 자리 앉기... 중문이 있었으면 좋겠다. 바람...자리 옮기면 다리쪽으로 바람....,맛있다
1186,마르셀,YSL,"모든 메뉴가 살짝 양은 부족한듯 하지만 전반적으로 맛있었다. 그 중에서 젤 맛있었던건 트러플 버섯크림 생면빠빠르델레였다. 소스가 진짜 맛있어서 싹싹 긁어 먹음. ㅎㅎ 다른 파스타인 홍게살 로제랑 킹프로운 토마토 생면 딸레아뗄레도 괜찮았음. 하지만 크림파스타가 젤 굳굳. 오리지널 수제햄버거도 사이즈는 작지만 맛있었고, 나머지 전복리조또랑 감자뇨끼도 괜츈. 뇨끼는 한번 구워서 그런지 겉에 식감이 더 탱탱 바삭해서 좋았음~",맛있다
1187,마르셀,SYL,#프렌치 #이탈리안 #가성비 #코스 #스테이크 #예쁜음식 #뉴욕분위기 #광화문 #재즈 #dj #뇨끼 #버거두번째 방문했는데 뉴욕 맛집 온 기분.  맛도 훌륭하고 음식이 너무 예쁘게 나와서 기분 좋아짐. 여기 분위기 너무 좋아서 강남에서 일하는데도 퇴근 후 굳이 광화문점까지 가게 됨. 로제파스타도 굿!,맛있다
1188,마르셀,마시뗭,일단 분위기가 상당히 좋고 가지라쟈냐가 맛있었음.소스가 맛잇는거보니 파스타가진짜 맛잇을꺼같다고 생각.그리거 딸기오미자 에이드도 진짜 맛낫음.뇨끼먹으러고 방문한건데 뇨끼는 살짝구워서 나와서 겉바속촉에 몽글몽글한느낌이다. 소스도 맛잇는데 엄청짜다. 뇨끼를 적셔먹는걸 좋아하는 나로서는 쫌 당황스러웠지만.일단 다 맛났다. 그리고 트러플감튀는 꼭 시켜먹길.이것도 맛잇다. 물론 쫌 이것도 짤꼼함.,맛있다
1189,마르셀,iamwhatieat,yum yum yum..분위기 좋고 음식도 맛있당,맛있다
1190,마르셀,seodori,"식전빵이 제일 맛있었던 곳.식전요리로 감자수프, 메인은 트러플 버섯 크림파스타,문어 먹물파스타먹었어요. 트러플파스타는 트러플오일이 얼마나 느끼했게요~~~??몇입먹고 속이 울렁거려서 더이상 먹기 힘들었어요. 문어 먹물파스타는 무난하게 먹기 괜찮은편. 서비스가 호텔급 서비스라니용? ㅇ_ㅇ 가성비 괜찮은 곳이지만 두번은 안갈것같아요~~",괜찮다
1191,나이스타임2,예랑,"한줄평: 송도 파스타 실력자의 을지로 상륙! 송도의 브런치 맛집인 <나이스타임>이 을지로에 두번째 업장을 열었다. 송도까지 직접 가볼 기회가 많지 않아 을지로에서 모임이 있을 때 방문해 보았다.을지로입구역에서 골목 안으로 들어오면 있다. 1층 통유리 창으로 개방감이 느껴지면서 나무들을 사용해 따뜻한 느낌과 모던함을 동시에 주는 공간이다.- 엔다이브시저샐러드- 푸타네스카- 라구파스타- 이베리코목살구이세명이서 이렇게 시켜먹었는데, 결과부터 말하면 음식 모두 만족스러웠다.엔다이브는 양은 많지 않았지만, 아삭한 식감과 치즈의 짭쪼름함이 입맛을 돋구어주었다.푸타네스카는 생면 숏파스타인 메쩨마니케를 사용했는데, 진한 토마토 풍미와 적당한 익힘의 파스타 식감이 만족도가 매우 높았다. 올리브도 풍부하게 들어갔다. 꽤나 파스타가 맛있었다.라구파스타도 생면 페투치네를 사용한 토마토 라구 소스 파스타. 위에는 고구마칩이 올라가 비주얼도 좋다. 도톰하면서도 적당히 부드러운 식감의 페투치네면이 최고였다. 라구도 다른데 라구랑은 조금 다르게 고기가 잘게 다져진게 아니라 찢어넣은듯한 스타일. 장조림st랄까. 인상적이었다.이베리코목살구이도 잘 구워진데다 위에 올라간 고수랑 잘 어울렸다. 꽤나 실력자의 서울 상륙! 을지로입구 근처 갈 사람들에게 강추하고 싶다.insta @yeh_rang #먹히영",맛있다
1192,나이스타임2,세히또먹,기념일겸 런치로 방문! 파스타가 생면이라 기대가 믾았다. 샐러드는 무난하고 특별한게 없었다. 트러플 감튀는 너무 맛있고ㅠㅠㅠ 파스타는 라구를 시켰는데 생면이라 소스랑 꾸덕하니 맛있다. 생각했던 라구는 아니였지만 그래도 맛있었다.이베리코스테이크는 밍? 한 맛이였다 뭔가 부족한? 차라리 생면 파스타를 두개 시키는게 더 좋을 것 같았다.,괜찮다
1193,나이스타임2,초이랄라,"아란치니, 해산물페스토 파스타, 라구 파스타, 이베리코 등 시켜 먹었어요.을지로 입구역에 파스타 맛집이 별로 없는데 여길 찾게 되어 넘 기쁩니다>_<페스토파스타 쫄깃한 식감에 넘 맛있었구요, 분위기도 좋아서 종종 찾게될 것 같아요!",맛있다
1194,나이스타임2,Gastronomy,"서울 을지로 다동에 위치한 레스토랑. 송도에 생긴 나이스타임이 투자를 받아 오픈한 두번째 업장. 송도 매장보다 크고 저녁이 더 어울리는 분위기. 안쪽에 룸도 있어 모임하기 좋음.메뉴의 구성도 송도의 본점이 점심에 더 어울리는 분위기라면 여기 메뉴는 한잔 때리거나 근사하게 저녁먹기 좋아 보임.  송도는 캘리포니안 퀴진에 가까운 다양한 음식이 있었는데 다동 지점은 좀 더 파스타에 집중하고 있음. 매니저님이 따로 계서서 와인 관리도 하시는 듯. 시작은 송도에도 있는 가지와 치즈, 후무스와 프라이드 아라빅브레드. 맛의 차이는 거의 없음. 이탈리안 소시지 버터 파스타가 특히 괜찮았음. 생면을 쓰는데 케이싱이 없는 이탈리안 소시지와 잘 어울림. 스테이크도 맛있었음. 이건 송도보다 나은듯. 전체적으로 송도 지점이 가볍고 발랄한 느낌이라면 여긴 좀 더 무겁고 진중한 느낌. 한쉐프님이 완전히 운영하는것이라기 보다는 라이센싱 하신것 같음. 개점 초기라 메뉴 관리가 잘 되고 있는것 같음. 콜키지는 두병까지 가능.",맛있다
1195,나이스타임2,몰강이,"*아란치니(8,000), *해산물페스토파스타(23,000), *새우오일파스타(19,000), 이베리코 목살구이(33,000)인천 송도에서 유명한(?) 나이스타임의 두 번째 매장이 을지로에 생겼어요! 지도에서 안내하는 골목으로 쭉 들어가면 통유리로 매장이 훤히 보이는데 그쪽으론 못 들어가고 건물 입구로 들어가야해요. 저 뿐만 아니라 대부분의 손님들이 헷갈려 하시더라구요 ㅋㅋㅋ 와 근데 들어가자마자 반했어요♡ 아늑하고 편안한 분위기! 테이블간 간격도 넓어서 좋았어요. 가장 먼저 나온 바삭한 아란치니! 무엇보다 트러플마요 소스가 참 맛있었어요! 이것저것 다 찍어먹고 싶은 고소함ㅎㅎ새우오일파스타는 잘 익힌 면과 새우 껍질로 만든 오일 소스, 통통한 새우의 조합이 좋았고 특히 빵가루가 진짜 신의 한수! 식감과 고소함을 모두 업시켜주는 역할을 했어요. 싹싹 긁어 먹었습니다~ 양도 많았어요.오늘의 원픽 해산물페스토파스타! 섞으면서부터 파슬리페스토의 향긋한 향이 너무 좋았어요 ㅎㅎ 초록색 파스타는 옳다!! 오징어는 전혀 질기지 않았고 동그란 모양의 귀여운 오레끼에떼 면이 쫄깃쫄깃하고 맛있었어요. 새우오일파스타는 건면, 해산물페스토파스타는 생면을 사용했는데 저는 역시 생면파 ㅎㅎ이베리코 목살구이도 맛있었어요! 고수는 따로 달라고 말씀드리고 저 혼자 잔뜩 먹었어요 ㅎㅎ 고기도 부드럽고 로메스코 소스, 샐러리피클, 구운 대파, 고수와 다 함께 먹으면 꿀맛! 특히 구운 대파가 참 달달하고 맛있었어요.여기 인기 많아질 것 같아요! 내부가 꽤 넓은데도 예약이 꽉차서 워크인 손님들은 웨이팅 하시더라구요. 좀 더 핫해지기 전에 다시 와서 와인도 같이 마시고 디저트류도 먹어보고 싶어요!",맛있다
1196,플레눼,Julie,">>> 미슐랭 원스타를 받은 쉐프의 영국요리>>> 완두콩을 곁들인 비프웰링턴 x 도미가 들어간 피쉬파이 x 치즈 뿌린 컬리플라워 스테이크 w/ '한량' 와인(가게명과 레이블이 동일)>>> 영국에서 살았던 친구는 웰링턴 파이지에 골수(marrow)가 없다고 아쉬워 했는데, 난 웰링턴이란 음식 자체가 that's not my style - 빵과 고기가 짝꿍이면 튀겨야 해! (feat. 돈카츠 귀신)",괜찮다
1197,플레눼,이재무,맛있음,맛있다
1198,플레눼,Claire Chun,"지난 쉬는날 신랑이랑 다녀왔어요. 너무 즐거운 시간 보내고 왔어요! 한국에서는 좀처럼 찾기 힘든 영국식 레스토랑이에요. (왜 망고플레이트에는 프랑스 음식이라고 되있는지 의문 ..)조금 일찍 도착해서 우선 맥주로 시작했는데 스네이크 바이트라는 재밌는 음료가 있더라구요! 기네스와 사이더 반반 믹스메뉴에요. 맛있게 잘 마셨어요. 스타터로 컬리플라워스테이크, 칼라마리 프라이 시켰고, 메인으로 피쉬파이, 로스트비프샌드위치 시켰습니다. -컬리플라워는 완벽하게 구워졌고, 포션도 적당했고 소스도 적당히 리치해요. 아주 스마트한 메뉴에요! -칼라마리프라이는 촉촉타입프라이에요. 스페인에서 비치바에 앉아 바닷물 뚝뚝 흘리며 맥주랑 같이 먹던 때 생각나게하는 맛 ...서비스로 홍새우도 같이 주셨는데 너무 맛있게 잘 먹었어요. 감튀엔 비니거에요. 사장님이 씩 웃으시면서 영국 비니거 가져다주셔서 빵터졌어요. 너무너무너무 맛있게 잘 먹었어요. -피쉬파이주문하고 직원분이 섞어주셔서 사진이 없어요 ㅎㅎ 저한테는 조금 많이 달았어요. 굳이 왜 섞어 주셨나 생각했었는데 아마도? 리뷰에 보니 피쉬파이가 짜다는 글들이 더러 있어서 아마도 파이의 단맛으로 중화시켜주려고 한게 아닐까..? 생각해봤습니다. 저는 그냥 짠게 더 맛있지 않을까? 생각해본니다. ㅎ피쉬파이는 다음번 파이랑 내용물을 따로 다시 먹어보고 말할께요! -로스트비프 샌드위치오마이갓 신랑이 이렇게 맛있는 샌드위치 한 오년만에 처음 먹어본다고 저도 먹어보라고 난리쳐서 한입 먹어봤는데 정말 맛있었어요. 캬라멜라이즈 된 어니언소스가 킥이었어요. 고기는 말해뭐해요. ㅎㅎㅎ임팩트있는 영국식 샌드위치였습니다. 한국에서 접해보기 힘든 찐 영국음식들이 다 있어요. 하나씩 다 먹어보고 싶네요! 금액대도 좋고 서비스도 좋고 음식구성이나 맛도 다 좋았어요! 영국에서 먹을땐 더 짰었던거 같은데 간은 한국식으로 조금 맞춘것 같아요. 유선상으로 브레이크 타임여부를 물어보고 예약하는데 조금 일찍 갈 것 같다고 말씀드렸더니 직원분이 바메뉴는 가능해서 일찍오셔서 드셔도 된다고 응대해 주셔서 좋았어요. 사실 이게 별게 아닐 수도 있는데 보통 이런 유쾌한 대처를 잘 못하는 직원들이 많거든요.  나중에 보니 사장님이 유쾌하시더라고요. 여기 전체적인 분위기 인듯 해요. ㅎ 다시 가고 싶은 곳이에요 :)",맛있다
1199,플레눼,오늘,"코리아나 호텔의 플레눼.라떼를 주문했는데 커피는 맛이 없었다. 산미도 쓴맛도 딱히 느껴지지 않는, 밍밍한 특색없는 라떼였다. 호텔이라고 한잔에 만원이 넘는데..흑흑음식류는 맛있다고 하니 한번 식사하러 방문할 의향은 있다.",별로
1200,플레눼,우이리,"로켓&프로슈토&부리타 23000, 피쉬파이 35000, 갈릭브래드 6000, 컬리플라워스테이크 15000, 비프웰링턴 80000 & 브래드&버터푸딩 12000프로슈토 샐러드는 부리타 치즈가 정말 신선하고 맛있네요.피쉬파이는 크림차우더처럼 짭짤합니다. 바삭한 파이 기지를 같이 먹으면 맛있어요.컬리플라워가 없었다면 웰링턴을 먹기 힘들었을꺼 같아요. 웨링턴은 안심에 푸아그라를 발라서 야채로 싸서 파이기지로 다시 싸서 구워서 나옵니다. 안심을 야채와 같이 먹으면 느끼함을 잡아줍니다.푸딩은 커스터드 크림과 같이 먹는데 단데도 부드럽고 맛있었어요.",괜찮다
1201,플레눼,맛집대탐방,"2021년 새해의 첫 맛집으로 등록하겠습니다. 쉽게 접할 수 없는 비프웰링턴, 로스트비프 등 메뉴들이 너무 맛있었습니다. 같이 나온 가니쉬들도 먹어본 것 중 최고! 호텔이라 분위기도 너무 좋고, 데이트 코스로 딱이네요.",맛있다
1202,플레눼,SY,awesome meal and a very accommodating staff. 10/10 the best Wellington in Seoul.,맛있다
1203,더플레이스,용산구에서 가장 귀여운 개 김쪼꼬,"배달로 먹었고, 배달인 걸 감안하더라도 별로라서 굳이 다시 주문할 것 같지는 않아요. 더플레이스는 괜히 저기는 맛 없을 것 같다는 편견이 가득한 체인 브랜드였는데.... 단순히 편견이나 감이 아니라 경험에서 축적된 데이터였나봐요. 별로일 것 같은데 역시 별로네요.고르곤졸라피자, 마르게리따피자, 토마토 파스타 한 종류, 스테이크 토핑이 올라간 풍기 리조또, 감자튀김. 이렇게 주문했어요. 넷이 먹고도 꽤 많이 남는 양이었습니다. 제일 별로였던 스테이크 토핑이 올라간 풍기크림 리조또.... 얘만 아니었어도 괜찮다를 줄까 싶었을 것 같기도 한데...버섯크림 특유의 꼬릿고소한, 입에 챡 감기는 느낌이 전혀 없었어요. 그냥 버섯 들어간 크림 리조또. 심지어 크림도 밍밍하고 별로인.스테이크 토핑은 LA갈비 같은 맛인데, 모든 조각이 너~무 질겨서 먹으면서 화가 났어요.피자는 둘 다 무난했어요. 그나마 가장 나았던 게 피자인데, 요즘 맛있는 피제리아가 너무 많아서 임팩트 없는 아쉬운 맛이었어요. 고르곤졸라 피자에 올라간 루꼴라는 고르곤졸라 피자의 맛에만 집중하고 싶은 저에게는 굳이? 싶은 토핑이었어요 ㅠㅠ 마르게리따도 그냥 무난해요.파스타는 배달이라 면이 좀 불어오는 건 충분히 감안하고 있었기에 괜찮았어요. 다만 얘도 파스타 자체가 좀 심심합니다.감자튀김은 5500원인게 썩 설득적이지는 않은 양.. 소스도 케첩이랑  사워크림 비슷한 소스 딱 두 종류인데... 그래도 오천원이면 큰 돈은 아니니까요........ 원가 대비 많이 남았겠다....넷이 배달로 8만원 초반대의 식사면... 가성비 측면에서 대단한 흠은 아닌데 음식이 별로라서 그 정도 돈도 좀 아깝게 느껴져요.음식이 이렇게나 성의가 없는데 어떻게 그렇게 지점이 많은 걸까요.... 제가 배달로 먹어서 그런 건지, 아니면 자본의 승리인 건지 ㅠㅠ...",별로
1204,더플레이스,달팽이,인테리어도 맛도 깔끔해요 ^^,맛있다
1205,더플레이스,garnet,"분위기는 좋아요간이 너무 쎄서 놀랐어요.스테이크 진짜 너무 짜서 못먹겠고파스타 맵게 해달라고 말씀드렸는데 하나도 안매워서 다시 말씀드렸더니 소스를 주시겠다고 하시더라구요감사하다하고 기다리는데 다먹어갈즈음 가져다주셨어요.남자직원분인데 신입이신건지..뭘물어봐도 잘모르시던...피클이나 물은 부탁드렸지만 퇴점할 때 까지 제공받지 못한..바쁘지도 않은 듯 보였지만 다시요청하려해도 매장에 직원분들이 보이지않더라구요.스마트패드이용해서 주문받고 물, 피클요청, 호출 다 받으시던데주문외에는 버튼을 아무리 눌러도 테이블방문 안하실거면패드 왜 두신건지..?다신 안갈것같아요",별로
1206,더플레이스,썸머쏭쏭,• 생각보다 괜찮아요!• 생각보다 넓어요!• 아마트리치아나 약간 먹고싶었는데 마침• 모짜볼은 별로 ㅠㅠ• 피자 맛있어 보이지만 안 시켜서 다음엔 피자로 :)• 새우로제파스타도 맛있음 (링구이네 식감 굿)• 입구보다 뒷쪽으로 훨씬 넓음• 점심 모임하기 괜찮아요 • 얘기하느라 음식 사진 전무.. 배고파서 머리가 백지상태..• 주차는 평일 2시간 / 주말 3시간 가능함,괜찮다
1207,더플레이스,돼지냥,풍기피자 : 담백+삼삼해서 좋았는데 일행은 싱겁다고 안좋아함쉬림프로제파스타 : 새우살이 탱글탱글하니 너무 좋앗음ㅠㅠ 사알짝 짠 느낌,괜찮다
1208,더플레이스,악플러,가격대비 넘 부실하다. 마르게리따 피자 충격적. 영혼 없는 음식들. 공간은 나쁘지 않다. 다신 안올듯,별로
1209,더플레이스,hjeyoon1221,보통,괜찮다
1210,더플레이스,minimin,"쿠촐로의 김지운 셰프와 콜라보 메뉴가 나왔다고 해서 방문한 더플레이스!푸타네스카 피자랑 아마트리치아나 주문했는데 피자는 엔쵸비맛이 살짝강하니 안좋아하시는분들은 패스 ㅎㅎ 전좋아라해서 맛있게 잘먹었어요 토마토소스 베이스에 치즈,엔초비맛으로!폭탄피자만 먹어봤었는데 신메뉴 괜찮네용 ㅎㅎ파스타는 그냥 평범한 토마토소스! 맛없는건아닌데 임팩트없는 맛?ㅋㅋㅋ 그래도 연말이라그런지 원래많은지 모르겠지만 테이블 가득 차더라구요 ㅎㅎ 담에 간다면 김지운셰프 콜라보 파스타로먹어봐야겠어요",괜찮다
1211,더플레이스,지원쓰,배가 엄청 고프진 않아서 둘이서 폭탄피자 하나만 주문했다 낮이라 불쇼가 잘 보이지 않았다 생각보다 토핑이 너무 허접...했다ㅜㅜ 맛은 괜찮았다 내용이 더 알차면 좋을 것 같다,괜찮다
1212,더플레이스,JeonJae Hoon,"모짜치즈볼, 폭탄파스타, 마르게리따피자를 먹음. 가격대는 약간 있는편이나 이정도 퀄리티로 더 비싸게 부르는 소규모 레스토랑도 많다는 점을 감안하면 아주 나쁜 가격은 아닌듯. 일단 실내가 널찍하고 깔끔하고 오픈키친임. 씨제이스럽게 종업원들 서비스도 좋은 편. 이탈리아에서 피자란 파스타 엄청 먹고 다녔는데 파스타는 한국적인 맛으로 많이 변형돼 있지만 피자는 나름 이탈리아에서 먹은 맛이 났음. 토마토소스가 신선한게 느껴지는데 상큼하면서도 깔끔한 토마토 단맛이 느껴지고 도우도 적당히 쫄깃해서 먹기좋음. 폭탄파스타는 위에 뚜껑처럼 덮여잇다가 불붙여서 뚜껑을 잘라주는데 딱히 맛을 더 좋게 한다기보가는 그냥 보여쥬기용인듯. 먹물들어간도우로 만들어지는데 식감이 좋아서 다먹음. 크림파스타로 시켰는데 한국인 입맛에 맞게 적당히 매콤한 맛을 추가하면서 소스도 자작하게 부어져있음. 면을 익힌 정도는 알덴테보다 조금 더 익힌 상태인데 개인적으로 너무 설익은 알덴테보다는 먹기 좋다고 생각함. 모짜치즈볼은 더플레이스 시그니처같은 메뉴인데 폭탄파스타 도우처럼 먹물로 빵을 만든건데 좀더 부드럽고 먹물향이 많이남. 튀겨서 나오는지 겉은 바삭하고 안에는 부드러우므 잘랏을때 치즈가 쭈욱 흐르다가 식으면서 쭈욱 늘어남. 꿀에다 찍어먹을 수 있음.피자가 제일 맛있엇고 파스타랑 모짜볼은 비슷비슷햇던듯. 예산만 충분했다면 와인한병 시켜서 먹고싶었음.",맛있다
1213,더플레이스,꼭행복해야돼,리코타프루타샐러드. 씨푸드토마토파스타. 폭탄피자콰트로포르마지오. 발사미코그릴드치킨. 음식이 전반적으로 맛있었어요. 창가쪽에 앉으면 밖도 보고 음식 먹기 더 좋습니다. 같이 어울려서 먹기 좋아요. 치킨이랑 리코타샐러드 같이 먹으니까 맛있더라구요. 폭탄피자도 바삭하고 치즈도 맛있었어요. 리코타 샐러드는 다른곳처럼 강한 치즈맛은 나지 않아요. 폭탄피자위에 샐러드 야채 올려먹어도 맛있습니다. 가격대비 꽤 괜찮았어요.,맛있다
1214,퍼스트플로어,리니야,"해산물뚝배기 파스타 무조건 드세여,,,",맛있다
1215,퍼스트플로어,윤지,분위기 좋고 맛도 좋고 와인 리스트 속 와인들도 안성맞춤!!,맛있다
1216,퍼스트플로어,플렉서,먹어보진않았지만 괜찮을듯,괜찮다
1217,퍼스트플로어,Sugar & Thin,이탈리안 레스토랑인줄 알았는데 매생이 해장국도 파는 집.물론 해장국가격이 스파게티 가격 ㅠㅠ대부분의 음식이 보통 수준서빙은 친절한데 능숙하지 못하고 뻑뻑함파스타는 얼큰한 스타일이 주류를 이룸스페셜 파스타는 거의 짬뽕수준..,괜찮다
1218,넬보스코 이탈리안 레스토랑,당케쉔,"베지밀을 만드는 정식품에서 작년 하반기에 오픈한 이탈리안. 보나세라와 파올로데마리아 수셰프를 지낸 분이 셰프로 있다길래 기대를 굉장히.... 하고 갔는데요.로꼬모꼬를 좋아하는 저로서는 이탈리안레스토랑에서 왜 로꼬모꼬를 팔까, 하는 의심도 하지 않고 반가운 마음에 냅다 시켜버린 것이 패인이 아니었을까.함박스테이크라고 하기엔 너무나 민망할 정도의 돼지고기로 추정되는 무언가와 그레이비 소스와 계란이 전부였던....부라따치즈를 루꼴라와 함께 올린 샐러드만 괜찮고 (부라따로 실패하면 그건 선 넘은거죠...)버섯과 계란이 올라간 비스마르크 피자. 사실 ""비스마르크ㅇㅇ""는 비스마르크가 '베이컨'과 계란을 하도 좋아해서 이 두가지가 올라간 빵을 가리키는 말인데.... 베이컨이 아니라 버섯에 계란이면 일단 풍기피자로 봐야할 것 같고. 그런거 다 떠나서 맛있었음 별말 없었을테지만 치즈,버섯, 계란 조화도 안 어울리고 도우도 마른 느낌의 도우에 치즈는 가공한 피자치즈같아서 별로였고.이 주변에 있으면서 회사사람들이 단 한명도 모르는 이유가 있었네요.다시 안갈듯.",괜찮다
1219,소공소공,Sirena,"무국적 술집이라고 함. 들어가보면 진짜 컨셉은 알 수가 없는 곳이긴 했다. 시그니쳐라는 튀김수육과 차돌떡볶이 그리고 와인 한병을 시켰다. 근데 정말 기대했던 것과는 달리 음식이 맛있네?ㅋㅋㅋㅋ 튀김수육은 기름진 부분이 너무 많기도 했지만 그냥 수육보다는 좀 덜 느끼한 것 같은 맛이었고 (소스빨인가?), 차돌떡볶이는 고기에서 냄새가 조금 나는 것도 같았지만 나쁘지는 않았다. 굳이 이 근처에서 누굴 만나야 한다면 튀김수육만 먹고 오는 정도로 추천",맛있다
1220,라망시크레,Kong,승격 기념으로 방문한 파인다이닝!팔레드신을 아주 맛있게 먹었기에 큰 기대를 가지고 왔는데비쥬얼은 훌륭하지만 맛은 쏘쏘메뉴 전반적으로 식재료와 소스가 잘 어우러지지 못한다는 느낌을 받았어요. 디저트는 맛있었습니다,괜찮다
1221,라망시크레,까망콩,"1.  맛 (4.5) 무려 5가지의 다채로운 아뮤즈를 시작으로 단짠의 정석을 느낄 수 있는 대저토마토 참치타르트, 시큰달콤한 사워도우와 호박버터, 담백한 가자미 뫼니에르까지 어느하나 빠짐없이 맛의 밸런스가 좋았고 특히 양고기는 부위별로 조리기법을 달리하여 맛볼 수 있어서 좋았어요! 이에 비해 한우 스테이크는 직접 부어주시는 소스 맛이 다소 강하게 느껴졌네요. 개인적으론 양고기가 더 입에 맞았습니다. 그리고 디저트가 과하지 않아서 딱 좋아요. 참고로 베리류의 신맛을 좋아합니다:)2. 임팩트(5.0) 기념일을 더욱 스페셜하게 만들어주는 편지형식의 메뉴 페이퍼와 미니 선물박스 모양의 케이크♡3. 분위기(4.5) 레드를 메인 색상으로 한 인테리어가 로맨틱 무드를 한껏 높여주네요.4. 한줄요약_ 기념하고픈 날에 파인다이닝을 즐기고 싶다면 강추!(디저트 접시에 작은 초와 축하 문구를 써주시고, 메뉴 페이퍼도 챙겨갈 수 있어요ㅎㅎ)5. 재방문의사_ 기념일에 또또 방문하고 싶어요.라망시크레의 이번 코스는 비교적 편안하게 즐길 수 있는 파인다이닝였던거 같아요. 다소 익숙치 않은 맛 또는 식감으로 실험적인 메뉴라 느껴지는 것이 없었거든요. 그렇다고 또 뻔한 메뉴도 없었구요. 평소 쉽게 접할 수 없는 식재료인 캐비어, 푸아그라 등을 부담없이 즐길 수 있도록 풀어낸 구성과 함께 화사한 봄을 느낄 수 있도록 작은 꽃잎을 활용한 섬세한 데코에 한번 더 감동했습니다♡",맛있다
1222,라망시크레,얌얌,기대 많이 하고 갔는데도 그만큼 정말 좋았던 곳 :)식사도 분위기도 서비스도 아주 좋았다. 플레이팅도 예쁘고 다 마음에 들었다. 기본 코스에 캐비어 메뉴 추가 했는데 생각보다 더 맛이 있어 추천하길 잘했다는 생각이 들었다. 메인은 기본은 양갈비였고 하나를 스테이크로 변경했는데 개인적으로는 스테이크가 더 맛있었다. 또 다시 찾고 싶은 곳.,맛있다
1223,라망시크레,김라희,호텔자체의 인테리어가 프랑스에 온거 같아요이국적인 호텔에 있는 곳이라 레스토랑 가는길이 벌써 여행 가는 기분입니다직원분들 서비스는 서울에서 가장 좋은 편이고요계절마다 바뀌는 메뉴로 다음엔 또 뭘까 하는기대감을 가지게 하는 곳입니다,맛있다
1224,라망시크레,iamwhatieat,음식과 식기가 참 예뻐요맛은…가격에 못 미치네요,맛있다
1225,라망시크레,Wandering Consultant,"(2021년 9월) 추석 전 주말에 런치로 방문한 라망 시크레. 음식보다는 심도깊은 와인 페어링이 기억에 남는다. 개인 기호에 맞춰 내추럴과 컨벤셔널 별도로 진행해주시고 또 와인에 대한 설명을 떼루아부터 품종, 빈티지, 와이너리, 그리고 각 음식과의 페어링까지 세심하게 설명해준 서비스는 (구) 임프레션보다도 좋았다. ▪️런치 110,000원▪️와인 페어링 90,000원▪️작은 한입거리들테이블 위에 놓인 캔들 장식이 아뮤즈부쉬 플레이팅의 일부인 건 또 처음 보는 방식이다. 과연 시작부터 컨셉에 충실한 비밀스러운 공간. 몸에서 가장 먼 참치 타르트를 시작으로 시계방향으로 꼼떼치즈를 채운 타르트 위에는 꽃모양 당근으로 장식하고, 막대사탕 푸아그라는 해바라기씨 퓨레와 해바라기씨로 겉면을 둘렀다. 마지막으로 꽃잎에 내려앉은 듯한 나비는 사워도우 반죽에 먹물을 더해 빚은 크래커로, 천도복숭아 위에를 곱게 간 프로슈토를 얹었다.▪️꽃게 밀푀유서해안에서 공수한 신선한 꽃게로 만든 밀푀유. 위에는 알배추와 적근대, 케일과 청겨자 잎 등을 잎사귀 모양으로 장식했다. 곁들이는 소스는 토마토와 컬리플라워 퓨레.▪️통밀과 호밀 빵, 사워도우 포카치아. 전부 따듰하게 나오지만 특히 사워도우 포카치아가 맛있다. ▪️송이버섯과 송어송이버섯 사바용 소스를 곁들인 송어. 사과나무 훈연칩이 송어를 훈연하여 스모키한 향을 더했다.  ▪️비장탄에 구운 이베리코 꽃갈비메인은 이베리코와 한우 안심 중 선택 가능하다. 둘 다 맛 본 경험에 따르면 이베리코는 양념이 심심한 반면 한우는 간이 세서 서로 반반 나눠 먹는게 낫다. 이베리코 가니쉬로 로메인 상추 안 쪽을 버터에 부드럽게 조리한 다음 데쳐서 나오는데 이게 뭔가 비주얼도 맛도 독특해서 고기보다 기억에 남는다.▪️샤르트뢰즈와 블루베리▪️미니 케이크기념일인 경우 축하의 의미로 제공하는 케이크…지만 우리는 기념할 게 없어서 그냥 하트만 작게 그려줬다. 화이트 초콜릿의 겉 표면을 반으로 가르면 라즈베리 가나슈로 만든 하트를 볼 수 있다. 자르는 방향이 매우 중요. ▪️트러플 헌팅강아지가 트러플 헌팅하는 비디오를 관람하고 맛볼 수 있는 트러플 디저트. 헤이즐넛 프랄린과 트러플 아이스크림으로 오묘한 단 맛을 느낄 수 있다.▪️디저트입술모양의 초콜릿과 히비스커스와 피스타치오로 만든 프랄린, 그리고 새장 안에 갇힌 꼬마곰 젤리. 젤리 맛은 배정향과 딸기 베르가못 절임, 그리고 확실히 마지막까지 긴장을 놓을 수 없는 토마토 타바스코 맛이다.",괜찮다
1226,라망시크레,지나가는 강아지,"으엑프로페셔널의 창의성은 단순히 견습생처럼 특이하다고 완성되는 것은 아니다.프로페셔널은 결과로 완성물을 내놓아야 한다.사골과 메추리 요리는 비쥬얼부터 큰 실패다.원초적인 맛으로 창의성을 보여 승부하려 했으나 그 결과는 큰 실패다.특이하되, 맛은 없다. 보기에도 좋지 않다.",별로
1227,라망시크레,우기,2022 미슐랭 가이드 1스타에 선정 돼 있는레스케이프 호텔 26층에 위치한 라망시크레다음식들 하나하나 신선했고 그 외적으로스토리텔링이 탄탄한 음식들이어서 보고 즐기는 재미도 컸던 곳셰프님이 엄청 챙겨주셔서 대만족 하고 왔다메뉴 리뉴얼 될 때 마다 방문해야 한다..아 메뉴 중 65000원 추가하면 먹을 수 있는 라망 시크레의 시그니쳐 캐비아와 달걀은 꼭 시키길 바란다 사바용 소스의 복합적인 풍미가 상당하다ins : son._.cook,맛있다
1228,라망시크레,냠냐룽,"조식을 먹었습니다.. 오믈렛과 프렌치토스트를 시켰는데요, 촉촉하고 달달하니 맛있었습니다ㅎㅎ 일단 실내 분위기자체가 기가 막히구요.. 살구잼도 맛있고 중간중간 리필해주시는 커피도 참 향이 좋아요^~^",맛있다
1229,라망시크레,고하다,#라망시크레 (1) 런치전부터 가봐야지 가봐야지 하다가 이제서야 방문하게 된 라망시크레. 기본 런치 메뉴 + 6.5만원 라망시크레의 시그니처라는 캐비어 추가. 이건 추가금 아깝지 않을 정도로 맛있었어요.마지막 디저트인 트러플 아이스크림 서빙 시 카트에 리얼트러플과 태블릿을 실어와서 개가 트러플 찾는 영상을 보여주시며 리얼 트러플을 직접 만지고 향도 맡아볼 수 있는 퍼포먼스는 굳이 필요한가 싶었습니다. 정중한 서비스가 좋았지만 담당 서버분께서 메뉴 설명시 다소 경황이 없어보여서 아쉬웠음.,맛있다
1230,라칸티나,자덕식객 (自德食客),"1967년에 대한민국에 최초로 이태리 식당이 개업했다. 이름하여 '라 칸티나'. 사람들은 당시에 아탈리안 음식에 대해 어떻게 평가했을까? 국수라 큰 거부감 없이 느끼지 않았을까? 오늘 우리는 과거의 맛으로 가보기로 했다.입구부터 옛스러운 분위기를 느낄 수 있었다. 여러 장식들 하며 걸려있는 그림들, 얼핏 봐도 노포의 분위기를 뿜어내고 있었다.처음 이곳에 왔을때는 연세가 꽤 있으신 분들께서 자리하고 있었는데 오늘은 젊은 손님들을 상당히 많이 찾아 볼 수가 있었다. 맛이 좋아서 찾은 것인가? 맛있을 것 같아선가? 오래된 식당이라 그런가? 그럼 나는 무슨 이유로 이곳을 찾아왔을까?이탈리안 음식은 나한테 행복을 가져다주는 음식중 하나이다. 사실 다이어트에 안좋은 음식들은 모두 행복을 가져다주는 것 같다. 그래서 평소 쉽게 접하는 음식은 아니다. 난 이탈리안 음식 중에서 제일 좋아하는 것은 스파게티 이다. 사람들은 일반적으로 토마토 스파게티, 봉골레 스파게티 아니면 까르보나라 스파게티를 선택한다. 난 어릴 적 즐겨 먹었던 볼로네제 스파게티를 주문하려고 찾아보니 없어 물어보니 미트소스 스파게티를 주문하면 된다고 하였다. 살짝 갸우뚱...그 맛이랑 같을까?우린 파스타 코스메뉴를 시켰는데 첫번째로 나온 메뉴는 식전 빵인 마늘빵(Pane all' Aglio)이다. 딱딱할 것으로 생각했는데 아주 부드럽고 마늘향이 아주 풍부했다. 마음에 들었다. 와인과 힘께 하면 아주 좋을 안주다. 이어서 나온 치즈 토스트를 띄운 양파 스프(Zuppa di Cipolle).  구운 치즈가 양파스프를 꽉 잡아주는 느낌이었다. 고소한 치즈맛과 양파로 우려낸 국물의 궁합이 희한하게 잘 맞는 것 같다. 야채 셀러드(Insalata Mista)는 신선한 각종 채소 위에 이탈리안 드레싱으로 마무리한 아주 문한한 셀러드였다.그 다음으로 나온 메뉴는 내가 주문한 볼로네제 스파게티, 이 식당에서는 미트소스 스파게티. 맛은 토마토와 다진육을 배합해서 만든 소스였다. 그런데 고기의 맛과 향보다는 토마토의 맛이 강해 토마토 소스와 구별을 하기에 어려울 것 같았다. 원래 볼로네제 소스(Ragu alla Bolognese)는 이탈리아의 대표적인 고기소스 중 하나이다. 고기와 각종 야채를 넣고 오랫동안 끓여 우려내는 깊이가 있는 맛이어야 하는데...살짝 아쉬웠다. 하긴 제목부터 달랐는데 뭐...같은 맛을 기대한 것이 무리였다. 그래도 미트소스도 휼륭했다.남은 미트소스에 마늘빵을 찍어 마무리를 하고나서 후식 커피가 제공되었다. 고급스러운 잔에 담겨져나온 커피에 왠지 설탕 큐브뫄 프림을 넣어야 할 것만 같았다. 주변 분위기를 보니 모두 무설탕 블랙 커피였다. 하긴 언제부터 설탕,프림을 넣었다고 ㅋㅋ갑자기 뽐모도로(POMODORO)의 스파게티가 생각난다.안간지 너무 오래되어 기억이 가물가물. 거기에는 볼로네제 스파게티가 있었던가? 라 칸티나 (La Cantina) 서울 중구 을지로 19 삼성빌딩☎️ 02-777-2579⏰️ 월~토 11:30-22:00, 일요일 정기휴무      브레이크 타임 15:00-17:00      라스트 오더 21:00Ⓜ️ Zuppa di Cipolle (치즈 토스트를 띄운 양파 스프) 6,300원Pane all' Aglio(마늘빵) 1,500원Insalata Mista (야채 셀러드) 5,500원Meat Sauce Spaghetti (미트소스 스파게티) 17,000원Pasta Corso Menu(코스메뉴) 32,000~35,000원#라칸티나 #을지로맛집 #종로맛집 #이탈리안식당 #이태리맛집 #이탈리안요리 #서울백년가게 #서울미래유산 #ristoranteitaliano #pasta #spaghetti #lacantina #zuppadicipolle #오래가게 since 1967",괜찮다
1231,라칸티나,EJ,"시청역 주변에는 아재스러운 밥집은 많은데 양식이 별로 없다.. 파스타집도 갈만한 곳이 없어서 찾다가 을지로입구 쪽에 전통깊은 레스토랑이 있다고해서 출동해봄.입구에서부터 역사가 느껴진다. 서버분들도 완전 베테랑 느낌. 테이블보, 의자 등이 어릴때 졸업식날 가족끼리 식사하던게 생각나게 하는 스타일이다. 국내 최초의 이탈리안 레스토랑이라는 타이틀대로 느낌을 그대로 이어온 듯.어르신분들이나 주변 직장인 분들이 와서 식사를 많이 한다.우리는 파스타가 먹고팠기때문에 봉골레, 까르보나라 등 주문.어니언스프 추천이 많아서 주문해먹어봤는데 달달한 양파맛이 많이 났음. 치즈가 늘어나는 것도 먹음직봉골레가 조개 상태가 엄청나게 좋음. 아주 탱글싱싱 그래서 맛도 시원-하다. 다른 메뉴는 약간 매콤한 조개베이스 파스타였는데 국물이 바지락술찜 느낌으로 낭낭하게 있어 약간 해장파스타 느낌. 까르보나라는 맛이 좀 특이하다. 고르곤졸라치즈 맛이 많이 남.전체적으로 간이 아주 심심하다. 좋은 재료로 건강한 파스타를 만든다면 이런 느낌일듯.",괜찮다
1232,라칸티나,Moon,"재미삼아 한번쯤은 가볼만한데...여러모로 너무 쇠락한 느낌입니다. 어둡기도 하고요. 파스타는 괜찮았습니다만, 샐러드는 야채가 다 누렇게 변색되어 있었어요. 전 그냥 요즘 새로 생기는 이탈리안 레스토랑으로 가렵니다.",별로
1233,라칸티나,맛따라멋따라,가격에 합당한 맛과 기분이 아늑해지고 맘이 따뜻해지는 분위기! 왠지 그 공간에 다시 있고 싶어서 재방문하게 되는 곳,맛있다
1234,라칸티나,르웬,어른들의 추억의 맛일까 나로선 크게 메리트가 없었고 오히려 생소한 맛인 느낌마저 들었다. 중후하신 웨이터분들과 옛스런 분위기는 좋았다!,별로
1235,라칸티나,썸머쏭쏭,"흠.. 그냥과 별로 사이..? 분명히, ‘추억의 장소, 추억의 맛’은 있지만요즘에는 너무 좋은 데가 많이 생겨서‘클래식’이 아니라 그냥 올드해진 것 같은.. 마늘빵, 양파수프.. 그나마, 그럼에도 감흥이 없었고..대한민국 최초의 이탈리안이라는 타이틀이 너무 궁금해서 가보았으나 너무 감흥/감동 없는 곳이어서 시간이 조금 아까웠던 곳.. 아라비아타 펜네 - 약간 불고, 식고, 베이컨 없고, 매콤하지 않음..조개살 파스타 - 나름 국물 괜찮았으나, 면과 밸런스가 조곰.. 쫙쫙 미끄러지는 면.. 포크에 안 감김다시 안 갈 것 같은 곳..ㅠㅠ",괜찮다
1236,라칸티나,뚜뚜,가장 오래된 이탈리안 레스토랑이래서 기대했는데존맛까지는 아니었네요메뉴를 잘못 선택한 건지...?흠분위기랑 인테리어는 너무 좋았어용!,괜찮다
1237,라칸티나,옞,"분위기 좋음. 근데 음식 먹으면 그 좋던 분위기마저 갑자기 필터꺼진다.기본적으로 파스타가 17000-20000원인데, 맛은 시판소스로 만든 것보다 못하다. 파스타 처음해본 사람도 이거보단 맛있게 할거같다. 심지어는 주문한지 5분만에 음식이 나왔는데, 미리 삶아둔 스파게티면에 미리 만들어둔 소스를 부어줬다는 뜻. 미리 만들어둔 파스타를 18000원,19000원을 내고 먹을사람이 누가있을지,,그리고 사회적 거리두기를 지켜야함에도 불구하고(전날 1500명의 확진자 발생), 식당 내에 많은 빈자리가 있음에도 불구하고, 옆테이블간의 간격이 1미터도 채 되지않는 자리로 안내해줬다. 불안하기도 했고 옆테이블 앉은 사람들의 대화가 너무 잘들려서 불편했음,",별로
1238,라칸티나,윤환,"파스타가 10분내로 나옵니다. 미리 삶아놓은 면이라는건데, 19000원이라니...반값이어도 다시 안갈 것 같습니다.",별로
1239,라칸티나,NIWOOW,"한국 최초의 이탈리안 레스토랑이라는얘기를 듣고 꼭 가보고 싶었던 곳이에요.마늘빵, 파스타 2종류를 주문했습니다.마늘빵은 식감이 바삭하지 않아 아쉬웠어요.마늘 소스의 느끼한 맛도 강한 편이었구요.가격이 저렴해서 뭐라 하기 조금 그렇지만,썩 만족스러운 에피타이저는 아니었습니다.링귀니 라 칸티나는 조개와 새우로 우려낸,국물 느낌의 흰 소스가 올라가는 파스타인데조개 맛이 강해서 새우 맛은 잘 안 느껴졌네요.바지락 칼국수 국물에 마늘을 넣고 졸이면비슷할 것 같다는 생각이 드는 파스타였구요.개인적으로 제 입엔 썩 맞지 않았어요.탈리아텔레 라 칸티나는 햄과 닭이 들어가고치즈 소스가 올라가는 파스타입니다.치즈 소스는 처음 먹어보는데, 치즈보다는무거운 크림 소스에 가까운 느낌이었어요.꾸덕한 질감은 있으나 느끼하지 않아 좋았네요.맛이 없다고 말할 정도는 아니었으나,가격이나 기대에 비해 무난하다고 느꼈구요.제 입엔 다소 평범했기에 [괜찮다]로 정했습니다.",괜찮다
1240,라칸티나,쥴리,"Old Fashioned(토마토 스파게티), 라비올리, 마늘빵 시켰는데 모두 맛있었어요! 분위기도 빈티지스러워서 특이했어요~",맛있다
1241,라칸티나,왕십리탈출러,"우리나라에서 가장 오래됐다는 이탈리안 레스토랑.확실히 입구부터 고풍적인 느낌이 든다.음식들의 맛을 보면 왜 이 집이 아직까지도 안망하고 남아있는지 알 수 있고,확실히 별 맛대가리도 없으면서 분위기로 돈만 오지게 받아내는 파스타집들이랑은 다르다는 느낌이 든다.다음에도 다시 가야징",맛있다
1242,라칸티나,온전히_먹기,추억의 레스토랑 스타일. 어른들 모시고 가기 좋아요!의자도 옛 모습 그대로 구멍 뽕뽕 나 있고 서비스도 불친절과 투박함 사이를 오갑니다. 감자와 과일 세팅 보이시죠ㅋㅋㅋ(삼성)세트보다는 봉골레와 양파 스프 + 라비올리 주문을 추천드려요,괜찮다
1243,라칸티나,부읍,한국식!,별로
1244,라칸티나,해띠,한국 최고(最古)의 이태리식당이었나?무~난~,괜찮다
1245,라칸티나,떡볶이맘,우리나라에서 가장 오래된 이탈리아 레스토랑답게 분위기+맛+서비스 모두 갖추고 있는 곳! 최고!!,맛있다
1246,라칸티나,살안쪄서고민,"고풍스런 분위기, 고급스런 서비스, 보장된 맛의 삼위일체.서울에서 가장 오래된 이탈리안 레스토랑.처음 문을 열었을 때 이곳에 대한 반응은 호의적이지 않았다고 한다. 스테이크를 잘랐을 때 주욱 베어나오는 피나 이탈리아 식으로 살짝 덜 익힌 파스타면에 기겁하는 사람이 많았다나. 지금은 이탈리아 음식이 충분히 보급된 만큼 조리법에 따른 불호는 없을거라 생각한다.첫 번째로 마음에 드는 것은 고풍스런 인테리어와 식기에서 오는 분위기다. 지하에 위치한 가게라 별 기대없이 들어간 사람도 유채화가 담긴 액자, 싱싱한 꽃, 앤티크 식기, 예쁘게 접힌 냅킨 등에 금방 기분이 좋아질 것이다.두 번째로 마음에 드는 것은 서비스다. 베테랑 웨이터들이 서빙을 해주는데, 말 그대로 귀족의 성에서 근무하던 집사와 같은 느낌. 귀한 대접받는 기분이 든다.세 번째로는 맛이다. 파스타, 스테이크, 샐러드 등 메뉴 자체야 새로울 것 없는 이탈리아 음식이지만 세월에서 나오는 기본기와 내공이 느껴진다. 소고기 스테이크 류가 식상하다면 연어 스테이크도 추천한다. 또한 싱싱한 과일이 디저트로 나온다. 여기에 앞서 언급한 서비스와 분위기가 더해지니 비용이 아깝단 생각은 조금도 들지 않는다.특별한 날 분위기 내고 싶을 때 정말 좋은 가게이다. 앞으로도 계속 있었으면 좋겠다.",맛있다
1247,라칸티나,뿌꾸빵,맛잇는건 맛잇음,맛있다
1248,라칸티나,이촌동동글이,봉골레 + 마늘빵 + 해물피자집에서 만든 맛이였지만 분위기가 어릴적에 레스토랑 갔을때 느꼈던 분위기랑 비슷해서 즐겁게 먹었음. 엄청 맛있다!는 아니지만 한번쯤 가보는건 괜찮을거같음.,맛있다
1249,라칸티나,쿙쿙,"우리나라에서 가장 오래된 이탈리안 레스토랑. 그래서인지 메뉴판에서도 자부심이 느껴진다. 이탈리안 레스토랑이 범람하는 요즘, 우리가 요즘 먹는 팬시하고 모던한 이탈리안이 아닌, 한국의 맛도 느껴지면서 옛날의 느낌이 드는 이탈리안을 느낄 수 있는 곳이다.봉골레나 어니언 수프에서 느껴지듯 육수에서 한국적인 맛이 나서 좋았다. 그래서 파스타가 다소 오버쿡된 느낌이더라도 이건 이거만의 고유한 요리이고 지금 익힌 정도가 맞는 거라고 생각될 정도였다.라비올리가 예상 외로 가장 맛있었는데, 여기만의 입맛이 당기는 새콤달콤한 소스에 라비올리가 어우러지니 정말 중독성있었다.요즘의 이탈리안을 기대하면 실망할 수도 있지만 최초 이탈리안 레스토랑만의 고유한 느낌을 알고 싶다면 추천하고 싶다. 이탈리안을 즐기지 않는 부모님과 와도 부모님 입맛에 맞을 것 같기도 하다. 실제로 내가 방문한 시간대에 우리 테이블이 가장 연령대가 낮은 것 같았다.",맛있다
1250,라칸티나,달팽이,또갔어요~ 맛있어요 라비올리 ㅠ.ㅠ,맛있다
1251,라칸티나,메론매롱,우리나라에서 가장 오래된이탈리아 요리 전문식당에 가보고 싶다면특별한 경험을 해보고 싶다면한번쯤 가볼만하지만맛이나 가성비를 따진다면 비추,별로
1252,라칸티나,waterskyblue,얼마전 TV에 나와서인지 점심시간 맞춰 여유롭게 갔는데도 테이블이 꽉꽉 차있었습니다.음식을 먹기 전에 조금 아쉬웠던 점은 사람들이 너무 많아서인지 주문을 하려고 종업원 분을 6번~7번 정도는 불러야 했다는 점??또 피자는 12시 10분에 주문했는데도 이미 다 나가서 주문 자체가 안되었습니다.ㅠㅠ맛 자체는 가격이 아깝지 않을 정도로 훌륭했습니다!!더불어 이정도 가격대에 분위기가 꽤 괜찮아서 재방문 의사 충만!!,맛있다
1253,라칸티나,달팽이,"라비올리와 까르보나라, 콤비네이션 피자를 먹었는데. 콤비네이션 피자는 내가 피망을 안좋아해서 쏘쏘. 라비올리는 대박이었어요~ 토마토향이 가득..이탈리아에서 먹던 맛이 그대로 ㅠㅠ까르보나라는 조금 느끼하긴했지만 치즈향이 그대로 ㅠㅠ 중독되는 맛... 다음에는 봉골레와 다른거를 먹어봐야겠어요. 먹느라고 사진은 까르보나라밖에 못찍은건 함정...",맛있다
1254,라칸티나,우이리,"옛스러움이 촌스러운가 싶을 때, 그리움 같은 맛으로 변해요.카라마리는 샐러드 인가 싶은 비쥬얼인데, 오징어가 아주 부드러워요. 타르타르 소스가 시큼하거나 달지않고 적당한 느낌이랄까요.마늘빵도 신비한게 바게트가 아닌 모닝롤에 한거 같은데... 촌스러우면서도 무언가 입에 자꾸 넣게되네요.어니언스프는 멀건게 양파 향이 진하지 앓고 마치 치킨스톡 같은데 국물이 자꾸 입으로 땡겨요.시져 샐러드는 바로 눈앞에서 만들어주세요. 오일, 발사믹, 베이컨 하나 하나 입안에서 느껴지는데 우습게도 씹을 때마다 입안에 야채즙이 터져요.조개 국수 같은 봉골레는 국물에 버터향이나는데 너무 시원하네요. 해감이 덜 된거 같은게 조금 걸리고, 국물은 맛난데 면과의 조화가 아쉽네요.미트소스 스파게티는 완전 옛맛. 어릴때 먹던 그런 맛인데, 그릇안이 순삭. 쇠고기 간게 느끼한듯 담백해요. 토마토가 신선한 느낌?올트 패션은 피자같네요. 여기도 신선한 토마토.옛맛인데 기억보다 맛있는 맛이였어요.",맛있다
1255,라칸티나,LeeChang-Ho,스파게티 알라 카르보나라와 주파 데 치폴레(양파 수프)를 주문했습니다.양파 수프 위에 치즈를 얹은 빵이 띄워져 있었네요.스파게티 알라 카르보나라는 크림이 첨가된 게 아쉬웠지만 베이컨 조금과 치즈의 맛이 느껴졌습니다.,맛있다
1256,라칸티나,갓파쿠,이곳의 역사만큼 인상적인 맛,맛있다
1257,라칸티나,mjumju,시킨 메뉴 다 속이 편안한 맛이었습니다. 특히 양파스프가 참 맛있었어요. 오래 살아남는 집은 이유가 있다고 생각합니다.,맛있다
1258,라칸티나,1412,"서울에서 가장 오래된 이탈리안 레스토랑이라는 라칸티나! 위치가 한눈에 보이는 곳이 아니라서 조금 아쉽지만 가격대비 완전 만족스러웠어요:)                         다른 레스토랑과는 다르게 파스타 면종류가 다양한 점이 특히나 좋았습니다!                                           식전빵인 마늘빵도 마늘버터를 직접 만들어 발라서 구웠는지 다른 마늘빵과는 다른 느낌이었어요~                                              샐러드도 기본적으로 재료들이 신선해서 완전 맛있었구요~ 가장 기본적인 샐러드와 해물샐러드 두 종류를 먹었는데 둘다 가격대비 양도 푸짐하고 맛도 좋고! 샐러드에 만족했던 적이 많지는 않은데 이 집은 샐러드부터 만족!!                                                           파스타에서 또 하나 특이한 점은 까르보나라가 퓨전식과 오리지날이 있다는 것~! 흔히 먹는 까르보나라는 퓨전식이고 정통까르보나라는 약간 뻑뻑한 느낌이라고 할 수 있는데 정통까르보나라를 좋아하는 저에게는 안성 맞춤이었어요~~! 크림스파게티가 지겹다 하시는 분들은 이 정통까르보나라를 드셔보세요~~두툼한 면의 라자냐도 토마토스파게티도 맛있었지만, 주문한 파스타 중에서 가장 맛있었던 메뉴는 알리오올리오! 다른 메뉴들도 맛있었지만 알리오올리오가 깔끔하면서도 향도 맛도 완전 좋았답니다 :) 피자도 치즈가 듬뿍 올라간게 좋았어요~~                                                             괜히 오래된 집이 아니구나 하는 생각이 들면서 가격도 맛도 둘다 만족스러운 집이었어요:) 평일 런치는 예약하지 않으면 방문하기 힘들다고 하니 예약 꼭 하시고 방문하셔야 할 거 같아요^^",맛있다
1259,디어와일드,평론가 밥동진,⭐️[3.5]서울의 중심에서 야생을 외치다.,맛있다
1260,디어와일드,heeziniyumm,프렌치 코스를 먹을 수 있는 더 플라자 호텔 2층에 위치한 디어와일드. 코스에 한우 홍두께 타르타르를 추가하고 메인은 비프 웰링턴 그리고 디저트는 사과 타르트와 밀푀유를 하나씩 아빠와 나누어 먹었다.&스와니에로 이름을 알린 이준 쉐프의 3번째 브랜드인 만큼 기대가 컸지만 자연 그대로의 만찬을 지향한다는 뜻을 가진 레스토랑 이름과는 다르게 맛은 굉장히 유치하고 흔한 맛이였다.잔꾀를 부리지 않고 재료의 본연의 맛을 살리기 위해 노력한다는 안내문과는 다르게 셰프가 할일을 서버가 모두 대신 하는 듯한 다양한 퍼포먼스. 강한 양념 맛 때문의 최고급 재료의 맛을 잘 살리지 못하는 느낌이였다. 사진에서 볼 수 있듯이 예쁜 음식을 제공하는 집이기에 기념일이나 특별한 날 인상적인 기억을 줄 수 있는 곳은 확실하지만 식당이 지향하는 이미지와 맞는 음식은 확실히 맞지 않는 프렌치 코스였다.,별로
1261,디어와일드,Jㅐ,"더플라자호텔에 위치한 ""디어와일드"". 스와니예 이준 셰프님의 세번째 레스토랑. 특별한 날을 맞이하여 테판 음식을 즐길 수 있는 프라이빗 룸 <블라인드 타이거>로 다녀왔어요. 특별한 시간 보내고 싶다면 강추 : D'런치 코스'. 코스가 테판 요리로 진행되어 디어와일드 일반 코스와는 구성이 살짝 달라요. 마침 저희만 예약이 되어있어서 원테이블 레스토랑처럼 식사하고 왔어요!! 럭키!! 아뮤즈부쉬는 생야채에 소스. 흰색 야채가 맛있어서 여쭤보니 아스파라거스라고. 허걱스. 아스파라거스 생으로도 먹을 수 있구나!! 짱마싯이었어요!! 가니쉬로 먹는 거 보다 더 좋았다ㅋㅋ 샐러드도 좋았고 농어 구이도 좋았지만 역시 메인은 안심!! 테판 처음부터 안심을 구우시길래 잉? 했는데 레스팅을 위함이었다!! 진짜 너무 부드럽고 좋았어요. 안심 위에는 양송이버섯 슬라이스를 정말 풍성하게!! 같이 나온 칼이 넘 신기해서 여쭤보니 무소의 뿔이라고 하셨다ㄷㄷ 함께 시킨 내추럴 레드와인과도 잘 어울렸어요ㅎㅎ 베스트는 의외로 한우 홍두깨 밥!!!! 이거 진짜 맛있어요ㅠㅠ 맛 없을 수 없는 맛이기는 하죠.. 테판에 홍두깨살로 볶음밥을 만들어주시는데ㅠㅠ 엄청 배불렀는데도 계속 먹게 만든 볶음밥.. 이건 진짜 엄지 척!! 디저트로는 크렢. 중간에 럼을 휘이익 부어 불쇼도 보여주셨다ㅋㅋ 좋아하니까 한번 더 보여주심ㅎㅎ 아이스크림을 얹어서 주시니 뭐 맛없을 수가 없지!! 쁘띠뿌는 자칫 평범할 수도 있었는데 기념일이라고 미리 말씀 드렸더니 레터링에 오르골!!까지 같이 준비해주셨다. 엘가의 사랑의 인사를 들으며 즐기는 티타임이라니!! 넘넘 로맨틱ㅠㅠ!! 분위기도 최고!! 뷰가 시청 뷰라서 더 좋더라구요. 셰프님도 테판 요리를 만드시면서 음식 설명도 잘 해주시고!! 두시간 정도 코스로 먹었는데 모든 시간이 우리를 위한 시간처럼 느껴져서 좋았어요!!",맛있다
1262,디어와일드,건강걍비,"#시청 #호텔 #런치코스*시청 앞 더플라자호텔 2층 식당입니다~ 음..오..아예~ 비주얼만 그럴듯하고 맛이 다 요상하네요. 샐러드도 페스토, 오일이 너무 강하고 라비올리는 고수향에 거부감이 들고 마지막 웰링턴은 소스가 맛이 참 요상하네요. 매우 대중적인 평범한 맛을 지향하는 저로서는 그닥이었어용. 인테리어는 멋지네요. 제가 선호하는 밝은 스타일은 아니고 아주 어두운 암록색으로 꾸며져있는데 멋있어요",별로
1263,디어와일드,bbbbbbam,하나하나 최고.역시 스와니예 쉐프 다우세요,맛있다
1264,비스트로50,Ansohwee,랍스터 맥앤치즈를 필수로 시켜야 하는 곳이에요!!! 오랜만에 느끼는 진한 치즈맛에서 느끼는 잔잔한 기쁨^*^ 랍스터살도 위에만 올라간게 아니라 중간중간 꽤 들어있어서 더 괜찮았어요 스테이크는 굉장히 무난 소스도 맛있고 같이 살짝 나오는 매쉬포테이토가 제 취향이었어요 다만 요즘 스타일에는 맞지 않는 레스토랑이라 변화가 필요해보였고 많은 직원분들에 비해 응대가 미숙하더라구요 사람이 정말 없다는 것과(?) 호텔레스토랑치고 합리적인 가격에 식사할 수 있다는 것이 장점인 곳!,괜찮다
1265,비스트로50,숑아,"트러플 부라타 치즈 샐러드, 랍스타 맥앤치즈, 와규 안심 스테이크를 먹었는데 이렇게 세 가지를 주문한게 신의 한수라고 느꼈어요! (대신 랍스타 맥앤치즈는 해산물 싫어하시는 분에게는 바다항 화아ㅏㅇㄱ 나서 별로일지도)먼저 부라타 샐러드에는 바질과 여린 야채들이 들어가서 너무 상큼하고 감칠맛있고 그냥 정말 왜 레스토랑 가서 샐러드를 주문하는가가 이해가 가는 맛이었어요.랍스타 맥앤치즈는 살도 통통하고 푸짐하게 올라가있고 제가 먹은 맥앤치즈 중 가장 제대로 느끼하고 맛있었던 맥앤치즈였어요. 마카로니도 제대로 삶아져있어서 부드럽고 쫀쫀하고 맛있었어요ㅠㅠ와규 안심은 진짜 입에서 살살 녹아서 한입 씹자마자 부드럽게 넘어가는바람에 배 불렀는데도 다 먹었어요.참고로 저는 호텔 투숙해서 20% 할인된 가격(9만 얼마 나옴)에 먹어서 비쌌지만 정말 맛있게 먹었고 기념일 분위기 제대로 내서 만족해서 (VAT나 서비스 비용 붙어서 메뉴판 가격에서 10% 정도 할인 받는다고 생각하시면 될것 같아요!) 아웃백 보다 더 괜찮은 스테이크 먹고싶지만 아웃백만큼 할인은 안받아도 괜찮고, 기념일인데 마침 호텔에 투숙하고 계시다면 정말 딱 가기 좋으실 거에요!",맛있다
1266,비스트로50,AP,20년전 식당을 방문한 느낌이예요. 예전의 영화로웠던 잔재는 남아있지만 더이상 트렌드를 따라가지 못하는.. 그나마 티라미수가 괜찮았어요.,별로
1267,비스트로50,R-Yoontz,"Recommend only if you want to live out your long-fostered fantasy as an Audrey Hepburn-esque character in 1950s Rome. I've been coming here for a good decade or so, before the Italian food scene really took off in Korea and I was less exacting about my food preferences. The decor seemingly hasn't changed at all in the years since, as far as I can tell; even the wine cupboard is still in the far corner, where it always stood. Staid atmosphere and interior aside, the food is definitely edible. I've had much more palatable and distinctive Italian food in Korea, but there's nothing wrong or objectionable about the food purely in terms of taste and flavor. The salad (not pictured) was quite delicious and refreshing. The seafood soup with cream splashed on top (again, forgot to take a picture) which came next, was also rather nice. The broth was thick and hearty with an almost pesto tinge, yet had a clean taste at the end; bonus points for the bucketload of seashells! Next was the ...rather flattened lasagna. For what it's worth, it tasted much better than it looked. Nothing unsurprising with the steak as well, but I really liked the crisp vegetables and sweet pumpkin purée on the side. Dessert was personally the most enjoyable part of dinner: this was cappuccino cheesecake with a berry compote and vanilla ice cream with seasonal fruit. The cheesy to cheesecake base ratio was just right, and the coffee element balanced out the otherwise cheesy notes of the cake. Like I said, great but rather standard Italian food at a spine-tingling price in an outdated setting that is reminiscent of a glamorous, bygone era of 1950or your grandma's idea of it.",괜찮다
1268,르캬바레시떼,SYL,#칵테일바 #시청코로나 터지기 전 더플라자 투숙하면서 잠깐 들러 칵테일 한잔씩 했던 곳. 너무 시끄럽지도 붐비지도 않고 달콤한 칵테일 즐기기 딱 좋음,맛있다
1269,도스타코스,르웬,"회사 근처 점심에 먹을만한 타코집이 많이 없는데 가볍게 먹기 딱 좋은 맛집! 가격대도 만원 조금 넘는 정도로 아주 부담스럽지않게 적당하다! 전에 왔을때도 나초, 치미창가, 퀘사디아, 샐러드를 다 먹어봤는데 딱히 실패한 메뉴없이 성공적이었다. 매우 협소하지만 그래도 어떻게든 다 앉아지는 신기한 가게였고, 음악소리만 조금 낮추면 더 좋을 것 같다!",맛있다
1270,쁘띠하노이,소희넴,드럽게맛없음,별로
1271,스파이스마켓,Wandering Consultant,"▪️얌운센 16,000원 (배달)가끔 새콤하고 이국적인 향신료가 잔뜩 들어간 베미첼리가 먹고 싶을 때 얌운센을 시키고는 한다. 스파이스 마켓은 마침 타이밍이 맞게 오픈한 곳이었고, 샐러리를 빼고 조리해달라고 요청한 점은 잘 들어주신 듯. 통통한 새우가 3-4개 정도 들어있고 그 외에는 오징어와 목이버섯, 양파, 토마토, 그리거 쪽파?실파?가 잔뜩 들어갔다. 고수가 아예 안 들어간 얌운센이라니.. 싶었지만 일단 매콤한 맛은 확실하게 나는 얌운센. 새콤한 맛과 고수만 보완되면 좋을 것 같다. 진한 현지맛보다는 깔끔한 서울맛이 강한 메뉴",맛있다
1272,스파이스마켓,아녜스,"팟타이, 뿌팟뽕커리, 포피아톳을 시켰다. 맛은 무난하다. 팟타이 포피아톳은 맛있게 먹었는데 뿌팟뽕커리는 쬐끔 맛이 부족하지 않나 싶다. 태국음식은 특유의 향과 이국적인 맛 때문에 오는 경우가 많은데 여기 뿌팟뽕커리는 많이 순한 편이라서 난 쪼금 아쉽긴 했다. 그러나 향신료를 싫어하거나 아이들과 같이 먹기에는 좋은 음식 같다. 사진을 찍어주시겠다는 사장님 권유에 mbti 유형 중에서도 극내향성을 지닌 나와 내 친구는 잠시 동공지진이 일었지만 ㅋㅋ어색하게 웃으며 찍은 사진을 그래도 추억으로 남기게 돼 감사했다 :)",괜찮다
1273,스파이스마켓,흔한 공대생,저는 맛있었어요. 약간 창렬인가 싶기도 하지만.#옥수수 들어간 튀김옥수수 알갱이가 씹히는 식감이 좋아서 맛있었어요. 새우도 들어있다고 하는데 느껴지진 않았어요. 그래도 새우가 감칠맛을 더해줬겠죠..?#새우 튀김새우살을 튀긴 새우 튀김. 새우가 탱글탱글한게 느껴지더라구요. 그래서 이것도 맛있게 먹었어요.#뿌빳뽕커리이거는 이름을 아는 음식ㅋㅋ 저는 이게 인도 커리보다 좋았어요. 계란 때문인지 약간 몽글몽글하면서도 부드러워서 맛있게 먹었어요.#두부 들어간 튀김얘는 살짝 미스.. 연두부를 튀긴 느낌인데 간이 안 배어 있어서 싱거웠어요. 밖에서 싱거운 음식 먹기 진짜 쉽지 않은데..ㅋㅋ,맛있다
1274,스파이스마켓,Juice_O,서울스퀘어에 위치한 스파이스마켓서울역에서 가깝고 역이랑 연결되어있어서 위치가 좋아요. 팟타이가 먹고싶어서 방문했는데 태국음식점이라고 합니다. 인테리어도 예쁘고 음식 플레이팅도 예뻤어요. 맛은 쏘쏘합니다. 맛이 없었던 건 아닌데 기대가 높았어서 그런지 입맛에 딱 붙는다거나...하는 좋다는 느낌은 못 받았어요. 평일에 대기가 많다고 하던데 대기가 많다면 다른 집 갈 거 같아요. 그래도 맛이 없었던 건 아니라 '괜찮다' 눌렀습니다.,괜찮다
1275,아그라,흔한 공대생,"급하게 찍느라 사진이 흔들렸네요ㅠㅠ16,500원 세트로 먹었어요. 구성은 음료, 치킨, 커리, 난 및 라이스로 되어 있어요.먼저 치킨은 소스가 맛있었어요. 치킨이 있고, 아래에 소스가 깔려있는데 그거 그냥 치킨에 뿌려줬으면 더 좋았을 거 같아요. 커리는 4종류가 있었고, 종류별로 다 먹어봤어요. 제 기준에는 매운 거, 그냥 일반, 고소한 거로 느껴졌어요. 고소한 거는 아몬드? 뭔지 잘 모르겠는데 크리미하면서 맛있었어요. 개인 취향이라 편차가 있을 수 있어요.난은 크기가 크고 맛은 평범. 밥은 그냥 동남아에서 먹는 밥이 아니라 우리가 먹는 밥인데다가 좀 질어가지고 아쉬웠어요.",괜찮다
1276,아그라,sooooooy,"오랜만에 효도할겸 반차쓰고 어머니랑 다녀온 후깅니다ㅎㅎ런치세트는 별도로없고 아그라 스페셜 2인으로 주문했어요!망고포도 스노잉 브레드 2피스탄두리 치킨 2피스커리 2종류(매운치킨커리와 새우커리 시켰습니다)난 2장(갈릭난/플레인난)_인원수 대로 시키면 무한리필 이래용포도라씨/와인에이드로 주문했습니다.일단 망고포도 스노잉 브레드..처음에 드라이아이스를 품고 나오길래 흠칫..눈요기 음식인가..싶었지만 오늘 먹은것중에 가장 맛있었어요ㅠ 난 위에 요거트소스, 시금치, 병아리콩, 올리브, 청포도, 망고까지..맛없없..진짜 맛있더라구요. 포도도 싱싱하고ㅠㅠ 다음에 오면 이것만 시켜먹고 싶을정도였어요!두번째로 탄두리 치킨이 나왔는데 닭가슴살도 부드럽고 향도 좋았어요 간도 안쎄서 좋더라구요 끝맛이 매콤해서 질리지않고 잘먹었어요ㅎㅎ커리는 치킨(매운맛)/새우 2종류 시켰는데 앞에 두 음식이 다 맛있어서 그런가 생각보다 평범했어요 너무 달달했던 새우는 제취향은 아니었구요ㅎㅎ 두개 섞었더니 괜찮았습니당..갓구워 나온줄 알았던 난은 생각보다 차가웠지만.,?  그래도 얇고 쫄깃해서 맛있었어요. 완전 얇아서 밀가루 맛이 많이 안나서 더 좋았구요!세트에 포함된 라씨와 와인에이드도 맛있었습니다 양도 많아요.. 대체적으로 음식을 다 신경써서 해주신다는 느낌을 받았어요! 잘먹고 갑니다~!",맛있다
1277,아그라,JuNa,"타지마할의 도시로 유명한 인도 도시, 아그라. 인도 여행은  못가지만 대신 인도 음식점 ""아그라""에 다녀왔다 ㅋㅋ망고 포도 스노윙 브레드 - 야채랑 과일을 난에다 싸먹는 인디언 샐러드래요~ 가운데 있는 소스통에서 김이 나는데 아마 밑에 드라이 아이스를 넣었나보다..! 피자처럼 돌돌 싸서 하얀 소스에 찍어먹으면 참 맛있다 ㅎㅎ 탄두리 치킨 - 탄두리 치킨 하나 시키면 치킨 반마리정도 나와요~ 치킨 찍어먹는 소스를 세가지나 준다. 근데 그보다  스노윙 브레드에 같이 나오는 흰 소스에 찍어먹는게 제일 맛있었다 ㅋㅋ 버터 치킨 마크니 - 토마토와 크림으로 만든 아그라 best 카레. 부드러운 맛이어서 먹기에 무난해요 ;) 허니버터 난. 갈릭 난. 클래씩 난 - 난을 참 잘 구워서 쫄깃쫄깃했당!! 허니버터랑 갈릭 난은 윗면을 소스로 가득 덧입혀서 단맛이 쎈 편임. 망고 라씨 - 처음 라씨를 먹곤 '으잉?'하는 맛이었는데 먹다보니 익숙해졌다 ㅋㅋ 맛이 좀 특이한 요거트 같아요~ 네명이서 4인 세트 구성으로 먹고나니 정말정말 푸짐하게 잘 먹었네요오 >_<  같이 간 가족들도 인도요리 낯설어하지 않고 맛있게 먹어서 다행이었다.. ㅋㅋ 아그라의 특별 메뉴로 '망고 포도 스노윙 브레드' 추천합니당~ p.s 인원수대로 음식을 시키면 클래씩 난은 무한 리필되요!! ㅎㅎ",맛있다
1278,콘타이,찻집고냉이,"새우팟타이 (12900) 칠리소스가 너무 강해서 그냥 칠리소스볶음 느낌이다. 새우는 크고 잘 익었고, 두부도 괜찮은데 볶음면이 아니라 비비면 느낌이라 많이 아쉽다. (물론 축축한.. 스타일을 좋아하신다면 상관은 없을지도) 저는 한끼는 대충 잘 먹었지만 재방문 의사는 없습니다.",괜찮다
1279,콘타이,benedetta,"/똠얌쌀국수/쏨땀/신라면도 떡볶이도 못먹는 내가 거의 유일하게먹는 매운음식..똠얌꿍이다ㅋ 뭔가 아릿하게 매우면서 시면서 달기도한 맛에 매운맛을 망각하고 숟가락을 들게한다.콘타이도 쌀국수..중에서도 똠얌쌀국수를 많이먹길래 시도해봤다. 담백한 베트남식과는 다른 향료, 조미료 많은 재료, 진한맛 등 꿰띠여우(태국식)의 특징을 잘 담아내고있었다. 기본 쌀국수도 국물색은 간장만큼이나 짙은편ㅋ쏨땀은 파파야를 가늘게 채썰어 피키누(타이 고추), 마늘, 마른 새우, 토마토를 넣고 빻아 설탕, 피쉬소스, 라임으로 완성되는데 각자 재료의 맛이 하나하나 살아있고 뭐랄까 이것도 맵긴매운데 샐러드처럼 싱그럽고 달고 매워서..이또한 잘먹을수있다.오독오독 아주 맛있게 씹고왔다. 이것만 먹기에는 좀 간이쎄거나 짤수도있지만 쌀국수랑 먹기에 괜찮았다. 태국 현지에서 먹었던 것보다도 더 맛있게먹지않았나싶었다.공심채도 많이먹던데 다음엔 공심채볶음도 시도해봐야지 ㅎㅎ",맛있다
1280,호아빈,녹차가젤조아,오 세상에 왜 많고 많은 집 중에 여길 갔을까요..망플과 지도에서 덕수궁 부근 식당이 너무 없던데 (고급 음식점 제외)막상 가니 가게 짱 많네요...암튼 추워서 미리 찾은 곳으로 갔는데체인점이지만 왜 평이 안 좋은지 알겠네요양지쌀국수m 9000치킨 어니언 볶음면 11500스프링롤 6000엄음엄...쌀국수와 볶음면에 같은 면을 썼는데 기본적으로 면이 너무 뿔었어요.. 팅팅 뿐 오래된 면....이라 소스가 베이지도 않고 쌀국수 국물과 조화롭지도 않아요.스프링롤도 안이 너무 부실해요....한파 특보 내린 날인데덥다고 온풍기 꺼버리셔서가게 안 사람들이 롱패딩 입고 식사했어요..쩝여기다 붙이는게 좀 그렇지만 #위드인기맛집,별로
1281,호아빈,hcbigxc,"메뉴판 사진과 실제음식 갭차이가; 쌀국수에 고기도 조금있고 볶음밥은 시킨지 한 삼분안에 나옴; 빨라서 좋은게 아니라 가격을 준 만큼 좀 정성스럽게 만들어주면 좋겠는데, 원래 있는걸 휘리릭 볶은 느낌이 너무 남; 각 메뉴당 만천원이나 줬는데 정말 기대 이하.",별로
1282,호아빈,Sugar & Thin,시청 근처에서 프렌츠이즈 쌀국수 가장 괜찮은 곳점심에 시청 근처에서  쌀국수가 먹고 싶으면 선택의 여지가 없다12시 도착 시에는 웨이팅도 감수해야함볶음면도 맛있음,괜찮다
1283,식객촌,미콩,"조금 지난 후기이지만, 식객촌 태평로점에 다녀왔어요! Alex☆님과 권오찬님의 리뷰 모두에 동의해요ㅎㅎ하나하나 퀄리티가 좋으면서 가짓수는 많지 않아 조금 아쉬울 수 있어요 또한 메뉴들이 대부분 고!기!육!식!하다보니 별로 안 먹은 것 같은데도 매우 배불러요 이건 드시는 분에 따라 장점 혹은 단점으로 다가올 수 있다고 생각해요~저는 동생과 함께 갔는데 저희가 정말 감동한 것은 가라아게든, 갈비찜이든, 수육이든, 오리 훈제든, 육회든! 흔한 뷔페의 퀄리티를 넘어서 메인으로 접할 법한 맛과 퀄리티였다는 점이었어요 정말 끊임없이 들어가던ㅎㅎ정말 아쉬운 점은 ㅠㅠ 메인메뉴의 퀄리티와 확연하게 차이나는 디저트들,, 과일들,,, 하지만 메인으로도 충분히 상쇄가능한 단점들이었어요직원분들도 정말정말 친절하신데 식객촌이 엄청 넓은 것에 비해 사람이 너무 없어서.. 정말정말 너무 없어서... 약간 버스터미널 지하음식점(?)에서 먹는 것 같은 느낌이..ㅜㅜ 소비자로서 좋아해야할지 말아야할지 좀 고민이 됐어요 깨끗하고 맛있고 노래도 좋은거 나오는데ㅜㅜ(저희취향) 안망했으면 좋겠어요 ㅠㅠ아참, 그리고 여기 여자화장실에서 손씻으시려면 팀워크가 필요해요 이건 직원분들도 불편해하시던데.. 개선이 필요할듯",맛있다
1284,식객촌,권오찬,"* 한줄평 : 포트럭 파티 형태의 부페이 부페 식당의 장점은 그저 그런 수준의 쉐프가 총괄로 다수의 음식을 싸고 빠르게 준비하는 것이 아니라 식객촌에 입점한 단품 레스토랑에서 십시일반 음식을 각출하는 형태로 마련된다는 것이다.허영만 선생님의 식객이라는 만화를 테마로 레스토랑 아케이드를 만든 곳이 5군데인데, 이렇게 포트럭 형태로 부페 식당을 운영하는 곳은 태평로점이 유일하다. 수많은 빌딩의 그저그런 푸드코트를 식객촌이란 테마로 꾸며놓은 것도 좋은 아이디어이고, 남는 공간을 레스토랑 상생 차원에서 부페라는 카테고리로 묶어낸 것도 좋은 아이디어이고..우선 음식의 퀄리티는 대기업에서 운영하는 한식 부페 이상이다. 가짓수와 디저트가 약간 부실하지만, 오히려 메인에 집중할 수 있다는 장점으로 승화될만큼 매력이 충분하다.다만, 업무지구에 속한 식당인만큼 주말에는 너무 휑한데 돌잔치나 회갑연 명소로 탈바꿈될 확률이 매우 높다. 이 정도 손님으로 이 퀄리티를 장기간 유지하기는 쉽지 않다.역시나 손이 많이 간 것은 회와 초밥인데.. 음식 완성도 측면에선 한식, 김치찜과 보쌈이 좋다. 그러나 부페에선 한식은 손이 잘 안 간다는거..나도 대식가이긴 한데, 40대에겐 아무래도 이제 부페랑 상성이 안 맞는 모양..서너접시 먹었는데, 뭘 먹었는지도 잘 모르겠고, 배는 터질 것 같고, 눕고만 싶고.. ㅋㅋㅋ",괜찮다
1285,식객촌,AlexTheFood,"180603.[망고플레이트 평점 - /5.0] [구글맵 평점 - /5.0]맛 ★★★★(내가 가본 뷔페 중 탑클래스)분위기 ★★★(굉장히 넓어 모임 장소로 많이 오시는 듯)가성비 ★★★★☆(이 가격에 어떻게 이 퀄리티를 내는지 감탄)식객촌 맛집뷔페 2인 (금~일)/ 25900*2 = 51800허영만 화백님의 만화,식객에 소개된 맛집들이 모여있는 곳,'식객촌'.전날 갓포하루를 다녀오면서 그 넓은 곳에식객에 나온 맛집들이 20개 가까이 모여있길래언제 한 번 방문해볼까 하다,특정한 시간에 이 가게들이 각 분야에 맞는음식들을 각자 준비해서 요리를 내놓아'식객촌 뷔페'로 운영한다는 소식을 듣고 방문.위치는 그냥 식객촌이 모여있는시청역 바로 9번 출구 앞의부영빌딩 지하 2층.지하를 내려가면 만화 식객의 그림들과그 식객에 나온 점포들이 다양하게 모여있는 게바로 눈에 엄청 띈다.근데 사실 나와 동생은처음 식객촌 뷔페를 들어서고그 규모에 조금 실망을 했더랬다.정말 일반 뷔페의 반 정도만 떼어온 느낌으로굉장히 소규모 뷔페라서..하지만 뷔페 이용권을 끊고,사람들과 함께 접시를 들며 돌아보자마자 생각이 바뀜.일단 사시미가 다른 곳의 뷔페보다몇 차원은 더 위에 있다.이걸 말로 어떻게 설명해야할지 모르겠는데,그냥 한 차원 위라고 밖에 설명 못하겠음.굉장히 두껍고 부드럽고..단적으로 말하자면 그 전날 오마카세를 먹은식객촌 내의 갓포하루에서 내온 사시미와퀄리티가 똑같았다.다만 마끼나 초밥류는 아무래도 뷔페다보니밥이 조금 말라있는 게 느껴졌지만,그럼에도 불구하고 일단 사시미부터정말 이 가격에 나올 수가 없는 퀄리티라동생이랑 나랑 한 입씩 먹고 헛웃음만 지었음.그 외의 튀김류나 맥앤치즈 같은 경우도정말 장난 아니었는데,미쉐린 가이드 서울 2017에도 뽑혔던볼트 스테이크하우스의 지점,볼트 버거하우스에서도 음식을 내놓는다.맥앤치즈나 치즈가 잔뜩 들어간 치즈카츠 등조금 식었을 때 먹었음에도 불구하고퀄리티가 다른 뷔페 압살하고도 남을 수준.후식 코너도 소규모로 푸딩, 요거트, 경단, 와플,음료로 사과주스, 식혜, 우유 정도가 끝.참고로 카츠산도도 나와있던데,전날 갓포하루 오마카세 디저트로 나온 카츠산도임..이렇게 바로 또 먹게 될 줄이야.일단 동생과 첫번째 접시로회와 초밥을 먹으며 했던 말은,""여긴 연어만 먹고 가도 3만원 값 했다""먹는 내내 연어에 대한 극찬을 하며어떻게 하면 이 퀄리티를 낼 수 있는가에 대한열띤 토론을 벌였더랬다.그리고 두 번째 접시로 튀김류를 먹은 뒤에우리가 나눈 이야기는,""튀김에 맥앤치즈까지 맛있는데 이거 뭐냐""특히 비주얼적으로 치즈카츠나 스테이크 같은 경우는누가 봐도 맛있는 메뉴기 때문에 납득이 갔지만,동그란 새우볼이 있길래 그냥 맛이나 보자 가져왔더니새우를 다져 넣은 게 아니라 새우 1마리가 통으로새우볼 안에 들어가 있더라 미친..ㅋㅋ카츠산도도 전날 내가 먹은 그 아보카도+카츠 산도였다.아쉬웠던 점은 바로 해준 게 아니니 식었다는 점.그럼에도 불구하고 부드럽게 씹히는 건 똑같았고,쓸데없는 디저트류를 줄이고 무난한 디저트인푸딩/와플/요거트로만 내놓은 게 마음에 들었다.뒤에서 식사하시던 직원분께서 추천하신 곤드레밥은초딩입맛인 내게 그냥 곤드레밥이었지만..ㅎ진심 식객에 나온 떡갈비, 두부, 김치찜,모든 게 수준 이상의 퀄리티를 보여주는데다,나같은 초딩입맛도 좋아할 거리가 완벽한 곳.물론 뷔페라는 점을 감안하고 가야하지만그럼에도 불구하고 나와 동생이 연초에 가족끼리 먹은호텔 뷔페에 밀리지 않는다고 인정할 정도.원래 각자 음식점을 하는 곳에서한정적인 시간대에만 각자 자신있는 메뉴를가져오는 방식이다보니 가능한 퀄리티.일요일 점심에 사람이 별로 없으므로그때 방문하시길 추천한다.요일별 가격이 상이한데,금~일 가격이 높은만큼 퀄리티도 높으니그때 가시길 바라며 끝★+뷔페 중 탑클래스라고 적어놨으나뷔페 중에서니 참고!",맛있다
1286,세븐스퀘어,쮸쮸,"여태까지 몰랐다.. 여기 뷔페가 괜찮은 줄…전체적으로 구성이 좋다.근데 뷔페의 꽃(내 기준) LA갈비가 별로고, 일식 코너도 영 별로다 ㅠ하지만 계절 요리도 많고 딱히 빠지는 음식도 없다.직원들도 무척 친절!괜찮은 옵션이다.",괜찮다
1287,세븐스퀘어,맛쟁이,클럽라운지 스낵타임: 네츄럴와인4개에 클래식와인2개에 칵테일제조 캔맥주등 술좋아하는 사람은 좋게따안주도 하나같이 맛있어서 주변사람들 맛있다 많이들음난연어랑 토마토절임 맛있게 먹고옴 공간은 기차타러온 기분...조식: 2층  공간도 넓고 직원도 친절 직원이 많고 창가자리 탐남커피는 직접 직원이 내려주고 카페라테맛있음호텔방포함해서 조식가격 잘 맞추면 가짓수도 많고 해서 잘나오는편은 맞음~만약 밥먹으러만 왔으면 보통정도?데모하기좋은곳이라 데모하는날  차가지고오면 안좋,맛있다
1288,세븐스퀘어,ethanghymn,"어려서부터 여러 호텔 뷔페들을 경험했지만 그 중에 자주 다닌 곳이라면 집 앞이어서 가족모임이 있거나 해서 뷔페를 가는 경우라면 거의 열 번중에 일곱 여덟 번은 가던 예전 리츠칼튼 옥산 그리고 신라호텔 더 파크뷰와 최애 뷔페인 조선호텔 아리아 정도임.이젠 뷔페 레스토랑 자체를 안 좋아해서 웬만해선 잘 안 가지만 그 전까지 아리아를 제일 좋아했던 이유는 뭔가 숨겨진 듯한 조선호텔의 위치와 그래선지 다른 유명 호텔들보단 덜 붐비는 느낌, 메뉴가 흔한 호텔 뷔페들보단 덜 다양하지만 선택과 집중을 잘 한 것 같은 느낌이어선데 어디선가 여기 세븐스퀘어가 가격도 유명 특급 호텔들 뷔페보단 합리적이면서 선택과 집중을 잘한 느낌이라고 해서 안 가봤던 호텔이기도 해서 기회가 되서 궁금해 들러봄.뷔페 레스토랑인 세븐스퀘어는 2층으로 향하는 에스컬레이터를 타고 올라가 턴을 해서 반대쪽에 위치해 있었고 예약자 이름을 확인 후 창가쪽 자리로 안낼 받아 앉음.테이블 위엔 난 뭐가 다른지 모르겠어서 스벅처럼 브랜드 로고를 사람들이 좋아하는가보다 싶은 처음으로 한 번만 제공되고 이후엔 일반 생수가 제공되는 탄산수 아닌 일반 에비앙 생수 한 병과 비닐장갑이 놓여있음.먼저 슥 둘러보니 접해왔던 뷔페 레스토랑들에 비해선 좀 더 올드하면서 아무래도 한 두 단계 정도는 낮은 느낌이고 음식들도 슥 둘러보니 선택과 집중의 느낌이기보단 그냥 선택과 레벨 역시 한 두 단계 낮은 느낌이어서 조선호텔 아리아처럼 음식 종류가 덜 다양하더라도 퀄리티가 느껴지거나 아니면 이 뷔페만의 스타일 같은 건 딱히 안 느껴지는 느낌이어서 살짝 쎄함.궁금하거나 당기는 음식들을 덜어 자리에 가져와 맛을 보니 슥 보면서 느껴졌던 대로 음식의 맛과 퀄리티도 한 단계 아닌 두 단계 정도는 낮은 느낌이어서 괜히 왔네 싶은 느낌임.난 뷔페 레스토랑에 간다고 해도 어차피 다 맛보는 건 아닌지라 가짓수는 좀 적은 건 상관없지만 맛이나 퀄리티가 떨어지는 건 좀 그런데 선택과 집중이란 말에 괜히 혹해서 또 당했네 하게 됨.LA갈비도 그릴에서 바로 굽거나 한 게 아니고 소위 글레이즈드의 느낌으로 소스가 발라져 있는 저렴한 타입인데다 맛있다는 갈비찜도 LA갈비보단 나을 수 있지만 이 레스토랑의 시그니처 느낌이거나 하진 1도 않음.회나 스시도 그냥 그렇고 난 게다리 같은 건 신라호텔 더 파크뷰나 조선호텔 아리아 같은 데 가도 어차피 다 냉동을 쪄내는 거라 한 번도 맛있게 먹었던 기억이 없어 늘 패스하는 메뉸데 찜기에 따뜻하게 담겨있길래 한 번 맛을 봐볼까하고 집게로 뒤적거리는데 속이 빈 느낌과 소리가 나서 설마하면서 가져와서 껍질을 깨서 안의 살이 나오는데 첨엔 비어있는 건가 싶을 정도로 빈약해서 마치 장검인 줄 알고 긴 칼집에서 칼을 뽑았는데 단검이어서 이게 뭐야하는 코미디를 보는 것 같은 느낌이어서 헛웃음만 나옴.그나마 차라리 꽃게찜이 나은 느낌이고 전복은 저질이어서 식감은 질겅거리고 맛도 밍밍해서 헐함.나름 이름있는 중식당인 도원이 있는 호텔이어서 중식도 살짝 기댈했는데 하나씩 맛을 보니 특히나 이름은 잘 기억이 안 나는데 검은색 소스와 아몬드 슬라이스가 뿌려진 새우튀김의 튀김옷은 눅눅하기까지해서 어쩌다 경험하는 결혼식 뷔페 같은 로우급 뷔페의 느낌까지 듦.그나마 나았던 건 뷔페에서 웬만하면 먹지 않는 껍질은 가볍게 바삭하고 속살은 나름 촉촉하면서 허브향의 달달하지 않고 짭짤했던 닭다리살 구이와 달달하지만 촉촉해서 나름 괜찮았고 그래선지 인기가 있는 느낌이었던 메로 가맛살 구이 정도였음.이젠 뷔페 레스토랑에 온다고 허리띠를 풀고 먹거나 하진 않아선지 세 번 정돈가 먹곤 디저트 코너에서 몇 가지와 아이스 아메리카노도 주문이 가능했던 커피 코너에서 커피를 가져와 마시면서 마무리를 하는데 한 입 사이즈의 미니 마카롱이 여기서 제일 낫게 느껴져 마카롱 좋아하지도 않는데 마카롱으로 위로를 함.전체적으로 조선호텔 아리아 같이 선택과 집중을 잘한 뷔페인데 상대적으로 네임 밸류가 조금 떨어져 덜 알려진 건가 싶어 들러봤는데 가족인원은 떡갈비 같이 개중에 맛있다고 하는 것들도 있었지만 내 입맛에는 전반적으로 맛과 레벨이 확실히 떨어지는 느낌이었던 데다 이 집만의 특별한 메뉴나 스타일이 있는 것도 아니었어서 누가 사준다고 해도 차라리 근처 수수한 맛집에 가자고 할 것 같은 경험이었어서 별로로..",별로
1289,세븐스퀘어,Seyeon.Y,"세븐스퀘어 조식 원래는 7시부터 운영인데 추석연휴라 그런지 6:30에 오픈! 6시반 딱 맞춰갔더니 1등이었다ㅋㅋㅋ 그리고 시청뷰 사수 ㅎㅎ 시청뷰가 완전 뻥뚤린 뷰는 아니고 살짝 막혀있다.훈제연어! 생연어는 아니라서 부드러운 맛?은 없었지만 그래도 빵이랑 먹기에 괜찮았다!딤섬! 딤섬 전문점에서 먹는것 만큼이나 수준급이었던 맛. 하가우, 샤오마이 모두새우탱글탱글하고 딤섬 모두 정말 맛있었다!베이컨 볶음밥이 의외로 별미! 아주 고스고슬. 프렌치토스트가 있는게 조금 특별했다. 식빵도 아닌 약간 푹신한 페스츄리로 만든 느낌? 오믈렛은 주문하면 만들어주신다. 생각보다 엄청 부드러운 오믈렛은 아니고 약간 단단한 오믈렛. 소세지도 맛있었다!티랑 커피는 부스에서 만들어달라고 해주시면 금방 만들어주신다. 오븐 닭구이는 고급스러운 교촌치킨 맛? 생선찜도 있고 요리 종류도 맛있었다. 크루아상이랑 치아바타 등은 데워먹을 수 있는 미니오븐이 있으니까 꼭 데워먹자! 크루아상도 결이 살아있고 맛있었다.창가좌석이 많지는 않아서 20분 내로 다 찼다. 나는 숙박패키지에 포함되어있어 조식을 이용했는데 매우 만족스러웠다!추천메뉴는 딤섬 3종, 오븐닭구이, 크루아상과 연어, 소세지, 오믈렛과 와플",맛있다
1290,세븐스퀘어,고독한대식가,"플라자 호텔의 뷔페 세븐 스퀘어를 다녀왔습니다. 뷔페 규모나 음식의 퀄리티는 so so한거 같네요. 음식 하나하나 리뷰하긴 벅차고, 기억에 남는건 대게찜이 뷔페에서 먹을 수 있는 퀄리티 중 상급이었고, 양갈비도 수준급이었던 정도? 그 외에는 맛이 없는 음식은 없었지만 반대로 확 기억에 남는것도 없없습니다. 제 돈 주고 먹은게 아니라 덜 아쉽긴 했지만, 비슷한 값이라면 파크뷰가 우위에 있지 않나 생각됩니다.#주문메뉴@주말 석식 성인 1인 (￦102,000)",괜찮다
1291,세븐스퀘어,E.T Jun ,금요일 디너.,맛있다
1292,세븐스퀘어,yes_bo2,8/10스페어 립!,맛있다
1293,세븐스퀘어,Ray,"평일 런치로 먹으러 갔는데 아직 몸이 안 좋았던 터라 날 거랑 튀김은 최대한 피하면서 먹었어요. 웰컴푸드라고 해야 될지 한 접시씩 나오는 새우관자는 오이향이 너무 과해서 좀 별로였지만 그래도 관자는 맛있긴 했어요. 그래서 부페 메뉴 중에 관자도 있기를 기대했는데 없어서 아쉬웠습니다ㅠㅠ사실 호텔 부페는 처음이라 기대가 컸는데 보통 샐러드바보다는 낫지만 가격도 그만큼 비싸니 가격 대비 만족도가 아주 높지는 않았어요. 정말 맛있었던 건 가리비찜이랑 전복찜, 새우장, 홍차, 레몬젤라또 정도였던 듯ㅋㅋ 일행들은 양갈비도 맛있다고 했는데 개인적으로는 냄새가 나서 별로였어요. 창가 외형이 특이하고 이쁘긴 한데 고작 2층이기도 하고 뷰가 좋지가 않아서 별다른 감흥은 없었어요.",괜찮다
1294,세븐스퀘어,Apéritif,"12월 동안 두 차례 방문했다. 가격은 10만원정도로 비싸다. 고오급 호텔이니까~ 하지만 퀄리티는 그 정도 값어치를 한다. 샐러드, 일식, 양식, 한식, 중식, 디저트, 음료, 과일, 치즈 코너 정도로 분류된다. 하몽도 있다. 일식은 바로 앞에서 회를 떠서 세팅해주고 초밥을 만들어준다. 에피타이져로 숙성회무침 비슷한 것도 있다. 회는 연어, 참치, 도미와 이름까먹은 생선으로 4개 정도였다. 아귀 간이나 메밀소바, 딸기푸딩 같은 것도 있었다. 양식은 양고기스테이크, 부채살, 거의 안 익힌듯 한 스테이크에 관자, 피자 등이었다. 근데 안 익힌 고기같은 거 진짜 맛있다... 너무 많이먹으면 느끼하니까 적당량 먹는게 좋은 것 같다.중식은 만두랑 고추잡채, 쿵파오치킨, 꽃빵튀김 등이고 한 쪽에서 국수와 재료를 담으면 만들어준다. 한식은 밥과 죽, 육회, 소라회무침, 게장 등이 있다. 또 대게찜이랑 굴찜도 있는데 대게는 살 빼기 쉽게 살짝 잘려서 나오고 정말 맛있다.치즈는 5종류 정도로 구성되어 있고 과일도 4종류 정도 여떤 것 같다. 디저트에는 케이크와 마카롱, 주스, 푸딩, 아이스크림, 쿠키, 주문하면 직원분들께서 음료 제조해주는 코너도 있다. 개인적으로는 마스카포네 쑥 푸딩이었나?가 진짜 맛있었다. 식사권으로 먹은거라 로제와인 한 잔이랑 주방장 스페셜로 랍스터 꼬리와 관자요리가 나왔다. 전체적으로 음식도 빨리 채워주고 그릇도 잘 치워주는 편이다. 음식은 대부분이 수준급이다. 뷔페에서 비싼 돈 주고 생각보다 별로 인 곳이 많은데 여기는 대부분 만족할 정도로 괜찮았다. 특별한 날에 가족이나 연인과 함께 가기 좋을 것 같다",맛있다
1295,세븐스퀘어,미식한고독가,크리스마스라고 웰컴와인이랑 랍스터랑 관자 주는데 와인은 진짜 엄청 달고 관자와 랍스타는 무난했다. 디너엔 역시 대게.. 갓 나온 양갈비가 정말 맛있었고 뷔페에서 많이 못먹는 나도 나름대로는 선방했다고 생각한다. 사실 세븐스퀘어랑 웨스틴조선이랑 별 차이를 못느끼겠는데 조선이 디저트류에서 좀더 좋았던 것 같다. 레몬 젤라또가 있어서 좋았지만 딸기주스가 정말 너무 심하게 맛이없어서 깜짝 놀랐다. 과일 상태가 별로였음. 조식은 쌀국수가 제일 나았다. 역시 호텔뷔페의 최강은 신라^^,맛있다
1296,세븐스퀘어,맛둥이,"조식만 이용해 봤는데 진짜 괜찮았어요!이것저것 다양하게 많더라구요 ㅎㅎ 아침부터 연어도 있엇고방금 착즙한 과일쥬스도 있엇구요서울시내 호텔 조식중엔 롯데호텔, 콘래드,그리고 플라자호텔 조식 이용해봣는데저는 여기가 제일 맛있엇어요!",맛있다
1297,세븐스퀘어,RimR,맛있어요 진짜친절하시고 종류도 알차요,맛있다
1298,세븐스퀘어,올레디정,대게 존맛.... 일년에 세 번? 정도 가는 곳이지만 항상 대게는 많이 먹는다~~ 초밥도 입에서 살살 녹고..!! 양갈비도 맛있음! 다만 음료가 마땅히 없어서 아쉽..(예전에는 식혜랑 쥬스 등 있었는데 지금은 돈 내야함) 디저트는 예전보다 더 다양해져서 좋다!!,맛있다
1299,세븐스퀘어,짐짐,"일년에 2-3번은 주기적으로 방문하는 뷔페. 뭔가 갈 때마다 더 좋아지는 느낌이다. 주스코너도 생기고 아이스크림, 커피 등 디저트 쪽에 더 많이 추가된 느낌? 고기류, 해산물, 초밥 뭐 어느 하나 빠지는 것 없이 다 맛있고 하몽, 치즈, 초콜릿 이런 것도 전부 맛있다 ㅎㅎ 여기서 밥 먹는 날은 폭식은 기본인 듯 ㅋㅋ마지막 방문 했을 때는 미니 딸기 뷔페도 있어서 딸기 킬러인 나는 어느 때보다도 더 만족스러웠다 ㅎㅎ",맛있다
1300,세븐스퀘어,식객,디너 맛있게 먹었내요~^^ 디저트종류가 제일 기억에 남아요,맛있다
1301,모모카페,yoom,남대문 코트야드 메리어트 모모카페 브런치와 런치로 유명한데주말에는 씨푸드 뷔페로 이용가능합니다가격대가 있어 평일 디너로 갔어용생각보다 내부는 넓지 않지만 깔끔해요메뉴가 다양하긴 한데 맛은 그럭저럭 쏘쏘합니다게장과 돼지갈비가 가장 맛있었고디저트 메뉴가 다른곳보다 괜찮게 느껴졌어요,맛있다
1302,모모카페,석,맛있었습니다.^^,맛있다
1303,모모카페,플렉서,메리어트 호텔 2층 뷔페 앤 단품식사가능 식당먹어보진않았는데 나쁘진않아보였다,괜찮다
1304,모모카페,최고의한끼,"투숙객은 인당 조식 3만원 정도인데 퀄리티가 모자랄거 없이 좋습니다! 단, 수프메뉴와 로스트 비프정도 추가되면 좀더 좋을거 같아요! 즉석 국수조리가 맛있었는데 사진은 첫접시뿐....이날 객실이 만실이었는데 9시쯤되니 조식뷔페도 만석이었어요;;",맛있다
1305,모모카페,Sugar & Thin,"남대문 코트야드 메리어트 2층 모모카페점심 뷔페가격은 39,000원 으로 평범직딩 점심으로 부담스런 편이라 못가고 있다가, 평소 좋아하는 베트남 요리 프로모션 이야기를 듣고 큰 맘먹고 방문코트야드 메리어트가 체인인데 베트남 지점에서 현지 요리사 2분을 데리고와서 기존 제공 뷔페 메뉴에 베트남 음식 10개정도를 더 제공.베트남 음식 중 쌀국수와 건새우전이 인상적쌀국수 면이 2종류, 소스도 좀 뭔가 다른거 같고 맛잇음건새우전은 즉석에서 만들어주는데 5번 정도 먹음 강추기본 뷔페 메뉴 중에는전반적으로 다양하고 맛있음첫인상은 메뉴가 별로 없다였는데, 자세히 보니 구석구석 많이 있어서 39,000원 가격이 아쉽지 않았음저녁은 5만원이 좀 넘은걸로 기억..베트남 프로모션은 2017.2.28까지임..",맛있다
1306,카페395,쮸쮸,"가성비 좋은 호텔 뷔폐. 오래된만큼 직원들이 친절하고 프로페셔널함. 랍스터 구이와 관자, 그리고 직접 만들어주는 돌판 아이스크림이 시그니쳐인듯. 종류가 아주 많지는 않아도 괜찮은 메뉴들이 꽤 있는 곳. 식사 시간도 길어서 편하다",맛있다
1307,카페395,Daniel Lee,"즐겨찾는 호텔 뷔페 중 한 곳.매번 정말 친절한 지배인분과 웨이터분들.정말 다양한 음식을 맛 볼수 있고 특히 미리 예약을 해서 뷔페 양식쪽 부근에 있는 원탁 테이블에서 식사할 것! 음식도 가까울 뿐더러 밖에 뷰도 보며 먹을수 있다. 가족단위로 가서 정말 즐겁게 와인과 식사 할수 있는 뷔페, 이곳을 추천한다",맛있다
1308,카페395,먹고듀금,오래된 호텔이라 별로 기대하지 않았는데 일단 직원분들이 너무 친절하심. (정말 연륜있는 멋진 호텔리어가 정중히 대접해주시는 느낌이랄까) 평일디너로 갔는데 그릴이나 스시쪽이 좋았고 파스타나 중식섹션은 조금 약했다. 디저트는 절반은 괜찮고 절반은 잉? 스런 구성이어서 어리둥절. 그래도 부페에서 사람들이 많이찾는 음식종류에 오히려 더 신경을 쓰는느낌! 을 받았다. 고기류나 랍스터가 굿굿이었음. 음료는 별도로 주문해야하는데 식사 마칠때쯤 담당서버님이 티or커피 별도로 서비스해주셔서 넘 감사했다! 카지노때문에 중국관광객이 많아 팬시한 느낌은 사실 부족하지만 ㅡ 그래도 기분좋게 식사했다. 너무 번잡한 신라호텔 부페보다는 차라리 조용하고 낫다 ㅠㅠㅠㅠ (나이탓인가...),괜찮다
1309,더피아1972,로한,"# 가성비 호텔 뷔페코리아나 호텔 브런치 타임 이용. 네이버로 예약(할인 적용)점심, 저녁을 먹을 식당은 많은데 의외로 아침(조식)을 먹을 곳이 없음신선한 야채 과일 계란 등 가급적 고루 먹을 수 있는 곳을 찾다보니 가성비 괜찮은 호텔 조식을 찾게 되는 듯요즘 일복이 터지다못해 넘쳐 흘러토요일 자발적 출근을 선택대신 엄청 잘 먹고 가기로 함건대 라구뜨도 그렇고 아침 7시부터 식사가 가능코리아나도 조식이 7시부턴가 가능한데...... 2부는 만두피 파스타가 있다는 글을 봐서파스타때문에 11시30분에 예약함파스타 아니었음 제일 빠른 시간으로 예약해서밥 먹고 오전 중에 삼실 넘어갔을텐데파스타 요고땜에 하루 시작이 뒤로 밀림ㅋㅋㅋ예약할때 주차가 30분 무료라는 글을 보고별로라고 생각했으나 실제는 3시간 무료...!!발렛대신 주차타워에 직접 주차를 했는데아흐...... 주차가 진심 넘 어려웠다ㅜㅜ어둡고 좁고 그나마 남은 자리는 기둥이 있어 걸리적거리고 똑바로 들어가야...? 아니 살짝 사선으로 들어가야...?......결국 땡볕 내리쐬는 옥상에 엄청 맘 편하게 주차주차타워에서 건물로 바로 이어지는 길이 없는건지못찾는건지... 걸어서 내려감ㅜㅜ오래된 호텔이다보니주차타워 및 호텔건물 시설에서 연식이 느껴졌음그래도 내부는 나름 깔끔했음식당이 생각보다 크진 않았으나 좌석은 제법 있었고식사하러 온 투숙객들도 좀 있었음뷔페가 생각보다 크진 않았지만샐러드를 골라 먹을 수 있을 정도로 준비가 되어 있어 좋았음단호박샐러드가 부드럽고 달달해서(!) 좋았음(당이 필요했음ㅋㅋㅋ)스프와 국은 있는데 죽이 없어서 그게 좀 아쉬었음음... 떡볶이 돈까스 오리고기 짜장소스 등이 있었음쌀국수는 이상하게 손이 안가서 패스...대신 오믈렛을 먹음야채 햄 치즈 고루 많~이 넣어주세요 하고 받아옴맛있었음한 번 더 먹을까...? 살짝 고민함만두피 파스타를 물어보니 이젠 안한다고 하심ㅜㅜ... 파스타땜에 11시30분에 예약한거였는데......담에 온다면 브런치말고 조식 7시~8시 타임 이용예정파인애플 쥬스를 받아왔는데이상하게 맛이 밍밍해 몇모금 마시고는 옆으로 치워버림(충분히 일어날만한, 자잘한거는 컴플레인 안걸고 그냥 넘어감. 안먹으면 그만이기에...)그런데 직원분께서 그걸 보셨는지파인애플 쥬스를 살피고는 새로 받아서 가져다 주심...아!! 생각보다 직원분께서 세심하구나 눈썰미가 좋으시구나 했음직원분의 배려에 고맙단 인사를 드림고루 먹고 싶어서 왔는데밥 보다 디저트가 땡겼었나봄리떼가 없어 컵에 에스프레소 받아다가 우유부어내 취향대로 라떼를 제조해 먹음ㅋㅋㅋ맛있었음ㅋㅋㅋ연식이 느껴지다보니 세련된 맛은 좀 부족하지만 직원분의 세심한 서비스와적당한 가격에 다양한 음식을 고루 먹을 수 있었단 점은 괜찮았음주차도 3시간 서비스를 받아서 좋았는데주차타워는 좀 어려웠음ㅋㅋㅋㅋㅋ나는 버벅였지만 주차 잘 하는 남성분이라면 차를 슈슝 잘 넣을 수 있을듯",맛있다
1310,드로우에스프레소바,ultraus,"올리브 오일과 아이스크림, 그리고 커피맛이 이렇게 잘 어울리다니? 일전에 일본에서 조개라멘에 올리브 오일이 엄청 잘 어울려서 놀란 적이 있는데 요번에 마신 커피에서 그때처럼 긍정적인 놀라움을 느낌. 향기의 조화가 아주 기분 좋다.",맛있다
1311,드로우에스프레소바,이영은,☆에스프레소+아이스크림+올리브유 조합☆세상에서 먹어본적 없던 커피를 먹어봤당!올리브유가 올라가서 느끼할 줄 알았는데생각보다 잘어울리고 디저트로도 너무 좋았다!아이스크림도 커피도 다 맛있었다.6시에 일찍 닫아서 아쉽지만 너무너무 맛있었다!!,맛있다
1312,드로우에스프레소바,Wandering Consultant,"서울역 근처를 산책하다 우연히 발견한 에스프레소바. 바리스타 두 분이 주문을 받고 서빙도 하는 작은 공간이다. 층고가 낮지만 대신 전면 유리 통창을 이용해 가게 안팎의 경계를 최소화하고 공간을 확장했다. 차분한 그레이톤 벽에 걸려있는 감각적인 그림들은 2월에 진행했던 작은 전시회가 끝나고 작가님들이 남겨주신 작품이라고. 가게에 처음 방문한다고 하면 커피 메뉴에 대해서 자세한 설명을 들을 수 있다. 우리는 드로우 시그니처 중에서 두 잔 주문. 기본적으로 사용하는 원두는 하우스 다크 블렌드 콩테로, 추가금을 내면 에티오피아나 디카페인으로 변경할 수 있다.내부 공간은 창가 앞에 설치된 바테이블 네 좌석과 커피 스테이션 옆으로 6~8명 정도 앉을 수 있는 아일랜드 테이블로 이뤄져 있다. 평일 점심 12시 10분~15분쯤 방문하면 자리를 잡을 수 있는데, 30분이 넘어가면 주문하는 사람, 커피 마시면서 수다 떠는 사람, 그리고 밖에서 서성이며 자리나 테이크아웃 커피를 기다리는 사람까지 문전성시를 이룬다. 가게 안에 사람이 많아지니까 소리가 울려서 대화하기는 좀 불편해서 호로록 마시고 아메리카노 두 잔 추가로 테이크아웃. 수요일 휴무.▪️Caffè Lieto 4,700원 ⭐️드로우에서만 맛볼 수 있다는 ‘행복’이라는 의미의 커피. 아이스크림 한 스쿱에 에티오피아 싱글오리진 원두로 내린 에스프레소와 우유, 그리고 올리브오일 드랍으로 마무리했다. 아이스크림에 스푼을 넣을 때부터 밀도 높은 질감이 쇠를 타고 느껴지고, 혀에 닿는 온도도 딱 기분좋게 차갑다. 올리브오일 풍미는 생각보다 강하지 않았는데, 에스프레소의 고소한 맛과 균형을 잡기 위한 적정량을 연구한 결과물이 이 한 잔 분량인 것 같다. 젤라떼아 젠제로에서 산양유 젤라또에 올리브오일을 뿌려 먹는 것과 비슷한 접근방식인 듯.▪️Caffè Pieno 3,800원 ⭐️에스프레소에 크림을 얹고 코코아 파우더를 뿌린 커피. 메뉴에는 에티오피아 원두로 변경하는 걸 추천했지만, 기본 하우스 블렌드로 마셨음에도 꼬수운 맛이 제대로 난다. 두 세모금 호로록 마시면 바닥을 보이는게 안타까울 따름. 드로우의 에스프레소 전메뉴는 클리어해보고 싶게 만드는 맛.▪️아메리카노 3,500원직장인의 식후 카페인 니즈를 충족하기 위해선 아메리카노가 필수인가보다. 에스프레소를 한 잔씩 마시고도 오후에 천천히 마실 커피가 필요해서 아메리카노 투고. 에스프레소 싱글샷에 물을 넣으면 롱블랙이고 (3,000원), 더블샷에 물을 넣으면 아메리카노다. 에스프레소로 마실 때 느껴지는 농축된 쌉싸래하고 고소한 단 맛은 물과 희석되면서 그 엣지가 없어진다. 최근에 낟더쌔임의 산미있는 아메리카노를 즐겨마시다보니 혀를 조이는 산미에 익숙해진 걸 수도..",맛있다
1313,드로우에스프레소바,이미와버린,올리브오일 들어간거 특이하고 맛있음 다른건 보통,괜찮다
1314,드로우에스프레소바,잉여킹,"매우 여러차례 방문한 곳이다. 최근 다녀본 에스프레소 바 중 단연 돋보이는 퀄리티와 맛이다.  소아베는 특히 애정하는 메뉴로, 에스프레소가 이렇게 맛있고 편하게 술술 넘어갈 수 있구나 하고 생각이 들게 해준 곳이다.  오래오래 흥했으면 하는 곳이다.",맛있다
1315,드로우에스프레소바,인더맵,"절반 이상의 메뉴를 마셔봤는데, 다 맛있다. 에스프레소 한 잔 하고 출근하면 아침이 상쾌하다. 이번에는 스프 세트까지 먹어봤는데 스프도 든든하고 맛있었다.앉을 자리는 많지 않지만 에스프레소바 특성상 회전이 빠른 편이라 웨이팅을 한 적은 없었고, 앉아서 좀 홀짝이다 자리를 뜨곤 했다. 개인 카페가 거의 없는 동네의 소중한 공간.",맛있다
1316,드로우에스프레소바,르웬,"에스프레소 바가 유행이라 근처 회사원들에게 추천받은 가게!에스프레소를 한번도 안먹어봐서 비교는 어렵지만 그래도 무척 맛있었다!직원분이 너무너무너무 친절하셔서 하나하나 다 설명해주신 덕분에 선택이 쉬워졌다!시그니처인 리에토로 도전해보고 싶었지만 초보이기도했고 올리브오일에 대한 걱정으로 다음으로 미루고, 소아베와 피에노로 도전했다!에스프레소도 디카페인이 된다고하니 불면증분들도 도전해볼수 있을듯. 다음이 꼭 리에토로 먹어봐야지!",맛있다
1317,드로우에스프레소바,연건동맛동산,"⭐⭐⭐⭐☆에스프레소 (3.0), 리에토 (4.2).망고플레이트에서 2021년 미식 트렌드의 키워드로 에스프레소 바의 등장을 뽑았을 정도로 최근 정말 여러곳에서 보이는 에스프레소 바. 재밌는 점은 각각의 매장마다 신선하고 창의적인 에스프레소 베리에이션을 시도하기에 컨셉은 공유하더라도 각자의 매장을 찾아가는 재미가 있다는 점일 것이다. 이날 방문했던 충정로의 '드로우' 에스프레소 바 역시 상당한 실력과 맛을 갖췄던 곳. 카페인에 대해 좀 더 내성이 있었다면 모든 종류를 다 시도해봤겠지만, 그랬다가는 빈맥으로 응급실에 실려갔겠지...?.기본 에스프레소 (3.0) - 이런 계열의 카페에서 가장 먼저 주문하는 메뉴이다. 이 카페에서 어떤 스타일의 커피를 내리는지 느낄 수 있고, 이후의 베리에이션 메뉴에서 느껴질 만족감을 미리 예측할 수 있기 때문. 한 입을 마시고 느꼈던 것은 치밀하게 설계된 커피라는 느낌이었다. 블렌드 원두의 구성을 보면 인도네시아, 콜롬비아, 에티오피아 원두가 들어가 있는데, 한모금을 입안에 머금었을 때 여러 맛이 정말 복합적으로 - 순서적으로 느껴져 참 좋았다. 짧은 지식이지만 에티오피아산 원두는 보통 산미가 있는 편이고, 중남미의 원두 (콜롬비아 등)는 고소하고 균형잡힌 맛이고, 인도네시아 원두는 바디감과 쌉쌀함을 느끼기 좋다고 알고 있는데 이 맛들이 모두 골고루 섞여있는 느낌?.물론 요즘 원산지 하나 가지고 커피의 맛을 따진다는게 말도 안되는 이야기긴 하지만, 첫인상은 상큼하지만 곧이어 나타나는 쌉쌀함, 목구멍을 넘어간 뒤 입안에 남는 고소하고 향긋한 커피향이 참 좋던 에스프레소. 바닥에 가라앉은 설탕을 휘휘 저어 달콤하게 만드니 또 다른 매력이다. 다 마신 뒤 녹지 않은 설탕을 컵 벽에 남은 크레마랑 같이 먹어도 좋다..리에토 (4.2) - 이날 가장 인상적이었던 메뉴. 기본 구성은 아포카토다. 에스프레소 + 바닐라 아이스크림. 이곳의 포인트는 여기에 올리브유를 떨어뜨린다는 것이다. 기름을 커피에? 할 수 있는데, 올리브유는 종류별로 산미와 매운맛이 정말 천차만별이고 특히 이날 커피 위에 올라간 올리브유는 약간의 생 풀과 같은 쌉쌀함과 풋사과같은 맛이 에스프레소의 쓴맛과 기가막히게 어울렸다. 특히 수저로 아이스크림과 올리브유, 그리고 에스프레소 크레마를 살짝 섞어 한 입에 넣으면 바닐라향, 올리브향, 커피의 향이 폭발하는데 어떻게 이런 구성을 생각해냈을지 놀라울 정도. 꼭 주문해보시길 추천한다..친절한 서비스, 맛있는 커피. 그리고 에스프레소바에서 빠질 수 없는 컵쌓기 인증샷까지. 재밌고 맛있는 경험을 하고 온 곳이다. 다만 공간이 조금 좁아 사람들이 꽉 차면 다소 바글바글한 느낌이 들 수 있다는 점은 아쉬운 점. 바로 길 건너 서소문성지를 구경하고 커피 한 잔을 즐기러 온다면 완벽한 코스가 될 것 같다.",맛있다
1318,드로우에스프레소바,live laugh love,TL;DR 프랜차이즈 일색 충정로에 생긴 맛있는 에스프레소 바- 최근에 라떼 맛집들이 많아진건지 에스프레소 바인데 라떼도 맛있어서 놀랐어요- 앉아서 마실 시간이 없어서 라떼(4.0)로 테이크아웃했는데 맛있어서 꼭 재방문해서 올리브유가 들어간 카페 리에토 시도해보려고합니다 - 같이 간 동생은 허니브라운라떼 마셨는데 크게 달지않고 은은한 단 맛이 나서 좋았다고 하네요 - 매장 자체는 크기가 작아서 긴 테이블 하나에 6명 정도 창가쪽4자리 정도 있습니당. - 손님 많은데도 메뉴도 빨리빨리 나오고 친절하셔서 좋았어요,맛있다
1319,드로우에스프레소바,머큐리 ,"날 끌어당길 에스프레소 한 잔, 충정로 <드로우 에스프레소바>.‘딸기향이 나는 메로나’란 설명의 올리브유와 아이스크림, 에스프레소가 조화로운 리에토 강추! 네임은 이탈리아어로 행복이란 의미! 피에노/3500 와 리에토/4200",맛있다
1320,덕수궁리에제와플,써니♡,"쫀득쫀득 맛난 와플 먹으려면 줄서야 해요!(근데 생각보다는 오래 걸리진 않아요)계속 먹고 싶었는데 짝궁 찬스로 한 번 먹어본 후 또 먹어볼 기회만 호시탐탐 노리고 있었다. 그런데! 근처 지나갈 일이 생겨서 또 구매 시도!줄을 섰는데 생각보다는 오래 걸리지 않았고 계산하면서 보니 근처 직장인들을 위한 쿠폰도 있는 것 같았다. 나는 와플 블루베리 치즈 케이크와 와플 메이플 시나몬을 먹었는데 역시 맛있다. 반죽이 쫄깃쫄깃하고 적당하게 달아서 좋은 것 같다.사실 리에제 와플이 상호명인줄 알았는데 와플 종류 중에 하나라는 것을 나중에 알았다. 리에주 와플은 작고 둥글고 반죽에 이스트를 넣지 않고 대신 반죽에 작은 설탕 덩어리를 넣기 때문에, 눌어서 캐러멜 느낌이 난다고 한다. 벨기에 전역의 작은 가게와 길거리 노점상에서 맛볼 수 있고 작은 종이에 싸주기 때문에 어떤 면에서는 벨기에 사람들에겐 리에주 와플이 우리나라 호떡 느낌이 아닐까 싶다.",맛있다
1321,덕수궁리에제와플,굥이굥이,포장해서 집에서 먹었는데 아메리카노랑 먹으니 넘 맛있어용!! 블루베리 크림치즈랑 피넛버터 시켰는데 와플도 잘 구워졌고 토핑들도 듬뿍 올라가있어서 맛있어요!!담에 다른 메뉴들도 다 먹어보려구요!! 줄서서 기다려서 먹은 보람이있어용!!,맛있다
1322,덕수궁리에제와플,카나리아,무난하게 맛있는 벨지안 와플여의도에 근무할 때 패트릭스 와플을 맛있게 먹어서 시청 쪽에서 유명한 와플집이 있다고 들었을 때 넘 가보고 싶었는데 왜인지 모르게 계속 기회가 닿지 않아 이제서야 다녀와봤습니다.메이플 시럽이 뿌려진 와플 하나를 포장해갔는데요. 따끈하게 바로 구워져 나왔을 때의 맛도 느껴보고싶어서 가게 앞에서 한 입 해보고 싸갔습니다 ㅋㅋ 역시나 바로 먹는게 바삭 쫄깃하고 훨씬 맛있었어요. 메이플 와플이라 시럽이 약간 설탕과자처럼 크리스피하게 달라붙어있을 줄 알았는데 시럽형태 그대로였던 점은 살짝 의외였네요.와 엄청나다! 까지는 아니지만 꽤나 준수한 맛이라 다음에 갈 때 사서 식기전에 와구와구 먹어보고싶네요. 재방문의사 O,맛있다
1323,덕수궁리에제와플,빨강코알라,그냥 그런 와플..이쁘긴 하고 서비스나 위치도 마음에 들지만 고대앞 와플이 더 맛있었다. 가성비도 별로,별로
1324,덕수궁리에제와플,연건동맛동산,"[홀릭의 #다시먹어봄 - 02]⭐⭐⭐⭐☆ (이전 방문: '21-10-27).어쩐지 덕수궁 앞을 지나가면 이곳의 와플을 먹지 않고는 한 발자국도 정동길을 향해 내딛을 수 없다.  우연히 시간이 비어 평일 오전에 방문했더니 사람이 없어서 금방 따끈따끈한 와플을 즐길 수 있던! 지난번에는 우유생크림이 올라간 메이플 와플을 먹었는데, 이번에는 조금 더 헤비하게 즐겨보고자 다-크 초콜릿이 가득 코팅된 '와플 벨지움 초코'를 주문해 보았다..겉바속촉 스타일의 벨기에 와플 위에 빠작한 초콜릿이 듬뿍 코팅되고, 위에는 또 초콜릿을 뿌려주신다. 상상 가능한 맛이겠지만 정말 당 충전이 가득 되는 느낌. 초코의 달달함이 와플 반죽이 가지는 약간의 뻑뻑함을 중화시켜 커피 없이도 하나를 통으로 먹을 수 있다! 꽂혀있는 스틱 덕에 아이스크림 바를 먹듯이 즐길 수 있는 것도 좋았고..카페에 앉아 와플을 썰어먹는 것도 좋지만, 덕수궁 돌담길을 걸으면서 달콤한 와플을 우적우적 씹는 맛은 정말 어느 가게도 따라할 수 없는 것 같다. 이 점이 이곳을 그렇게 유명한 곳으로 만든게 아닐까. 다시 덕수궁을 가더라도 또 먹을 것 같은 곳. 크림치즈나 피넛버터를 올린 메뉴도 왠지 궁금해진다.",맛있다
1325,블랑제리더플라자,써니♡,딸기 쇼트 케익 맛있네요더플라자 결혼식에 참석한 후에 방문하였다. 매장 디피에는 홀케이크 밖에 없지만 요청하면 조각으로도 구매가 가능하다. 딸기가 생각보다 엄청 많이 들어있다. 그리고 재미있게 바닐라 크림 같은 것이 들어있어서 색다른 느낌도 난다. 좀 더 꾸덕한 느낌이라고나 할까… 적당히 달고 완전 맛있다. 딸기 케이크 좋아하는 사람이라면 방문을 추천한다.,맛있다
1326,블랑제리더플라자,르웬,"맛있는것같으면서도 아쉬운것같으면서도 그 중간쯤?시청역과 롯데백화점 지하 통로에 위치한 빵집!예전엔 skt할인이 되서 가격면에서 부담이 없었는데 지금은 하나당 4천원정도로 세개만 사도 만원이 훌쩍 넘어 가격이 사악한 기분이 든다. 치아바타와 시오빵, 케익이 특히 유명하고 샐러드와 샌드위치류도 종류가 다양하다. 빵의 질감이 나름 꾸덕해서 고급진 맛이 나고 건강한 맛도 느껴진다. 저녁에는 30%할인도 한다고하니 그때를 노려보는 것도 괜찮을듯!",괜찮다
1327,블랑제리더플라자,따따따따,"딸기쇼트케이크를 사러갔는데, 조각케이크가 없더라고요. 그런데 68,000원짜리 통케이크를 사기는 좀 그렇고.. 다행히도 조각으로 구매가 가능하다고 해서 한조각 사서 먹어봤습니다.생크림은 부드럽고, 시트는 촉촉하고, 딸기는 달달한 것이.. 딸기 쇼트 케이크의 가장 이상적인 형태가 아닌가 싶습니다. 가격만 빼고요..",맛있다
1328,블랑제리더플라자,해띠,가격대비 맛있는 편샌드위치 굿!저녁에 가면 남은 빵 할인행사 하는 것도 좋다.,맛있다
1329,블랑제리더플라자,Seyeon.Y,망고쇼트케이크 60.0미리 예약해둔 더플라자 블랑제리 망고홀케이크. 망고 쇼트 케이크를 한 번도 안먹어봐서 궁금했는데 블랑제리 더 플라자가 호텔 베이커리 중에서 합리적인 가격대라 예약 주문 해두었다. 네이버로 사전 예약하면 10% 할인 받을 수 있다. 요즘 서울에 있는 빵집 홀케이크 가격이 보통 30.0이라 이정도면 진짜 합리적인 가격인듯초를 안물어봐서 설마 안넣어주셨나 했는데 안에 초를 뭉탱이로 넣어주셨더라 ㅋㅋㅋ 호텔베이커리 홀케이크를 생일 케이크로 먹는 기분은 짜릿><망고크림과 아주 촉촉하고 부드러운 시트! 위에 흰크림은 약간 식물성 크림인가 싶기는 했다. 약간 미끄덩거리는 느낌? 느끼하게 느껴질 수도 있는데 딱 위에만 발라져있어서 맛있게 먹었다. 위에 장식용 망고랑 시트 사이에있는 망고는 맛이 전혀 달랐다. 위에 망고는 보통 우리가 마트에 사먹는 살짝 새콤달콤한 망고였고 시트안에 망고는 친구말로는 냉동망고 같다고. 얼어져 있지는 않았는데 일반 망고보다 맛이 연했달까? 새콤달콤한 맛보다는 망고 특유의 맛이 약한 망고였다.그래도 호텔베이커리답게 시트도 촉촉하고 위에 망고도 맛있어서 만족스럽게 먹었다. 망고케이크 이제 먹어봤으니 미련없을것 같다ㅋㅋㅋㅋ,맛있다
1330,루소랩,SOJANG,"덕수궁 서울시립미술관근처 주차가능 카페^^* 돌담길끼고 광화문쪽으로걷다 보면 이화재단건물에 있다.정동에 오면 주로 이화100주년 기념관에 있는, 라그린을 가곤했는데~오늘 여기를 발견했다 ♡이 비싼 동네에서 널찍하니 쾌적한 카페를 말이다 ㅎㅎ실내가 1,2층으로 되어 있는데~2층은 뷰도 좋고 완전 쾌적하다.커피맛도 2가지 다~아주 훌륭했다.단, 에클레르는 딱히...겉은 바삭하고 속은 촉촉한..유럽에서 먹어보던 맛을 기대했나? ㅎ무료주차도 1시간 해주고~암튼 자주 들릴것 같다 ^^*",맛있다
1331,루소랩,Nyn,"• 애플 쿠키 라떼 7,800생각보다 많이 달았고 양도 적었다. 그냥 작은 물컵 사이즈의 글라스에 나온다. 케익과 곁들여 먹기엔 아쉬운 메뉴. 그리고 비싸..!• 티라미수 • 녹차 쉬폰 케익• 총평여기는 진짜 케익이 맛있다. 케익은 어떤 메뉴를 먹어도 촉촉하고 케익시트가 퐁실퐁실하다. 브런치를 먹고싶을 때 다음에 한 번 와볼만 할 것 같기도 하다. 브런치도 참 괜찮아보인다.",맛있다
1332,루소랩,Nyn,"루쏘(커피)랩 아니었나? 근데 여기 케익 맛집이네?• 따뜻한 아메리카노 5,000 (에스프레션 블랜드)적당히 쌉쌀하고 다크한 풍미. 평소 산미를 즐기지 않아서 골랐다. 디저트의 단맛을 싸악 정리해준다. 디카페인을 마시고싶었으나 평일 저녁에는 솔드아웃 되었다고 해서 그냥 카페인 든 커피 마시고 날밤을 새웠다..^^그래도 초코디저트에는 티 보다는 커피일 것 같아 한 선택이니 후회는 없ㄷ ㅏ...• 브라우니 가나슈 케익 6,500 (이름 정확치X)진한 초코케익이라고 생각하면 되는데 시트지가 브라우니다.  아주 꾸덕한 브라우니가 취향인 나는 브라우니가 케익이라고? 하는 생각에 그닥 끌리지 않았지만 매장 유리에 붙은 브라우니 케익 포스터를 봐버린 동행은 기어이 먹고야 말겠다는 의지 때문에 주문했다. 먹어보니 기대 이상이었다. 겉에는 헤이즐넛 섞인 다크초코로 코팅되어 흡사 거대 페레로 로쉐를 연상시키는 비주얼이었다. 초코크림과 브라우니 시트지가 달지 않다면 거짓말. 그럼에도 밸런스가 잘 맞고 촉촉해서 합격✅ • 사과쿠키라떼 7,000이건 예전에 방문했을 때 마셨던 메뉴라 사진은 없다. 근데 아직도 기억에 선명할 정도로 정말 달다. 비싼데 양도 적다. 약간. 스벅 톨 그란데 벤티만 보다가 그와 비슷하거나 높은 가격대의 개인카페 음료가 쬐깐한 잔에 서빙되었을때 그 신선함(!)을 다시금 느낄 수 있었다. 슬프게도 쿠키는 내가 기대한 쿠키가 아니었고 그날따라 케익을 두가지나 먹었었는데, 역시 케익엔 아메리카노인가 보다. • 총평늘 평균 이상은 하는 카페다. 평일 저녁에는 한산하고 아주 좋지만, 주말 낮 방문시에는 나들이 인파로 2층의 넓은 홀이 왁자지껄 꽉 채워진다는 점은 감안할 것. 이 근방에 그정도 규모의 카페가 없어서인지 인기 폭발이다. 여기에서 먹어본 케익은 다 맛있었다. 웬만한 베이커리보다 맛있음! 아, 결제할 때 실물카드 없다면 바코드로는 결제가 안된다. 삼성이나 LG페이만 가능. 의외의 발견이었다..",맛있다
1333,루소랩,Capriccio06,"베이커리, 음료도 있고 브런치도 되는, 비교적 일찍 오픈하는 넓은 카페여서 이 근처에서 방문하기 좋은 곳. 모든 메뉴가 그다지 맛있진 않은데 그렇다고 아주 못먹을 정도는 아니어서 그냥 공간을 생각하고 갔을때 나쁘지 않은 선택지이다. 딱히 근처에 대안이 없어서 여러번 가게 되는 곳...",괜찮다
1334,루소랩,네씨,"- 카푸치노(바닐라시럽+0.5,예스프레소 시즌원두) 10/10ㄴ매우 만족. 바리스타 대회 우승 트로피 포착. 곡물 향이 나는 시즌 원두와 매우 잘 어울린다.- 디카페인 아아 5/10ㄴ 디카페인 옵션이 있는 것만으로도 감사.- 콥샐러드w랜치소스 5/10 ㄴ 내 입맛엔 렌치소스가 너무 강했고 채소 조합도 쏘쏘였다. 이미 연하게 레몬소스 드레싱이 되어있어서 굳이 랜치를 안뿌리고 먹음. 닭가슴살은 매우 부드러워서 굿.- 쉬림프 에그 베네딕트 8/10ㄴ 새우를 정말 잘 구워서 맛있다. 계란은 조금 오버쿡되었다.- 치즈케이크 10/10ㄴ 적당히 덴스하고 풍미 너무 좋고 커피랑 너무 잘어울린다. 뭐 하나 빠질게 없다.",맛있다
1335,커피앤시가렛,굥이굥이,건물 17층에 위치한 카페! 웨이팅이 길어서 놀랬다..공간에 사람이 많아서 시끌벅적하긴하지만 탁트인 뷰가 좋았다. 창가자리에 앉으면 좋을듯! 커피도 맛있고 퍼지브라우니 시켰는데 아이스크림이랑 같이 먹으면서 당충전 가능!,맛있다
1336,커피앤시가렛,Rachel,시청역 근처 서울 중심지 뷰를 볼 수 있는 전망 좋은 카페. 메뉴부터 힙한 감성을 그득그득 느낄 수 있는 곳. 커피 뿐만 아니라 커피로 만든 칵테일과 다양한 디저트가 있다. 카페 내부에 포토부스도 있다. 내려다보면 살짝 보이는 덕수궁과 멀리 인왕산 뷰까지 서울 도심의 경치를 높은 곳에서 즐길 수 있는 곳,맛있다
1337,커피앤시가렛,장세은,커피 맛집은 아니고 뷔맛집이네요.사람이 많고 시끄러워요,별로
1338,커피앤시가렛,EJ,뷰맛집으로 유명한 카페로 건물 17층에 위치하고 있고 큰 통유리창이 액자처럼 나란히 있어 들어가자마자 눈이 시원한게 그 자체만으로도 올만한 곳이다.주변 회사원들 제외 직장인은 오지못하게 운영시간이 짧아서 그동안 못 왔는데 주변 직장으로 옮기면서 점심시간에 많이 오게됨. 사실 이 주변에 ‘맛있는’ 또는 ‘핫한’ 카페가 생각보다 없어서 여기가 유독 눈에 띄이는 것 같기도 함. 오히려 점심시간 이후 2-3시경에 자리가 없어 길게 웨이팅 하는 모습을 봄.메뉴가 특이한게 많다. 솔트스카치라떼. 베이비라떼 등 이름도 특이한 시그니처 커피메뉴들이 있고 커피 외에도 특이한 이름의 음료들이 많아서 선택장애 올 수 있음. 메뉴에 설명이 잘 쓰여있어서 참고하기에 좋다. 솔트스카치는 딱 버터스카치 캔디 맛에 약간 짠맛이 가미되어 짠단의 간이 강한 묵직한 커피이다. 베이비라뗴는 약간 달고 시원 가벼운 맛이었음.커피치고 가격이 상당해서 식사가격과 맞먹는다. 맛이 괜찮은 커피를 브랜딩 이쁘게 된 잔에 마시면서 멀리보이는 풍경보면 행복해짐. 뷰가 아니면 사실 커피맛으론 너어어어무 맛있다 정도는 아니라서 가격을 생각해서 창가자리를 겟하시길.,맛있다
1339,커피앤시가렛,슈빙,"뷰맛집으로 유명한 커피앤시가렛. 금요일 오후 1시쯤 갔더니 널널했어요. 창가자리는 다 차있어서 바로 앞자리엔 못 앉았지만 나중에 창가자리 나서 앉아보니 조금 떨어져서 앉았을 때 뷰가 더 좋은 것 같아요.(창가에서 밖을 보면 초록옥상이 너무 시강)중요한 커피맛은 좀 아쉬웠어요. 르완다 부산제?라는 싱글오리진 브루잉커피를 마셨는데 제가 제일 안 좋아하는 찝찝한 산미를 가진 커피였어요ㅠㅠ컵노트에 청사과, 플로럴, 체리라고 적혀있어서 다른 메뉴 다 읽지도 않고 선택했는데 제가 기대한 맛은 아니었네요.그럼에도 불구하고 카페에 대한 인상은 나쁘지 않아서 괜찮다로. 널찍한 공간에 테이블 간격도 충분히 떨어져 있으며 서울 도심풍경을 방해물없이 온전히 즐길 수 있다는 점이 좋았어요. 창가자리에 혼자 앉아있는 사람들이 꽤 되는 걸 보니 그런 걸로 눈치를 주는 곳은 아닌 것 같았구요.최근 혼커를 자주하면서 느낀건데 여기뿐만 아니라 카페를 운영하는 사장님들도 1인 손님에게 눈치 주지 않고 혼자 온 손님들도 눈치껏 머물다 자리를 내어주는 것 같아요.ㅎㅎ 서로 예의를 지키려고 하는 모습이 좋아보여요.",괜찮다
1340,라그린,당케쉔,"라그린 샐러드가 먹고 싶어서 점심 시간에 택시타고 서대문까지 갈 정도로 라그린의 샐러드를 좋아하는데, 이 근방에서 일하는 언니한테 ""라그린도 있고 부럽다, 우리 회사도 서대문에 있으면 좋겠다!""고 했더니 ""이근방에 먹을 게 라그린밖에 없다""고 단칼에 잘라냈다. 치킨샐러드도 괜찮고 무엇보다 추가해서 같이 먹는 치아바타와 궁합이 좋다. 베지샐러드를 막상 받아보면 양이적어서 울고싶어지는데 먹다보면 신기하게 또 배가 부르다.예전에는 당케맛집이었는데 요즘 당근케이크가 맛이변해서 별로다. 내 닉네임이 당케쉔이 된 것도 여기 당케먹고 덕통사고당해서 당케 덕질 시작하다 여기까지 온건데....애달픈 일이다.우리회사근처에도 샐러드맛집이 있었으면.",맛있다
1341,라그린,왕앵무,"분위기도 좋고 맛도 좋고 일대 샐러드집 중에는 종합적으로 봤을 때 가장 괜찮은 곳이었다. 페퍼콘 치킨 샐러드와 아보카도 생모짜렐라 파니니를 시켰다. 페퍼콘 치킨 샐러드는 수비드한 치킨, 달걀, 적양배추, 토마토, 올리브 등이 같이 나오는데 중간에 있는 건 뭔지 잘 모르겠다. 약간 마늘 맛이 나고 병아리콩 같은 느낌이었는데 샐러드에 감칠맛을 더해준다. 아보카도 생모짜렐라 파니니는 부드럽게 으깬 아보카도와 치즈, 스모크드햄이 들어가는 심플한 샌드위치였다.",맛있다
1342,라그린,EJ,"샐러드, 파니니같이 간단메뉴를 먹을 수 있는 곳. 샐러드나 파니니 나름 보기에 알차게 나오고 맛은 무난한데 여기 창밖 뷰가 좋다. 단풍질 때라서 은행나무도 예뻤고 하늘도 잘보이는 큰 창이 있어 회사 점심시간임에도 기분전환이 되는 힐링장소였음",맛있다
1343,라그린,SOJANG,"《정동길 산책하다가》정동길 산책하다가 커피마시러 들어감.옛스러움을 좋아한다면 들려볼만하다.1층은 안틱, 2층은 모던, 그래도 테이블과 의자는 옛스럽다.커피맛은 적당히 고소하고, 케잌도 맛났다.뷰가 좋아서 분위기를 돋군다.정동길을 참 좋아했는데... 오랜만에 산책하고 맘에드는 카페도 만나서 ~좋은하루였다^^*",맛있다
1344,라그린,르웬,"정동길을 따라 걷다보면 모르고 지나칠법한 공간에 숨은 예쁜 브런치 카페!이화여고 100주년 기념관 옆에 있는데, 정동길을 돌다가 한옥이 나오면 주의깊게 보면 찾을 수 있다.회사 근처 브런치집가운데 가장 덜 알려졌는데 왜그런지 이유를 알 수 없을정도로 맛도 분위기도 괜찮다!파니니와 샌드위치, 샐러드 종류가 다 괜찮았고, 예쁜 케익도 참 많은데 쉬폰케익이 특히 맛있었다!커피와 주스가 다소 아쉬운 맛이었지만 그래도 점심에 브런치와 함께 먹기에 크게 손색없어서 근처에서 브런치집을 찾고있다면 라그린을 추천한다!나만 알고싶은 맛집같은 곳이지만 나만 알기엔 너무 아까워서 망플이 알고있는 맛집이 되었으면 한다 :D",맛있다
1345,라그린,감자고동,"정동길에 숨어있는 맛집인 줄 알았는데 나만 빼고 다 알고 있었던 것 같은 곳!ㅎㅎㅎ 왜 이제야 알았을까. 이화여고 백주년기념관 1층에 있는 브런치카페.샐러드를 주문했는데 1초만에 나오길래 패스트푸드집인가? 했는데 옆을 보니 레디메이드 샐러드였다. 하지만 뷰가 좋으니 이래도 좋고 저래도 좋고~ 사람이 한없이 관대해지는 곳이었다. 비오는 날 방문해서 바깥에 앉을 수 없지만 날이 좋으면 야외테이블에서 즐기기도 좋을듯하다. 맛은 냉장고에서 바로 나온 샐러드 치고는 괜찮았다! 파리크라상 샐러드 정도는 된다.. 맛이 어떠면 어떠하리~ 이런 공간, 게다가 대한민국 근대교육의 산실 속에서 커피와 브런치를 즐길 수 있다는 건 너무너무 행복한 일이다! *주의: 정동길을 좋아하는 필자의 콩깍지가 다분히 낀 리뷰일 수 있음. 그리고 정동길에 생각보다 마땅히 괜찮은 카페가 별로 없기도 하여ㅠㅠ 더더 가산점!",맛있다
1346,라그린,세히또먹,나쁘지 않은 브런치 카페! 밖에 앉는게 이쁜 것 같당 대신 여름에는 햇빛 때문에 더울 것 같은 느낌 ㅜㅜ 파니니도 괜찮고 토마토 주스도 뭐 그럭저럭 나쁘지 않음. 테라스느낌 내고 싶으면 좋을듯. 안에는 엄청 크고 사람도 많았다.,괜찮다
1347,라그린,민미리민,"자주가고 좋아하는 #정동 #정동맛집 #라그린 #샐러드맛집 #비건맛집 .어쩌면 정말 매일 가고싶은 집이다. 건강하고 맛있음. 다만 조금 비쌈. 요새 사람이 많음. 이날 시킨 것은 #비건프로틴샐러드  .요즘 인스타에서 핫한 #템페 를 한번 먹어보고 싶었기에 시켰다. 첫맛은 정말...... 특이 ...처음이라.... 그러나 다른 야채들과 함께, 특히 절인 양배추와 먹으니 먹을 만했구 점점 중독성이...  생겨서 다 먹었다. 다음에 또 시킬지는 미지수이나...아 또 이곳은 디저트도 맛나다. #시폰케이크 와 #아메리카노 식사를 한 후 디저트와 커피도 한방에 끝낼 수 있어 좋은 집 #정동길 #클린외식 #클린맛집인스타 @after6min",맛있다
1348,라그린,rebekah,아쉽게도 비건 음식은 아니에요. 비건 샐러드랑 비건 파니니는 치즈랑 계란 버터 다 들어가서... 비건이 아니면 비건 이라고 하지말지.. 알러지가 있는사람 어덯게 하라는거에요 -_-,괜찮다
1349,라그린,lijoongddak,정동길 뷰 좋은 카페근데 뷰만 좋다 커피 근래 먹은 거중에 최악르풀에 사람이 없었으면 르풀로 갔을듯,별로
1350,라그린,북악산기슭 곰,"점심시간에 시간 여유가 있을 때 가끔 찾는 곳이다. 커피와 얼그레이 정도를 곁들여서 먹는, 생크림 쉬폰케이크가 좋다.",맛있다
1351,라그린,고바마,정동길의 이화백주년기념관 코너에 있는 디저트 카페입니다. 이화여고 동문의 후원으로 운영하는 카페인 듯 합니다. 주위에 나무들이 많고 내부에도 식물들이 많고 분위기는 좋은데 커피는 평범하고 생과일 쥬스는 너무 달아서 제게는 별로였습니다. 하지만 조용히 이야기 나누기에는 괜찮은 곳입니다.,괜찮다
1352,라그린,아지,"인테리어가 예쁜 덕수궁 돌담길 옆 카페맛은 쏘쏘- 당근케이크 먹었는데 약간 시큼한 맛이 돌아서 결국 남겼다 - 인테리어가 예쁘고 오래있고 싶은 힐링되는 카페이다 커피도 무난하게 맛있다야외테이블에 앉았는데 식초냄새가 너무 나서 좀 힘들었다, 이 부분 빼고는 방문해볼 만 한 곳이다 !",괜찮다
1353,르풀,•Sarah•,"작고 아담하지만 너무 예쁜 정동 브런치맛집 “르풀”테이블이 좀 작고 공간이 협소하지만 또 그만큼의 아기자기한 매력이 있더라구요 :) 태라스자리는 너무 대기가 길어서 실내로 자리잡았었어요- 테라스는 주말에 기본대기 1시간30분이라고 하더라구요- 치킨아몬드 샌드위치, 슈퍼파워샐러드, 르풀파니니, 라자냐를 주문해서 함께 방문한 친구들과 다같이 나누어 먹었어요. 메뉴가 다 맛있었지만 개인적으로는 치킨아몬드샌드위치가 제일 맛있었어요. 전반적으로 모든 메뉴의 맛은 슴슴하다에 가까워요. 자극적인 맛이 크지 않아서 더 좋았고 비건메뉴도 있어서 선택의 폭이 넓다는것도 좋았어요 :)",맛있다
1354,르풀,르웬,"언제봐도 인기만점인 테라스 파니니 전문점!정동길쪽에 파니니와 샐러드 등을 전문으로하는 브런치 전문점이 꽤 많은 편인데, 그 중에서도 압도적으로 인기있는 곳은 항상 르풀이었다!최근 한 5년 기준으로도 르풀은 한겨울아닌이상 언제나 만석에 웨이팅이 가득했다. 오늘 드디어!! 방문해보았는데, 마마스만큼이나 다양한 메뉴가 있어 놀라웠다. 파니니, 샌드위치, 샐러드로 크게 나눠져 있고 샐러드는 비건용도 있었다. 우리는 라자냐와 르풀 파니니를 주문했는데,런치세트에는 아메리카노를 할인해준다!라자냐는 두껍고 고기와 버섯이 풍부하게 들어가서 무척 만족감있었는데 가격이 16,000원이라 다소 비싸서 아쉬웠다. 르풀 파니니는 치아바타가 바삭하게 맛있었는데 안에 든 내용물과 소스가 부족해서 아쉬웠다. 그래도 그릇과 분위기가 예뻐서 재방문의사있다!",괜찮다
1355,르풀,EJ,"심플한 점심 먹고싶을 때 샐러드 먹으러 가기 좋음. 가게 분위기가 매우 아늑하고 날 좋을 때는 테라스 자리가 좋다고 함. 매우 건강한 맛으로 간이 슴슴- 해서 신선하고 무겁지 않은거 땡길때 딱인 곳. 샐러드 구성이 꽤 괜찮고 파니니는 매우 심플하다. 점심시간 숨돌리기 좋은 장소, 다만 점심시간에 자리경쟁이 치열하다.",맛있다
1356,르풀,세히또먹,여기 테라스맛집! 작지만 진짜 외국같은 분위기에 브런치를 즐길 수 잇어요. 샌드위치도 맛있는 연어 꼭 드세요ㅠㅠ 짱이에요 점점 유명해져서 점심시간에가면 테라스에 못 앉을 수 있으니 여유로운 시간에 가는게 좋을 것 같아요.,맛있다
1357,르풀,박혜,시청쪽에 있는 르풀카페!여기는 뭔가 예뻐보여서 들어갔는데 분위기도 뭔가 화사하고 좋더라구요 ㅎㅎ여기서 음료랑 샐러드를 먹었는데음료는 그냥 쏘쏘..한 맛이었고샐러드도 그럭저럭? 이었네요 ㅎㅎㅎ가격은 엄청 비싸지도 저렴하지도 않은 적당한 정도여서한번 간거로 만족하고 있습니다,별로
1358,르풀,굥이,"생각했던 분위기도 아니었고 다소 비싼것 같다는 생각이 들었다. 야외공간은 너무 관리를 안하고 방치한 느낌이고 도로나 인도랑 너무 가까워서 뻘쭘한 느낌이다. 요즘엔 워낙 브런치카페도 많고 잘나오는데 비해 사용하는 재료들이 큰 메리트는 없었던 것 같다. 아마 입지조건으로 인한 가격책정이지 않나싶다,,, 근처에 갔다가 브런치맛집으로 가기보단 그저 카페용으로만 가시길",별로
1359,르풀,아보카도,시청 근처에 놀러갔다가 가게 된 곳이었어요. 시립미술관 쪽에 있어요. 월요일에 갔는데 직장인 분들 점심시간이랑 겹쳐서 엄청 붐비더라구요. 매장안이 정신없어 보였습니다. 웨이팅 적어놓고 기다렸어요. 일행이 4명이었는데 큰 테이블이 별로 없어서 좀 오래 기다렸고 이게 4명 자리를 맞추려고 그런건지 빈자리가 나도 계속 빈 상태로 두시더라구요 ㅠ 그래서 좀 더 오래 걸렸던거 같습니다. 내부가 좁은 편이라 여유로운 공간은 아니었어요. 저희는 안쪽자리로 안내받았고 좀 어둡고 구석이라 답답한 느낌도 있었습니다. 파니니랑 라자냐 샐러드 시켰는데 맛은 다 괜찮더라구요. 조금 비싼감이 없지않아 있었는데 꽤 맛있어서 담엔 좀 여유로울때 방문해야겠다는 생각이 들었습니다.,맛있다
1360,르풀,민트맛딸기,또 가고 싶은 브런치집!! 다음에는 라자냐를 먹어보고싶어요~,맛있다
1361,르풀,촘촘,걍 괜찮괜찮은 맛. 약간 밥 시간대 애매할 때 먹기 괜찮을듯! 외관이 참 예뿌다~ 정동길은 역시 평일에 가는게 가장 좋은 것 같아~!~!~!,괜찮다
1362,르풀,기리,파니니>>>>라자냐>샐러드라자냐를 엄청 기대하고 갔는데의외로 파니니가 진짜 너무 맛있었다! 파니니빵이 되게 딱딱해보였는데 엄청 촉촉했다❣️라자냐는 내가 알던 그맛! 샐러드도 푸짐하고 싱싱했다!,괜찮다
1363,르풀,갱스,기대 안 하고 갔는데 의외로 맛있었다.연어도 싱싱하고 빵도 부드러웠다.서울시립미술관 근처에 엄청난 맛집이 없어서 미술관 갔다가 재방문할 의향은 있지만 이거 하나 때문에 찾아오지는 않을 것 같다.,괜찮다
1364,르풀,ㄱㄷㅎ,괜찮았음. 시청 근처에 한식외에 이런 집이 많이 없는데..특별한 건 없지만 위치적으로 요런거 먹으려몀 갈데가 여기 밖에 없음. 단점이 없다. 빵이 고소하고 가게 안 분위기가 어둑하니 좋다. 전체적으로 호감가는 느낌을 내뿜음. 과일주스에 첨가된게 거의 없는 갓 같아서 더 좋음,맛있다
1365,르풀,benedetta,"/라자냐/파니니/샐러드/아메리카노/3.2라니. 약간 평가절하되어있는느낌? 3.5는 넘어도될듯한데...마마스보다 파니니나 주스같은것들이 아주 특징적이지는 않다. 무난하고 다소 슴슴한맛. 리코타치즈도 마마스의 그것보다 덜시고 덜단느낌이다. 메뉴들이 전체적으로 좀 담백한느낌. 그래서 자극적이지않은맛에 평가절하되어있지않나-하고생각나에게 베스트는 샐러드였다. 브라운라이스도 맛있고(이게맛남) 파니니에 쓰인 치아바타도 딸려나오는데 신선하고 재료의 조합이 완성도가있다. 다른건모르겠는데 샐러드는 또가서 먹을만하다. 아, 당근케잌도 맛있다고하더라.",맛있다
1366,르풀,민찡찡,아죠씨들 입맛으로 형성되있는 서대문역 근처에서 유일하게 젊은이들을 배려한 식당. 분위기도 역시 좋습니다. 개인적으로 파니니랑 커피는 쏘쏘합니다. 하지만 샐러드 맛이 넘 좋네요. 가격대가 좀 더 내려갔으면 하는 희망. 점심시간은 11시 40분 이후에는 웨이팅 각오하셔야합니다.,맛있다
1367,르풀,esthersy,"음료까지 시키면 가격이 만만치는 않지만 척박한 정동길에서는 제일 맛있는 집이라고 생각해요~라자냐는 갈 때마다 시키는 메뉴고,아보카도, 렌틸, 연어 등 몸에 좋고 맛있는 재료가 망라된 샐러드도 추천합니다",맛있다
1368,르풀,yn_h24,"분위기는 좋으나, 가성비가 매우 떨어진다. 르풀파니니, 샐러드b, 샐러드d, 훈제연어샌드위치주문. 일단 파니니와 샌드위치는 사진은 3조각 이지만실제로는 2조각이 나온다. 아무리 사진과 실제음식의 괴리가 있다지만 이건 좀 심한정도..샐러드가 그나마 낫다. 서브웨이보다 못한 샌드위치. 이 주변에 이런 브런치집이 없고, 직장인의 수요에비해 식당이 없어서 사람이 많은거같다.",별로
1369,르풀,neblig,"정동길 예원학교 후문 바로 옆에 있는 작은 카페. 작아보이는데 들어가보면 안으로 길다. 근처에 있다가 간단히 요기할 장소를 찾는다면 방문해봐도 괜찮을듯. 스콘종류의 빵이랑 파니니 종류의 샌드위치부터 수프, 샐러드, 간단한 파스타종류에 라자냐 메뉴도 있다. 은근 있을건 다 있음. 차 종류도 다양하고 조용히 혼자찾기도 좋은 곳인듯. 모짜렐라치즈수프가 참 맛있었는데 치즈가 계속 꿀타래처럼 죽죽 늘어나는통에 먹기는 엄청 힘들고 지저분해진다. 파니니 맛은 그냥저냥...차맛은 진하고 좋았다. 이것저것 시켜먹기에는 가격대가 꽤 있는 편.",괜찮다
1370,르풀,Wandering Consultant,This review is for weekday lunch. Delicious sandwiches but bland lasagna. Their bread is super tasty. Portion is small so I usually eat 2 sandwiches - cheese beef and chicken almond.,맛있다
1371,커피스니퍼,잉여킹,"힙한 느낌의 커피샵입니다.  기본적으로 원두들의 산미가 다 강한 편인지라 호불호가 갈릴 수 있습니다.  라떼는 우유가 적당히 산미를 잡아주기 때문인지, 상당히 신선한 느낌이었습니다.가격은 좀 있는 곳이고, 자리는 오래 앉아있기 좋은 스타일은  아닙니다.",괜찮다
1372,커피스니퍼,르웬,"시청 주변에 이런 분위기의 카페가 있다니!!힙한분위기에 커피도 빵도 모두 맛있었다!!살짝 단맛이 느껴지는 라떼는 정말 최고!!개인적으로 라떼는 이집이 1등인것같다. 반면 아메리카노는 조금 아쉬운 맛. 점심먹고가면 직장인들이 바글바글 그래도 테이크아웃 할인도 해줘서 가격도 너무 좋다!! 사장님 최고!오래앉아있기보단, 주문하고 기다리면서 두근두근 분위기를 즐기고, 나오면서 한입마시고 행복한 만족감을 느낄 수 있는곳!최근 가장 많이 추천하고 다니는 애정하는 카페다☕️",맛있다
1373,커피스니퍼,클로드,"라떼가 정말 많이 아쉬웠습니다. 추위를 이겨낼 도구로 라떼를 선택한 저는 이 곳에서 스니퍼 라떼를 주문했습니다. 하지만 맛은 정말 별로였습니다. 개인적으로 라떼에 쓰는 원두는 넛츠나 초콜릿 향이 강하기를 원하는 저로써, 베리 맛이 강하게 나는 이 곳의 커피는 우유와의 조합이 너무 이질적이라는 생각이 들었습니다. 더 마시다 보니 한약이 아닌가라는 생각이 들 정도의 맛이었습니다. 호불호가 아주 많이 탈 거 같다는 생각이 듭니다. 그리고 저는 불호였습니다.",별로
1374,커피스니퍼,이진쓰,맛이 되게 독특했던 기억이….?드립주문했는데 원두는 뭐였는지 기억 안나요. 원두 맛이 오잉..음? 스러운 향기가 났어요. 익숙하지 않은 향이었고 은근 독특했어요. 그런데 시간이 지나니까 맛이 좀 달라지더라고요. 독특했던 향은 묻히고 산미와 쓴맛 고소한 맛의 발란스가 잘 맞춰져서 좋았어요. 재방문의사는 보통.,괜찮다
1375,커피스니퍼,알루,신성식당에서 굴보쌈먹고 들렀다7시반이 라스트오더영업은 8시까지7시쯤 갔는데 일요일밤 외진 북창동골목의 아담한 카페에 손님들이 꽤 있었다블랙커피와 커스타드라떼( iced only) 주문블랙커피는 산미를 즐기지않는 커피러버가 딱 수용할수있는정도의 산미가  있는데 ..  맛있다.집에 가져와서 다 식은 후에 마셔도 맛있다적당히 달달한 커스타드라떼도 맛있다테일러커피의 크림모카가 떠올랐는데 그건 아이스가 아니었는데...^^자리는 불편하고 테이블도 미니사이즈그래도 맛있는 커피덕분에 잘 쉬었다왔다,맛있다
1376,커피스니퍼,zzzzzo!,"요 근방에서 가장 예쁜 인테리어를 자랑하는 카페인것 같아요저는 항상 커스터드라테를 시키는데 크림과 커피의 조화가 좋습니다. 요즘 크림류의 라떼를 여기저기서 많이 마시게되는데 커스터드크림만의 매력이 또 있는 것 같아요!내부는 생각보다 작지만 여기저기 알차게 좌석이 있습니당,그리고 오브제 하나하나에  신경을 쓴 티가나요",맛있다
1377,커피스니퍼,왕십리탈출러,라떼 맛집.라떼가 고소하고 맛있었다.아몬드 초코 쿠키를 두 개 시켜 먹었는데 하나만 시킬걸 그랬다.장소는 좀 협소한 편. 좀 확장하고 편한 자리를 만들었으면 좋겠다. 특히 킹시국에는 별로 권하고 싶지 않은 자리구조.다음에도 또 가서 먹어봐야징,맛있다
1378,커피스니퍼,dlwldms,"일단 분위기는 좋다 소공동 먹자골목에 어울리지 않는 요즘감성 음악선곡도 괜찮았고드립 커피가 맛있다고 리뷰읽고 갔는데 글쎄였다라떼는 맛있었다. 우유맛이랑 커피맛이 잘 어우러짐드립커피 맛집은 아닌걸로디저트류 중에 휘낭시에, 비스코티를 시켰는데둘다 같은 맛이었다 모양만 다름비스코티의 바삭함이 그대로 살아있는 휘낭시에디저트는 시키지 마세요",맛있다
1379,커피스니퍼,해띠,드립커피 맛이 썩... 몇푼 더 주고 드립커피 먹는 의미가 없다.매장은 복작복작하고 누가 가자고 하면 따라가지만 내 발로는 잘 안가게 되는 곳,별로
1380,커피스니퍼,앨리스,필터커피 중에서 내 기준 다섯손가락 안에 드는 곳선호하는 맛을 이야기하면 추천해주시는데 그 추천이 나의 취향과 딱 맞았다. 원목으로 이루어진 편안한 분위기와(사실 의자는 딱딱하다) 커피향이 굉장히 조화롭다노트북 들고 일하는 분위기는 아니지만 커피 한 잔과 함께 분위기 전환에는 최고인 공간,맛있다
1381,커피스니퍼,반말했다존댓말했다,북창동 돌아다니다 좋아보여서..시그니쳐라떼 맛 좋네요?분위기 되게 깔끔해요!,괜찮다
1382,커피스니퍼,희희희,백화점에 갈 일이 생겨서 가다가 근처에 스니퍼가 있어서 들렀어요. 나중에 들릴 일이 별로 없을 거 같아서. 꽤나 안 쪽 골목에 있었고 외관이 너무 예뻣어요. 제가 방문했을 때는 손님이 그렇게 많진 않았어요. 커스터드 라떼랑 비스킷 라떼가 있어서 궁금했는데 커스터드는 우유가 달달하다고 하셨고 비스킷은 따뜻한 거 밖에 안 된다고 설명해주셨어요. 커스터드랑 스니퍼 라떼 중에 고민하다가 스니퍼 라떼로 마셨어요. 다른 리뷰에서 살짝 단 맛이 난다고 써져있던데 정말 공감해요. 우유가 살짝 단 맛이 나요. 약간 두유 같은 느낌. 저는 나쁘진 않았는데 기대만큼은 아니었어요. 신맛이 강하게 올라오진 않았어요. 근데 약간 밍밍한 맛이라고 해야되나 커피랑 우유랑 조금 따로 노는 느낌이엇어요,괜찮다
1383,커피스니퍼,Hynorii,시청역 커피스니퍼 ●●●○○스니퍼라떼 묘한 단맛이 살짝 아쉬웠어요 맛있는 단맛 아니고 커피 산미 올리는 어색한 단맛의 느낌... 아메리카노는 맛있었다고 하네요!!,괜찮다
1384,커피스니퍼,우걱우걱,"블랙커피(4.0, 테이크아웃 3.5)를 마셨다. 공간이 협소해서 그런지 테이크아웃이 더 저렴하다. 커피가 맛있어서 하나 사들고 걷기에 좋을 것 같다.",맛있다
1385,커피스니퍼,ohwow,"커피 맛집, 분위기 맛집, 흔하지 않은 카페, 카페 내부에 피워진 향이 너무 좋습니다:))",맛있다
1386,커피스니퍼,Wandering Consultant,"평일 점심 방문. ⁣⁣☕️원두가 떨어진 차에 인스타 스토리 사이에 뜨는 광고를 보고 방문한 곳인데 의외의 수확이었다. 공간이 협소한 편인데다가 12:10 쯤 방문했는데 이미 사람들로 꽉 차있어서 자리 잡기가 쉽지 않았다. 카키색으로 칠한 벽에 오픈 바와 테이블 대신 벤치로 공간을 최대한 활용한 노력이 보였다. 미니멀리스틱한 소품과 인테리어 디자인이 작은 공간을 크게 만들어 주는 느낌. 에스프레소 기반의 커피와 필터 커피, 라떼 류와 스콘, 티라미스 등의 다과를 판매한다. 음료는 테이크 아웃 시 할인이 되고 매장 내에서는 잔에 마실 수 있게 서빙을 한다. 필터 커피는 차갑게 내려줄 수 있다고 함.✔️ 주문한 커피는 에티오피아 샤키소 지역의 Grade 1  내츄럴 프로세싱을 거친 원두를 이용한 필터 커피로, 내가 찾는 새미온 아배이 맛은 아니지만 깔끔한 맛이 좋아 원두도 구매했다. - Ethiopia Tade G1 Natural Filter Koffee 5,000원- Ethiopia Tade G1 Natural (100g, whole beans) 11,000원",맛있다
1387,바캉스커피,먹으려고돈버는사람,맛은 걍 쏘쏘인데저녁에 가니까 사람도 없고 어두침침하니 분위기가 좋다,괜찮다
1388,바캉스커피,노니바이노니,"왜 아무도 알려주지 않았죠? 도심속 바캉스?생각지 못했던 곳에 있다네이버주소에는 층수가 안나와있어 여긴데..하면서 한바퀴 돌았다가 블로그로 9층임을 깨닫고 올라감흡사 벽같이 꽉 닫혀져있는 문을 열고 들어가면우와 여기 이런데가있어? 하는 넓은 공간이 나온다도심속 테라스카펜데 채광좋고 간격 널찍하고..여긴 모댜...? 말 그대로 바캉스다..!시그니처인 바캉스커피(5.5)를 마셨는데, 아메리카노에 두툼한 오렌지 한조각이 들어가있다모 카페에서 오렌지비앙코가 나온지 한참인지라 신박할 건없고, 사실 인상적인 맛은 아니었지만, 찌들었던 사무실에서 나와 빛좋은 곳에 vivid컬러 빨대로 커피를 쪽쪽거리고 있자니 굉장한 리프레시였다결론: 상호에 충실한 곳! 커피가 목적이라면 다른델 가겠지만 회사근처의 점심휴식을 위해서라면 더없는 추천!(사실 직전 리뷰인 도심속홍콩 청키면가 먹고 후식으로 다녀온 도심속 코스)",맛있다
1389,바캉스커피,카일뤼,빌딩숲 사이 탁 트인 감성 카페! 부장님이 쳐다보고 계실지도 몰라요..을지로입구역 근처에 위치한 카페! 도심속 바캉스를 즐기는 것처럼 회사 가운데에서 힐링하는 느낌의 탁 트인 인테리어와 달콤한 디저트 메뉴까지. 초콜릿라떼 강추합니다!,맛있다
1390,바캉스커피,마갈,"을지로입구역 넓은 테라스 카페!넓고 시원하게 탁 트여있고 환해요. 창문도 많고 다 열려 있어서 실내에 있어도 반 야외 느낌입니다. 좌석 배치가 특이한데 간격이 넓어서 마음에 들었습니다.테라스 뷰는 빌딩뷰인데요, 오히려 더 좋았어요 지나다니는 사람이 없어서 그냥 편하게 멍때리고 있을 수 있었거든요.아인슈패너와 바캉스 커피 마셨고 바캉스 커피가 인상깊었어요 처음 먹어보는 맛이었어요. 파란색 시럽은 오렌지 맛이 나고 토핑으로 꽂아주시는 로즈마리 향이 상당히 강해서 마시는 내내 로즈마리 향이 진동했습니다. 전 로즈마리 좋아하는데도 향이 강하다고 느꼈는데 아마 이런 향신료 싫어하시는 분들은 싫어하실 것 같아요. 로즈마리 향 나는 오렌지시럽 라떼.. 호불호가 갈릴만한 메뉴입니다. 비쥬얼은 정말 예뻐요 섞어도 예쁘고 ㅎㅎ분위기가 시원하고 밝아서 좋은데 사람이 그렇게 많지도 않았어서 조용히 앉아서 얘기 나누기 딱이었습니다. 공간이 마음에 들어서 재방문 의사는 있는데 전 다음에 가면 그냥 아메리카노 먹으려구요.",괜찮다
1391,바캉스커피,정은,아이스 쇼콜라 쇼 / 바캉스 라떼 / 버터 토스트,맛있다
1392,바캉스커피,까마귀의 맛집 저장장치,- 신상카페라는데..- 하얗고 유행 인테리어임- 커피는 별로였음- 주변에 맛집이 많고 뷰가 좋아서 누가 외부에서 오면 종종 뷰보러갈수도,별로
1393,바캉스커피,먹방꼬북,정동에 숨어있는 예쁜 카페,맛있다
1394,바캉스커피,여니,여기 분위기 정말로 좋아요! 다들 가셔서 사진 엄청 찍더라구요 ㅎㅎ 망고에이드 시켰는데 이건 좀 맛이 특히했어요..! 비주얼은 보시다시피 넘 이쁩니다 ㅎㅎ 디저트는 맛있었어요! ㅎㅎ,맛있다
1395,바캉스커피,떡볶이맘,을지로에 이런 공간이 있다니! ㅋㅋㅋㅋㅋ 완전 감성적인 카페.. 환하고 넓고 하얗고..... 감각적이고... 그런 분위기 있는 카페이다...8층인가에 위치해 있고 밖에 나가서 경치도 볼 수 있다! 안 나가봐서 확신할 수는 없지만 날씨 선선할 때 밖에서 차마시면 진짜 좋을듯!! 건물에 둘러싸인 느낌도 나고 ㅋㅋㅋ음료 맛은 무난하고 가격은 싸지 않다.. (저 노란색 망고쥬스에 아이스크림 올라간 음료가 7000원..!) 하늘색의 무언가가 가라앉아 있는 시그니쳐메뉴는 맛이 굉장히 오묘했던 것으로 기억..... 그냥 분위기 즐기러 가는 카페......,맛있다
1396,바캉스커피,해띠,"인스타감성.. 옥상이고 화이트톤이라 낮에 가면 기분이 나쁘지 않아서 가끔 방문하기는 하는데음료는 별로, 좌석 불편.",괜찮다
1397,바캉스커피,fallinautumn,처음에 위치보고 이런 데에 카페가 있다고? 했는데 막상 문 열고 들어가보니 좋네요. 화이트톤이라서 깔끔해보이기는 해요. 루프탑에 나가서 마셨는데 바람이 살랑살랑 불어서 너무 좋았습니다. 커피맛도 나쁘지 않았어요~ 시그니쳐인 바캉스커피를 마셨는데 아래 푸른색 시럽이 깔려서 나오는데 그게 무슨 맛인지는 사실 잘 모르겠네요. 뭐라고 말씀을 해주셨던 것 같은데 섞어서 마시니 색깔이 요상하게 변해서 좀... 입맛이 떨어졌던 기억이...ㅜㅜ 그리고 아무래도 큰 공간에 비해서 뭔가 많이 놓아져있지는 않아서 좀 울리더라고요. 소음에는 약간 취약한 편인 것 같았어요. 도심에서 약간의 여유?를 즐길 수 있을 것 같은 느낌...! 나만 쉬고 있는 느낌...말고는 크게 특별한 것 같지는 않지만 한 번쯤은 가볼만한 카페인 것 같아요.,괜찮다
1398,바캉스커피,*,"#바캉스라떼6,500인스타에서 핫한 카페라고해서 점심시간 방문했다.간판이 없어서 한참 헤맸다ㅎㅎㅎ 건물 맨 꼭대기층에 위치해있고 들어서니 탁 트인 실내공간이 마음에 들었다. 이 곳의 시그니처커피인 바캉스라떼를 주문했는데 사진용일뿐 맛은 그닥...ㅋㅋㅋ 그냥저냥 한번 방문으로 족함",괜찮다
1399,바캉스커피,먹방꼬북,다동의 숨겨진 예쁜 카페.빌딩숲의 야경이 아름답게 느껴진다,맛있다
1400,바캉스커피,JENNY ,"아직 가오픈 중인 따끈따끈한 신상 카페예요. 카페가 9층에 있어서 의아했는데 루프탑카페라네요ㅋㅋ 내부가 굉장히 넓고 앉을 공간 많고, 전체적으로 화이트톤에 티파니컬러가 포인트되어 깔끔하네요. “라떼” “바캉스라떼” - 바캉스라떼는 밑에 바캉스커피의 포인트컬러인 블루시럽이 들어가는데, 섞으면 바닐라라떼예요. 커피맛은 무난했던 것 같아요. “감자샐러드토스트”☆ - 빵에 바질페스토가 발려져있고, 감자샐러드, 무화과와 베이컨칩이 올려있어요. 바질페스토와 감자샐러드가 잘 어울리는지 몰랐는데, 조합이 넘 좋아요. 맛있네요! 괜찮다랑 맛있다 중간인 것 같아요... 저녁에 가서 맥주 마시면 분위기 좋을 것 같아요~",괜찮다
1401,그릭팩토리,EJ,굉장히 꾸덕한 스타일의 요거트를 맛볼 수 있다.아주 작은 테이크아웃 전문인데 과일토핑 종류 여럿이고 꽤 푸짐하게 올라가는데 저녁되면 품절된 과일토핑이 많아서 선택에 제한이 있기도 함.저렇게 큰 사이즈로도 판매해서 사다가 집에서 계속 먹을 수 있어 좋음. 유효기간도 적어주심,괜찮다
1402,그릭팩토리,인더맵,"아주 무난한 그릭요거트 집입니다. 적당히 꾸덕꾸덕한 그릭요거트, 두 스쿱에 과일 이것저것과 그래놀라 추가했는데 8천원대인 가격. 과일 양도 적지 않고 그래놀라도 맛있었습니다.매장은 비좁은 편이고, 바 형태의 자리 몇 있는 정도입니다. 포장 손님이 많은 것 같습니다.",괜찮다
1403,그릭팩토리,도도,간단히 점심 먹고싶을 때 딱 좋았던 곳. 토핑도 다양하고 코코넛 들어간 메뉴가 특히 맛있었다. 앱으로 주문하고 가서 픽업만 해오면 되서 자주 이용했던 곳,맛있다
1404,그릭팩토리,해띠,"맛없는 국밥집만 즐비한 서소문의 한줄기 빛,, 식사 가볍게 때우고 싶을 때 좋다.",맛있다
1405,그릭팩토리,미콩,20200709◇ 망고 코코넛 요거트*. 요거트집이 으레 그렇듯 여기도 협소합니다.. 바 테이블로 4명 밖에 못 앉아요*. 또 요거트 집이 으레 그렇듯 토핑을 원하는대로 고를 수 있어요 여기는 비교적 낮은 가격대가 가장 강점인듯 해요*. 요거트가 뭐 엄청 꾸덕하다거나 이런건 아닌데 이 근처에서 맛볼 수 있는 신선한 요거트의 느낌은 맞아요 토핑도 제법 신선하고 요거트랑 잘 어울려서 좋았어요,맛있다
1406,그릭팩토리,뒤빈,"시청 근처 지나갈 일이 있어서 다녀왔어요. 테이크아웃 전문인 작은 수제 요거트 집이었어요. 간식으로 먹으려고 제일 작은 사이즈 주문했는데 요기용으로 딱 좋네요ㅎㅎ 식사용으로 드시려면 꼭 큰 사이즈로 시키셔야 할 듯해요. 요거트 한 스푼 + 꿀 추가 + 시리얼 반 그래놀라 반 이렇게 조합해서 2,500원이라는 나름 합리적인 가격에 먹었어요. 양은 적긴 하지만 수제요거트치고 가격이 괜찮은 것 같습니다. 맛도 괜찮았어요! 설탕 전혀 안 들어간 것 같이 밍밍 꾸덕한 요거트라 저는 만족했습니다. 언젠가 대용량으로 포장해와서 쟁여놓고 먹어도 좋을 것 같아요.요거트 자체는 좋았는데 주문이 많지 않았음에도 나오는데 꽤 오래 걸렸고, 음악 소리가 커서 좁은 공간에 안 어울리는 느낌을 받았어요",괜찮다
1407,그릭팩토리,June~,"서소문동 요거트 덕후라면, 꼭 와서 꾸덕한 그릭 요거트를 드셔 보기를...정말 시중에 파는 요거트와 비교불가!장내 면역성 및 이너뷰티 ,무 첨가물 디저트를 사랑하시는 분께매일 매일 추우천~♡",맛있다
1408,그릭팩토리,Wandering Consultant,Great for takeaways but inconvenient (or impossible) to dine in. 2 scoops is just the right amount to replace your meal.,맛있다
1409,블랙드럼,밍귀,신맛이 조화로운 롱블랙 3/4박자맛있다(SHORT ST 으로 상호변경됨),맛있다
1410,블랙드럼,Jo.,"서울역 바로 근처에 있는 그나마 괜찮은 카페. 공간은 좁지 않고, 실내 쪽으로 트여있어 답답하지 않음. 가게 이름값을 하는 천장은 덤. 다만 커피 외의 음료는 구색맞추기라는 인상",괜찮다
1411,블랙드럼,Ray,드럼이 천장에 달려있는 이름값하는 카페ㅋㅋㅋㅋㅋ아이스녹차라떼 마셨는데 녹차가루가 제대로 안 녹고 너무 씹혀서 아쉬웠어요. 아주 일반적인 체인점이라 분위기도 기대하기 힘들 거 같아요.,괜찮다
1412,블랙드럼,썸머쏭쏭,"• 거의 매일 가는• 이 건물에서 커피가 제일 괜찮아요• 3/4, 6/8 원두커피 차이는 헷갈리지만• 맛있어요!• 아포가토 강추 ㅋ• 전, 오늘도 라떼!",맛있다
1413,블랙드럼,JungWooSeung,프랜차이즈인듯 프랜차이즈 아닌듯 하는 카페.원두르가 3종으로 원하는 컨셉으로 주문할 수 있다.,맛있다
1414,블랙드럼,깹이,"ㅎㅎㅎㅎㅎ,,, 케이크 납품하는 곳이 바뀌었나보다 망플 리뷰에서 봤던 그 크림듬뿍 어디로 갔나심지어 시트 질감이 오랫동안 상온에 꺼내둔 케이크의 그것과 똑같다",별로
1415,블랙드럼,❤️,#서울스퀘어#라떼,맛있다
1416,블랙드럼,ㅁㄷ,서울스퀘어 1층에 있는 카페에요! 오픈된 공간인데 분위기좋고 시원합니다! 당근케익 블랙드래프트 샷그린티라떼 시켰습니다블랙드래프트 넘나 부드럽네요 ~ 친구도 샷그린티라떼 취저라고 좋아햇어요 :),맛있다
1417,블랙드럼,돼지냥,원래 커피맛을 잘 구분 못하는 편인데 친구가 맛있다고 데려가서 먹어봄. 원두를 고를수있는데 4/4박자 골랐다 커피가 진짜 고소하니 맛있엇다! 라떼도 엄청 맛있을것같아서... 담에 또 먹으러 가야겟다ㅋㅋ,맛있다
1418,블랙드럼,Capriccio06,호주 바리스타를 전면에 내세운 커피전문점. 생각보다 지점이 몇개 되는데 컨셉은 조금씩 다른것 같다. 브런치가 가능한 지점도 있고 커피가 메인인 지점도 있다. 원두 종류를 고를 수 있고 진하면서 고소한 커피가 좋아서 가끔 갔었는데 여름맞이 블랙드래프트도 마셔보았다. 보통 스타벅스나 이디야에서 많이하는 니트로커피보다 커피는 좀더 진하고 거품은 좀더 풍성하고 밀도감 있는 느낌이라 더 맥주같은 느낌이 든다. 카페인에 약해서 많이 마시기는 조금 부담스럽긴 했으나 커피자체는 꽤 괜찮았음..! 일행이 매우 만족스러워했다. 서울스퀘어는 무료주차도 일정시간 가능하니 참고하면 좋을듯하다.,맛있다
1419,블랙드럼,Tiffajy,"밀크로쉐, 당근케익, 커피 주문! 밀크로쉐는 페레로 로쉐맛을 구현했다고 써있는데 페레로맛인지는 잘...모르겠지만 두유+오곡+로투스+초코가 오묘하게 어울어진 맛. 어디서도 못먹어본 새로운맛인데 맛있음! 당근케익은 레이어 사이 치즈크림이 산뜻함. 크림은 거의 휘핑맛인지라 치즈맛이 헤비하지 않은데, 시나몬 향도 나면서 시트지에 씹히는 견과류조각이 고소해서 맛있었어요ㅎㅎ프랜차이즈 케익치고는 훌륭하다고 생각합니다:)",맛있다
1420,인잇,르웬,"지금은 입구에 커다란 스마일 인형이 반겨주는 활발하고 밝은 분위기의 카페!예전에 카페펌킨이 있던 자리인데 몇년사이 3,4번 정도 가게명과 분위기가 바꼈다. 전에는 시청 특유의 옛날 감성과 클래식한 매력이 있었다면, 지금 이곳은 노티드같으면서도 MZ느낌이 나는 귀여운 카페로 바꼈다. 컵도 귀엽고 쿠키도 예쁘고 대체로 귀염뽀짝하지만 대부분 가격이 비싼편이고 커피맛은 음 가격에 비해 무척 아쉽다. 대표메뉴인 인잇커피와 아인슈페너. 레드자몽에이드를 주문했는데 모두 아쉬운 맛이었다. 고즈넉하게 성당이 내려보이는 야경을 즐기는게 매력이었던 이 카페의 장점을 살리지못한것 같아 무척 아쉽다.",별로
1421,인잇,노맛집연구소,"은은한 조명과 재즈 음악 덕분에 릴랙스되는 느낌이에요. 직원분 친절하세요! 카푸치노 시켰는데 거품이 부드럽고 커피도 진하니 맛있었어요. 커피 가격은 카푸치노 1잔에 5,500원으로 조금 비싼 편에 속하지만.. 맛있으니 괜찮은 거 같아요.분위기가 좋아요. 유럽 대학교 안에 있는 카페테리아 같은 느낌이에요. 야외에도 테라스가 있어 봄 되면 밖에서 마셔도 좋겠어요. 좌석도 제법 많고 공부하기에도 좋게 큰 테이블과 벽쪽 소파가 있어요.",맛있다
1422,인잇,singsing:p,입장부터 귀여운 스마일이 반겨주는데 기분 좋은 공간 이었어요:) 직원분도 너무 친절하셨고요 ㅎㅎㅎ 커피는 아이스라떼를 주문했는데 일단 양이 많고 고소하고 맛이 괜찮았어요. 통유리로 창밖도 잘 보이고 수다떨기 딱 좋았어요!,괜찮다
1423,인잇,Nyn,"묘하게 매력적인 공간!• 말차 라떼 5,300과하게 달지 않고 우유맛이 많이 나는 말차라떼. 양이 많았다! 아마 사이즈업 이벤트를 한다고 언뜻 읽었던 것 같다. • 인잇 커피 5,500아인슈페너+바닐라빈 라떼가 층층이 쌓여있는 듯 하다. 섞어 마시는게 더 맛있었음. 조그만한 잔에 나온다. • 초코 쿠키 3,500완전 굵직한 초코칩들이 콕콕콕콕 아낌없이 박혀있었고 수제 쿠키 특유의 이스트맛이 안나서 정말 마음에 들었다! 다른 쿠키들도 사먹으러 재방문 올 의향이 있음. • 총평성공회 주교좌 성당 뒷쪽 조선일보 캠퍼스 건물 중 하나의 1층에 위치한 카페이다. 흐린 날이라서 멀리서 봤을 때는 조명이 워낙 어두침침해서 닫은 줄 알았는데 열려있던 거였음! 날씨 좋을 때 와서 통유리로 바깥 구경 맘껏 하고싶은 카페였다. 천장도 높아서 널찍하고 기분 좋았다. 창가에 앉아서 조금 썰렁하기는 했다. 메뉴도 다양하고 와인까지 파는 곳이라 독특했음. 인테리어도 귀여움과 와인바 느낌이 혼재하는 곳이었다.",맛있다
1424,카페돌담콩,goodpizzagooderpizza,리에제 옆에 있어서 와플 하나 크레페 하나 요렇게 먹곤 해요~ 굿굿,맛있다
1425,카페돌담콩,해띠,점심 커피 테이크아웃 하기 좋다친절하시다,괜찮다
1426,카페돌담콩,란난,"바나나 크레페를 먹었습니다.생각보다 많이 달지 않고 맛있어요!! 생크림,누텔라,바나나,씨리얼이 들어있고 생각보다 바나나가 듬뿜 들어있습니다. 같이 먹을때 크레페를 같이 씹는 식감이 바삭거리며 포근한 생크림과 바나나의 같이 먹을는데 매우 좋아요",맛있다
1427,카페돌담콩,E.T Jun ,바닐라 크레페. 딸기라떼. 아메리카노.옆에 와플가게에 줄이 너무 길어 가게됨. 크레페는 헤비하지 않고 깔끔하게 맛있음. 커피도 보통 이상이고 딸기라떼도 딸기과육 듬뿍.,맛있다
1428,카페돌담콩,민혜성,먹기힘들고 먼가 빠진맛자두음료에 자두 많이들었지만 쏘쏘테이크아웃치고 비싼듯,괜찮다
1429,카페돌담콩,Ssong,어우 여기 딸기라떼가 유명한가본데 그것도 모르고 크랜베리 에이드를 삼...... 크랜베리에이드는 그냥 그렇다.. 크랜베리 말린것 딱딱해...,괜찮다
1430,카페돌담콩,머큐리 ,"덕수궁 대한문, 정동길 초입에 위치했기에 음료들고 돌담길 가볍게 걷기에 좋음좋아하던 '그리다꿈'있던 자린데 비슷한 메뉴와 흡사한 인테리어로 있는 걸 보면 좀 밉다",맛있다
1431,카페돌담콩,감자고동,광화문에 일있어서 갔다가 혼자 딸기라떼 들고 덕수궁 산책했던 기억이 나네요맛있어서 저를 외롭지 않게해준 딸기라떼ㅋㅋ달지 않아서 우유맛이 살아있고 생딸기가 씹혀요!딸기찍다가컵홀더가내려와서 못나게나왔네요ㅜ,맛있다
1432,카페돌담콩,김홍국,촉촉 모카가 너무 맛있어서 여자친구와 덕수궁 산책할때 꼭 들르는 곳입니다. 위치도 덕수궁 정문 바로 근처라 접근성도 좋구요.,맛있다
1433,전광수커피하우스,zzzzzo!,"점심 먹고 전광수커피에서 커피사고 정동길 산책하면  매우 행복해져요! 아메리카노와 라떼는 제 기준 끝에 쓴맛이 조금 강한 편이였습니다, 잠 깰때 좋아요.사진에는 없지만, 달콤한 광수커피가 이집의 시그니처 메뉴같아 먹어보았는데, 믹스커피와 연유라떼의 중간 느낌이였습니다. 단맛과 쓴맛이 모두 강하게 나서 전 자극적이고 좋았어요!",맛있다
1434,전광수커피하우스, LJ,조금더 세심한 배려가 있었으면 얼어서 슬러시처럼 굳은 프라푸치노에 꽂아주는 얇은 빨때... 이건 도대체 어떻게 먹으라는 걸까. 빨대로 빨아지지가 않는다. 이런 음료에는 두꺼운 빨대를 준비하는 세심함이 있었으면 어땠을까.옷이 예뻐도 사이즈 안 맞으면 꽝인 것처럼음료가 맛있어도 그 맛을 즐기지 못한다면 아무것도 아닌 것이다. 아쉽다.,별로
1435,전광수커피하우스,르웬,너어무 좋은데 너어무 비싸다ㅠ비싸서 큰맘먹고 가는집!,괜찮다
1436,전광수커피하우스,온전히_먹기,"늦은 밤, 술집은 가기 싫다면 (아마) 덕수궁 돌담길에서 가장 늦게까지 여는 카페. 술집은 싫고 시청으로 넘어가도 딱히 연 카페가 없을 것 같아 들어갔는데, 가족들 모두 시킨 메뉴에 만족했다. 분위기도 따뜻해 다음 야간산책 때에도 갈 듯!",맛있다
1437,전광수커피하우스,배고파아영,"덕수궁 돌담길을 걷다가 자연스레 발걸음 한 곳조용하고 고즈넉한 주변 분위기와 잘 어울리는 카페다. 문열자마자 홍차 우리는 향이 확 퍼져서 기분이 좋았고커피 잘하는 집이구나~ 바로 느껴질 정도로 메뉴판에 커피 종류가 수두루 빽빽하다.작지만 2층도 있어서 근처에 오면 또 올만 한 것 같다.나는 아이스 밀크티, 친구는 달콤한 전광수 커피를 시켰는데 만족스러웠다.사실 다른 카페에서 밀크티를 시키면 밀크티 파우더를 잘 녹여서 나오는데여기는 홍차를 직접 우려서 나온 밀크티라서 너무 좋았다. 가격도 6천원 밖에 안하는데 양도 많은 편이라 만족 대만족.달콤한 전광수 커피도 괜찮았다.고소한 커피향이 진하게 나고 시럽을 두어번 펌핑한 라떼 맛이다.  다른 후기 말들 처럼 커피가 진한 편인 걸 알고 시키는게 좋겠다.덕수궁 돌담길 돌다가 조용한 분위기에서 잠시 쉬기 좋은 곳이다.",맛있다
1438,전광수커피하우스,세현,"딸기라떼 (4600)전광수 커피는 맛있는데 진하고 양 많아서 나 같은 카페인찐따는 다 못 마신다..ㅜㅜ 그래서 대신 음료를 많이 마시는 편이며, 딸기라떼가 원픽.달달한 딸기우유를 마시다가 중간중간 빨대를 타고 올라오는 설탕에 절여진 딸기가 기분좋게 만든다.",괜찮다
1439,전광수커피하우스,해띠,광수오빠네 커피는 다 맛있어.산미없는 아인슈페너도 좋아.,맛있다
1440,전광수커피하우스,hjeyoon1221,추천,맛있다
1441,전광수커피하우스,요롤로잉,저는 아직 커피의 매력에 빠지기 전이라...제가 느낀건 엄청 썼다는것과 깔끔했다는것 신맛이 별로나지 않고 고소하지도 않았다는것이예요.세상 이렇게 쓴 커피는 처음이었어요.이곳에서 생에 첫 사케라또를 맛봤는데요정말 에소프레소에 얼음만 들어갔더라구요시럽이나 다른 첨가제 맛과 향은 느끼지 못했어요주문할때부터 직원분이 이거 뭔지 아시냐고 약간 걱정된다는 눈빛으로 봤는데 다 이유가 있었어요...아빠는 핸드드립 오늘의 커피를 시키셨는데 그건 좀 고소하고 덜 썼어요. 그날은 콜럼비아 원두였습니다.사케라또는 다른곳에서 재도전해봐야겠어요2층에 앉으니 돌담이 보여서 좋았고 주문 받으러오셔서 감사했어요,괜찮다
1442,전광수커피하우스,MJ,정동이 참 분위기는 좋은데 막상 갈만한 카페가 많지는 않은거 같아요! 오래전에 덕수궁 갔을 때도 요기 갔던 기억이 있는데... 식사하고 차마시러 오랜만에 다시 방문했습니다 :) 전광수 커피 체인이 요즘 많이 생겼지만 이 지점은 특히 주변하고 분위기가 잘 어울려서 좋아요- 처음으로 2층 올라가봤는데 넓직하고 아늑한 다락방 같아서 좋더라구요 계단이 무지 가파라서 올라올 때 좀 조심하긴 해야합니당 ㅋㅋ 저는 커피 많이 마신 날이라 제로차? 라고 마테랑 민트랑 이것저것 블렌드한 뭔가 소화 잘되게 해줄 것 같은 ㅋㅋ 가벼운 차를 마셨는데 깔끔하고 좋았어요- 찻잔이 너무 예뻐서 그것도 대만족!! 부모님이 시키신 콜롬비아 원두 커피도 맛있었어요- 이 근처에서 무난하게 차한잔 하러 들르기 좋은 곳인듯! 계속 사람이 붐비더라구용,맛있다
1443,전광수커피하우스,Je Park,전광수카페 다른 매장에서 좋은 기억이 있어서 전광수라는 이름에 믿고 들어간 카페. 진저카페오레(6000원) 마셨어요. 첨엔 맵고 쓴 생강의 맛과 향이 강하다고 생각했는데 마실수록 은근한 단맛이 나서 좋았어요. 들어서기 전 아담한 분위기와 매장 내 따뜻한 분위기도 좋아요. 주말 저녁에 방문했는데 2층 자리도 있지만 테이블이 복잡해 보여서 조용히 있기엔 1층이 좋았어요.,괜찮다
1444,전광수커피하우스,Jiwon,커피가 정말 맛있는 집. 드립커피 종류가 매우 다양하다. 가격은 조금 비싼편. 다른 카페보다 농도가 짙고 센 편이라 카페인에 취약한 사람들은 연하게 해달라고 많이들 함.커피는 전반적으로 다맛있고 시즌메뉴 진저카페오레가 정말 맛있음,맛있다
1445,전광수커피하우스,yn_h24,"정동에 몇 안되는 카페에요. 커피 종류가 많아서 참 좋아요.! 핸드드립이 커피빈 종류대로 있어서 커피 마니아들에게 추천입니다. 카페 구성은 ""완전 좋다! "" 까지는 아니지만 나쁘지 않아요. ㅎㅎㅎ 다른 곳에 비해 가격대가 있는 편이지만 커피도 맛있고 다른 종류의 음료들도 다 평균이상으로 괜찮아요.",맛있다
1446,전광수커피하우스,백진영,덕수궁 돌담길을 걸어 정동 에서의 맛난 커피한잔.그리고 치즈케잌이 참 맛났었던.,맛있다
1447,넬보스코남촌빵집,Capriccio06,"어딜가도 사람이 많아서 충격적으로 이동하다가 찾았는데 매장 깔끔하고 엄청 넓어서 감동했던 곳. 다양한 빵종류, 케이크를 판매하고 같은 건물에 레스토랑도 있는 듯. 음료도 종류가 꽤 많은데 커피 말고 다른 음료도 많아서 좋았다. 따뜻한 유자 레몬티 괜찮게 마셨다. 빵 자체가 특별히 매력적이진 않아서 못먹어봤는데 그냥 동네였으면 가끔 갔을지도 모르겠다. 매장이 아주 넓고, 의자가 쾌적한것은 큰 장점인듯.",괜찮다
1448,남대문커피,EJ,오호 리뷰쓰려고 검색해보니 지점도 몇 개 있군요. 남대문에 있는 남대문커피- 테이크아웃만 하는 곳인데 포장 줄이 꽤 있어서 몇 번 마시진 못했음. 앉을 자리가 없어서도 제외할 때도 있지만 여기 커피 참 맛있다! 소금커피 마셔봤었는데 진짜 짠단이 딱 적절히 있다!. 너무 짜거나 단맛이 강하면 물리기도 하고 입안이 텁텁해져서 후식의 이유가 없어지는데 여긴 정말 딱 좋게 살짝 달고 살짝 짭짤함. 먹어본 후로 이쪽 주변 점심오면 여기를 항상 추천함.,맛있다
1449,남대문커피,해띠,무난한 숭례벅스,괜찮다
1450,남대문커피,ethanghymn,남대문 근처에 온 길에 재방문해 본 남대문커피.점심시간이 지나선지 오늘은 한가한 편이었는데 오늘은  지난번의 큐브라떼가 아닌 일반 카페라떼를 주문해 봄.금방 에스프레소 샷을 내리셔서 준비해 주셨는데 스트로를 꽂아 한 입 빨아 마시니 흔한 라떼의 맛으로 지난번 보광동 챔프커피의 플랫화이트버전인 챔프커피같이 신선한 원두를 바로 갈아 갓 내린 고소하면서 밸런스 잡힌 느낌과 맛은 아니어서 플랫화이트가 아닌 라떼여서 커피의 맛과 향이 덜 도드라지는것도 있겠지만 아무튼 챔프커피가 더 좋구나라고 느껴짐.그래도 저렴한 가격에 괜찮은 라떼를 즐길 수 있으니 만족함.다 마실때쯤 얼음 사이에 검은 무언가가 보여 자세히 보니 큐브라떼에 들어가는 에스프레소얼음 한덩이가 들어있던.. 끝까지 맛이 연해지지 않도록 하는 세심함은 좋음.,괜찮다
1451,남대문커피,ethanghymn,남대문 근처에 왔다가 성수동의 로우커피스탠드같은 가격은 저렴하면서 괜찮은 스탠드커피집이 있나 망플을 꺼내 보니 민트색의 컵 색깔이 예쁘고 가게 이름도 개성있으면서 우리나라 느낌 팍팍인 남대문커피가 눈에 띔.가게는 신세계백화점 옆 남대문 시장쪽 대로변에 있었는데 점심시간때여선지 가게 앞은 주변 직장인들로 북적북적해서 분위기도 좋음.줄을 서서 주문을 하려는데 맨날 마시는 아이스 아메리카노도 좋지만 뭔가 이 집만의 특별한게 있나 봤을때 눈에 띄었던 아이스 큐브라떼가 궁금해서 뭔지 열심히 커피를 만드시던 남자직원분께 문의하니 아이스 큐브라떼에 들어가는 얼음이 에스프레소 얼음이라고 하시길래 궁금해서 주문해 봄.주문이 많았지만 작은 가게에서 네명의 직원분이 각자 맡은 일을 열심히 해선지 금방 금방 주문을 소화해내서 너무 오래 기다리지 않아서 내가 주문한 아이스 큐브라떼가 준비됐다고 해서 받으러 가니 얼음이 커피빈의 형태여서 재밌음.한입 빨아서 맛을 보니 흔한 아이스라떼의 맛인데 산미는 안 느껴지고 고소한 편인데 살짝 더 깔끔하게 느껴짐.금방 비우고 커피빈형태로 얼려진 얼음을 씹으니 꽝꽝 얼려지진 않아서 파사삭 부서지면서 진하진 않지만 에스프레소의 씁쓸한 맛과 향이 좋음.얼음까지 다 먹고 컵 바닥에 있는 조금 남은 커피를 스트로로 빨아 마시니 다크초콜릿같은 맛도 나더라는..전체적으로 가성비가 뛰어난 내가 좋아하는 신선한 원두로 만든 커피를 제공하는 스탠드 타입의 가게여서 근처에 오면 또 들를듯..,괜찮다
1452,남대문커피,나이롱맨,큐브 라떼(아이스)는 3500원입니다연세우유(환원유)를 사용하네요커피 콩 모양의 얼음이 특이해요커피를 얼려서 얼음을 만들었어요얼음에서 커피 맛이 납니다그래서 얼음이 단단하지 않고 빨리 녹아요에스프레소 샷이 진한 라떼에요반 이상 마셔 내려가야 우유의 맛과 향이 느껴집니다테이크 아웃 전문점이라서 앉을 곳이 없어요우유의 고소함보다는 원두가 앞서는 라떼네요진한 원두 맛을 원한다면 좋아할 것 같아요아이스 라떼인데도 진한편이에요개인적으로는 우유의 고소한 맛과 향을 좋아해서 개취는 아니에요입소문이 타서 상당히 많은 사람이 이용합니다인근에 ‘서향가비’의 라떼랑 양대 산맥이에요,괜찮다
1453,융태행제과점,솔로구낭,가격은 괜찮은데 맛과 양이 너무~~~아쉬워용 오래된 곳인데,별로
1454,융태행제과점,Luscious.K,"#시청 #북창동 #융태행제과""시간이 멈춘 듯한 가게와 맛""1. 북창동 거리를 걷다가 우연히 발견한 70년대 스타일의 간판에 절로 발걸음이 멈춘 집이다. 가게 안으로 발걸음을 들이니 나조차 어렸을 때 보던 알루미늄 쇼케이스가 보이고 비스켓이나 건빵 같이 생긴 과자들이 정돈이 되어 있다.가게 한 쪽에 사무실 같이 책상이 놓여져 있어 과연 여기가 뭐하는 집인가 싶어 사장님으로 보이는 분께 여쭈니 중국 <월병>을 파는 곳이란다. 2. 미국에서 중국 지인이 준 월병을 먹어본 것 같기도 한데, 실제로 내가 직접 구입해 먹어본 적은 없는데, 그져 신기한 마음에 월병 두 가지를 구입해 봤다.한문으로 된 가게의 이름도 읽기가 어려워 사장님께 여쭤보니 <융태행>이라고 읽으면 된다고 하신다. 뜻도 여쭤보니 <隆: 높을 융>이 융성하다란 뜻이라 가게가 융성하란 뜻으로 융태행이라는 이름을 붙이셨다고 한다.조금 검색을 해보니 예전 소공동과 북창동에 화상이 많이 거주할 때부터 있던 50년이 된 가게였는데, 역시 간판의 스타일로 이 가게의 엽력을 가늠했던 나의 예상이 맞았다.마침 중국 전문가이신 무나/뎅님이 쓰신 리뷰가 있어서 보니 굉장히 오래되고 잘 만든 월병이라는 것을 알 수 있었다.3. 월병 중에 <팔보>와 <두사>를 사왔는데, 팔보는 견과류와 녹색/붉은색의 젤리 비슷한 것이 들어 있다. 색깔이야 당연히 복을 상징하는 것이겠는데, 뭔가 오독거리는 녀석의 정체는 뭔지 모르겠다 ㅎㅎ 두사는 단팥고물이 들어있다. 고운 단팥앙금이였고 꽤 달다.월병이 내 생각보다 조금 단단했는데, 만주보다는 훨씬 단단한 쿠기 수준의 단단함의 과자였고, 버터리한 풍미와 단맛이 꽤 고급스럽다. 중국스럽기 보다는 오히려 지중해나 동유럽 분위기?그냥은 좀 달달해서 많이 먹기 힘드니 차와 함께 하면 조화로운 간식이 되는 맛이다.4. 월병의 경험이 미천하기 때문에 맛있다/없다를 논할 수가 없는 아이템이다. 그러나 한 시대를 풍미한 노포 제과점이 기술과 맛을 잘 유지해 대대로 잘 유지가 됐으면 하는 바램이다.맛의 전통도 우리의 큰 문화 재산이기에...#동네식당응원프로젝트",맛있다
1455,융태행제과점,무나&뎅,한국에서 추석에 송편을 먹는다면 중국에선 추석에 월병을 먹는다. 한국 화교들은 매년 이곳에서 월병을 사는데 보통 한국월병에서는 느낄수 없는 원조맛이 배어있다 한다. 북창동 어스름한 골목에 있어 찾기는 쉽지 않지만 확실히 먹어보면 정말 신기하다. 제일 신기했던건 초록 빨강이 콕콕박혀 있는 팔보 월병. 여덟가지 보물이라는 뜻인데 정확히 이게 뭔지는 중국사람들도 설명을 못한다. 약간젤리를 색소로 물들여 견과류를 섞은것같은데..하여간 먹어봐야 안다 ㅎㅎ 갠적으로 추천하는건 저 노란색 약밥같은거. 물어보니 계란을 튀긴거라한다. 달큰하고 담백한데 한국과자에서는 못먹어본 맛인데 완전 맛있다. 묘하게중독성있어서 계속집어먹게됨요새 젊은 화교들이 이런 전통과자를 사지않는다는데..없어질까봐 걱정스럽지만 부디 오래오래 가게를 이어갔으믄 한다.,맛있다
1456,카페비,ෆ,딸바 존맛탱,맛있다
1457,카페비,YSL,다른 리뷰에 직장인 버전으로 메뉴판이 센스있길래 와봣는데 새로 메뉴판이 바꼈네요 ㅠ 배가 너무 불러서 음료랑 베이커리 먹으려고 했는데 녹차빙수 시켰어요. 빙수는 만원도 안되는 가격인데 푸짐하게 줍니다. 요즘 빙수가 워낙 비싸다보니.. 이제 만원 미만은 저렴하기 느껴짐 ㅎㅎ 얼음은 내가 좋아하는 우유빙수 베이스에 녹차 뿌려먹으니 맛있어요. 다른데는 토핑으로 넣어주는 토핑 떡이 여기는 인절미로 따로 나오네여~ㅋ 맛있는 빵들도 많아보이는데 담에 한번 더 와서 먹어봐야겠어요!,괜찮다
1458,카페비,Capriccio06,"최근 서울로 오픈하면서 대우재단 빌딩에 새로 생긴 가게들이 많은데 그중에 하나. 1층카페 인데 커피+베이커리를 판매한다. 넓고 탁 트인 공간은 좋은데 생각보다 커피는 그냥 무난하고, 베이커리도 종류는 많은데 딱히 특별한 맛은 아니었다. 무엇보다 클럽 음악같은 쿵쾅 거리는 배경음악이 소리가 많이 울려서 앉아서 얘기하기가 불편했다. 다시 방문하지는 않을듯...",괜찮다
1459,팩토리커피,르웬,가성비 괜찮은 커피 맛집!잼배옥에서 밥먹고나와 바로 옆에 있어 접근성 좋은 카페. 테이크아웃 전문으로 앉아서 마실수는 없지만 종류가 정말 많아서 선택장애가 엄청 오는 집이다. 바로 옆에 그릭 팩토리에서 요거트를 아쉽게 먹었어서 편견때문에 방문하지않다가 오늘 도전해봤는데 충동적으로 주문한 오렌지비앙코가 무척 맛있었다!나중에와서 검색해보니 슈퍼커피를 운영하시다가 이 브랜드를 런칭하신걸로 소개되어있어서 오렌지비앙코가 왜 맛있었는지 궁금증이 바로 풀려버렸다!유자아메리카노도 많이들 주문하시던데 조만간 도전하러 재방문해야겠다!#항상함께해,맛있다
1460,팩토리커피,*,제 입맛에는 너무 별로에요.커피의 경우 산미도 강하고 뭔가 맛없게 느껴지네요(ㅠㅠ),별로
1461,팩토리커피,June~,서소문동 직장인한테 유명한 오렌지비앙코 일명 OB라떼에 톡톡 터지는 오렌지과육은 신세계 :),맛있다
1462,남대문명물호떡,ethanghymn,남대문시장 근처에 왔다가 긴 줄이 늘어선 게 뭔가해서 보면 대부분 호떡집이길래 대로변에서 줄이 긴 두군데 정도의 호떡집을 둘러보고 맛 보기로 함.줄이 더 긴 가게는 꿀호떡이랑 야채호떡 두 가지만을 파는 남대문야채호떡이란 가겐데 두 가지 호떡 다 1천원이어서 가격이 좋고 메뉴도 단순해서 좋은데 줄이 워낙 길고 기름에 튀기듯 구운 호떡의 색깔을 보니 흔한 호떡의 느낌이어서 줄이 덜 길고 예전에도 몇번 봤었고 튀기듯 구운 호떡의 색깔이 짙어서 마치 도넛 느낌으로 뭔가 달라 보이는 여기 남대문명물호떡의 꿀호떡을 맛 보기로 함.줄이 그리 길지 않아 금방 순서가 다가 오는데 이 가게는 메뉴가 6가지로 다양하다 보니 기다리는 동안 미리 주문을 받아서 혹시나 튀기듯 구워지고 있는 호떡이 없으면 즉시 튀기듯 굽는 방식이었음.내가 주문한 꿀호떡이 그런 경우였는데 요즘엔 대세가 잡채호떡인지 내 순서가 되서 현금 결제를 하고도 꿀호떡은 미리 튀기듯 구워놓은게 없어 기다려야 했고 그 사이에 잡채호떡을 주문한 내 뒷 순서의 손님들은 나보다 더 먼저 잡채호떡을 받음.난 잡채를 별로 안 좋아하는데 다음번엔 한 번 맛을 봐야될 듯..당근 뜨거워서 호호 불며 호떡 가장자리를 이로 잘라 뜨거운 꿀이 든 속이 식혀지게 함.호떡의 떡은 거의 기름 속에 튀겨져서 가볍게 바삭쫄깃한데 그렇다고 기름기가 많아서 느끼하다고 느껴지진 않음.꿀 속이 입에 들어오니 시나몬향과 달달함이 좋고 부산 씨앗호떡처럼 씨앗이 가득 담긴게 아닌 것도 좋음.전체적으로 남대문시장 쪽에 올때면 줄이 길게 서 있어서 예전에 한 번 맛을 봤었는데 이번에 다시 한 번 또 맛을 보니 느끼하거나 하지 않고 달달함도 적당해서 괜찮았지만 그렇다고 특별하게 맛있다거나 회기 양자호떡같이 손님과 젊은 가게 사장님 사이의 정겨운 커뮤니케이션 같은 게 있거나 한 그런 건 아니어서 남대문시장이라 관광객들이 많아서 줄이 긴 느낌으로 남대문시장에 방문시 한 번쯤 들러볼 만한..,괜찮다
1463,코피티암,용산구에서 가장 귀여운 개 김쪼꼬,"카야토스트가 빼어난 맛은 아니지만, 바삭하니 꽤 괜찮다. 밀크티도 꽤 괜찮다. 다 무난하게 괜찮은 편이고 매장은 조금 어둑한 편인데, 그래서 더 편안하게 느껴지기도 한다.",괜찮다
1464,코피티암,개굴,맛있어요!네덜란드던가; 어디 외국 토스트를 팔아요버터와 쨈을 끼워넣습니다가성비가 좋다고 할 순 없지만 맛은 괜찮아서 나쁘지 않아요~,괜찮다
1465,코피티암,金魅力,옆에 있는 투땡플레이스가 너무 번잡스러워서 조용한 까페 없나 하다가 발견한 체인점. 티암커피랑 카야토스트 조합도 좋았고 딸기라떼도 괜~찮은집,괜찮다
1466,코피티암,예킴,이대 코피티암이 없어지고 찾아간 곳. 오후 타임에 아메리카노+카야토스트 6500원 세트가 있어서 먹었어요. 카야토스트가 뭔가 차가워서? 맛은 그냥저냥이었어요.(물론 카야토스트가 맛이 없을 수는 없습니다..ㅎㅎ) 낫배드하지만 개인적으로 홍대에 있는 머라이언의 카야토스트가 더 맛있네용,괜찮다
1467,코피티암,모이모이짱,"싱가포르 카야토스트집. 다른 카야토스트와 비교해 특별히 다른 점은 없어요. 개인적으로는 좀 바싹 구워달라고 하곤 해요. 바싹 구워 바삭한 버터끼 없는 갈색 빵 + 차가운 버터 + 달콤한 카야쨈 + 아메리카노의 조합이 넘넘 맛있잖아용~ ♡_♡ ㅎㅎ 근데 빨리 눅눅해짐ㅜ 참, 여긴 아메리카노와 토스트 세트는 없어 따로 주문해야합니다. 입구에 싱가포르의 마리나베이쪽 멀라이언 그림이 그려져 있는게 인상적이에요. 캔버스가 아니라 판넬에 아크릴로 그려져 있는데 먹물로 드로잉 한것 처럼 검은 라인으로 쓱쓱 그려져 있어요. 천장이 높고 커다란 그림이 꽤 높게 걸려있고 조명과 함께 설치돼 있어요.  매장내 인테리어가 짙은 갈색이라 어두워질수도 있을 분위기를 그림이 살려주는것 같습니다. 10년전인가 기억은 안나지만 카야토스트 먹을수 있는 곳이 이대, 강남, 그리고 광화문이었나 서울에 두세군데밖에 없었는데. 지금은 많아요~",괜찮다
1468,카페다락,쑤깅,열하루만에다시방문.여기는맛보다는그냥높은전망대위라는점과저렴한음료값에 맛있다로퉁치기뷰보는곳으로먹는곳임,맛있다
1469,카페다락,쑤깅,"요기는차가맛있다기보다뷰가다한곳삼갤반만에방문,앙상한나무들은파르르하다의자가자리가다소불편하지만정말편한곳ㅋㅋ아이러니ㅋㅋ오전대에방문해서점심시간즈음나오는게좋다.점심시간에는사람들북적북적정신없다.",맛있다
1470,카페다락,미콩,야경보기 좋아요 생각보다 느긋하게 있을 수도 있고음료도 이렇게 저렴한 것에 비하면 일반 카페랑 크게 다른 점을 못찾겠어요 괜찮아요카페는 6시에 마감하지만 전망대는 마감시간이 다르니 여러분~퇴근하세요~ 방송이 울려도 당황하지 마시고 그대로 장관을 즐기시면 됩니다^^,맛있다
1471,뀌숑,Wandering Consultant,"평일 점심 방문.  서울역 근처 브라운스톤에 있는 빵집. 큰 원목 테이블 하나와 2인용, 4인용 테이블이 한 두개 있다. 매장 한 가운데에 빵들이 진열되어있다. 두 번째 방문인데 뺑오쇼콜라는 늘 1개 밖에 안 남아있음. 크루아상이 부케 처럼 세로로 진열되어있는게 예쁘다.  ✔️뺑오쇼콜라와 피낭시에 주문. 세 명이 갔는데 사장님이 여쭤보지도 않았음에도 친절하게 빵 커팅을 해주셔서 좋았다. 저번에 방문했을 때 투고한 크루아상이 정말 버터향이 가득하고 레이어 층층이 부드럽고 겉은 바삭한 게 맛있었는데, 뺑오쇼콜라는 그에 비하면 덜 센세이셔널한 맛이지만 그래도 보통 빵집보다 맛있다. 피낭시에는 좀 퍽퍽한 편으로 옛날에 먹던 네모난 마들렌 맛과 유사하다. 여긴 크루아상이 제일 맛있는 것으로.  - 뺑오쇼콜라 4,300원  - 피낭시에 2,500원",괜찮다
1472,태극당,찻집고냉이,태극당 기본 모나카.모두다 상상할 수 있는 그 맛이긴 한데 그래도 나름의 짬바는 있는거같습니다. 다만 이름값을 하는지는 조금 미지수?,괜찮다
1473,태극당,떡볶이맘,빵이 다 맛있어 보였다..ㅠ안에 크림 들어있는 빵이랑 모나카 먹었는데 둘 다 그냥저냥 맛있었다!아메리카노는 두 가지 원두 중 하나 고를 수 있어서 좋았고 ㅋㅋㅋ아크앤북스 안에 있어서 약간 어수선 한 듯 했다,맛있다
1474,태극당,amber,"[⭐⭐⭐️] 3.0/ 재방문 의사 없음. '서울에서 가장 오래된 빵집'이라는 태극당. 대개 이런 곳들의 경우, 올드하고 틀에 박힌 이미지가 생각나기 마련이다. 태극당은 그러한 올드함을 요즘 트렌드에 알맞게 풀어냈다. 레트로를 컨셉으로 굉장히 브랜딩이 잘 돼 있음. 패키지 디자인이며, 매장 인테리어며 통일성이 있음. 순간 시디과 졸전 온 줄... 그것도 우수작으로. ㅎㅎ 아무말 대잔치~ 한마디로 '힙'하다. 하지만 맛으로만 따지자면 2.5 / 별로 ... 모나카 정말 좋아하는데 삼천원..? 그냥 붕어싸만코 두 개 먹을 것 같음. 맛이 없는 건 아닌데 이 가격 주고 먹을 건 아님. 신기한 건 태극당 모나카보다 찹쌀 모나카가 더 맛있었다. 500원이라도 더 비싼 데엔 이유가 있나 싶기도. 태극당 모나카: 2,500찹쌀 모나카: 3,000- 2019.02.16",괜찮다
1475,태극당,yn_h24,"모나카(2,5), 찹쌀모나카(3,0).모나카(2,5)모나카 찹쌀의 차이가 전혀 느껴지지 않았어요. 먹으면서 따로 리뷰할 필요가 없겠구나 싶을만큼 걍 또~~옥같은 맛. 모나카는 처음 먹었는데 붕어싸만코보다 더 맛있다는 생각이 전혀 들지 않더라구요. 손바닥반도 안되는데 이렇게 비싸다니... ‘전통 어쩌구, 오래된 이유가 있다’ 이런 글을 붙여놨던데 되게 웃겼어요 ㅋㅋㅋㅋㅋㅋㅋㅋㅋ 시그니처인 모나카가 붕어 싸만코보다 맛없으면서 ㅋㅋㅋㅋㅋ맛집이 아니라 맛집을 코믹하게 따라한 세트장인줄 ㅋㅋㅋ",별로
1476,실란트로델리,SKang,"밀레니엄 힐튼 호텔 1층에 위치한 카페 실란트로 델리. 호텔 빙수가격이 10만원이 우스운 요즘, 4만 2천원이라는 나름 착한(?) 가격에 망고빙수를 즐길 수 있는 곳이다.매장 자체는 생각보다 작아보일 수 있지만, 사실상 넓은 호텔로비 전체가 매장이기도 한 곳리라 답답한 느낌은 없다.망고는 달고, 빙수는 상당히 시원하며, 왠지모를 프리미엄한 느낌이 들어서 상당히 대접받는 기분이 든다.올 여름, 호텔 빙수는 먹고싶지만 살인적 가격에 걱정이 되는 분들은 여기서부터 시작해보는 것도 좋을듯!",맛있다
1477,실란트로델리,Ansohwee,"여름이 완전히 가기전에 빙수 한번은 먹어줘야겠다 싶어서 가게된 실란트로 델리 샤인머스캣 빙수로 시켰는데 우유빙수고 먹기는 조금 불편했지만 다른것보다 졸인팥이 정말 맛있었어요...! 진짜 맛있다 할 정도로 인상깊지는 않지만 그래도 호텔빙수치고는 합리적인 가격(45,000원)에 즐길 수 있다는게 가장 큰 메리트에요! 핑크테마로 포토존도 만들어놓고 애프터눈티도 꽤 예쁘더라구요 확실히 여자분들이 좋아할만한 비주얼이라 그런지 낮에보니까 인기 많더라구요^*^",괜찮다
1478,실란트로델리,유누,"사촌언니가 힐튼호텔의 실란트로델리에서 포장해다 준 케이크.롤케이크도 크림과 시트가 적절히 조화되어 있어 과하게 느끼하거나 퍽퍽하지 않고, 선물 받아 냉장보관 했다가 며칠 지나서 먹어도 계속 맛있었지만...이 집은 치즈케이크가 정말 물건이라고 느꼈다. 꾸덕한 스타일도 물론 맛있지만 과하게 뻑뻑하지 않고 폭실하고 부드러우면서도 치즈의 풍미가 약하거나 지나치게 빵 같은 느낌이 없는 게 정말 잘 만들어졌다. 화룡점정으로 위에 얹어진 캔디드 넛츠가 부드러운 맛에 훌륭한 포인트를 주는데, 설탕 코팅이 달콤한 것도 있지만 바삭한 식감을 줘서 부드러운 치즈케이크와 너무 잘 어우러진다. 또 먹고 싶은 케이크~",맛있다
1479,실란트로델리,권대민,테이크아웃이어서 로비의 크리스마스 트리로 사진을 대신. 회전문을 열고 들어가면 바로 왼쪽에 위치해 있다. 판매대는 작은 듯 하지만 로비 전체가 업장이라도 봐도 무방한 듯 하다. 케이크는 몰라도 빵 종류는 호텔 내부라는 점을 감안해도 나쁘지 않은 가격대다. 이 정도 가격을 받는 일반 빵집도 많아졌으니까. 내가 고른 빵은 어니언 치즈 브레드와 크래프트콘 월넛 브레드. 어니언 치즈 브레드는 빵 곳곳에 치즈가 숨어있고 감칠맛이 돈다. 크래프트콘 월넛 브레드는 듬뿍 들어있는 호두와 건초도가 일품. 빵 안에 들어있는 건포도를 지뢰 취급하는 나도 이 빵은 즐겨 먹을 수 있을 것 같다. 서울역을 거의 매주 방문하는 나로서는 자주 방문할 만한 멋진 곳을 하나 찾았다.,맛있다
1480,실란트로델리,레드블랙,"티라미수 (55,000) 솔직히 가격은 나가지만 진짜 맛있었당",맛있다
1481,리나스,EJ,"처음 리나스가 한국에 들어와서 먹었을 때 샌드위치의 혁명같은 느낌이었다. 지금은 워낙 맛있는 샌드위치가 많아서- 가격 높고 신선한 고급 샌드위치라고 인식됨. 확실히 빵, 재료 모두 신선하다. 포장도 아주 깔끔하고 양도 많은 편이다. 인기가 많아서 점심시간에 항상 포장이나 배달로 바쁨. 네이버로 예약하고 포장하니 아주 빨랐다.",맛있다
1482,리나스,Capriccio06,신선한 샌드위치나 생과일로 만들어주는 주스는 맛있긴한데 일반 프랜차이즈보다 높은 가격만큼 강점이 있는건지는 잘 모르겠다. 세트 메뉴가 없어서 점심에 자주 갈 수가 없다~,괜찮다
1483,리나스,Shinhee,굿굿굿,맛있다
1484,리본커피,나이롱맨,"서소문(서울시청)에 있는 드립&더치 전문점입니다에스프레소 커피에 익숙해진 것 같아서 더치&드립 전문점을 찾았어요따듯한 라떼(4500원)를 주문했어요더치 방식이라서 5분 정도 소요가 됩니다자리에 앉으면 커피를 가져다줍니다원두의 향이 엄청 많이 나네요탄 향이 많이 나지 않아요첫 한 모금에서 약간 쓴맛도 있지만, 상당히 깔끔한 라떼입니다개인적으로 스팀밀크나 라떼아트가 없어서 아쉬워요우유보다는 원두의 맛과 향이 상당히 강해요그래서 우유의 고소함이나 단 맛은 안 느껴져요우유는 서울우유(생유)를 쓴다고해요얼핏 플랫 화이트에 더 가까운 라떼 같아요더치 커피의 깔끔한 맛과 진한 원두의 맛을 좋아하신다면 상당히 좋아할 만한 라떼에요",괜찮다
1485,에이투지카페,다니엘라,직장이 가까워서 샐러드 먹고 싶을 때 자주 가는 곳이에요- 건강해지는 맛을 느끼고 싶을 때 딱 ㅋㅋㅋ 근데 샐러드보다 강자가 있는데 그릭요거트에요 ㅠㅠ 정말 맛있어요 . 직접 만드는건지 항상 볼에서 떠서 주는데 거기에 다양한 토핑 골라서 먹을 수 있어요. 갠적으로 추천하는건 라스베리랑 초코!! 직원들도 무척 친절합니다,맛있다
1486,에이투지카페,썸머쏭쏭,• 건강한 맛!• 밀싹 주스 너무 맛나욤!• 친절스• 요구르트 양이 ㅠㅠ • 시청점도 좋아욤• 초코. 라스베리 맛!,맛있다
1487,에이투지카페,서영진,음료도 맛있고 샐러드나 샌드위치도 넘나 맛있는 곳사장님이랑 직원분들도 어쩜 이렇게 친절하실 수 있나 싶을 정도 ㅎㅎ 왠만한 레스토랑 샐러드보다 훨씬 고급진데 가격도 저렴하다. 보통 8500원이 제일 비싼 메뉴. 5500원이나 6800원짜리 메뉴도 많다.주차하면 2시간 무료. 특정시간엔 아메리카노를 할인해주고 특정요일엔 주스를 할인해준다. 내 최애메뉴는 밀싹주스 ㅎㅎ 상큼달콤한게 여름에 딱이다. ㅎㅎ 사진은 브릭치즈샐러드. ㅎㅎ 치즈 왕창 들어가있어서 완전 맛있다. ㅎㅎ 요거트도 파는데 뭔가 건강해지는 맛이다.!,맛있다
1488,한옥카페,해띠,가게는 이쁘다 호텔앞에 얌전~히 있는 한옥카페커피맛은 밸루,별로
1489,한옥카페,김나물,"간만에 남대문시장 갔다가 예쁜 외관이 눈에 뛰어 들어가 봤어요♡핑크색 음료를 주문.하나는 딸기요거트, 하나는 바나나딸기예요~.무난한 맛, 괜찮아요.1층은 사람이 많있지만 2층은 자리 여유가 있어서.햇빛이 잘 들어오고 분위기 괜찮아요.",괜찮다
1490,한옥카페,wonder_Alice,근대 한옥상점 건물을 통째로 리모델링하여 만든 카페. 분위기가 괜찮다. 저녁에는 와인과 간단한 안주도 파는 듯 하고 음료의 맛은 아쉽지만 바쁘게 돌아가는 남대문 근처에서 잠시 들려 쉬다가기 좋은 카페,맛있다
1491,매머드익스프레스,ethanghymn,회현카페에서 점심을 먹고 나와 네이버지도에서 근처에 가고싶다에 세이브해둔 카페가 있는지 보니 딱히 보이진 않아 매머드익스프레스를 검색하니 마침 근처에 신상인 것 같은 여기 이프라자점이 보여 향함.가게는 신상가게 느낌 뿜뿜인데 테이크아웃과 홀 판매가격이 다른 매장이라고 안내된 배너가 가게 앞에 서있고 어차피 난 테이크아웃할 거여서 상관은 없었음.가게 왼편에 있는 키오스크에서 라지 사이즈 매머드 에이드를 마실까 하다 콜드 브루를 라지 사이즈로 주문함.조금 기다려 주문한 콜드 브루 라지 사이즈가 나왔고 가지고 나와 한 입 빨아 마시니 흔한 로스터즈 가게에서처럼 특별한 맛이 느껴지진 않지만 콜드 브루에서 기대하는 깔끔함은 여전하고 무엇보다 최소한 스벅 졍도의 맛은 보장이 되고 사이즈도 1리터쯤 되서 볼륨감이 좋은데다 가격도 좋아 맛있다로..,맛있다
1492,폴바셋,써머칭구,와 8신가 9시즘 방문했더니 얼그레이 파운드케익 30프로? 할인해서 2천얼마였다. 근데 무슨 생크림이랑 같이주길래 웬??? 했는데 웬걸 아이스크림이라니 핵이득... 아이스크림 핵꿀맛...오히려 나머진 구냥저냥.. 아이스크림 꽁으로 줘서 감동적인 하루로 마무리,맛있다
1493,고디바,amber,[⭐️⭐️⭐] 3.5/ 재방문 의사 60%맛은 익히 아는 진한 초콜렛 맛. 고디바 초콜렛은 안 좋아하는데 음료나 아이스크림은 맛있다. 손님이 한 팀밖에 없어서 이 곳에서 알바하면 편하겠다 생각한 곳... ㅎ 평일은 지옥이려나- 2019.07.18,괜찮다
1494,고디바,찻집고냉이,"맛이 없진 않아요. 네임벨류니까. 그런데 지나치게 달고, 양도 적어요. 이름값 믿고 지나치게 비싼 가격을 책정한 것같습니다. 충격적인건 물도 제공하지 않는다는 점입니다. 초콜렛 전문 카페라지만 좀 어이가 없군요. 굳이 다시 찾지 않을거고 추천도 안합니다.",별로
1495,고디바,Yenny,"고디바 초콜릿 아이스크림....정말 달고 또 달다....초코 진하고 좋긴한데, 이 가격 주고 또 먹을지는 의문!콘은 잘 안먹는데 콘이 빠삭빠삭해서 먹을만했다.",괜찮다
1496,고디바,outdoor박,"주문 : 더블초콜릿 아이스크림가격이 콘하나에 6300원이지만고디바란 이름 하나에 기대해보며 시킴.가격을 아웃오브안중인상태로 평가했을때맛있다 이런느낌을 받지 못해 먹으면서도 자꾸 놀램내 입엔 별로.. 다른게 맛있을지는 모르겠으나 더블초코는... 음...시월의 어느날, 서비스는 매우친절~!",별로
1497,아맘,❤️거네❤️,서울스퀘어에 있는 샐러드 맛집이예요! 서울역 근처에 샐러드집이 가격대가 꽤나 높은데 아맘카페는 합리적 가격에 맛도 있어서 자주 방문하고 있어요. 드레싱도 여러가지 종류 중에 고를 수가 있는데 두부면 샐러드에 어울릴것 같아서 레드페퍼 드레싱을 골랐었는데 이 드레싱은 조금 별로였어요^^; 자몽이나 오리엔탈 등은 맛있었습니다.샌드위치 종류도 많은데 크루와상 샌드위치여서 맛없을 수가 없죠! 다만 한개만 식사로 먹기엔 양이 조금 부족해서 오트밀 요거트를 같이 드시는 걸 추천해요. 내부 좌석도 꽤 많고 화이트 인테리어로 되어 있어서 간단히 먹기 좋은 곳이예요.#직장인점심추천 #샐러드맛집,맛있다
1498,아맘,써니♡,서울스퀘어에서 갈 만한 카페를 찾는다면서울역 or 서울 스퀘어 근처에서 약속을 잡으면 프랜차이즈가 카페 외에는 갈 만한 카페가 거의 없었다. 그러던 와중에 만난 반가운 곳이다.직장인이 많아서 그런지 샌드위치와 샐러드류도 함께 판매한다.나는 사과와 케일이 섞인 그린스무디를 시켰다. 오 케일 맛이 강하지 않아서 좋다ㅎㅎㅎ 사람도 많지 않고 내부 인테리어는 깔끔하다. 서울역 근처에서 프랜차이즈 카페가 물린다면 한 번쯤은 방문해도 좋을 것 같다.,맛있다
1499,파란만잔,르웬,"가성비 갑!! 상콤터지는 합리적인 카페!!영어로 되어있어서 다녀왔으나 무슨카페인지 몰랐는데 다시 살펴보니 파란만장인줄알고 무슨 카페이름이 파란만장이람했는데, 결국에 알게된 카페이름은 파란만잔! 이었다 :D일단 입구부터 파랑새가 너무 상콤터지고 귀엽게 인사하고 있고 안에는 광화문 일대 직장인 다모였는지 사람이 엄청나게 많았는데, 키오스크가 두대로 빨리 빠져서 생각보다 오래기다리지않았다!사이즈는 일반과 XL가 있는데 첫 방문이라 잘 몰라서 한번 스윽 돌아보니, 다른 분들이 마시고있는 커피가 사이즈가 커서 XL인가보다 하고 주문했으나 이후 엄청나게 큰 한 1.25L짜리 커피가 나와서 대혼란의 멀티버스였다!!!아메리카노 2,500원짜리 일반 사이즈 시켜도 충분하니 저와같은 실수하시는 분이 없으시길^^;;;원두는 화사, 고소, 카카오, 진한맛 4가지 중 선택할 수 있는데 화사한 맛은 산미가 조금 있어 일반 저렴한 프랜차이즈보다 다른 산뜻한 맛이 확실히 있었다. 메가커피나 카페게이트 급의 가격으로 형성되어 있는데 이 가격대에서 고르라면 나는 이 곳을 선택할 것 같다. 상콤터지는 인테리어는 덤!!",맛있다
1500,파란만잔,풀롱옹,비스콘을 파는 귀여운 카페비스콘이 뭔가 했더니 비스킷+스콘 해서 바삭한 스콘을 말하는 것이었습니당비스콘만 두개 포장했는데 말차랑 얼그레이아몬드 포장했어요! 하나에 3400원 정도였습니다맛은 처음에는 너무 딱딱하고 퍽퍽한가? 싶었는데 씹을수록 오히려 담백하고 고소해서 맛있었어요 그렇게 달지도 않고 맛있어서 계속 생각나는 맛이네요 품절이라 못 먹었는데 다음에는 크렌베리요거트 맛 먹어보고 싶어요!,맛있다
1501,팔공티,ethanghymn,우리집 순두부에서 해물 순두부를 먹고 나와 근처에 커피 가게가 있나 걷다 보니 여기 팔공티가 눈에 들어옴.팔공티는 비교적 저렴한 가격에 괜찮은 밀크티를 맛볼 수 있어 나름 좋아하는데 오랜만에 타피오카가 들어간 블랙 밀크티를 마시기로 함.키오스크에서 블랙 밀크티를 사이즈업해서 주문함.조금 기다려 내 주문번호가 불리고 픽업하러 밀크티를 내어주는 창으로 가니 여점원분이 블랙 밀크티를 내어줌.3천원에 이런 사이즈의 블랙 밀크티를 맛볼 수 있는 게 좋은데 밀크티용 구멍이 넓은 스트로를 꽂고 맛을 보니 왜인지는 잘 모르겠는데 처음 팔공티를 맛본 데가 노량진점인데다 그 지점의 손이 빠르신 여사장님이 만들어 주시는 밀크티가 뭔가 좀 더 진한 느낌인 기억이어서 덜 진하게 느껴지는 맛이어서 좀 아쉽게 느껴지지만 그래도 기본은 하는 맛이어서 나름 좋음.흑당 밀크티에 들어가는 흑당이 들어간 타피오카는 아니어서 달달한 흑당 맛이 느껴지는 타피오카는 아니지만 타피오카는 제법 넉넉히 들어있고 블랙 밀크티는 조금 더 진했으면 했지만 은은히 달달함이 느껴지고 볼륨감이 좋은 게 제일 좋음.전체적으로 우리집 순두부에서 해물 순두부를 먹고 나와 음료를 뭘 마실까 하다 눈에 띄어 오랜만에 맛 본 팔공티의 블랙 밀크티는 노량진점보단 덜 진한 느낌인 건 아쉬웠지만 볼륨감이 좋고 맛도 무난해서 괜찮다로..,괜찮다
1502,투썸플레이스,슈빙,믿먹투썸! 이것도 딸기시즌 다 지나서 올리는 거라 민망하지만 맛있는 건 알려야 한다ㅎㅅㅎ스트로베리초콜릿생크림케이크 맛있다!! 투썸케이크는 먹는 족족 맛있어서 제일 별로였던 게 평범한 티라미수인 듯. 얘는 해동이 덜된 상태로 나왔는데 그 덕에 오히려 물리지 않고 끝까지 먹을 수 있었다. 라고 변명 해본다;;왜 항상 둘이서 주문하는데 내가 다 먹는 거 같지ㅎㅎ아무튼 초코크림이 처음에는 살짝 얼어있어서 한입 먹으면 입안에서 사르르 녹으며 시트랑 어우러지고 딸기는 상큼함을 더해준다. 크림이 녹고 나면 더 촉촉해진 시트랑 같이 부드럽게 즐길 수 있다.음료는 스트로베리밀크티로 마셔봤는데 딸기는 밀크티와 잘 어울린다! 향긋하고 쌉싸름한 음료에 소프트아이스크림... 달달해서 엔돌핀 충전되는 맛.ㅎㅎ 딸기철리 끝나갈 때여서 딸기상태가 안 좋고 차향이 진하진 않았지만 프랜차이즈카페에서 이 정도면 충분한 듯.위치는 삭막하고 시위때문에 항상 시끄러운 곳이지만 공간도 넓고 채광이 너무 좋다.,맛있다
1503,빈스앤베리즈,민혜성,여기 음료 넘맛있다뭔진 기억안나는데 무지맛있었다근데 디저트는 평범하다,맛있다
1504,빈스앤베리즈,프리즘,덕수궁 가기 전 잠시 쉬는 카페로 들어갔는데 깔끔하고 편안하다. 비가 오는 바람에 정신이 없어서 메뉴판도 못 찍었다...치즈타르트 안에 정말 치즈가 그득그득하다. 한입 베어먹으니 치즈가 줄줄 나올 정도. 정말 겉은 바삭하고 속은 촉촉하다ㅋㅋㅋㅋ 크기는 작지만 나름 만족. 화이트모카는 그냥 그랬다. (커알못),맛있다
1505,빈스앤베리즈,jhanji92,상큼한 스무디를 먹고 싶어서 핑크라이크(5500원)이랑 베리블라섬(5500원)을 주문하고 치즈타르트(2300원)도 2개 주문했다~결과적으로 음료는 정말 별로! 두 개 음료가 색깔만 다르지 맛의 차이가 없고 인공적인 풍선껌향을 첨가한 것 같은데 정말 아니었다...그래도 치즈타르트는 괜찮았음ㅎ,별로
1506,빈스앤베리즈,cy,커피 마시기가 싫어서 블루베리 음료 마셨는데 너무 달지 않고 부드럽고 좋네요!,맛있다
1507,카페당당,EJ,"회사와 가까워서 종종 가는 카페.가격이 막 저렴치는 않지만 메뉴들이 무난하다.아침에 음료를 주문하면 바나나를 함께 주는게 특별함 점.커피는 물론, 생과일 주스 등도 있고 피자 등 음식메뉴가 있어 저녁에는 술과 함께 먹을 수 있다.주문한 아보카도 바나나 주스는 바나나 맛이 많이 나는 편이라 바나나스무디 같았다. 배가 든든해지긴 함.",괜찮다
1508,카페당당,란난,여긴 쿠크다스콘을 먹기 위해오는 곳입니다!! 주문 즉시 바로 우유를 넣어 아이스크림을 만들어주시기 때문에 느리지만 맛있는 아이스크림을 먹을 있어욤!! 처음 먹으실때 우유의 진한맛을 느껴지구 점점 먹으면서 젤라또같은 쫀득한 식감이 먹을 단맛이 느껴지는게 무척 맛있습니다!!쿠크다스 콘과 같이 먹는것도 별미예요,맛있다
1509,카페당당,OBL,"수제맥주와 어울리는 피자한판, 2차 에서 간단히 하시려는 분들에게 딱입니다. 저녁에는 수제맥주 이지만 낮에는 카페로 이용해도 좋겠네요:)",맛있다
1510,펠트커피,디기디기딕,라떼 좋아하는 분들에게 추천드리는 펠트커피!원래는 광화문 디타워점으로만 다니다가 청계천점도 오픈했다고 해서 다녀왔어요! 디타워점이랑 인테리어 분위기는 되게 다르지만 라떼 맛있는건 똑같더라구요~디저트는 거의 처음 시켜봤는데 몽블랑 케이크도 부드럽고 커피랑 너무 잘 어울리더라구요~매장이 생각보다는 눈에 띄지는 않아서 순간 입구 못찾을뻔 하긴 했지만 디타워랑 다른 매력이 있었어요 ㅋㅋ저는 개인적으로 청계천점이 더 나았습니다~ 라떼 좋아하는 분들은 꼭 가보세요.,맛있다
1511,에그마카슈,정성진,남대문시장에 놀러갔다가 사먹었는데 갓 구워서 맛있었어요 커피랑 잘어울려요 다음에 또 사먹어야겠어요 ㅋㅋ,맛있다
1512,에그마카슈,박상도,타르트 달지 않구 정말 맛나네요커피랑 잘 어울려요~,맛있다
1513,골드보틀,YSL,드립커피와 에쏘커피 둘다 갖추고 있다. 드립커피는 커피 원산지별로 따로 내려서 취향별로 주문할 수 있음. 커피 가격은 4천원대이고 맛은 괜찮은편,괜찮다
1514,서울로PH,•Sarah•,"인스타그램에 홍보되길래 궁금해서 저장해두었다가 방문해보았어요. 5월초 오픈이라고 봤는데 아직도 가오픈 중이시더라구요. 일단 11-12층에 위치하고 있어서 뷰는 정말 너무 훌륭했어요! 탁트인 뷰를 보면서 시간을 보내면서 힐링하기 참 좋은 곳이라고 생각은 들었습니다. 근데 음료값이… 지나치게 비싸요. 라떼가 7800원, 생과일쥬스는 거의 1만원을 육박하는데 결제하다가 정말 깜짝 놀랐습니다. 카페투어 주기적으로 하는 편이라 커피에 대한 입맛은 스스로 까다롭다고 생각하는데 라떼의 퀄리티는 절대 7800원의 수준은 아니였어요. 자리값이 포함되어있다고 해도 지나치게 높은 가격이라는 생각은 어쩔수 없이 드네요.",괜찮다
1515,프라자커피숍,악어새,"[오리지널 레트로 감성 그 자체 - 프라자커피""숖""]회현역 근처에 회사 사람들이랑 갔다가 즉흥적으로 방문. 역사가 깊어보이는 엄청난 레트로 간판에 모두가 홀려들어갔다. 한 번 보면 너무 궁금해져서 들어갈 수 밖에 없다. 한국어와 함께 어색하게 적힌 영어, 일본어, 그리고 중국어. RGB 감성. 게다가 ""카페""도 아니고 ""커피숍""도 아니고 입구 계단에 강렬하게 적혀있는 ""커피숖""이라는 단어. 한 20~30년 전으로 돌아간 이 소울. 다른 의미로 상당히 힙한 곳이다.아, 카페 내부도 정말 인상적이었다. 칸막이, 소파같은 폭신한 의자, 90년대 세기말 감성을 불러일으키는 블루블루한 조명, 그리고 각종 화분들. 그래, 이것이 바로 다방이라는 것이로구나! 정말 진정한 오리지널 순도 100퍼센트 레트로 그 자체였다. 심지어 매장 내부가 허름하지도 않고 너무 깨끗하고 깔끔해서 더 감탄스러웠다.다방은 역시 파르페지!하면서 회사 사람들 대부분 (나 포함해서) 파르페를 주문했다. 결과는 대만족. 이 과일 빨대, 통조림 과일, 초코시럽, 바닐라 아이스크림 듬뿍에 알록달록 설탕 스프링클까지... 상상하고 원하던 맛 그 자체. 푸짐하고, 아낌없고, 달달했다.사진은 못 찍었지만 서비스로 아이스커피도 리필받았는데 (사장님 감사합니다) 할머니댁에서 예전에 자주 마셨던 원두 커피 믹스 그 맛 그대로였다. 설탕이 들어가있지는 않은데 구수하고 왠지모르게 단맛 같은 것이 입 안에 맴도는 이 특유의 다방커피 느낌!사장님도 친절하시고 (많은 인원이 갑자기 들어와서 혼자 음료 다 만드시느라 힘들었을텐데 너무 잘 대해주셔서 감사했다 ㅠㅠ), 카페 내부도 쾌적하고 생각보다 조용하고! 무엇보다 칸막이가 있어 약간 아늑하기도 하고! 회현역을 지나갈일이 있다면 한 번 즈음 방문해볼만한 가치가 있는 곳이지 않을까! 라는 생각!",맛있다
1516,어반스테이,너구리,모닝세트 먹었습니다. 따뜻하게 데워주셔서 커피랑 맛있게 먹었어요. 베이컨이랑 치즈때문에 간이 적절히 있어서 맛있었고 사장님 두분 친절하셔서 맛있게 먹고 왔어요. 코로나라 이전보다 살짝 늦게 오픈하시는 건지 아니면 이날따라 늦게 오픈하신건지는 모르지만 모닝세트 아침에 밥대신 먹기 좋은 것 같아요.,맛있다
1517,어반스테이,*,"#리얼바닐라빈라떼 5,000지나다가 2층으로 되어있는 카페 겸 펍을 발견.메뉴가 정말 다양했는데 개인적으로 바닐라시럽 들어가는 커피는 싫은데 바닐라빈 파우더같은 부드러운 음료는 좋아해서 주문해봄. 양은 적지만 맛있었다. 2층 창가자리는 햇살도 들어오고 공간도 넓어서 좋았다.",괜찮다
1518,어반스테이,benedetta,"커피를 파는곳이라기보다 과일가게가 본점이고 재고처리용으로 주스가게를 하는것이 아닌가 할정도로 과일주스, 과일커피 등 과일로만든 음식도 있는곳.과일의 종류도 케일 망고 딸기 등등 다양하다.맛은? 잘모르겠다. 이것저것 먹어보았지만..아직 맛있는건 못찾았다.그냥 시원하고 비타민 섭취용으로 커피대신 마시고있다. 맞은편에 카페가 줄지어있는데 테이크아웃만 위한 거라면 맞은편에 있는 가게에 가는것도 나쁘지않을듯. 맥파이 맥주도 팔고있다. 평일 점심시간에는 직장인들로 1,2층이 꽉찬다",괜찮다
1519,비읍커피,맛난거먹을래요,물.. 이건 물이다..보리차....?,별로
1520,빌리엔젤, LJ,"#밀크크레이프 맛있음 #체인점이라고 똑같지 않음평가: 4.0/5.0여기서 먹은 밀크크레이프 정말 맛있었는데, 다른곳 빌리앤젤에서는 그맛이 나지 않는다. 체인점 마다 편차가 있는 것 같다. 밀크크레이프는 달지 않고 진한 천연 바닐라향이 기분좋게난다. 얇은 크레이프를 층층이 쌓아 케익을 만들었는데 한겹씩 벗겨먹는 재미도 있고 그냥먹어도 부드럽다. #서비스: 굿#위생: 굿",맛있다
1521,빌리엔젤,*,케이크 맛있고 커피는 쏘쏘. 아침에 아메리카노와 라떼 할인해서 종종 이용함!,괜찮다
1522,빌리엔젤,benedetta,/밀크크레이프/우유빙수/얼그레이쉬폰/당근케잌/평소에좋아라하는 케잌샵.백화점지하에 매장이많이있어서 홀케잌으로 마니사먹었다. 매장별로도 맛이다르지않아 새로운디저트를 시도하기귀찮을때 자주가는편 ㅎㅎ당근케잌이 좋아서가기시작했지만 다른디저트들도 고루 맛있다. 빙수는 우유얼음 위에 바닐라아이스크림을 올려주고 팥을 따로준다. 당신이 상상하는 바로그맛ㅋㅋ이다.생긴지얼마되지않아 서소문동에 어울리지않는 케잌샵이등장했다...라고볼수있지만 꽤나 많은 직장인들이 온다ㅋ,맛있다
1523,전통찻집덕수궁,세비니,감기 기운 있을때 점심시간에 가서 먹으면 기운이 나는 곳!! 낡은 소파가 먼가 70-80년대로 돌아간 느낌을 준다.,괜찮다
1524,전통찻집덕수궁,먹방꼬북,서소문에서 만날 수 있는 전통찻집. 십전대보차 한잔 먹으면 슬슬 올라오는 감기기운이 뚝 떨어지는 기분이다. 함께 나오는 다과와 마지막에 먹는 오미자차도 꿀맛.,맛있다
1525,맘모커피,EJ,배우들이 하는 카페라고 타이틀이 달린 남대문시장에 위치한 카페. 마스크를 요즘엔 다 쓰고 계시기때문에 얼굴을 알 수는 없음.캔으로 된 아메리카노가 있는게 인기가 많은 것 같고 음료 맛 괜찮다. 남대문에서 식사하면 종종 감. 손님이 많아도 빠릿빠릿하게 음료를 만들어주시기에 빠르게 테이크아웃해서 이동할 수 있음.,괜찮다
1526,맘모커피,MoonHannah,"일리커피, 더치커피, just 아메리카노 아침 일찍 추위에 떨다 발견한 오아시스 같은 곳!! 1층에서 주문하고 테이크아웃 해서 2.3층에서 커피를 즐길 수 있다 날이 너무 추워서 유자차를 마셨지만 커피도 왠지 맛있을 거 같다!! 저녁에는 펍이 된다니!!! 남대문의 핫플레이스!!",맛있다
1527,뭉치치카페,미콩,진짜 주변 분위기에 안 어울리게 위치한 뭉치치카페남대문시장에서 혼자 청담동카페 분위기 내고 있어요더워서 잠시 쉬자하고 들렸는데 나왔을 때는 발 얼어서 나왔어요..아메리카노와 백향과에이드? 마셨어요아메리카노 나쁘지않고 무난해요백향과!!에이드!!! 맛있어요 시럽 줄여서 주문했는데 정말 백향과 갈아 넣은 듯 한ㅋㅋㅋ 굿!위치가 위치다보니 피크시간대에는 사람들로 엄청 북적이고 다양한 언어를 습득할 수 있는 기회를 가질 수 있어요화장실 근처에 앉으면 냄새 좀 납니당얼음골보다 시원한 듯 더운 여름 피서지로..추천 또 추천,맛있다
1528,엘리스파이,추억의도나쓰,파이 종류도 치즈케잌도 다양한 베이커리 카페에요. 비주얼도 맛도 진짜 괜찮더라구요. 시청역 근처에서 식사하신다면 후식으로 추천드리고 싶어요.  입구만 보고 테이블이 없는 줄 알았는데 안쪽에 테이블이 4개 정도 있고 아담하고 모던한 분위기에요.  디카페인 커피가 없어서 유자차를 마셨는데 달달해도 치즈케잌과 나쁘지 않은 조합이었어요.,맛있다
1529,스타벅스,*,사람이 늘 많아요.주문하면 최소 10분이상 소요.리저브 자리가 아주 작게 있어요.규모에 비해 케이크나 샌드위치 종류가 많은 편은 아닌듯. 그게 좀 아쉬워요!,괜찮다
1530,스타벅스,muk_so.o,토피넛프라푸치노/ 쿠폰 쓰러 왔다. 두유로 변경해서 먹어서 그런지 다른 카페의 토피넛 메뉴랑은 또 다른 맛이었다. 토피넛의 고소함보다는 두유의 고소함이 더 느껴졌다. 약간 심심한 맛이지만 괜찮았음.재방문 의사: 어쩌다 또 생각이 날 것 같은 토피넛 프라푸치노 두유 변경.,괜찮다
1531,공차,muk_so.o,과거 공차러버였으나 새로 생긴 흑당버블티집들 찾아 다니느라 1년 넘게 공차는 뒷전이었는데 이 음료가 맛있다길래 오랜만에 갔다.초코바른초코스무디(5500):처음에 섞지않고 먹었더니 호우! 너무 달다.잠이 확 깨는 단맛이고 살짝 인공적인 단맛도 나는데 스무디랑 섞으면 그나마 덜 달아진다.초코바른은 컵 옆부분에 초코를 발라주는데 음료가 차가워서 그런지 굳어있다. 긁어서 섞으라고 했는데 매우 귀찮. 이거 아니어도 충분히 달다.혼자 다마시기엔 좀 힘든 음료였다.또 마실 의사는 있다.,맛있다
1532,어이어커피,성훈☕️‍♂️,커피가 정말 맛있습니다:),맛있다
1533,리블링스,썸머쏭쏭,• 꽃향기 솔솔• 리블링스 - “favorite”• 커피 맛있어욤• 약간 협소하지만.. ㅎㅎ,맛있다
1534,할리스커피,모진수,"올 여름 초 즈음에 몰티저스 인기가 선풍적이라 몰티저스 빙수 출시됐다는 소식 듣고 아이디어 되게 좋다는 생각이 들었다.기대하고 시켰는데 기대가 큰 탓이었는지 가성비가 떨어진다는 생각을 지울 수가 없었당.몰티져스 함량이 너무 적고 그밖에 초코도 너무 적고... 차라리 베리, 치즈 빙수가 나았다",별로
1535,던킨도너츠,muk_so.o,"오랜만에 던킨도너츠를 먹었다.솔티카라멜바이츠/ 솔티카라멜은 처음 본 메뉴였는데 글레이즈 도넛에 카라멜을 칸 칸 사이사이에 발라 놓은 것 같다.솔직히 거어어어업나 달다.글레이즈 자체만으로도 단데, 카라멜까지 있으니달 수 밖에.솔티카라멜이라는데 솔티..? 는 잘 모르겠다.",괜찮다
1536,아우어베이커리,❤️거네❤️,"지금은 약간 흔템이 되어버린 아우어베이커리가 숭례문에도 생겼습니다. 그치만 명불허전 인기가 있는데는 다 이유가 있어요. 빵들의 단가가 조금 높지만 다 너무 맛있네요.빨미까레는 필수로 구매하셔야 하는.. 흔히 생각할 수 있는 그 맛이지만 왤케 맛있을까요 양도 많아서 하나는 꼭 담아주세요! 그 다음 제 픽은 카야크루와상입니다. 코코넛 싫어하는 제 친구도 맛있다고 인정한..그 외에도 까눌레는 얼그레이보단 플레인이 맛있었고 올리브 올라간 녀석도, 옥수수크림빵도 다 크고 맛있어요단 슈크림단팥빵은 기대보다 특색이 없어서 아쉽 ㅜㅜ라떼를 잘 안먹는데 아우어 라떼는 고소하고 맛있어서 자주 마셔요:) 원두 종류를 고를 수 있는 것도 좋았습니다. 에어 아우어는 아인슈페너같은 느낌인데 크림도, 콜드브루도 다 너무 가벼워서.. 별로였어요 에어라는 이름이 왜 붙었는지 알겠더라구요.한동안 눈돌아가서 거의 매일 먹었는데 이제 좀 자제하려고 합니다..ㅋㅋㅋㅋㅋㅋㅋㅋ",맛있다
1537,인사동유기농단팥빵,지나손,"단팥빵, 고구마빵 너무 맛있어요!!! 사장님 부부도 너무 친절하십니다!!! 다른빵도 먹어볼예정ㅎㅎ",맛있다
1538,인사동유기농단팥빵,밍밍,찹쌀 꽈배기요...? 쫄깃함이 1도 없는데요...?,별로
1539,스트리트커피,*,#코코넛베리 #티라미수라떼코코넛베리는 딸기맛보다 코코넛 맛이 강해서 코코넛을 진짜 좋아하는사람들은 맛있게 드실거같고 저처럼 딸기파인사람에겐 아쉬운 메뉴인 것 같아요ㅎㅎ 티라미수라떼 쏘쏘. 그래도 여기 카페가 마음에 드는건 메뉴가 엄청 많고 유니크한 메뉴들도 많아서 다 먹어보고싶어요. 가격저렴 음료양많음 맛괜춘 가성비 좋아요!,괜찮다
1540,목련다방,songpyun,더워 죽을 거같은 토요일에 서울로 7017을 갔는데 진짜 더워 죽는줄 알아서 ㅠㅠㅠㅠ 흑흑 걷다가 들어간 카페! 대치동이 본점인듭 함 서울로에 있는거라 가게크기가 엄청 작다 근데 직원분들이 꽤 많아 보임 ㅋㅋㅋㅋㅋㅋ.... 우유 아이스크림 먹었는데 가격도 적당하고 달달하니 맛있었당 ㅋㅋ 맥날 소프트콘보다(가격이 비싸니까 당연한거겠지만) 고급스러운 맛이닼ㅋㅋㅋㅋㅋ 아슈크림 맛있어서 서울로 다음에 또 가게되면 들릴듭 ㅋㅋ,맛있다
1541,카페서울아워,희희희,"무슨 미술관? 전시관 안에 있는 카페에요. 되게 특이하게 생긴 건축물 안에 있는데 약간 디디피 느낌 나고 그래요. 그래서 지나갈 때 카페가 있는지도 잘 안 보였는데 카페더라구요. 근처에 다른 개인 카페가 없어서인지 손님도 꽤 있어 보였어요. 저는 아인슈페너를 시키려고 했는데,,메뉴가 리뉴얼이 되서 아인슈페너가 빠지고 무슨 크림모카?가 새로 생긴다고 했던 거 같아요. 근데 제가 갔을 땐 둘 다 안 됐어요ㅠ 그래서 그냥 덥고 해서 바닐라 라떼를 시켰는데 음...그냥 그랬어요. 양은 많은데 양에 비해 바닐라 시럽이 덜 들어간건지 어김없이 물 탄 바닐라 시럽 + 보리 맛이 나더라구요ㅜ 저는 바닐라 라떼 파는 곳은 제발 바닐라 시럽을 넉넉하게 줫음 좋겟어요ㅠ",별로
1542,카페gil,EJ,"아주 작은 테이크아웃 전문 카페임. 보기에 특별할게 없어보이지만 주변 회사원들의 해독과 비타민 보충을 해주는 곳임. 생과일야채스무디가 메인인데 케일청포도, 당근사과 등등 종류가 아주 다양하고 재료를 알차게 넣고 갈아주시기때문에 맛도 진하고 몸에도 좋을듯하다. 커피말고 상큼하고 시원한 걸 마시고 싶다하면 찾아가는 곳.",맛있다
1543,카페라라당,당그니,회사 근처에 있는 테이크아웃 전문으로하는 카페 라라당. 가게 규모는 매우 작으나 점심시간에 사람이 늘 많아 궁금했다. 지인 말로는 말차라떼를 추천한다고 했는데 속이 타 레몬에이드를 주문! 가격은 평균 3500-4000원대이고 양이 많다. 레몬에이드를 테이크아웃했는데 예쁜 잎도 데코로 올려주셨다. 맛은 레몬레이드 맛으로 비슷하다. 여기는 다른 곳과 다르게 음료를 주문하면 초콜릿이나 먹을거리를 주는데 오늘은 미니 밤만쥬를 주셨다. 괜히 기분 좋아지는 느낌!,괜찮다
1544,스타벅스,*,사람이 늘 많아요.주문하면 최소 10분이상 소요.리저브 자리가 아주 작게 있어요.규모에 비해 케이크나 샌드위치 종류가 많은 편은 아닌듯. 그게 좀 아쉬워요!,괜찮다
1545,스타벅스,muk_so.o,토피넛프라푸치노/ 쿠폰 쓰러 왔다. 두유로 변경해서 먹어서 그런지 다른 카페의 토피넛 메뉴랑은 또 다른 맛이었다. 토피넛의 고소함보다는 두유의 고소함이 더 느껴졌다. 약간 심심한 맛이지만 괜찮았음.재방문 의사: 어쩌다 또 생각이 날 것 같은 토피넛 프라푸치노 두유 변경.,괜찮다
1546,공차,muk_so.o,과거 공차러버였으나 새로 생긴 흑당버블티집들 찾아 다니느라 1년 넘게 공차는 뒷전이었는데 이 음료가 맛있다길래 오랜만에 갔다.초코바른초코스무디(5500):처음에 섞지않고 먹었더니 호우! 너무 달다.잠이 확 깨는 단맛이고 살짝 인공적인 단맛도 나는데 스무디랑 섞으면 그나마 덜 달아진다.초코바른은 컵 옆부분에 초코를 발라주는데 음료가 차가워서 그런지 굳어있다. 긁어서 섞으라고 했는데 매우 귀찮. 이거 아니어도 충분히 달다.혼자 다마시기엔 좀 힘든 음료였다.또 마실 의사는 있다.,맛있다
1547,어이어커피,성훈☕️‍♂️,커피가 정말 맛있습니다:),맛있다
1548,리블링스,썸머쏭쏭,• 꽃향기 솔솔• 리블링스 - “favorite”• 커피 맛있어욤• 약간 협소하지만.. ㅎㅎ,맛있다
1549,할리스커피,모진수,"올 여름 초 즈음에 몰티저스 인기가 선풍적이라 몰티저스 빙수 출시됐다는 소식 듣고 아이디어 되게 좋다는 생각이 들었다.기대하고 시켰는데 기대가 큰 탓이었는지 가성비가 떨어진다는 생각을 지울 수가 없었당.몰티져스 함량이 너무 적고 그밖에 초코도 너무 적고... 차라리 베리, 치즈 빙수가 나았다",별로
1550,스몰굿커피,singsing:p,스몰굿의 시그니처 달달한 커피에요! 카멜커피 보다는 하프커피의 달달하고 꾸덕한 느낌이에요! 이름그대로 좀 적은데 스몰굿 ㅎㅎㅎ 치케는 많이 꾸덕하지않고 포크로 집으면 살짝 부서졌어요 >_< 그래도 치즈맛은 진함!,괜찮다
1551,인사동유기농단팥빵,지나손,"단팥빵, 고구마빵 너무 맛있어요!!! 사장님 부부도 너무 친절하십니다!!! 다른빵도 먹어볼예정ㅎㅎ",맛있다
1552,인사동유기농단팥빵,밍밍,찹쌀 꽈배기요...? 쫄깃함이 1도 없는데요...?,별로
1553,스트리트커피,*,#코코넛베리 #티라미수라떼코코넛베리는 딸기맛보다 코코넛 맛이 강해서 코코넛을 진짜 좋아하는사람들은 맛있게 드실거같고 저처럼 딸기파인사람에겐 아쉬운 메뉴인 것 같아요ㅎㅎ 티라미수라떼 쏘쏘. 그래도 여기 카페가 마음에 드는건 메뉴가 엄청 많고 유니크한 메뉴들도 많아서 다 먹어보고싶어요. 가격저렴 음료양많음 맛괜춘 가성비 좋아요!,괜찮다
1554,목련다방,songpyun,더워 죽을 거같은 토요일에 서울로 7017을 갔는데 진짜 더워 죽는줄 알아서 ㅠㅠㅠㅠ 흑흑 걷다가 들어간 카페! 대치동이 본점인듭 함 서울로에 있는거라 가게크기가 엄청 작다 근데 직원분들이 꽤 많아 보임 ㅋㅋㅋㅋㅋㅋ.... 우유 아이스크림 먹었는데 가격도 적당하고 달달하니 맛있었당 ㅋㅋ 맥날 소프트콘보다(가격이 비싸니까 당연한거겠지만) 고급스러운 맛이닼ㅋㅋㅋㅋㅋ 아슈크림 맛있어서 서울로 다음에 또 가게되면 들릴듭 ㅋㅋ,맛있다
1555,카페서울아워,희희희,"무슨 미술관? 전시관 안에 있는 카페에요. 되게 특이하게 생긴 건축물 안에 있는데 약간 디디피 느낌 나고 그래요. 그래서 지나갈 때 카페가 있는지도 잘 안 보였는데 카페더라구요. 근처에 다른 개인 카페가 없어서인지 손님도 꽤 있어 보였어요. 저는 아인슈페너를 시키려고 했는데,,메뉴가 리뉴얼이 되서 아인슈페너가 빠지고 무슨 크림모카?가 새로 생긴다고 했던 거 같아요. 근데 제가 갔을 땐 둘 다 안 됐어요ㅠ 그래서 그냥 덥고 해서 바닐라 라떼를 시켰는데 음...그냥 그랬어요. 양은 많은데 양에 비해 바닐라 시럽이 덜 들어간건지 어김없이 물 탄 바닐라 시럽 + 보리 맛이 나더라구요ㅜ 저는 바닐라 라떼 파는 곳은 제발 바닐라 시럽을 넉넉하게 줫음 좋겟어요ㅠ",별로
1556,아크바,Sirena,"너무 최악이라 말이 안나오는 곳 ㅋㅋㅋㅋㅋ1. 가게 밖에 현수막으로 홍보하는 메뉴 시키니까 이제 안파는 거라고 함. 아니 그럼 현수막은 치우셔야죠... 메뉴판이도 있는데 이제 안한다고 하는게 너무 많음... 저희는 현수막 보고 왔는데요..2. 메뉴 강요세명이서 탕수육과 간장양념의 한마리 치킨이 먹고 싶었는데, 무조건 간장 윙봉으로 시키라고 강요... 나는 사실 다리를 먹지 않는다. 특유의 냄새와 그 식감을 싫어해서 무조건 가슴살 위주로 먹는데, 한마리는 양이 적어서 먹을 게 없고 다리가 먹을게 많다고 강요하면서 윙봉 시키게 함. 결국 윙봉 시켰는데 너무 말라서 먹을게 없던디요... 먹을거 별로 없고 맛없어서 깨작이고 있는데 옆에 와서 반말로 ""맛있니?"" 하는데 갑자기 화가....3. 벌레 나왔는데 다시 안해주고 그냥 스윽 닦아줌화룡정점인 부분 ㅋㅋㅋㅋㅋ 벌레가 나왔는데 그럼 보통 다시 해준다거나 최소 사과라도 해야하지 않나. 미안하다는 말은 없고 음식 가져가더니 3분쯤 뒤에 그부분 빼고 다시 가져옴... 그럴거라고 예상은 했지만 진짜 그럴 줄은 몰랐다. 정말 너무 불쾌했다. 배가 너무 고픈데다 친구 결혼식이라서 참았는데, 언성 높여 싸울 뻔 했다. 그리고 치킨 먹어보고 탕수육 더 시키려다 그냥 적게 먹고 나왔다. 약현성당에서 결혼식이 있는데, 밥 못먹었다고 눈앞에 보이는 아무데나 들어가면 이렇게 됩니다... 조심하십셔...",별로
1557,카페gil,EJ,"아주 작은 테이크아웃 전문 카페임. 보기에 특별할게 없어보이지만 주변 회사원들의 해독과 비타민 보충을 해주는 곳임. 생과일야채스무디가 메인인데 케일청포도, 당근사과 등등 종류가 아주 다양하고 재료를 알차게 넣고 갈아주시기때문에 맛도 진하고 몸에도 좋을듯하다. 커피말고 상큼하고 시원한 걸 마시고 싶다하면 찾아가는 곳.",맛있다
1558,카페라라당,당그니,회사 근처에 있는 테이크아웃 전문으로하는 카페 라라당. 가게 규모는 매우 작으나 점심시간에 사람이 늘 많아 궁금했다. 지인 말로는 말차라떼를 추천한다고 했는데 속이 타 레몬에이드를 주문! 가격은 평균 3500-4000원대이고 양이 많다. 레몬에이드를 테이크아웃했는데 예쁜 잎도 데코로 올려주셨다. 맛은 레몬레이드 맛으로 비슷하다. 여기는 다른 곳과 다르게 음료를 주문하면 초콜릿이나 먹을거리를 주는데 오늘은 미니 밤만쥬를 주셨다. 괜히 기분 좋아지는 느낌!,괜찮다
1559,마이쥬스,JJ,"생과일, 생채소 주스를 직접 만들어서 파는 곳비타민을 보충해야하거나전날 과음해서 살아나야하는 경우 가면 좋다원하는 재료 1,2,3가지를 갈아준다초록 채소가 좋고 장난을 좀 치고싶다면샐러리 시금치 오이 이렇게 3가지를 갈 수 있다맛은 초록색 맛이었다 ㅋㅋ",맛있다
1560,스타벅스,*,사람이 늘 많아요.주문하면 최소 10분이상 소요.리저브 자리가 아주 작게 있어요.규모에 비해 케이크나 샌드위치 종류가 많은 편은 아닌듯. 그게 좀 아쉬워요!,괜찮다
1561,스타벅스,muk_so.o,토피넛프라푸치노/ 쿠폰 쓰러 왔다. 두유로 변경해서 먹어서 그런지 다른 카페의 토피넛 메뉴랑은 또 다른 맛이었다. 토피넛의 고소함보다는 두유의 고소함이 더 느껴졌다. 약간 심심한 맛이지만 괜찮았음.재방문 의사: 어쩌다 또 생각이 날 것 같은 토피넛 프라푸치노 두유 변경.,괜찮다
1562,공차,muk_so.o,과거 공차러버였으나 새로 생긴 흑당버블티집들 찾아 다니느라 1년 넘게 공차는 뒷전이었는데 이 음료가 맛있다길래 오랜만에 갔다.초코바른초코스무디(5500):처음에 섞지않고 먹었더니 호우! 너무 달다.잠이 확 깨는 단맛이고 살짝 인공적인 단맛도 나는데 스무디랑 섞으면 그나마 덜 달아진다.초코바른은 컵 옆부분에 초코를 발라주는데 음료가 차가워서 그런지 굳어있다. 긁어서 섞으라고 했는데 매우 귀찮. 이거 아니어도 충분히 달다.혼자 다마시기엔 좀 힘든 음료였다.또 마실 의사는 있다.,맛있다
1563,어이어커피,성훈☕️‍♂️,커피가 정말 맛있습니다:),맛있다
1564,리블링스,썸머쏭쏭,• 꽃향기 솔솔• 리블링스 - “favorite”• 커피 맛있어욤• 약간 협소하지만.. ㅎㅎ,맛있다
1565,할리스커피,모진수,"올 여름 초 즈음에 몰티저스 인기가 선풍적이라 몰티저스 빙수 출시됐다는 소식 듣고 아이디어 되게 좋다는 생각이 들었다.기대하고 시켰는데 기대가 큰 탓이었는지 가성비가 떨어진다는 생각을 지울 수가 없었당.몰티져스 함량이 너무 적고 그밖에 초코도 너무 적고... 차라리 베리, 치즈 빙수가 나았다",별로
1566,던킨도너츠,muk_so.o,"오랜만에 던킨도너츠를 먹었다.솔티카라멜바이츠/ 솔티카라멜은 처음 본 메뉴였는데 글레이즈 도넛에 카라멜을 칸 칸 사이사이에 발라 놓은 것 같다.솔직히 거어어어업나 달다.글레이즈 자체만으로도 단데, 카라멜까지 있으니달 수 밖에.솔티카라멜이라는데 솔티..? 는 잘 모르겠다.",괜찮다
1567,스몰굿커피,singsing:p,스몰굿의 시그니처 달달한 커피에요! 카멜커피 보다는 하프커피의 달달하고 꾸덕한 느낌이에요! 이름그대로 좀 적은데 스몰굿 ㅎㅎㅎ 치케는 많이 꾸덕하지않고 포크로 집으면 살짝 부서졌어요 >_< 그래도 치즈맛은 진함!,괜찮다
1568,아우어베이커리,❤️거네❤️,"지금은 약간 흔템이 되어버린 아우어베이커리가 숭례문에도 생겼습니다. 그치만 명불허전 인기가 있는데는 다 이유가 있어요. 빵들의 단가가 조금 높지만 다 너무 맛있네요.빨미까레는 필수로 구매하셔야 하는.. 흔히 생각할 수 있는 그 맛이지만 왤케 맛있을까요 양도 많아서 하나는 꼭 담아주세요! 그 다음 제 픽은 카야크루와상입니다. 코코넛 싫어하는 제 친구도 맛있다고 인정한..그 외에도 까눌레는 얼그레이보단 플레인이 맛있었고 올리브 올라간 녀석도, 옥수수크림빵도 다 크고 맛있어요단 슈크림단팥빵은 기대보다 특색이 없어서 아쉽 ㅜㅜ라떼를 잘 안먹는데 아우어 라떼는 고소하고 맛있어서 자주 마셔요:) 원두 종류를 고를 수 있는 것도 좋았습니다. 에어 아우어는 아인슈페너같은 느낌인데 크림도, 콜드브루도 다 너무 가벼워서.. 별로였어요 에어라는 이름이 왜 붙었는지 알겠더라구요.한동안 눈돌아가서 거의 매일 먹었는데 이제 좀 자제하려고 합니다..ㅋㅋㅋㅋㅋㅋㅋㅋ",맛있다
1569,인사동유기농단팥빵,지나손,"단팥빵, 고구마빵 너무 맛있어요!!! 사장님 부부도 너무 친절하십니다!!! 다른빵도 먹어볼예정ㅎㅎ",맛있다
1570,인사동유기농단팥빵,밍밍,찹쌀 꽈배기요...? 쫄깃함이 1도 없는데요...?,별로
1571,스트리트커피,*,#코코넛베리 #티라미수라떼코코넛베리는 딸기맛보다 코코넛 맛이 강해서 코코넛을 진짜 좋아하는사람들은 맛있게 드실거같고 저처럼 딸기파인사람에겐 아쉬운 메뉴인 것 같아요ㅎㅎ 티라미수라떼 쏘쏘. 그래도 여기 카페가 마음에 드는건 메뉴가 엄청 많고 유니크한 메뉴들도 많아서 다 먹어보고싶어요. 가격저렴 음료양많음 맛괜춘 가성비 좋아요!,괜찮다
1572,목련다방,songpyun,더워 죽을 거같은 토요일에 서울로 7017을 갔는데 진짜 더워 죽는줄 알아서 ㅠㅠㅠㅠ 흑흑 걷다가 들어간 카페! 대치동이 본점인듭 함 서울로에 있는거라 가게크기가 엄청 작다 근데 직원분들이 꽤 많아 보임 ㅋㅋㅋㅋㅋㅋ.... 우유 아이스크림 먹었는데 가격도 적당하고 달달하니 맛있었당 ㅋㅋ 맥날 소프트콘보다(가격이 비싸니까 당연한거겠지만) 고급스러운 맛이닼ㅋㅋㅋㅋㅋ 아슈크림 맛있어서 서울로 다음에 또 가게되면 들릴듭 ㅋㅋ,맛있다
1573,카페서울아워,희희희,"무슨 미술관? 전시관 안에 있는 카페에요. 되게 특이하게 생긴 건축물 안에 있는데 약간 디디피 느낌 나고 그래요. 그래서 지나갈 때 카페가 있는지도 잘 안 보였는데 카페더라구요. 근처에 다른 개인 카페가 없어서인지 손님도 꽤 있어 보였어요. 저는 아인슈페너를 시키려고 했는데,,메뉴가 리뉴얼이 되서 아인슈페너가 빠지고 무슨 크림모카?가 새로 생긴다고 했던 거 같아요. 근데 제가 갔을 땐 둘 다 안 됐어요ㅠ 그래서 그냥 덥고 해서 바닐라 라떼를 시켰는데 음...그냥 그랬어요. 양은 많은데 양에 비해 바닐라 시럽이 덜 들어간건지 어김없이 물 탄 바닐라 시럽 + 보리 맛이 나더라구요ㅜ 저는 바닐라 라떼 파는 곳은 제발 바닐라 시럽을 넉넉하게 줫음 좋겟어요ㅠ",별로
1574,아크바,Sirena,"너무 최악이라 말이 안나오는 곳 ㅋㅋㅋㅋㅋ1. 가게 밖에 현수막으로 홍보하는 메뉴 시키니까 이제 안파는 거라고 함. 아니 그럼 현수막은 치우셔야죠... 메뉴판이도 있는데 이제 안한다고 하는게 너무 많음... 저희는 현수막 보고 왔는데요..2. 메뉴 강요세명이서 탕수육과 간장양념의 한마리 치킨이 먹고 싶었는데, 무조건 간장 윙봉으로 시키라고 강요... 나는 사실 다리를 먹지 않는다. 특유의 냄새와 그 식감을 싫어해서 무조건 가슴살 위주로 먹는데, 한마리는 양이 적어서 먹을 게 없고 다리가 먹을게 많다고 강요하면서 윙봉 시키게 함. 결국 윙봉 시켰는데 너무 말라서 먹을게 없던디요... 먹을거 별로 없고 맛없어서 깨작이고 있는데 옆에 와서 반말로 ""맛있니?"" 하는데 갑자기 화가....3. 벌레 나왔는데 다시 안해주고 그냥 스윽 닦아줌화룡정점인 부분 ㅋㅋㅋㅋㅋ 벌레가 나왔는데 그럼 보통 다시 해준다거나 최소 사과라도 해야하지 않나. 미안하다는 말은 없고 음식 가져가더니 3분쯤 뒤에 그부분 빼고 다시 가져옴... 그럴거라고 예상은 했지만 진짜 그럴 줄은 몰랐다. 정말 너무 불쾌했다. 배가 너무 고픈데다 친구 결혼식이라서 참았는데, 언성 높여 싸울 뻔 했다. 그리고 치킨 먹어보고 탕수육 더 시키려다 그냥 적게 먹고 나왔다. 약현성당에서 결혼식이 있는데, 밥 못먹었다고 눈앞에 보이는 아무데나 들어가면 이렇게 됩니다... 조심하십셔...",별로
1575,카페gil,EJ,"아주 작은 테이크아웃 전문 카페임. 보기에 특별할게 없어보이지만 주변 회사원들의 해독과 비타민 보충을 해주는 곳임. 생과일야채스무디가 메인인데 케일청포도, 당근사과 등등 종류가 아주 다양하고 재료를 알차게 넣고 갈아주시기때문에 맛도 진하고 몸에도 좋을듯하다. 커피말고 상큼하고 시원한 걸 마시고 싶다하면 찾아가는 곳.",맛있다
1576,마이쥬스,JJ,"생과일, 생채소 주스를 직접 만들어서 파는 곳비타민을 보충해야하거나전날 과음해서 살아나야하는 경우 가면 좋다원하는 재료 1,2,3가지를 갈아준다초록 채소가 좋고 장난을 좀 치고싶다면샐러리 시금치 오이 이렇게 3가지를 갈 수 있다맛은 초록색 맛이었다 ㅋㅋ",맛있다
1577,만리199,noname,디트로이트 피자가 정말 훌륭한 집이었음. 맥주가 남아날 수가 없는 맛집. 풍경도 좋고 사장님도 친절하시고 여튼 최고.,맛있다
1578,만리199,득민,"21년 10월 16일 방문, 지금은 매장 리뉴얼해서 저 때보다는 좌석이 더 많아진 느낌? 아무튼 요즘 같을 때 밤에 가보면 사람이 참 많다.디트로이트 스타일 페퍼로니 피자(17.9)와 수제맥주(기억안남)를 시켜먹었었는데 피자만 따지면 맛있는데 맥주는 그렇게 맛이 있었던 거 같진 않다. 지금은 다르려나 싶기도. 괜찮다랑 맛있다 고민되긴 하는데 피자가 인상 깊었으므로 맛있다로 선택.재방문의사는 거의 없음",맛있다
1579,만리199,쩝쩝석사,맥주 마시기 진짜 좋은 곳이에요!페퍼로니 피자도 맛있었어요 :D,맛있다
1580,만리199,써니♡,서울 7017이 보이는 힙한 맥주집다양한 수제 맥주를 파는 곳이다. 나는 저녁 식사를 겸해 갔기 때문에 밥이 될 수 있는 안주류를 함께 시키려고 했는데 디트로이트 스타일의 피자 외에는 따로 시킬만한 것이 없었다. 또한 피자도 한정 수량이라고 하여 혹 솔드아웃이 아닐까 했는데 다행히 주문 가능!맥주는 흑맥인 빅토리 앳 씨와 노르딕 ipa를 먹었는데 노르딕은 괜찮았는데 빅토리 앳 씨는 마시고 나니 속이 좀 안좋았다. 자타공인 강철장인데 속 안좋아서 이틀 정도 고생했다.ㅜ분위기는 너무 좋고 다양한 수제 맥주를 판매해서 두 가지에 관심이 있는 분이라면 방문하길 권한다!,괜찮다
1581,만리199,따따따따,"서울역 뒤쪽 만리재로에 노상에 테이블을 내놓은 가게들이 쪼로록 있는데, 그중에서도 맥주마시기 좋은 곳입니다.저는 저녁식사 겸으로 들렀는데, 안주 메뉴는 몇개 없습니다. 피자도 한종류입니다. 크게 기대하지 않고 피자를 주문했는데 이 피자가 꽤 맛있습니다. 웬만한 미국식? 피자전문점보다 낫습니다.맥주는 저는 VICTORY AT SEA 를 마셨습니다. 알콜 도수가 10도입니다. 호기심에 마셔봤는데 맥주는 5도 정도가 적당한 것 같습니다. ㅠㅠ",맛있다
1582,만리199,왕십리탈출러,"오랜만에 갔는데 여전히 맛있네요.하루에 열 판 밖에 안판다는 피자를 먹었습니다.사장님이 도우도 직접 만들어서 굽는다고 자신있게 얘기하시길래 먹어봤어요. 생각했던 둥근 모양의 피자가 나오진 않았지만 사이드는 바삭하고 치즈와 소스 모두 넘치고 맛있었어요.생맥주 종류가 다양하고 맛있습니다! 진짜 맛있어요!기억에 남는 맥주로 세종대왕 맥주가 있었는데 진짜 백성을 사랑하는 세종대왕님의 오렌지 향을 느낄 수 있었습니다.사장님이 인간미가 넘치는 것도 한 몫 하는것 같아요. 손님분들과 소통하는 걸 좋아하시고, 참 친절하셔요.서울역 근처에 약속이 생기면 가볼만한 곳이라고 생각해요.",맛있다
1583,만리199,히비,"만리199는 넘모맛있다과거 맥주는 걍 카스만 묵던 나에게 천사같은 술신친구가 만리를 소개해줬꾸 여기서 첨 듀체스를 알게됐꾸,,넘모맛있었찌집이 먼데두 계속 찾아오게 되는 곳‍여기는 생맥주가 자주바뀐다. 그래서 새로운 맥주들을 마셔볼 수 잇어서 넘 조아. 사장님께 취향을 말씀드리고 추천받아 마시는 걸 추천:-)",맛있다
1584,만리199,왕십리탈출러,맥주 존맛탱.감자튀김이 먹어도 먹어도 줄어들지가 않는다...,맛있다
1585,만리199,세현,흔치 않게 코젤다크 생맥주를 맛볼 수 있는 곳. 요즘은 추워서 안 되지만 선선한 여름~가을쯤에 야외 테이블에서 친구들끼리 맛있는 생맥주 마시면 기분이 좋아지는 곳이다. 다만 테이블이 매우 작고 의자가 불편한 것은 흠.,맛있다
1586,만리199,Steven,만리199맛 8.5가격 7.0서비스 및 친절도 8.5분위기 8.0재방문 의사 8.0서울역 뒷편 만리동에 위치한 펍요즘 이 길가에 음식점 카페 펍들이 하나둘씩 들어오고 있는 조만간 매우 핫해질 것 같은 동네에 초창기부터 생긴 터줏대감 펍이다.분위기 매우 좋고 봄 가을에는 펍 앞에 공간까지 오픈한다.만리199에는 8~10가지 탭들이 매번 조금씩 바뀌면서 들어오는 것 같다살짝 맥독으로 보이시는 사장님들도 매우 친절하시고이 집에는 가벼운 안주들도 괜찮다.개인적인 생각으로는 안주 종류를 2~3개 정도만 추가해도 좋을 것 같다.아직 많이 알려지진 않은 것 같은데 근처 직장인들 동네주민들 알만한 사람들은 거의 다 잘 아는 곳 ㅎㅎㅎ,맛있다
1587,만리199,안재석,"음식집이라기 보단 비어 펍에 가까움. 생맥/병맥이 주메뉴고, 안주는 후렌치후라이. 옆가게에서 안주사다드셔도 된다하니 술만 팔뿐 안주는 과자만 팔던 미쿡 펍이 생각남.",괜찮다
1588,왕대박지지미촌,고균,"회현역 바로 앞에 위치한 꼬막,전 맛집 왕대박지지미촌이에요! 여기는 오로지 평일만 오픈! 주말은 아예쉬시는듯해요 ㅎㅎ 꼬막과 전을 둘 다 포기할 수 없기에 둘 다 시켰어요 ! 이런곳에선 막걸리도 빠질 수 없죠! 꼬막평소에 좋아하는데 양념도 잘 베어있고 짜지도 않아서 너무 맛있었구요!! 전도 삼색전이라 부추전 김치전 감자전! 여러가지맛 다 먹을 수 있어서 너무 좋았어용 가격대도 착하구 막걸리먹기 딱 좋은 분위기라 술술~ 회현역 왕대박지지미촌 추천해용!",맛있다
1589,왕대박지지미촌,AlexTheFood,"#AlexTheFood #3줄요약#왕대박지지미촌 #회현역술집 #알더푸회현⠀1. 감자/김치/부추전이 붙어있는 삼색전과 꼬막이 유명한 곳!2. 기대했던 전은 미리 만들어두셨는지 눅눅해서 아쉬웠던.3. 꼬막이 은근 괜찮아 다들 꼬막을 많이 주문하니 참고할 것.⠀___________________________________________________________* 삼색전 12,000* 왕꼬피꼬 반반 18,000* 제육 두부김치 15,000* 공기밥 1,000* 지평 막걸리 4,000___________________________________________________________⠀[MangoPlate 4.0/5.0 | GoogleMap 4.1/5.0]맛★★★☆ 분위기★★★ 가성비★★★⠀* 영업시간 | 평일 15:00-23:00* 쉬는시간 없음* 토요일, 일요일 휴무",괜찮다
1590,왕대박지지미촌,섹시알파카,가성비좋음내부 비좁아서 시끄러울수있음,괜찮다
1591,왕대박지지미촌,밍밍,하.. 대 존맛 가자마자 주체 못하고 막걸리5병 순삭,맛있다
1592,왕대박지지미촌,아~~휴,"중년, 청년 그외 일본인들로 구성된 손님들. 꼬막과 전을 주로하는 허름하며 좁고 길쭉한 1,2층의 막걸리집 실내가 꽉 차있다. 주변에 먹을만한 곳이 별루 없어서 잘되는 것인지..할인되는 삼색전과 큰꼬막 작은꼬막 반반무침 세트메뉴 주문. 큰꼬막은 작은 전복사이즈 정도했고 진하게 얹혀있는 양념간장과 파채와 잘 어울렸다. 쫄깃 매콤 짜다.양념간장이 좀더 맑거나 신선? 했으면 좋겠다. 걸쭉하고 검붉은 탓에 맛보다 비쥬얼이 덜 신선하게 느껴진다. 삼색전은  김치전 부추전 감자전으로 만들어졌는데 촤~기름진 소리가 나지않고 바삭하지도 않은걸 보니 미리 부쳐놓은걸 주문받고 데워주는 듯하다. 특히 감자전은 눅진까지 해서 별루고 부추전은 맛있었다. 다른분 사진 보니 그건 맛있어 보였는데 운이 없었던가요..",괜찮다
1593,왕대박지지미촌,꿀오리꽥꽥,여긴 무적권 한번 가봐야 합니다.가격대비 이렇게 신선하고 맛있는곳 찾기 힘든데정말 신선한 골뱅이와 꼬막을 먹을 수 있었어요 ㅠ전은 해물 3종을 시켰는데 굴전이 정말 최고였습니다!남은 전을 집에가서 그냥 먹었는데 식은전이 이렇게 맛있을 수가 없었어요 ㅠ약간의 대기가 있지만 웨이팅 서비스를 쓰고 있습니당남대문 시장가면 부원면옥에서 평냉 때리고 여기 가야합니다!!,맛있다
1594,왕대박지지미촌,망고,아니 여기 이렇게 유명한지 몰랐는데 전을 먹어보니 왜이렇게 사람이 많은지 알 수 있었습니다.. 완전 맛있어요예약한 손님이 안왔다고 해서 다행히 바로 앉았는데 그냥 계속 사람이 많네요ㅋㅋㅋ 웨이팅 안한게 다행ㅠㅜ 삼색전이라니 생각해낸 사람 복받아야함.. 김치전도 먹고싶고 부추전도 먹고싶을때 이거면 해결근데 가격도 만원이라니..? 가성비 짱이네요무뼈닭발도 시켰는데 안맵게도 가능하고 14000원에 양이 엄청납니다 둘이서 메뉴 두개시켰는데 하나만 시켜도 충분할 것 같습니당메뉴도 다 맛있고 서비스로 주는 오뎅탕 마저도 혜자.. 자주 올 것 같아요!,맛있다
1595,왕대박지지미촌,알바몬15,!오늘도허겁지겁먹느라사진볼품없음주의!여기 진짜 몇번째오는지~~~지금까지 삼색전/해물칼국수/왕꼬막/닭똥집/골뱅이데침요렇게 먹어봤는데 진짜 하나도 빠짐없이 다맛있어요bb이번에는 해물칼국수랑 골뱅이데침을 먹었는데 역시 여기서 실패메뉴는 없나봅니닷일단 해물칼국수는 진짜 올때마다 빼지않고 먹는데 가격도 6천원이라 진짜 가성비킹!!!골뱅이데침은 이번에 처음먹어보는데 그 고둥인가? 그거처럼 꼬지로 빼서 먹는데 진짜 실하고 쫄깃하니 그냥 먹어도맛있고~ 같이 나오는 기름장에 찍어먹어도 맛있어요//다만 아쉬운점은 한접시(18000원)는 안되고 쬐깐한 반접시(10000원)만 된대요ㅠㅠㅠ 진짜 이게진짜 아쉬웠다ㅠㅠㅠ여기는 주기적으로 와줘야되는곳입니닿ㅎㅎㅎ아 근데 술집치고는 빨리 차서 6시반이면 다 차서 웨이팅해야돼요ㅠㅠㅠ 일끝나고 진짜 뛰어왔는뎅앉는공간은 조금 협소할수있습니닿ㅎㅎ 근데 문제없었어요,맛있다
1596,왕대박지지미촌,미콩,"친구와 ☆☆막걸리☆☆가 너무 고파서 왕대박지지미촌 다녀왔어요!안주와 막걸리의 궁합이 기가 막혀서, 막걸리는 안취해~하며 마시다가 아잠만 나 안취했다니까?하고 있는 자신을 발견할 수 있어요저희는 삼색전과 닭발""맵게"" 주문했어요! 워낙 매운 것을 좋아하기도하고 다른 리뷰를 읽어보니 닭발은 달다는 평이 있어서 일부러 엄청 맵게 해달라고 부탁드렸어요ㅋㅋㅋ참고로 저랑 제 친구 입맛은 입심심할 때마다 청양고추 씹어먹습니당닭발 엄청 맵게!!를 주문한 결과 저희 입맛에는 딱 적당히 매콤달콤했어요 막걸리가 요구르트마냥 꼴딱꼴딱 넘어가더라구요 쫀딱쫀딱한 것이 아주 실했습니다 친구가 여태 자기가 먹은 닭발은 닭이 아니라 병아리발이었나보라고ㅋㅋㅋ엄청 만족해했어요전은 뭐니뭐니해도 바샥바샥 튀김맛과 입 안에서 촉촉 보슬하게 씹히는 맛 아니겠어요 맛있었어요 김치 감자 쑥? 잘기억은 안 나는데 막걸리에 바삭한 전이라니 맛없다고 느끼기 힘든 궁합이죠양도 많고 딱 남대문 주변, 막걸리, 한식안주 테마와 어울리는 곳이었어요 다만 손님들도 그만큼 많이 와서 저희가 좀 오래있었는데.. 보통 세 시간있으면 주인분이 자리 옮길 것을 손님들에게 권유한다고 하시더라구요 저흰 딱 타이밍 좋게 나왔지만..ㅋㅋㅋ 참고하세요!",맛있다
1597,왕대박지지미촌,So So Def,회현역근처 술집.벌교피꼬막이라는 광고하나만으로 내 발길을 잡긴 충분했다.ㅋㅋㅋ꼬막이라면 막연히 추억의음식+요즘은 잘 못먹는 존재로 항상 기대하게 되는 음식같다.그냥꼬막+피꼬막 반반으로 시켰고(16000) 맛은 그냥 작은 꼬막이 더 부드럽고 맛있다는 결론.무뼈불닭발도 먹었는데 양념이 대실패ㅜㅜ너무 달게 해주셔서 궁여지책으로 더 맵게 해달라고 부탁드렸는데 먹기가 힘들어서 치욕스럽게 씻어먹음 ㅋㅋㅋㅋ나이가 드니까 많이 단것도 못먹겠고 매운것도 못먹을만큼 인내심이 더 부족해 지는것 같단 생각이 들어 소주 한잔 또르르....,괜찮다
1598,태성골뱅이신사,투명한반창고,"간판에서 1971년 개업을 표기되있던 호프집.세월이 오래지났다곤 하지만 건물은 새 건물이라서오래된 분위기는 아니다.조금 복잡한 시스템을 가지고 있어 헷갈린다.옥상까지 4개층으로 영업을 하는데,1층은 생맥주가 안 돼고 2~4층만 가능한다.그 중 4층은 옥상으로 루프탑 개념으로 되어있다.방문했던 일요일 기준으로 옥상층은 2/3정도 손님이,2~3층은 손님이 거의 없다싶이했다.회전율이 좋은지 기본안주인 마카로니가 바삭하다. +골뱅이파채, 골뱅이, 양념장으로 끝나는 심플한 조합이다.초반에는 파의 뻗뻗하고도 매운 맛으로 먹고중반 이 후에는 양념에 부드러워진 파의 맛으로 먹는다.면은 별도인 모양인지 비포함이었으며이 부분은 망고플레이트 다른 분 리뷰로 확인 할 수있었다. +후라이드치킨건조하게 반죽을 입힌 엠보스타일의 치킨이다.오랫동안 튀겨왔을 역사가 있는만큼 치킨 맛은 왠만한 옛날 치킨 맛 뺨을 칠 정도.치킨을 뜯어내면 모락모락 피어오르는 김과 닭고기 기름으로 촉촉하다. +쥐포튀김쥐포를 얇게 잘라 튀겨낸 마른안주.배가 부르지 않아 손이 계속간다.+맥주테라 생맥주를 제공한다.국산 맥주도 어딘가에선 외국맥주 못지 않은 맛이 나는데 그런 곳이었다.",맛있다
1599,태성골뱅이신사,JJICJJA,강북에서 골뱅이 하면 태성골뱅이. 골뱅이 먹다가 파가 숨이 좀 죽을 때 쯤 삶은계란 넣어서 먹으면 최고.,맛있다
1600,태성골뱅이신사,이재무,맛남,맛있다
1601,태성골뱅이신사,왕앵무,"골뱅이로 건물을 세웠다는 얘기가 있을 정도로 유명한 곳이라 궁금해서 방문했다. 골뱅이 명가답게 골뱅이 메뉴가 다양하게 있었고 그 중에서도 가장 기본이자 시그니처로 보이는 옛날 골뱅이를 시켰다. 옛날 골뱅이는 고춧가루를 많이 넣었는지 맵고 텁텁한 맛의 양념에 골뱅이, 파, 황태가 무쳐져 나온다. 초장 맛이 나는 골뱅이 무침이 대부분인데 여기 양념은 시뻘건 길거리 떡볶이 양념 같은 맛이라 생소하다. 다만 회전율이 좋아서인지 들어가는 재료가 모두 신선하고 골뱅이가 엄청 크고 탱글하다. 소면은 추가로 시켜야 하는데 골뱅이만 먹으면 매운 편이라 소면은 필수로 시켜야 할 것 같다. 특이한 양념 탓에 첫 입 먹고는 의아했는데, 먹다보니 중독되는 맛이었다. 호불호가 갈릴 것 같아 누군가에게 선뜻 추천하지는 못하겠지만 나는 앞으로 종종 생각날 것 같다.",괜찮다
1602,태성골뱅이신사,먹방꼬북,냠냠~ 양념이 세고 매콤해서 술안주로 딱이다,괜찮다
1603,태성골뱅이신사,김범진,너무 매워요!!!!!!!! 글부 가격대가 좀 있음.분위기는 좋음,별로
1604,태성골뱅이신사,AlexTheFood,"#180821시장조사#태성골뱅이⠀롯데인들의 성지라는 골뱅이 전문 호프집.(실제로 10년차 이상된 팀장님/과장님들께서신입 때부터 회식으로 가셨던 곳이라고 소개해주심)소주를 법으로 못 팔게 할 때 사이다 병에 팔았을 정도로나보다 나이가 많은 술집인데 리뉴얼했는지수많은 노상 가운데 혼자 깔끔하게 되어있음⠀상호명대로 골뱅이가 메인인데,기본만 주문해도 특이하게 쥐포가 들어있다!또한 여러 사리가 추가 가능하다는 것도 포인트☺⠀참치사리 비싸다고 생각했는데계속 추천하셔서 먹어봤더니 정말 맛있더라절대 특별한 맛은 아닌데 굉장히 잘 어울리는..?⠀치킨은 가격에 비해 맛있는지 모르겠다..무조건 뼈가 있는 걸로 나오는데... 양도 적고...뭔가 아쉽지만 안 시키기에도 아쉬운 계륵느낌...?⠀골뱅이+참치사리+소면사리 먹으러재방문 할 의향있음!술값 비싼데 술이 술술 들어가니 주의하시길★-⠀#골뱅이 '대'자 27000#참치사리 추가 9000#소면사리 추가 3000#양념치킨 19000#치킨 18000",맛있다
1605,태성골뱅이신사,춘,"오랜 시간동안 광화문 아재들의 영혼의 안식처가 되어준 호프 술집. 태성 골뱅이 신사 라는 상호명처럼 이곳의 인기 메뉴는 골뱅이무침. 을지로 골뱅이 골목 스타일의 고춧가루, 마늘다짐 위주로 넣어 약간 감칠맛 덜하고 파향 심한 그런류가 아니라, 그냥 자극적인 양념장에 팍팍 버무린 자극의 결정체. 파 자체의 향도 강한데 같이 들어가는 양념도 꽤 자극적이라 맥주를 부르는 마술같은 안주. 참고로 여기 골뱅이 무침이랑 맥주 같이 마시고 지하철이나 버스를 타시면 입에서 흘러나오는 기묘한 냄새 때문애 주변 사람들이 도망을 갑니다.. 꼭 향이 강한 껌을 씹고 대중교통을 타시길.. 기본을 시키면 파와 골뱅이 그리고 포가 같이 들어간다. 명태포인 것 같은데 이 포 골라 먹는 재미 또한 쏠쏠함. 근데 골뱅이 무침만 먹으면 너무 입이 파파 해지니 약간 중화를 시킬 수 있는 비장의 메뉴가 있는데 바로 후라이드 치킨. 이곳에 오면 골뱅이와 치킨은 기본 세트로 먹어야 한다. 참 신기하게 별거 아닌 치킨인데.. 골뱅이무침이랑 먹으면 이 치킨이 그렇게 맛있다. 보통 저녁 식사로 바로 골뱅이 무침 먹으러 오는 건 아니니깐 식사 하고 2차 정도로 방문하게 되는데.. 이 치킨 덕분에 아주 과식을 할 수 있다.맥주에 먹어도 좋고.. 소맥에 먹어도 좋고.. 냄새는 심하지만 맛있는 골뱅이 무침과 치킨. 추천합니다.",맛있다
1606,서울리스타,쥴리,오리지널 후라이드 치킨 굿,괜찮다
1607,서울리스타,Taste10good,"서울로7017과 연결되어있는 펍1,2층으로 되어 있으며 커피와 맥주를 동시에 취급하는커피펍이다!2층에서는 서울로 7017이 한눈에 보여 경치가 좋은 곳이다!낮 11:30무터 오픈하는 맥주집이기 때문에 간단하게 낮백하기도 좋은 곳이다!자리가 넓어 단체예약으로 모임하기 좋은 장소이지만 코시국이라 단체 이용이 당분간은 어려울 듯하다IPA, 라거, 페일에일 등 다양한 맥주 중 선택해 마실 수 있으며 안주도 평균이상의 맛이다!",괜찮다
1608,서울리스타,SJR,새내기때 밥 먹듯이 갔던 서울리스타간만에 가니 사람도 많고 더 유명해진 것 같아요!호텔마누 1층에 위치해있고 서울역쪽이라 직장인 분들이 대부분이세요.안주도 매우 다양하고 맥주종류도 다양해서 선택 폭이 넓어서 좋구공간도 넓고 분위기도 좋은 곳!여긴 진짜 치킨 맛집이에요!!,맛있다
1609,서울리스타,썸머쏭쏭,"• 여긴 1, 2층에 나눠서• 1층은 맥주/펍• 2층은 호텔 로비 커피/맥주 판매함• 2층 카페에는 뷰+다양한 원두의 커피 제공함• 빈브라더스, 테라로사, 그리고 내사랑 프릳츠!• 운치 있고, 잠깐 머리 식히기 좋아요• 사람 많을 땐 너무 붐비기도 ㅎㅎ• 여기 다양한 커피가 있는 것 사람들은 잘 모르는 듯 :)",맛있다
1610,서울리스타,박길동,"서울리스타는 서울로에 있어요-!주말에 서울역근처에 은근 먹을만한데가 없는데 서울로에 연결되어있는 호텔 건물안에 있기에 가봤어요치킨 피자 파스타 맥주까지 판매하는곳이라 먹고픈 메뉴를 주문하고 서빙해주는 시스템이라 좋았어요치킨은 로켓크리스피치킨, 피자랑 파스타는 서울슬라이스피자였는데 가격대비 무난했어요 오히려 피자집에파는 파스타가(땡초까르보나라)맛있었던 ㅋㅋ",괜찮다
1611,서울리스타,썸머쏭쏭,• 우잉• 분위기 좋고• 시끌벅쩍하고• 맥주 한잔 하기 좋은 곳• 피자 슬라이스 크기도 완전 huge!• 벝 맛은 거의 고무타이어ㅠㅠ• 분위기때문에 ‘괜찮다’로..• 피자를 오븐에 데운다면..? • 호텔 마누 1층에 위치하고• 옆에 로켓크리스피치킨도 있어욤,괜찮다
1612,서울리스타,묘성연,맥주종류다양해주시고가게되면 안주빨보단 맥주빨세우는곳안주가 잡다하게 종류가 많은데 인상깊은메뉴는.. 없다맨날 맥주엄청먹고 반꽐라되서 가기 땜시롱공간 넓고 션션해서 내가 좋아하는분위기,괜찮다
1613,서울리스타,Amish,A great tap house with a great selection of craft beer to try and there are 2 places to get food which are Seoul Pizza and Rocket Crispy Chicken.The first thing we got was a pepperoni and olive pizza which was huge! Each slice was huge and had a good amount of ingredients. The base was nice and chewey and the tomato sauce base was very tasty and well seasoned.We also got fried chicken which was perfectly crispy and not greasy at all. The pieces of chicken were nice and moist and there was plenty of meat and a nice dip to have with the pizza.The selection of beer is impressive as they are all Korean brewers and there is something for everyone's tastes.,맛있다
1614,서울막걸리클럽,고바마,"서울로 7017과 연결되는 호텔마누의 2층에 있는 낮에는 커피를 파는 서울리스타(Seoulista), 밤에는 막걸리를 파는 서울 막걸리 클럽입니다. 분위기는 훌륭하지만 막걸리 가격은 많이 비쌉니다. 그래도 얼음과 함께 서빙되어 막걸리를 시원하게 마실 수 있도록 한 것은 아주 좋았습니다. 하지만 맥주 손님은 프레첼을 주던데 막걸리 손님은 주문한 안주가 나올때까지는 그냥 막걸리만 마시게 놔 두는 것은 아쉬웠습니다. 간단한 기본안주를 내 주는 것이 좋을 것 같습니다. 안주는 두부김치를 주문했었는데 김치 매운맛은 덜하고 돼지고기의 냄새가 좀 나고 부드럽지 못해서 맛은 다소 아쉬웠습니다. 하지만 분위기 좋은 곳에서 가격 걱정하지 않는다면 간단히 막걸리 한잔 하기에는 무난합니다.",괜찮다
1615,브롱스,SOJANG,시청역 프라자 호텔 뒷문쪽 2층에 있는...식사하고 2차하러 ~2층 창을 활짝 열어두어서 보기에도 시원했다.와인을 두어잔 마셨어서 약한맥주로다~어메리칸 라거 맥주. 그리고 나초와 칩스를 주문했는데~칩스의 소스가 상당히 맛났다.배불렀는데도 손이가서 맛있게 먹었다 ㅎ가격도 좋고~가볍게 한잔하러오기 좋겠다.,맛있다
1616,브롱스,*,#치킨 #떡볶이떡볶이에 치킨이 너무 먹고싶어서 방문했다.여자 둘이서 먹기에는 양이 너무 많아서 반이나 남겼지만 조합은 만족스러웠다. 원래 브롱스는 피맥집 아닌가? 피자를 못먹어봐서 아쉽지만 치킨도 떡볶이도 모두 괜찮았다. 수제맥주도 종류 많아서 좋았음 !,맛있다
1617,브롱스,Jessic,"브롱스 시청시그니처점.맥주를 좋아하는데 사람들이 그렇게 피맥피맥할때방문을 못해보다 이제야 방문하게되었어요.그래서 일반 브롱스와 시그니처점의 차이를 모르겠지만, 일단 넓고 탭 종류가 많은 편!음식들 양도 많고, 크랩샐러드, 피자, 학센, 스튜를주문했는데 피자크기가 어마어마해서 금방 배가부르더라구요! 피자는 도우가 얇고 바삭해서맥주랑 먹기좋았고, 학센은 조금 짰지만 맥주엔 역시기름이지~ 하며 맛있게 먹었어요 :)사실 이날 술을 마시는 자리가 아니었어서 맥주대신분다버그를 마셨는데, 맥주를 안드시는 분들이방문해서 즐기셔도 좋을 듯!재방문의사는 yes! 다음번엔 맥주마셔보러 가고싶어요 :)",맛있다
1618,교동전선생,플렉서,순두부찌개 식사를 시켰더니 전 네조각이 딸려온다 따뜻하게 맛있게 잘구워나와서 담엔 술안주로 전을 시키고싶었다 가격대는 좀 쎈편 전이 종류별로도 나오는데 동태전이 19정도 모둠전 22  괜찮게 나오는듯해서 가격은 신경이 안쓰이지만 암튼 가격대는 있는편,괜찮다
1619,교동전선생,해띠,회식하기 좋은 곳!,괜찮다
1620,교동전선생,고바마,"체인점으로 매장마다 비슷하기는 한데, 가성비는 괜찮은 전집입니다. 시청역의 만족오향족발을 가려다 건너편의 이 곳으로 발길을 돌렸는데, 막걸리 종류도 제법 많아서 전과 함께 막걸리 한 잔 하기에 좋은 곳입니다. 비오는 날에는 항상 손님이 꽉찬다고 합니다. 안주로는 단연 모듬안주가 최고이고 오뎅탕이나 조개탕 같은 국물과 함께 주문하면 좋습니다. 두부김치 같은 안주도 많이 주문합니다. 뚝배기 그득 넘치게 내어 주는  계란찜도 마음에 듭니다.",괜찮다
1621,뽀뽀치킨,아~~휴,단순 옆건물에 있길래 들어간곳. 의외로 사람이 많아서 놀랬던 치킨집. 치킨 상호를 보고 또 한번 놀람. 뽀뽀치킨..왜 이리 많은가 했더니 어서와 예능에서 외국인 친구들이 와서 먹었던곳이라? 회현역1번출구 맞닿음? 주변 선택지가 없음?후라이드치킨은 마른 혹은 어린 닭으로 하여 양이 적고 어두운빛의 치킨색이 기름의 신선도를 느껴지게 해 내 낯빛도 어둡게함. 그래도 치킨이라 맛은 있어요. 깊어지는 대화에 해물떡볶이 시켜봄. 요게 맛있던거였음. 다른 테이블위에도 요 메뉴가 다수 차지하고 있었어요.,맛있다
1622,생활맥주,대단한 날치알,"개이득 세트 2만 6천 (치킨+수제맥주2)소시지와 친구들 1만 3천서비스는 뭐든 좋은 법.이날 비가 와서 사장님이 임의로 1시간 늦게 여심. 일찍 갔던 터라 늦어서 죄송하다며 감자튀김을 주심. 근데 사실 가게 안에서 한 20분 기다림. 개이득생활맥주 치킨이야 원래 맛있다. 예전만큼 맵지 않아서 더 대중적으로 즐길 수 있게 된 듯! 가장 좋은 건 감튀와 소시지에 나오는 감자가 차별화되어 있다는 것이다. 감튀는 파파이스 느낌의 케이준 튀김이고, 소시지의 사이드로는 담백한 웨지감자가 나온다. 우리 같은 감튀성애자들은 다양하게 즐길 수 있어서 행복했다.페스트 비어는 깔끔 그 자체인 맛이다. 꿀향이 난다고 했는데 전혀. 살짝 드라이한 진짜 깔끔한 술. 안동 트로피컬 에일은 과일 향이 나고 드라이한 정도는 페스트 비어와 비슷했다. 개인적으로는 깔끔한 놈이 치킨과 더 잘 어울리는 것 같다. 이 동네도 평일에는 시끄럽지만, 주말엔 회사원들이 다 빠져서 조용하니, 느긋하게 치맥하고 싶을 때 추천.",맛있다
1623,뽀뽀치킨,헬시또또,밑에 분 말씀처럼 상호는 당황스러우나 맛집 맞아요 ㅎㅎㅎ치킨과 떡볶이 맛집인 이곳!회현역 쪽에 있는 것도 가보고 서울역도 가봤는데 둘 다 편한 호프처럼 좋아요.,맛있다
1624,뽀뽀치킨,솜솜,상호가 다소 당황스러울 수 있으나.. 은근 맛집! ㅋㅋ친구들 10명 너머가 어디가~~~!!! 왜 다 자리 없대!!! 하다가 아무데나 들어가게 되었는데 모두 반신반의 했지만.. 들어가면 정말 귀엽고 예쁜 겨울 & 크리스마스 데코 때문에 상호마저 귀엽게 느껴지는 곳사진엔 못 담았지만 골뱅이 새우튀김 간장 치킨 양념치킨 후라이드 치킨 먹태.. 이것저것 다 시켜보았다.안주들이 은근다 괜찮다! 그리고 맥주.. 가 진짜 인생에서 먹어본 맥주 중 가장 차가운 맥주얐던거같다맥주 자체는 되게 싸고 단순한 맛이었는데 너무~~ 시원해서 원샷을 때리고 때렸던 곳!!,맛있다
1625,모모라운지앤바,쟌느,"코트야드 메리어트 호텔 2층의 모모 라운지 & 바. 모모카페와는 위치가 달라서 같은 식당은 아니라고 본다. 저녁이면 투숙객을 위해 스낵뷔페와 무제한 맥주, 와인이 제공되는 해피아워가 있는데 그 때 바를 이용했고 꽤 만족스러웠다.스낵뷔페는 크지 않았지만 몇 없는 스낵들이 다 좋았다. 닭고기가 너무 부드러웠고 햄은 환상이었으며 돼지고기샐러드는 냉채족발 맛이었고 케익도 좋았다. ㅎㅎㅎ 덕분에 행복한 밤 보냈음.",맛있다
1626,크래프트맥코이,Wchelin,"다양한 맥주를 즐기기 좋은 곳.시청에 위치한 탭하우스. 다양한 병맥주와 생맥주가 있어 한 잔 하기 좋다.에딩거, 파울라너 등 병맥주와 맥코이 포테이토를 먹었다.맥코이 포테이토는 깨끗한 기름에 잘 튀겨낸 것 같아 괜찮았다. 호프, 펍에서 먹었던 감자튀김 중에 가장 괜찮은 듯.근처에서 술자리가 있으면 2차로 종종 들를 듯.",맛있다
1627,국민맥주,꼭행복해야돼,국민 먹태. 시청역 근처에서 어딜 갈지 헤매다가 발견한 곳. 분위기는 괜찮았음. 맥주도 시원하게 맛있었고 바삭한 먹태라서 맛있게 먹음. 근데 여전히 저 소스는 마음에 안듦. 요즘 어딜가서 먹태를 먹든 나오는 먹태소스가 왜 다 바뀌었는지 모르겠는데.. 저렇게 묽은 간장에 마요네즈가.. 나와서 좀 아쉬웠음. 개인적으로 저 소스는 좀 별로임. 주변이 좀 옛날 느낌 나는 가게들이 많은데 좀 깔끔한 곳 가고싶으면 여기로.,맛있다
